# Columns: ('k', 'S1', 'S2', 'S3', 'S4', 'S5', 'S6', 'S7', 'S8', 'S9', 'S10', 'S11', 'S12', 'S13', 'S14')
5.345493089407682419e-03 -2.309266662597656250e+01 5.078642361111110404e+03 -2.919266764322916430e+01 -2.839010111490885180e+01 -6.480830891927082860e+01 3.015752170138888687e+03 -2.430483839246961608e+01 -6.886201985677082860e+01 -5.207601589626735716e+01 2.304721137152777828e+03 -2.383029513888888928e+01 -5.675705973307291430e+01 -1.474987453884548572e+01 -1.669546847873263928e+01
9.344366739594166943e-03 2.866003024193548399e+01 7.965975806451612698e+03 -3.083950982862903061e+02 1.173489773658014101e+01 -6.646821052797379004e+00 3.893321068548386847e+03 -1.526091544858871032e+02 -6.155474656628024377e+01 -5.055345498361894840e+01 2.632822832661290249e+03 -8.314125504032257652e+01 -8.220292811239919217e+01 -2.077939531880040391e+01 -2.592905352192540391e+01
1.312833575873958818e-02 1.057564373405612201e+01 5.905910714285713766e+03 -2.966025589923469141e+01 5.240520368303570820e+01 8.926681082589284699e+01 2.673049744897959044e+03 6.599250637755101678e+00 1.128592952806122298e+02 9.085511997767856940e+01 1.863829081632653015e+03 -2.532834422831632404e-01 8.567585100446427759e+01 2.390721659757652873e+01 1.994212746133609571e+01
1.700891779646987109e-02 -1.015031808035714391e+02 7.649751785714286598e+03 -3.326477678571428669e+02 -3.577494652157738386e+01 -2.373042038690476545e+02 3.691458630952381100e+03 -1.513386346726190652e+02 -1.953865885416666970e+02 -1.676643415178571672e+02 2.429509672619047706e+03 -7.985053013392857224e+01 -1.664549479166666686e+02 -3.684923270089286262e+01 -4.020251116071428754e+01
2.135270783943789275e-02 -9.771909598214286063e+01 6.221246428571428623e+03 -3.558049776785714471e+02 -7.242151785714285950e+01 -2.786892633928571286e+02 2.875122857142857356e+03 -1.349871763392857247e+02 -2.794410491071428737e+02 -2.291391741071428498e+02 1.913690357142857238e+03 -8.894643973214286348e+01 -2.437404687499999909e+02 -6.714796316964286405e+01 -7.202958705357143288e+01
2.564347439342075027e-02 -1.817321397569444485e+01 6.138413888888889232e+03 -5.640170833333332894e+02 5.669868923611111455e+01 -1.535765451388888891e+02 2.737418055555555384e+03 -2.044703819444444548e+02 -1.282146961805555634e+02 -1.495628472222222172e+02 1.736049861111111113e+03 -9.875456597222222399e+01 -1.623227604166666538e+02 -4.173971354166666714e+01 -4.798535590277777629e+01
2.962205054058980949e-02 -3.531814524501661334e-01 5.801670265780730915e+03 -7.374060423588040294e+02 4.637742680647840388e+01 -5.432313512250830456e+01 2.791289659468438458e+03 -3.376222227990033389e+02 -9.236285299003321825e+01 -6.256373286960133129e+01 1.826679194352159584e+03 -1.987535299003322393e+02 -1.168437240448505037e+02 -1.842263581031976827e+01 -3.387663193002492079e+01
3.361537140302770649e-02 -1.198297346620734913e+02 4.957535104986876831e+03 -6.151608841863517227e+02 -7.616102772309710645e+01 -3.062136236876640396e+02 2.312581036745406891e+03 -2.548211532152230916e+02 -3.052417568897637921e+02 -2.469548474409448886e+02 1.480338254593175861e+03 -1.417100967847769084e+02 -2.629922900262467351e+02 -6.614750451115484964e+01 -7.265902333497375309e+01
3.793950633336700545e-02 -6.260223976576182459e+00 4.373698336252189620e+03 -7.525080450963222347e+02 -5.218903924036777831e+00 -1.492640652364273137e+02 1.969959281961471106e+03 -3.222926882661996615e+02 -2.069202057793345091e+02 -1.576062417907180304e+02 1.197551663747810835e+03 -1.678795698336252258e+02 -2.073334883975481659e+02 -4.552452180932574777e+01 -5.655783781195271587e+01
4.227894994616508695e-02 1.871050250000000119e+02 4.391858400000000074e+03 -9.436107000000000653e+02 1.857439250000000186e+02 1.544445000000000050e+02 2.057728800000000319e+03 -4.159175749999999994e+02 7.344181875000001014e+01 3.151156875000000213e+01 1.246770099999999957e+03 -2.039250250000000051e+02 -5.341748750000000001e+01 -1.553092187500000110e+00 -2.234939218750000123e+01
4.633325468672155889e-02 4.155373906893003522e+01 3.904384773662551197e+03 -9.095319787379971785e+02 3.781780210476679827e+01 -1.880323431069958815e+02 1.817107510288065669e+03 -3.801441615226337376e+02 -2.281139831961590971e+02 -2.148378129286693934e+02 1.101495198902606262e+03 -1.866095036008230181e+02 -2.613949331275720169e+02 -6.179809670781892805e+01 -7.444029706790122702e+01
5.038752484052157893e-02 1.637351502205071654e+02 3.367519570011025280e+03 -8.661227949283352245e+02 1.209178955347298796e+02 9.019699214443220114e+01 1.536952315325248037e+03 -3.628424062844542277e+02 5.989879065600882235e+00 -9.833062723952590289e+00 9.188162899669239323e+02 -1.808516572491731154e+02 -7.226117178886438808e+01 -1.151735847918963707e+01 -2.581575592613009817e+01
5.464179025701254577e-02 1.063980644513314928e+02 3.177499081726354234e+03 -9.513258149678604241e+02 9.188850866620752811e+01 -3.410688920454545325e+01 1.445945477502295716e+03 -4.033077938475665860e+02 -1.320234877180899957e+02 -1.233669077134986196e+02 8.200498737373736731e+02 -1.805592286501377259e+02 -2.008851870982552725e+02 -4.189505495293847304e+01 -5.725479582759412267e+01
5.886817576171304162e-02 2.003942529023218526e+02 2.892696156925540436e+03 -9.245143114491593224e+02 1.422020491393114412e+02 7.852235538430744555e+01 1.321446957566052788e+03 -3.893534827862289376e+02 -3.798259232385908746e+01 -6.718873849079263039e+01 7.501014811849479429e+02 -1.778909002201761211e+02 -1.488658426741393157e+02 -3.133138385708566531e+01 -4.968795974279423433e+01
6.290140616743733482e-02 3.408344774980930652e+02 2.675508009153318199e+03 -9.591857360793287626e+02 2.479066075514874399e+02 3.550578279938978312e+02 1.244237795575896371e+03 -4.191366800152555356e+02 1.944282870900076432e+02 1.210786136536994775e+02 6.928147883295195015e+02 -1.892840389016018321e+02 1.355481264302059508e+01 1.142858355978260931e+01 -9.522363355739893009e+00
6.703999982739437813e-02 2.729184204613541169e+02 2.649742061114439821e+03 -1.019867660275614185e+03 1.514449895146794631e+02 1.606394173157579530e+02 1.170866686638705914e+03 -4.285468094667465380e+02 -4.178492922408627663e+01 -4.924628332834032562e+01 6.176076992210904564e+02 -1.807627696225284524e+02 -1.685361369083283307e+02 -3.373070981875374486e+01 -5.530745393948472355e+01
7.134254604642074893e-02 3.340954459967759362e+02 2.449559376679204888e+03 -9.727936593229446771e+02 2.532952041912950278e+02 2.811515650188071049e+02 1.101564682966147302e+03 -4.110938339602364522e+02 1.400731965341214504e+02 4.564802189682966116e+01 5.816581810854379455e+02 -1.723156233207952823e+02 -4.903266892799570797e+01 -8.335102095647501486e+00 -2.645939263164965283e+01
7.561818311969153994e-02 3.115379496402877635e+02 2.239244364508393119e+03 -9.336635491606714368e+02 2.375376049160671528e+02 3.234825539568345221e+02 9.873580335731414834e+02 -3.899291666666666742e+02 1.758727218225419620e+02 9.688761990407674318e+01 5.129425059952038737e+02 -1.657464028776978466e+02 6.606913219424460415e+00 7.023694169664269182e+00 -9.369179031774580224e+00
7.973924982214039558e-02 3.669148405231757692e+02 2.018026158788435168e+03 -9.017769619091326376e+02 2.412084671867829400e+02 3.179713744837081322e+02 8.891882744378154939e+02 -3.716889628269848913e+02 1.623812672097292307e+02 6.584438819412574162e+01 4.525329566314823637e+02 -1.494675596603946701e+02 -1.871622590637907280e+01 -3.972707341383662438e+00 -1.896947065741165872e+01
8.385356877962653332e-02 3.414093166468017557e+02 1.870729638458482214e+03 -8.743277711561382830e+02 2.327571017083830043e+02 3.273864223281684644e+02 8.200306416368692908e+02 -3.664534664282876406e+02 1.840619785458879676e+02 1.052146776916964654e+02 4.071688766388558065e+02 -1.488021702423520196e+02 2.348195396305125016e+01 1.344624366805721039e+01 -8.898319552046086711e-01
8.809929214337092196e-02 4.350161008050402529e+02 1.742169408470423377e+03 -8.581306440322016442e+02 2.755081379068953424e+02 4.933871631081553915e+02 7.655007000350017279e+02 -3.588005337766888374e+02 2.794480661533076500e+02 2.033378106405320125e+02 3.689892369618480643e+02 -1.378483330416520687e+02 9.001893375918795925e+01 3.506499660920545836e+01 1.566013984292964700e+01
9.230415729057904473e-02 4.769466733533934644e+02 1.604380140421263604e+03 -8.342714811099965573e+02 3.021622576061517975e+02 5.505582581076562292e+02 6.970117853560681169e+02 -3.440906051487796731e+02 3.470816198595787228e+02 2.461475885991306995e+02 3.318461634904713833e+02 -1.309864384821129875e+02 1.451156699264460030e+02 4.576206745235706563e+01 2.986535126211969171e+01
9.643309047658384092e-02 4.993374734928809175e+02 1.415890942138745913e+03 -7.547030445319600176e+02 3.182849893971524011e+02 5.646383671614662489e+02 6.010345349893971161e+02 -3.042147455316570586e+02 3.717172826416237399e+02 2.417740078764011002e+02 2.734586110269615347e+02 -1.098321247349288114e+02 1.537869016964556295e+02 4.233051064071493386e+01 2.914898184262344571e+01
1.005689403076158450e-01 5.840414446002805562e+02 1.367854558204768637e+03 -7.663558204768584119e+02 3.661122370266479606e+02 7.095438288920056493e+02 5.914751753155680944e+02 -3.177973702664796747e+02 4.649417952314165632e+02 3.269546283309958312e+02 2.696907608695652243e+02 -1.183557328190743334e+02 2.102241058906030844e+02 5.868177594670407160e+01 4.012077489481065840e+01
1.047818677762802908e-01 5.454021657953696831e+02 1.208851630570077077e+03 -6.776982200647248646e+02 3.301419280557630032e+02 6.661577047547921211e+02 5.244137415982075936e+02 -2.773368807567836711e+02 4.382649054020413359e+02 3.238925192930047388e+02 2.453175566343041965e+02 -1.053670182972367400e+02 2.164485623599701398e+02 6.258000762384864402e+01 4.496563822504356267e+01
1.090277847809041356e-01 5.091562282128747370e+02 1.133577155472925824e+03 -6.686761561701139271e+02 3.212506681385079901e+02 6.262466883569602487e+02 4.876595398559144883e+02 -2.766941087613292893e+02 4.231552114803625386e+02 2.996049267952591322e+02 2.160756448989077398e+02 -1.013824221473390708e+02 2.017796885893562546e+02 5.642566959098303414e+01 4.023867795723913332e+01
1.132170039508717807e-01 4.907001433928965071e+02 1.105645268034414357e+03 -6.442290425766600492e+02 2.811928634458415672e+02 5.573702294286343886e+02 4.734468343260533629e+02 -2.637317449812485961e+02 3.360315188616809792e+02 2.406692311934700967e+02 2.098229373483344204e+02 -9.505830162144275164e+01 1.349459932715640775e+02 3.953340778733730332e+01 2.210776527685858994e+01
1.174008294871188018e-01 5.220778458140936209e+02 9.976211604095562961e+02 -5.969383155992773027e+02 3.372163471190523865e+02 6.990263501304958709e+02 4.285213812487452287e+02 -2.444711403332664190e+02 4.964892089941778863e+02 3.754682292712307117e+02 1.910064244127685242e+02 -8.916378488255369916e+01 2.767872415177675407e+02 7.875330004015258112e+01 6.236423408954025405e+01
1.215998224695146873e-01 4.954599052132701331e+02 9.351846445497629929e+02 -5.708051184834123433e+02 2.864624170616113474e+02 5.643721327014218332e+02 3.991215165876777178e+02 -2.331298578199051974e+02 3.631747867298578285e+02 2.497952606635070936e+02 1.745095853080568702e+02 -8.421978080568720770e+01 1.616772748815165812e+02 4.337180094786729967e+01 2.965239336492890843e+01
1.257670529567683493e-01 4.687574826296098536e+02 8.812933368964903593e+02 -5.441005255656511963e+02 2.827406912524496647e+02 5.694526100124710410e+02 3.743218866916087677e+02 -2.198681854623196159e+02 3.764754142169962847e+02 2.696830126492072282e+02 1.611515677890611187e+02 -7.701661878674505601e+01 1.822585849812934384e+02 5.080501737039016774e+01 3.699814047746303203e+01
1.299386816717305049e-01 4.997053762555573826e+02 8.687208957681541506e+02 -5.501814177506998931e+02 2.953793841593940215e+02 5.955978099785937729e+02 3.666575415774740918e+02 -2.217227893956858225e+02 3.970965750041165734e+02 2.826374320764037407e+02 1.544395377078873821e+02 -7.638427774575991691e+01 1.962430429771118270e+02 5.373208257862670933e+01 4.080462446484439454e+01
1.340949335765710126e-01 4.758024750118991619e+02 8.017459939711249035e+02 -5.057339362208472835e+02 3.038839441535776587e+02 6.325433920355386590e+02 3.418931461208948122e+02 -2.059617840710772896e+02 4.410260986831667651e+02 3.306166111375535479e+02 1.429844518483262163e+02 -7.056992701887990904e+01 2.370381960970966304e+02 6.700893423766460444e+01 5.145289941297794911e+01
1.382635144665005922e-01 4.733612882190986966e+02 7.336575858571221715e+02 -4.680889726126648611e+02 2.741066512099695842e+02 5.871914939863787595e+02 3.100461165048544103e+02 -1.892080857846688957e+02 3.899407332270685629e+02 2.963160773800898369e+02 1.304058198087233791e+02 -6.575944156643964789e+01 2.079054303724097963e+02 5.957175590494131256e+01 4.552630959281263756e+01
1.424925284902303357e-01 4.579160566625999422e+02 6.962731462654195411e+02 -4.479677375626948219e+02 2.642275654059915837e+02 5.653266910668293121e+02 2.960139623153042976e+02 -1.825831299986444094e+02 3.752405449369662165e+02 2.806090721160363159e+02 1.258208451945235140e+02 -6.512676223397043884e+01 1.968629863087975878e+02 5.492602006235596690e+01 4.188051121729699844e+01
1.466886314558672189e-01 4.566234697907067925e+02 6.566869817033038998e+02 -4.298976898775832183e+02 2.606555877319994465e+02 5.496960642358825453e+02 2.793914703172304712e+02 -1.746751678294063197e+02 3.623446426220876333e+02 2.625243846255100379e+02 1.148856045149400984e+02 -5.892506910622613958e+01 1.820817427932078374e+02 4.952449568908779298e+01 3.733965298802158372e+01
1.508619291163366127e-01 4.420784915522061738e+02 5.782263887200680301e+02 -3.793439893035128421e+02 2.482897775616871456e+02 5.486013127506989804e+02 2.415503221101251938e+02 -1.514649477330740410e+02 3.628396134678497447e+02 2.763142093108058930e+02 9.796022243831286858e+01 -5.040866962440743748e+01 1.969994530205421199e+02 5.506153518901179211e+01 4.297914640816822640e+01
1.550655720814744509e-01 4.384925381835140001e+02 5.691217208814269952e+02 -3.799282091640433805e+02 2.551440480354436033e+02 5.575180132913606030e+02 2.415763378803777357e+02 -1.543560977031596053e+02 3.863924157630872855e+02 2.920631339629240983e+02 9.914323189926547286e+01 -5.230808776378687242e+01 2.183300979363413603e+02 6.064957152850647049e+01 4.935825827795266463e+01
1.592593054631499527e-01 4.244088744114748692e+02 5.013012153728238331e+02 -3.337701740939450588e+02 2.447352458118909340e+02 5.368173655972846063e+02 2.124031260264973184e+02 -1.350011633636264037e+02 3.680788897405014950e+02 2.738139713128216499e+02 8.797552830395270007e+01 -4.616043810905507172e+01 2.022793715099091116e+02 5.409050969013467380e+01 4.303699496331982743e+01
1.634144798183441161e-01 4.004224800000000073e+02 4.643689600000000155e+02 -3.129748266666666723e+02 2.417515199999999993e+02 5.382546133333332818e+02 1.954427733333333208e+02 -1.251657733333333340e+02 3.830589600000000132e+02 2.931476799999999798e+02 7.839434666666666374e+01 -4.065406666666666524e+01 2.262358666666666522e+02 6.247840666666666465e+01 5.225552666666666823e+01
1.675823816150099899e-01 4.111161164376791248e+02 4.427626766828111045e+02 -2.992004052584758256e+02 2.337093505980033399e+02 5.346422358406641706e+02 1.864899673816348695e+02 -1.208333498072551180e+02 3.649275724028861987e+02 2.817846446575071582e+02 7.431158569734110131e+01 -3.959383339922901968e+01 2.106153256894336323e+02 5.789713477315409307e+01 4.732429326875556086e+01
1.718045808093531246e-01 3.756041958041957969e+02 4.023584615384615404e+02 -2.753249650349650324e+02 2.230317016317016225e+02 4.993407459207459169e+02 1.689717132867132818e+02 -1.109020046620046571e+02 3.532585081585081639e+02 2.686095104895105123e+02 6.721790209790209758e+01 -3.657775932400932106e+01 2.057917016317016419e+02 5.579360139860139611e+01 4.612608974358974478e+01
1.760135070798979073e-01 3.388436390128403559e+02 3.726416309989982665e+02 -2.502831026318185934e+02 1.901738912667334489e+02 4.315819597486568000e+02 1.571709429924414962e+02 -1.011850696657863580e+02 2.930825972133685582e+02 2.271095528640378802e+02 6.413790866041344430e+01 -3.427059807849922635e+01 1.672182292140970787e+02 4.663111283125398643e+01 3.716248804753665524e+01
1.801930856696074279e-01 3.421053192396215081e+02 3.474281817406870800e+02 -2.325828360753559139e+02 1.910032179694825629e+02 4.399113460063081220e+02 1.449078296820390506e+02 -9.286783948512488962e+01 3.037870599266900058e+02 2.345664265621004176e+02 5.851141207058221738e+01 -3.071083027874861671e+01 1.787310118489472472e+02 4.872376076208337281e+01 4.039658277214218884e+01
1.843742315857553882e-01 3.203479327842941302e+02 3.235189876050245630e+02 -2.185435279926794863e+02 1.790544255885533573e+02 4.108968471840944972e+02 1.354275122701938301e+02 -8.783577697362947845e+01 2.772435945428832724e+02 2.132429082439064985e+02 5.399171241993178683e+01 -2.902764693037185140e+01 1.570274103651942426e+02 4.282191581399218450e+01 3.428581492804259057e+01
1.885797910080431738e-01 2.801291143143451450e+02 2.889000231249518151e+02 -1.970814769135897677e+02 1.551474890156478921e+02 3.458921606413319978e+02 1.192258922377244943e+02 -7.849315886841901602e+01 2.375037192630848608e+02 1.761525090572727947e+02 4.658810606644569674e+01 -2.550858513836429253e+01 1.329212595390426088e+02 3.510045623602867693e+01 2.870918927773066898e+01
1.927656394953895236e-01 2.725716364193277172e+02 2.812984148862853431e+02 -1.928309594915384082e+02 1.516436940041350852e+02 3.418360134772953529e+02 1.184467895704112266e+02 -7.786283406080099212e+01 2.329898154529443559e+02 1.754432958113178813e+02 4.760554502641856800e+01 -2.592311337008959526e+01 1.309507044949843078e+02 3.528771584730836963e+01 2.863612259744238031e+01
1.969014248243030341e-01 2.706376245182868843e+02 2.600771104486293552e+02 -1.770226496037228117e+02 1.509057751036137631e+02 3.471750163600668770e+02 1.091082763760634009e+02 -7.134037119173997610e+01 2.377301679633534377e+02 1.814457209336144672e+02 4.335510434087107967e+01 -2.352140214862211920e+01 1.360802370391914451e+02 3.629169317603432177e+01 2.951035001454227924e+01
2.010715633173454087e-01 2.301173020023395281e+02 2.278533853987476903e+02 -1.549693456271932916e+02 1.261832725521227587e+02 2.877089210761714639e+02 9.518386602903737526e+01 -6.204224867542833977e+01 1.932873460400467991e+02 1.474795293470033926e+02 3.764843803756966878e+01 -2.009351992018165589e+01 1.085654888873598054e+02 2.956629524186334734e+01 2.377293057180210667e+01
2.052920281681521186e-01 2.395307060755336579e+02 2.159297701149425279e+02 -1.465679146141215199e+02 1.335161412151067282e+02 3.116946469622331506e+02 9.062958128078817310e+01 -5.921303776683087250e+01 2.144602134646962099e+02 1.662833169129720829e+02 3.644058292282430500e+01 -1.977464285714285808e+01 1.263082348111658462e+02 3.427215311986863355e+01 2.829241789819376152e+01
2.095172134954577381e-01 2.034989131119652086e+02 1.883089439858862022e+02 -1.298883340684266727e+02 1.056132568836242172e+02 2.477325940394430006e+02 7.682627118644067821e+01 -5.106933636821876377e+01 1.602821498330287966e+02 1.236110516035536477e+02 2.911455248566567988e+01 -1.582818702350198414e+01 8.909982830319449931e+01 2.417391586856530594e+01 1.935797208745510645e+01
2.136973926115405542e-01 2.044709147286821747e+02 1.800351937984496260e+02 -1.220706124031007818e+02 1.112465581395348835e+02 2.622752868217054356e+02 7.547379069767441706e+01 -4.886417054263566229e+01 1.815801860465116420e+02 1.409351937984496033e+02 3.038748062015503848e+01 -1.597079457364341160e+01 1.093436201550387636e+02 2.970389534883721083e+01 2.510306589147286971e+01
2.178750580088065492e-01 1.789830948905109551e+02 1.595993430656934322e+02 -1.078464379562043831e+02 9.427402919708029572e+01 2.234986861313868758e+02 6.596344525547445414e+01 -4.277512408759124440e+01 1.486865985401459795e+02 1.162947664233576717e+02 2.573665328467153302e+01 -1.360556660583941735e+01 8.683496350364963234e+01 2.389733211678832348e+01 1.967634671532846724e+01
2.220823861956562617e-01 1.811776386303378956e+02 1.546686833643594525e+02 -1.057617194110678582e+02 9.950617701810797655e+01 2.330155976758616703e+02 6.468790545495571109e+01 -4.241015118181305610e+01 1.613413578157612562e+02 1.247585039769842581e+02 2.550728408642184419e+01 -1.342008482822812709e+01 9.604405003666722962e+01 2.601614063293281376e+01 2.187629569301066113e+01
2.262696194198526023e-01 1.604900916726134881e+02 1.362437146621287809e+02 -9.244347999121698933e+01 8.331985233573035998e+01 1.982793956194763041e+02 5.581072624471647714e+01 -3.637544258110555973e+01 1.304591864741724692e+02 1.015292240764121487e+02 2.132378067189987547e+01 -1.125901630345281923e+01 7.483120162485590754e+01 2.032465039523522066e+01 1.640965512982378982e+01
2.304259489101245229e-01 1.539794596889761635e+02 1.235637306936999096e+02 -8.309381136882331020e+01 8.424349158749535604e+01 2.018650018576508671e+02 5.173194761424552723e+01 -3.313676291067353219e+01 1.422695318719813145e+02 1.120992383631442095e+02 2.106768815349503754e+01 -1.073485931611910260e+01 8.886895600021230734e+01 2.435190707764980544e+01 2.098372896873839011e+01
2.345870463846415066e-01 1.382124751870514672e+02 1.106927393495190159e+02 -7.474903293123632864e+01 7.358804143126177166e+01 1.763020181198147327e+02 4.523419606046724795e+01 -2.919044892349977260e+01 1.211789586196365889e+02 9.529375349926198169e+01 1.751319539878862130e+01 -8.922771288237390408e+00 7.362878556522623796e+01 2.011662403929353005e+01 1.699237319947065572e+01
2.388019837064606632e-01 1.244952928112779489e+02 1.005306329358374029e+02 -6.778440472167238795e+01 6.361632187515087367e+01 1.541841597064645555e+02 4.088516269975377782e+01 -2.648048025394679783e+01 1.025340124559455433e+02 8.095581277458600766e+01 1.575050089315888613e+01 -8.166009873026602861e+00 6.107173031429537247e+01 1.676269884854922054e+01 1.390495703181576914e+01
2.430077036534963875e-01 1.132024675509913010e+02 9.115096515000237787e+01 -6.174124589930109863e+01 5.720778063043788109e+01 1.385786026719916322e+02 3.664206247325630983e+01 -2.395473184995007898e+01 9.032768150049921019e+01 7.095106499310607262e+01 1.345157312318737297e+01 -7.026234815527979904e+00 5.205241762943945361e+01 1.411862460181619383e+01 1.142199683235867447e+01
2.471758823520590620e-01 1.029197401701540571e+02 8.184910324212462740e+01 -5.603678431823407635e+01 4.976072660381696977e+01 1.190238675557599493e+02 3.209566279604506889e+01 -2.170614940216141875e+01 7.576522189008967700e+01 5.744342377558059809e+01 1.156142072890319739e+01 -6.648489595309266420e+00 4.187756380777189946e+01 1.085180070131064589e+01 8.816659002069441087e+00
2.513692271335918882e-01 9.535976543696118313e+01 7.499294888626319278e+01 -5.100051420069144115e+01 4.830376132335565842e+01 1.154333617784779733e+02 3.009257253511881558e+01 -1.997256000831473699e+01 7.601650912432717178e+01 5.837903155222966234e+01 1.121168862960045587e+01 -6.108871739748807705e+00 4.343128309483174121e+01 1.147280206555511839e+01 9.403540189707234376e+00
2.555723892733414715e-01 8.457749710511644992e+01 6.587251790539092156e+01 -4.580313719603722689e+01 4.143005907706823621e+01 9.794540464039113203e+01 2.543616245657674924e+01 -1.768447377449929547e+01 6.378076081828709221e+01 4.783977355577476231e+01 8.946848731612128347e+00 -5.378543551914912513e+00 3.569932345498992277e+01 9.129146652656860539e+00 7.569398802375949309e+00
2.597674079539822323e-01 7.354562960827119866e+01 5.883643469127157744e+01 -4.033563146187749737e+01 3.348543374387280380e+01 8.134524961898092954e+01 2.262894406228117106e+01 -1.542411670511183530e+01 4.814835543930469441e+01 3.667996972443053494e+01 7.530306462907278231e+00 -4.324948446574947702e+00 2.440139844297071292e+01 6.363451646620258195e+00 4.711542174692095131e+00
2.639178238801485610e-01 7.388802946593001764e+01 5.624490484960097803e+01 -3.803687845303867476e+01 3.566839062819725825e+01 8.641119296091670776e+01 2.192429660323306706e+01 -1.465106021076324794e+01 5.531312666257417021e+01 4.267640935134028979e+01 7.703328985062410261e+00 -4.256239768774299215e+00 3.117288725189277443e+01 8.257471352568037659e+00 6.710038111315735243e+00
2.680749044740857179e-01 6.041513752570120488e+01 4.696964348062225980e+01 -3.192366256740504937e+01 2.842240660278542563e+01 6.855587345307831981e+01 1.797241242192652066e+01 -1.201637482057648221e+01 4.204418182876207055e+01 3.236322593785156698e+01 6.049297823641230032e+00 -3.262494483939170298e+00 2.265606451487760253e+01 6.042016623346393445e+00 4.774319160491910630e+00
2.723023151079725368e-01 6.438414679238306348e+01 4.662828618968386252e+01 -3.093320160843039446e+01 3.356733684599740997e+01 8.298847291551118133e+01 1.921517956184137432e+01 -1.215574274357552298e+01 5.678010722869291982e+01 4.565801442041042435e+01 7.668795063782584798e+00 -3.757004818358291587e+00 3.555751525235718447e+01 9.843842438528378480e+00 8.413170179330744958e+00
2.765128983200950685e-01 4.673441469970909878e+01 3.633547980262915189e+01 -2.481768512722318221e+01 1.962792742202746865e+01 4.897307324078506241e+01 1.334366139485215541e+01 -9.107733503332474001e+00 2.809571427256324228e+01 2.180882000957395661e+01 4.242059482822107874e+00 -2.368160718231026696e+00 1.466289538608829979e+01 3.927264954707809785e+00 3.064553453069190248e+00
2.807027537381580062e-01 4.726569144262871447e+01 3.484669653839395664e+01 -2.366461298541556957e+01 2.178782727112985285e+01 5.246443946582323292e+01 1.310624341064839271e+01 -9.027658803373748597e+00 3.232622561939905381e+01 2.432049288350026472e+01 4.304003305658056888e+00 -2.606633829731154428e+00 1.701983834124055406e+01 4.309667127921279040e+00 3.362007720523633836e+00
2.848857026249724811e-01 3.796464110504157929e+01 2.869461744546118709e+01 -1.964567603771615367e+01 1.543585274520719608e+01 3.834464701993667290e+01 1.025388491179847605e+01 -7.149678921227514472e+00 2.095499460700741068e+01 1.587326684875265315e+01 3.039824423297727840e+00 -1.837195366593020518e+00 9.727662572631432525e+00 2.449597265230854859e+00 1.665329472704498714e+00
2.890807262117984777e-01 3.428041599313825571e+01 2.567067347342723949e+01 -1.789159766436842247e+01 1.352796242536205540e+01 3.352230272490350416e+01 8.840546960050142289e+00 -6.390799223930326178e+00 1.792000956685250301e+01 1.346662323095701375e+01 2.363513333800679295e+00 -1.535553150669679567e+00 8.259027686141259039e+00 2.082557916570447976e+00 1.476539304506317318e+00
2.932785946948970324e-01 3.136817673103944415e+01 2.256201393654217213e+01 -1.559257568702414964e+01 1.271686088782145596e+01 3.135517963925105533e+01 7.769158150344737557e+00 -5.559176183707480234e+00 1.766884782537659859e+01 1.312197129366402137e+01 2.170245257817861262e+00 -1.395583664183250194e+00 8.704928846845081836e+00 2.125498572443878409e+00 1.636114617031010132e+00
2.974321087309398370e-01 2.910541793191625359e+01 2.079502956688508775e+01 -1.429873341857120117e+01 1.142020337222310999e+01 2.877896955409940816e+01 7.062879075435512632e+00 -5.053554019498162297e+00 1.543562210324436634e+01 1.190231640562569915e+01 1.869586438189228206e+00 -1.182239391881093171e+00 7.481228024612434524e+00 1.949199396675723284e+00 1.456613093335464404e+00
3.016123743882810904e-01 2.269343336376083897e+01 1.664067206754906536e+01 -1.189370340788072511e+01 7.236266735128556782e+00 1.842902784116841630e+01 4.914573349307774563e+00 -3.903996462802373557e+00 7.160337745321771585e+00 4.976435797961356933e+00 6.696277028183478253e-01 -6.657563969078046373e-01 1.474257022097976710e+00 2.174870207667731759e-01 -1.266870626045945580e-01
3.058101292111336522e-01 2.023136227993881775e+01 1.502405583630747010e+01 -1.070399146747443275e+01 6.739950101970428875e+00 1.693281760789371049e+01 4.661474110008097860e+00 -3.639547890486758863e+00 6.960853852382808959e+00 4.841393339681492769e+00 8.325346586989773590e-01 -7.415944102772695778e-01 1.765122879989802884e+00 2.983893264703236237e-01 6.414917017814833824e-03
3.100168993294901143e-01 1.717923039398548113e+01 1.290265323251743190e+01 -9.141653096215099694e+00 5.082583969410887192e+00 1.295593937415707764e+01 3.769912246405922929e+00 -3.000843594866423825e+00 4.371025710924273611e+00 2.792796466541364264e+00 4.972319193161927053e-01 -5.357594662866940194e-01 2.624034002051708891e-01 -1.096416638569256002e-01 -3.200074450665729153e-01
3.142092030053749707e-01 1.205215919801216806e+01 9.765912839516751376e+00 -7.706912432525061973e+00 2.370632202681861145e+00 5.538841823037158107e+00 2.343652714705966478e+00 -2.469697862222603124e+00 -4.845579677548339514e-01 -1.561396392054379856e+00 -2.057377572258875242e-01 -3.724768858174106745e-01 -2.934821084311541650e+00 -1.074375834511467120e+00 -1.095881128080998579e+00
3.183867557675504334e-01 1.258095805954966728e+01 9.385618281417535513e+00 -6.644522980644984145e+00 3.225723321557198986e+00 8.713443866329420473e+00 2.628771899829544179e+00 -2.068758076045418282e+00 2.305408544799714132e+00 1.562261155252522515e+00 2.886092158417645215e-01 -2.673722502783658084e-01 -2.734795985346273328e-01 -1.420009079107442396e-01 -2.950111464461963595e-01
3.225872781332082551e-01 1.060685072086503844e+01 8.006948338005607013e+00 -5.867597366840208828e+00 2.415959985315712100e+00 6.233012948871979653e+00 2.051853265585369179e+00 -1.845529635562675352e+00 1.017987209651581848e+00 2.012582807702576471e-01 5.675547636330263018e-02 -2.692632200307035206e-01 -1.089265451875583990e+00 -4.598904101588572879e-01 -5.098236112501668416e-01
3.267666109043823597e-01 9.884386307810148153e+00 7.417792220226618660e+00 -5.520652848577692673e+00 2.145339613982726323e+00 5.457032797601754304e+00 1.844121011727107184e+00 -1.742344529991284086e+00 2.834447056337656146e-01 -4.626809249623623499e-01 -8.489617036660415672e-02 -2.429942390008848208e-01 -1.790228566334750804e+00 -6.680861613863871007e-01 -7.354772019690446472e-01
3.309328770241455886e-01 6.785123057490622500e+00 5.531645120441961438e+00 -4.525049679119140578e+00 7.096322269960958495e-01 1.591718578555206820e+00 1.093557124607670517e+00 -1.390563100455485035e+00 -2.269563246382913846e+00 -2.719757138482737702e+00 -4.162872952231493895e-01 -1.364309819081885311e-01 -3.549329052795427319e+00 -1.197338439198499582e+00 -1.185715877701650989e+00
3.351106074107195187e-01 6.610115737848306416e+00 5.074692302886417039e+00 -4.016598853554916637e+00 6.957029785705359792e-01 1.788495134637011041e+00 9.204848962888916297e-01 -1.196080278489316528e+00 -1.869701986754966905e+00 -2.182901333874796901e+00 -4.276290922154192264e-01 -9.795951762229788973e-02 -3.064024428339372719e+00 -1.022805900912157950e+00 -1.055271948800449833e+00
3.393095620710060434e-01 4.162416151756305638e+00 3.529511050537350147e+00 -3.021696108720217655e+00 -5.009613246219315474e-01 -1.120598530702281659e+00 3.306015191107878892e-01 -7.603392172360734502e-01 -3.643392893635948315e+00 -3.474720055057341384e+00 -6.051717874702474687e-01 7.221245677983675892e-02 -3.781781564806578011e+00 -1.165455932338374190e+00 -1.084302046017358689e+00
3.435164896197421824e-01 4.078531376231308236e+00 3.482813348924007180e+00 -2.953490406420522962e+00 -1.217514815569413905e-01 -3.918385922330097082e-01 5.099428378865187295e-01 -8.307630313526089827e-01 -2.631931464519405406e+00 -2.703800079134481393e+00 -3.993108767096590905e-01 -2.220643331222096201e-02 -3.041940536933361638e+00 -9.630660846738949843e-01 -9.182598755698863080e-01
3.477107812306902690e-01 2.122098183336029287e+00 2.167522184734129720e+00 -2.235777433388024704e+00 -1.584679859554456671e+00 -3.983975645899290541e+00 -2.918126632080049743e-01 -4.492758908557298869e-01 -5.721699659718531450e+00 -5.289950936496198963e+00 -9.241465521225706858e-01 1.690345443102511946e-01 -5.315255037783375158e+00 -1.630809410602454212e+00 -1.510137491911815788e+00
3.518857617074659383e-01 1.755375337554178738e+00 1.752445494928177361e+00 -1.852348058070665049e+00 -1.317100593981891166e+00 -3.347329421676084049e+00 -2.710537230594889380e-01 -3.804637150532144130e-01 -4.675627808223840276e+00 -4.368847082283794592e+00 -7.728214281662013629e-01 1.357538441109560345e-01 -4.311847229786461178e+00 -1.335827848077926649e+00 -1.222030338745546452e+00
3.560773577310688554e-01 9.680160152067992518e-01 1.305576731111669275e+00 -1.635426510028621827e+00 -1.944200256997093978e+00 -4.922362502457994893e+00 -5.414545649757477319e-01 -2.700164054135987257e-01 -6.214436900522186669e+00 -5.677451577486944956e+00 -9.806722174124407054e-01 2.037382400273656802e-01 -5.591603691909370788e+00 -1.704614135659507479e+00 -1.571716117896392539e+00
3.602869550449780967e-01 1.191739676608902787e+00 1.249255473061478661e+00 -1.362361831368506859e+00 -1.384552022268032312e+00 -3.267951185337885533e+00 -3.179361538791899977e-01 -2.166980842607206248e-01 -4.448085435053361181e+00 -3.960859490755652690e+00 -6.875376205871931434e-01 1.680463608100345729e-01 -3.952140909188515572e+00 -1.179234543097339438e+00 -1.089455297515514509e+00
3.644651285618699665e-01 8.050418318285739172e-01 1.013778091857363783e+00 -1.269347758208260180e+00 -1.312417722247507523e+00 -3.406985620991130670e+00 -3.659262936874193017e-01 -2.302065568505366477e-01 -4.135160764939985967e+00 -3.838723366815555149e+00 -6.686612888714833502e-01 1.233514577302387977e-01 -3.666209329155994290e+00 -1.128446900336586456e+00 -1.018816219119795141e+00
3.686396944457170921e-01 -3.473048746324814418e-01 2.368084450881016711e-01 -7.769045910263790988e-01 -1.991081892386454832e+00 -4.976242366922302374e+00 -7.055392499537389561e-01 -1.244103720547114385e-02 -5.391116202685198644e+00 -4.778154041676090813e+00 -8.233746459742583568e-01 2.110909205247548381e-01 -4.516740405966650940e+00 -1.344313565932315102e+00 -1.227083258373254937e+00
3.728293470315630076e-01 -7.303443017103019574e-01 -3.890184572173739034e-03 -6.363248727304644525e-01 -2.151542281071321394e+00 -5.524173061490621706e+00 -8.137355489517504870e-01 3.292239144472865892e-02 -5.719224596248370318e+00 -5.154887024776808602e+00 -8.819610323252081718e-01 2.187497257122078542e-01 -4.777064525027586050e+00 -1.444761416641588969e+00 -1.303951703405557438e+00
3.770363921861874523e-01 -8.275609373476947583e-01 -1.160154346183838586e-01 -5.061779595964519540e-01 -1.876232759040842302e+00 -4.698160761282776043e+00 -7.049899021590798620e-01 4.447677230054099262e-02 -4.789401683887319017e+00 -4.231013012964226938e+00 -7.444175540988401396e-01 2.032733453552978131e-01 -3.909578479871332668e+00 -1.164670959645189630e+00 -1.048146368432595787e+00
3.812363453093803867e-01 -1.444835332947865592e+00 -4.541610954514792575e-01 -3.055358304423244076e-01 -2.384781246988532555e+00 -6.043488604606340964e+00 -9.260061313481738887e-01 1.478370415793341108e-01 -5.950372819697408389e+00 -5.243329599113423889e+00 -8.860662402428447493e-01 2.536886338175773359e-01 -4.794755529054640419e+00 -1.420410523272622294e+00 -1.273979413607015498e+00
3.854150971210312249e-01 -1.735333398764410395e+00 -6.805567881020442300e-01 -1.901184797147988659e-01 -2.573494184078385594e+00 -6.596204840802662339e+00 -1.056353788576909203e+00 1.882830424980723172e-01 -6.428941262482839036e+00 -5.714669569142233563e+00 -9.706524722368494729e-01 2.557891443378217944e-01 -5.210316443495758953e+00 -1.561892901472551776e+00 -1.399667858922761576e+00
3.896036578152083374e-01 -2.024076486005932818e+00 -8.424016373242679823e-01 -1.054734463096290986e-01 -2.544950412728244071e+00 -6.598084567832992242e+00 -1.050940816566248381e+00 1.843723837416855471e-01 -6.221390585558196129e+00 -5.560273985222854876e+00 -9.327368264376393325e-01 2.348241723267094072e-01 -5.029529531258636332e+00 -1.514599369161461428e+00 -1.358672244946842689e+00
3.937795161075864914e-01 -1.601567156765348665e+00 -6.727991562505644119e-01 -8.489191506511568897e-02 -2.042150217654389976e+00 -5.240842259270632297e+00 -8.511624415223163487e-01 1.693211875485432505e-01 -4.910774118093311102e+00 -4.338564903455376154e+00 -7.415584133356212249e-01 2.071219158101981483e-01 -3.896259403843722158e+00 -1.157853761763271372e+00 -1.033648939725087201e+00
3.979440095093054186e-01 -1.758283244822919977e+00 -7.700725230809637445e-01 -2.673640014867969053e-02 -2.036609730284361319e+00 -5.263622665194708894e+00 -8.595047191333844427e-01 1.699413502586314406e-01 -4.816113495130072586e+00 -4.275213782696177134e+00 -7.277380405218925041e-01 1.910284647597977337e-01 -3.798769386228877831e+00 -1.137261414170865903e+00 -1.009451899449796297e+00
4.021139069446590386e-01 -1.659153615497454437e+00 -7.429154262662870378e-01 1.045514267300888880e-02 -1.837622691776684913e+00 -4.756559021485891492e+00 -7.768591848951592604e-01 1.638149255220467670e-01 -4.312315557856588377e+00 -3.829809247993787302e+00 -6.498303213176288562e-01 1.766362330388730750e-01 -3.383727295280007041e+00 -1.012177630727413957e+00 -8.921284461558374179e-01
4.063125452039867413e-01 -1.574869122897125218e+00 -7.209458225628546657e-01 4.203024158323930698e-02 -1.842979577488506715e+00 -4.719420435983361806e+00 -7.811370546915783475e-01 1.821164654920179038e-01 -4.360517477645116990e+00 -3.845645534075408545e+00 -6.519111767046124051e-01 1.814561597226899692e-01 -3.420433878382701742e+00 -1.018926528846639590e+00 -9.007024579846083512e-01
4.105412315868290918e-01 -1.200709281836170650e+00 -5.538391623329899094e-01 2.627834521006067181e-02 -1.410924417202243708e+00 -3.610825350782514764e+00 -6.003995491545242036e-01 1.387004776498798053e-01 -3.381097299219938179e+00 -2.980585077024971774e+00 -5.108587860185775931e-01 1.455903146157336847e-01 -2.699779943253364678e+00 -8.033023076828730291e-01 -7.242974767575921513e-01
4.147348487769681458e-01 -1.327434167417478994e+00 -6.274040922679990917e-01 7.939707483976984892e-02 -1.451137224588418428e+00 -3.716530837906462548e+00 -6.185783796789253719e-01 1.593694328978622343e-01 -3.388296799492178213e+00 -2.972466264640838851e+00 -5.004470958923744606e-01 1.476713835592595725e-01 -2.644131122532558109e+00 -7.821845692726677735e-01 -6.956337281923171689e-01
4.189107045044477284e-01 -1.426328888800572292e+00 -6.719157981281297376e-01 9.584098168865749778e-02 -1.437407101979174984e+00 -3.715563399173356540e+00 -6.132133152173913082e-01 1.534765345560766270e-01 -3.291225856450202603e+00 -2.897442572132580718e+00 -4.845551141105635673e-01 1.397156271113186576e-01 -2.531886873062554777e+00 -7.495027223591129717e-01 -6.573040447897623428e-01
4.230974437456921922e-01 -1.411383249473437740e+00 -6.838853703487011160e-01 1.148068022807941235e-01 -1.382110660932990065e+00 -3.613151864420001136e+00 -6.017995748498322639e-01 1.471586670664638274e-01 -3.196415964583820823e+00 -2.843361904204695811e+00 -4.730459913019736118e-01 1.262128603050159947e-01 -2.490945569077151145e+00 -7.465031154926280443e-01 -6.558177193033777330e-01
4.272931011032126136e-01 -1.572329410125654636e+00 -7.793770611631066769e-01 1.537114623331984620e-01 -1.462259602539047521e+00 -3.834040585828358605e+00 -6.464837487785699555e-01 1.633935165923630084e-01 -3.371604329205917683e+00 -2.999708956135395344e+00 -5.020542448509092148e-01 1.341232410931035013e-01 -2.638580536131425625e+00 -7.913125434180191542e-01 -7.006384834419896457e-01
4.314914587673138180e-01 -1.347056883871015964e+00 -6.664028263860845014e-01 1.262551108830259616e-01 -1.265983719956327302e+00 -3.321209767278383573e+00 -5.613870333602548612e-01 1.426329554037480685e-01 -2.899263490674683030e+00 -2.576269003978402861e+00 -4.331720495692555906e-01 1.189867303412116134e-01 -2.256984639775055701e+00 -6.751364304302956976e-01 -5.978264374971956618e-01
4.356511643511531418e-01 -1.293231041707123996e+00 -6.531343596417847897e-01 1.415647570507745368e-01 -1.223301096641919328e+00 -3.197770397950495003e+00 -5.462660397651734057e-01 1.442321820195912874e-01 -2.811628222891116469e+00 -2.497615041901319000e+00 -4.219835928513810397e-01 1.152531351298866219e-01 -2.187820701940456747e+00 -6.553341088687391069e-01 -5.780386975673333927e-01
4.398424702607344750e-01 -1.285797702400774067e+00 -6.432715817963824412e-01 1.450440811604334634e-01 -1.158340626734406298e+00 -3.029423314334912742e+00 -5.125888994435668922e-01 1.369612333496990075e-01 -2.644321286769414581e+00 -2.343880525196032405e+00 -3.908595339872489860e-01 1.069464697715208634e-01 -2.058022118572912618e+00 -6.151168300566395297e-01 -5.454129843885638929e-01
4.440501074980069407e-01 -1.101165634735479459e+00 -5.499142255359403819e-01 1.137941964095196129e-01 -9.823717806236397232e-01 -2.593498388978192626e+00 -4.373469106967580733e-01 1.088810647258240116e-01 -2.214846695093673823e+00 -1.979954469963156383e+00 -3.288268213792907568e-01 8.435160873241390189e-02 -1.704297369553466002e+00 -5.129555226396574907e-01 -4.473086066972986052e-01
4.482267968899237842e-01 -1.058047341810939068e+00 -5.369092937378998620e-01 1.263510585835759259e-01 -9.183047124183462140e-01 -2.413195363316015918e+00 -4.124505876812401550e-01 1.109294790672834541e-01 -2.044903947936543176e+00 -1.816477359778263745e+00 -3.031502883128821546e-01 8.220967052723303359e-02 -1.557111543657812902e+00 -4.656693742426563642e-01 -4.053955945234480329e-01
4.524052929840755577e-01 -1.029122774417333019e+00 -5.190576195236141777e-01 1.156528731802337479e-01 -8.842981084683206872e-01 -2.343489636730230252e+00 -3.979502533148793209e-01 1.016902253776228449e-01 -1.996530483220559038e+00 -1.786044934556762831e+00 -2.976606819424509331e-01 7.750883985629826445e-02 -1.541349809479871436e+00 -4.641657695987970733e-01 -4.056977959896794217e-01
4.566090347930675253e-01 -1.032645100398274174e+00 -5.318147921506803932e-01 1.295394695901095350e-01 -8.702028708927979084e-01 -2.296475688682376504e+00 -3.953311172419515240e-01 1.063866863383670786e-01 -1.940149975107865910e+00 -1.727355107036176562e+00 -2.899603800199136994e-01 7.809523315632260765e-02 -1.485380642217059455e+00 -4.452618341354132037e-01 -3.889925427314968598e-01
4.608167319022857811e-01 -8.739079964651053078e-01 -4.404141179384388760e-01 1.044653939687915645e-01 -7.374494162815804499e-01 -1.950222658872783343e+00 -3.292510997176034127e-01 8.704749659963861852e-02 -1.651884660070829680e+00 -1.472770263932224877e+00 -2.427390044696341453e-01 6.478057435045486701e-02 -1.267972031050462745e+00 -3.803534863886804396e-01 -3.323247445923351306e-01
4.649806979855051203e-01 -8.941423005841014904e-01 -4.575756365793556824e-01 1.087130933503044350e-01 -7.447433005156520736e-01 -1.981577945931498608e+00 -3.391667427215478980e-01 8.768164171998657497e-02 -1.663289897847429533e+00 -1.489156373453369708e+00 -2.491899645855878143e-01 6.496057488119141854e-02 -1.274246771470292972e+00 -3.833658501903545179e-01 -3.333802734553253933e-01
4.691538386770017222e-01 -7.291723083184472598e-01 -3.769335029392016367e-01 9.977558721676928200e-02 -6.020842043251871667e-01 -1.583363224190135865e+00 -2.731160495689382017e-01 7.747903087111854270e-02 -1.333531286027390239e+00 -1.181789064776455955e+00 -1.976171271244283045e-01 5.517807626404672150e-02 -1.014402345185157150e+00 -3.026593756730391882e-01 -2.639280257861097434e-01
4.733478629909182445e-01 -7.588774076765552046e-01 -3.930348648215464258e-01 9.881149052840505764e-02 -6.231096782450921134e-01 -1.660035992605410238e+00 -2.856118956883566540e-01 7.465459187762203686e-02 -1.394980525401785298e+00 -1.252403786303825539e+00 -2.091645422652466946e-01 5.288772992357990838e-02 -1.077188421989567990e+00 -3.257526761038977425e-01 -2.854390226443750400e-01
4.775500538217637980e-01 -6.398668968080827302e-01 -3.280047194351683459e-01 8.038755050212671727e-02 -5.102524839733824091e-01 -1.362728097463772547e+00 -2.328243971356229736e-01 6.037229798387588192e-02 -1.128208941694799572e+00 -1.012398253068213627e+00 -1.678180243842244401e-01 4.257944789578280154e-02 -8.607485740575983035e-01 -2.597043302336351500e-01 -2.250596237401128463e-01
4.817339644282710998e-01 -6.156892921106221772e-01 -3.182032850436985472e-01 8.385529833660618215e-02 -5.016125586384959645e-01 -1.331492167897014411e+00 -2.289534723611161837e-01 6.265503641420294700e-02 -1.112073298877535033e+00 -9.930336481932676707e-01 -1.652241426203377161e-01 4.378605007985138936e-02 -8.479899269064330447e-01 -2.548717207140865915e-01 -2.212854141665757668e-01
4.859144464692263798e-01 -5.591113482484544317e-01 -2.880174602590520605e-01 7.138144640491610182e-02 -4.522851964969090144e-01 -1.212647096702973215e+00 -2.075960636223137812e-01 5.325943617530173174e-02 -1.009247129820429745e+00 -9.096064542243155193e-01 -1.506432605975860928e-01 3.718791684298645289e-02 -7.762841293788637076e-01 -2.353831505740358876e-01 -2.048612746541065566e-01
4.901252990058800885e-01 -5.307619727897054940e-01 -2.754926247644318149e-01 7.147891483992924178e-02 -4.208732480518654340e-01 -1.124022319725295649e+00 -1.937159112587145682e-01 5.166942361845756199e-02 -9.263243304371452380e-01 -8.308932876070895812e-01 -1.383702790616003486e-01 3.553424132317788836e-02 -7.037780514030036461e-01 -2.122647163281999594e-01 -1.834073638907194881e-01
4.943123444065962158e-01 -4.447833072877730443e-01 -2.298669106610923829e-01 5.630891924462604059e-02 -3.455499470942068330e-01 -9.265450504330224879e-01 -1.593194884527355804e-01 4.062485735742751153e-02 -7.526251624552888764e-01 -6.769732027844549416e-01 -1.127124318550381255e-01 2.799941725454874880e-02 -5.669260979389743049e-01 -1.713122694356907227e-01 -1.467644711002104863e-01
4.984736335014697817e-01 -4.169016895484732310e-01 -2.169626019286902130e-01 5.752733035926416161e-02 -3.274404152029664061e-01 -8.734381894240232924e-01 -1.508267188401554437e-01 4.084536267769462575e-02 -7.176190794386179128e-01 -6.423429474397266414e-01 -1.070079333259794790e-01 2.789092507622554715e-02 -5.418882546187874238e-01 -1.631188729649616920e-01 -1.402108152598174062e-01
5.026590164608074618e-01 -3.796798422872135759e-01 -1.987624672033311002e-01 5.377998368417289538e-02 -3.039020902547827085e-01 -8.089752175443615245e-01 -1.406105827012354148e-01 3.876070092308528392e-02 -6.798130228902873329e-01 -6.079379971067425670e-01 -1.020881190457200716e-01 2.699390221315634691e-02 -5.241922273269821186e-01 -1.577947351376772778e-01 -1.383742791780343540e-01
5.068609875937976073e-01 -3.635494750718429868e-01 -1.899496929729436734e-01 4.843657336963889254e-02 -2.840590137518299585e-01 -7.620691115870520393e-01 -1.323696342277558002e-01 3.437319968958412603e-02 -6.309622892154205243e-01 -5.679630313669142838e-01 -9.547437967657106117e-02 2.374668213380415338e-02 -4.854562876158976525e-01 -1.469861109228433604e-01 -1.283655426516835674e-01
5.110594965365916620e-01 -3.196019180726012432e-01 -1.653943326016598936e-01 4.126301488765207748e-02 -2.463672096137618783e-01 -6.644403532594183037e-01 -1.142122080816536933e-01 2.883210266076120798e-02 -5.442116685893122474e-01 -4.917167272166501069e-01 -8.162398126488715211e-02 1.962907210321402154e-02 -4.151755315313871986e-01 -1.260215410571613182e-01 -1.086532047263701478e-01
5.152492140965455603e-01 -3.009271312417871602e-01 -1.572050344940867372e-01 4.095305827036793689e-02 -2.313544267411301036e-01 -6.225144136005257289e-01 -1.077717846583442912e-01 2.813181155551905746e-02 -5.102617444152431903e-01 -4.599521189224704543e-01 -7.670150295663601125e-02 1.898878428876478452e-02 -3.903125821287779518e-01 -1.182501231931668978e-01 -1.027195507555847681e-01
5.194329442812991582e-01 -2.640202061263436373e-01 -1.374404335923300469e-01 3.536047768343978520e-02 -2.023047828387080083e-01 -5.442795152412109871e-01 -9.393741155813470356e-02 2.427035968251804385e-02 -4.433879563275691660e-01 -3.997462367580619791e-01 -6.662502190761800114e-02 1.642191242551409996e-02 -3.368964451238510849e-01 -1.020971574459936665e-01 -8.799820560380640366e-02
5.236343964239100757e-01 -2.312320148647694362e-01 -1.217509522191229515e-01 3.346041016196394519e-02 -1.798208713632511724e-01 -4.815211010874938524e-01 -8.394650533532740933e-02 2.299118669263924136e-02 -3.968978873061829726e-01 -3.563325803010279902e-01 -5.971214641318712407e-02 1.545111750385553401e-02 -3.032951494673499782e-01 -9.158561665212303082e-02 -7.971712680607957735e-02
5.278273205415198177e-01 -2.177149741068994393e-01 -1.133903277626038819e-01 2.849443559446217245e-02 -1.665042760218403139e-01 -4.494556011894544345e-01 -7.773985551170270458e-02 1.965193859838999454e-02 -3.679044037834344749e-01 -3.326872153841493596e-01 -5.562899826895503774e-02 1.339248156031647326e-02 -2.818790854365035292e-01 -8.564334896616920823e-02 -7.419521278979068768e-02
5.319960279023402405e-01 -1.957042076528087149e-01 -1.022287374721603526e-01 2.570599354661593644e-02 -1.491012821702548952e-01 -4.039045100222717344e-01 -6.998119374072012122e-02 1.751782631348985583e-02 -3.274792362657757971e-01 -2.968939464241524551e-01 -4.958231834632517016e-02 1.172116421909799588e-02 -2.483528790831477373e-01 -7.559959632516703720e-02 -6.458659095830239505e-02
5.361714592099571242e-01 -1.729786236873606942e-01 -9.012305841305680298e-02 2.278993131377675049e-02 -1.305899129023075089e-01 -3.535343862225184819e-01 -6.103972775356200642e-02 1.546046626447066148e-02 -2.889636186630786807e-01 -2.617598460112310343e-01 -4.358781331811855536e-02 1.049374624015216376e-02 -2.224671931416725701e-01 -6.768296354780001245e-02 -5.896303909907202323e-02
5.403746330902056139e-01 -1.582140093797765046e-01 -8.256763483132066594e-02 2.072014598196908822e-02 -1.204228865241662172e-01 -3.269107334002638865e-01 -5.650723572058376221e-02 1.401890963509773783e-02 -2.676671099038288038e-01 -2.432540579637910150e-01 -4.047888786337140027e-02 9.378541131904293698e-03 -2.069465854717894571e-01 -6.320775355005078810e-02 -5.510469438293317396e-02
5.445761264886261888e-01 -1.361944497730974701e-01 -7.123208493781364725e-02 1.831184213303985869e-02 -1.033967600776270340e-01 -2.794496671782173980e-01 -4.840073352014348518e-02 1.240534479506981251e-02 -2.279455551580315265e-01 -2.062432917816086619e-01 -3.439806317847156347e-02 8.312602347221796986e-03 -1.747526749020835712e-01 -5.312749443482672057e-02 -4.618105429949723867e-02
5.487504490749764985e-01 -1.264281994882384963e-01 -6.594278020666798079e-02 1.632314463076973629e-02 -9.470296080156882790e-02 -2.570099326903299564e-01 -4.451367061502538303e-02 1.100788350596081273e-02 -2.087001868122364823e-01 -1.893591564583158027e-01 -3.169761511274180044e-02 7.459612381043787682e-03 -1.596085810333866262e-01 -4.861058764339606930e-02 -4.193680796350704454e-02
5.529407179677009454e-01 -1.122664723787749758e-01 -5.891426563051484905e-02 1.490253623967166367e-02 -8.416235282405856721e-02 -2.283267942229200709e-01 -3.968375201928558971e-02 9.937873649143188701e-03 -1.845504713928884655e-01 -1.674112900123985170e-01 -2.803796780116201912e-02 6.632608684547148040e-03 -1.408683960311139516e-01 -4.291057887883833327e-02 -3.704558738727069256e-02
5.571409157079509900e-01 -1.017799674665496035e-01 -5.338752683142080485e-02 1.356177465584682343e-02 -7.615779449953051505e-02 -2.066344214682966085e-01 -3.592214282046478357e-02 9.061369636466693259e-03 -1.675987775762678156e-01 -1.519302047313585147e-01 -2.545587405680925508e-02 6.094082703622552381e-03 -1.279059261044049878e-01 -3.891786848484574818e-02 -3.352367460257897613e-02
5.613298693710127019e-01 -8.690863413222336964e-02 -4.548689127716358527e-02 1.149180711726848457e-02 -6.524537327010260235e-02 -1.772864699322622417e-01 -3.073135786313484566e-02 7.645207672953837838e-03 -1.445421326260195871e-01 -1.313341371114911116e-01 -2.193755525025517517e-02 5.126419134131670295e-03 -1.114001695376777290e-01 -3.399810255676294357e-02 -2.954698985010869791e-02
5.655062246218995892e-01 -8.132326001786231717e-02 -4.253251192563375915e-02 1.058994091043703213e-02 -5.956509228548707152e-02 -1.622856850598783929e-01 -2.811271982129972397e-02 6.945089392757837314e-03 -1.302324164958159891e-01 -1.184709251839027727e-01 -1.974039370539917154e-02 4.595010043778651777e-03 -9.916506814962118554e-02 -3.026772104287288323e-02 -2.601973174060907834e-02
5.696867424029971039e-01 -7.218316117542775134e-02 -3.789381255043740987e-02 9.455507446627561471e-03 -5.350361257951941063e-02 -1.456594181669113586e-01 -2.534545266502691643e-02 6.237751992545994759e-03 -1.174430909064568540e-01 -1.067979803304830860e-01 -1.791291211455623908e-02 4.155365932634667685e-03 -8.965281556112156269e-02 -2.735694622406229307e-02 -2.355281185880100589e-02
5.738956954203543459e-01 -6.156983918637361913e-02 -3.227803552112330082e-02 7.932186579850453167e-03 -4.577215921156094908e-02 -1.249236055775845566e-01 -2.170462696920544624e-02 5.230798969859567701e-03 -1.014783117368113496e-01 -9.258465244430616470e-02 -1.550994229634111189e-02 3.490995457102438141e-03 -7.830188487099379313e-02 -2.398938851742719522e-02 -2.080174870462917283e-02
5.780928920821047923e-01 -5.338630967174640835e-02 -2.799829404897482416e-02 6.971840174440431699e-03 -3.886369576821114419e-02 -1.058312199425959915e-01 -1.839181033725639444e-02 4.555568125899231435e-03 -8.430670887025058791e-02 -7.660863641106469002e-02 -1.281124033031160077e-02 3.012187036948191406e-03 -6.361146771234447994e-02 -1.938375669311403690e-02 -1.652507641010253839e-02
5.822632071880226023e-01 -5.089766019155572696e-02 -2.672547507720013024e-02 6.601297828416377925e-03 -3.749068330136941241e-02 -1.022401126495331852e-01 -1.779800305189029042e-02 4.359652789877153586e-03 -8.250073362125029397e-02 -7.509276894742729358e-02 -1.260304150568205411e-02 2.927457885625890828e-03 -6.319382140752762000e-02 -1.929495891203224581e-02 -1.665943488543470546e-02
5.864430803127811398e-01 -4.507126471352372599e-02 -2.373716175101694276e-02 5.896952900897624306e-03 -3.344682446301525808e-02 -9.123604931062563594e-02 -1.592117004293143109e-02 3.881545918006891558e-03 -7.428503112617393378e-02 -6.772859645062352663e-02 -1.139156013679614061e-02 2.592147640322271709e-03 -5.749520917867618347e-02 -1.760742567334533729e-02 -1.533209613839954868e-02
5.906376733072625784e-01 -3.977598702111993789e-02 -2.082635414665914494e-02 5.029234742263090883e-03 -2.894196616365253202e-02 -7.923366685873887982e-02 -1.373855046059818501e-02 3.269474439576780869e-03 -6.324308017939744841e-02 -5.778886142439557116e-02 -9.647043303907268386e-03 2.156373540591887284e-03 -4.821545322916416521e-02 -1.477915461838651308e-02 -1.268561354069129912e-02
5.948356627105599870e-01 -3.407414136176786790e-02 -1.781633996543018766e-02 4.199285463993215027e-03 -2.478688253208651340e-02 -6.795633812995185985e-02 -1.177377370785270480e-02 2.751880569698240356e-03 -5.454549121375175391e-02 -4.990918308454585922e-02 -8.342647156345944781e-03 1.843048588629432431e-03 -4.188465527852155978e-02 -1.285346204676199831e-02 -1.108487600368518802e-02
5.990145239901687457e-01 -3.022346898116485062e-02 -1.581221113605365755e-02 3.708036040222192822e-03 -2.195723732695799638e-02 -6.025300575725773405e-02 -1.044003303311381164e-02 2.412788928431753698e-03 -4.805849158668018539e-02 -4.402723968282511169e-02 -7.360730736732954381e-03 1.598432913474945533e-03 -3.664206302472702154e-02 -1.125807848697812225e-02 -9.622407885964238961e-03
6.031829950841108845e-01 -2.683162426206242568e-02 -1.403536747082818024e-02 3.279398685749738886e-03 -1.948524893030258859e-02 -5.348655475453613362e-02 -9.277214343859706974e-03 2.140950510830926575e-03 -4.291270026219109329e-02 -3.930562600584204536e-02 -6.581519401828856732e-03 1.428287687524125828e-03 -3.297681804149350804e-02 -1.013123297990428488e-02 -8.736306992414654901e-03
6.073740526175752663e-01 -2.342591462098640026e-02 -1.229856532651552557e-02 2.927592752172147178e-03 -1.696524794649663728e-02 -4.648623101936416591e-02 -8.093333493922988744e-03 1.908016054390595986e-03 -3.721712805430910098e-02 -3.402073543654283300e-02 -5.720452724547974571e-03 1.278349461144065013e-03 -2.847810362997879249e-02 -8.729838307838693953e-03 -7.508762486337102957e-03
6.115768023320514724e-01 -2.072933448938401105e-02 -1.084124941970698343e-02 2.502403702467140712e-03 -1.494928733999495787e-02 -4.115170749185031313e-02 -7.129795332455567819e-03 1.613805036402629883e-03 -3.297380241592612338e-02 -3.028771951124210188e-02 -5.066361783157873749e-03 1.075231709824070025e-03 -2.542900290832626406e-02 -7.833818536501013091e-03 -6.762277027641485153e-03
6.157710000000914397e-01 -1.765455997962711923e-02 -9.270041880974695669e-03 2.193367009507727824e-03 -1.283227154100628938e-02 -3.523643570575044071e-02 -6.135146868509769487e-03 1.420990169364811252e-03 -2.833601664283846855e-02 -2.596306024556547035e-02 -4.361778924161425521e-03 9.465085932551774986e-04 -2.184254776821223376e-02 -6.714504595175319231e-03 -5.804051789681086322e-03
6.199632023912512446e-01 -1.545478210805792049e-02 -8.090954047409429709e-03 1.866178705048061187e-03 -1.126542444724605053e-02 -3.099204825127183441e-02 -5.380800516048075618e-03 1.217395409591402484e-03 -2.491335012595886564e-02 -2.287354371400851169e-02 -3.837491156628511542e-03 8.138209639987891439e-04 -1.924094177384736565e-02 -5.926600356830535356e-03 -5.126492458910285495e-03
6.241630060990407403e-01 -1.345009817556836428e-02 -7.049712813459170328e-03 1.627732398801928987e-03 -9.685266582497591495e-03 -2.668485698320782404e-02 -4.633201605383846337e-03 1.048246950241911706e-03 -2.135113672864841911e-02 -1.961975718485670442e-02 -3.286555281474735912e-03 6.983205862748826948e-04 -1.645886148127163884e-02 -5.071164739774795642e-03 -4.376543316588743168e-03
6.283593402461892241e-01 -1.270289652289417065e-02 -6.659081556147996434e-03 1.508163574829891234e-03 -9.352858554786111500e-03 -2.582489792488703445e-02 -4.484132518433957271e-03 9.853227326820346819e-04 -2.088651471854957239e-02 -1.925056346545146388e-02 -3.232782120403443309e-03 6.638043143446663340e-04 -1.622460565981282202e-02 -5.014899316217727963e-03 -4.332499967820125329e-03
6.325410955997395890e-01 -1.071626580471736132e-02 -5.608137114484343030e-03 1.257369807305182057e-03 -7.715391668785286095e-03 -2.131821520386962057e-02 -3.696989542422064214e-03 8.086859630193174615e-04 -1.708726168272434176e-02 -1.574618251284321674e-02 -2.639146715117298477e-03 5.404673573445499882e-04 -1.321155901112713513e-02 -4.081978684041536951e-03 -3.520442190664230860e-03
6.367142920629192959e-01 -9.794266377558764891e-03 -5.122991438336966900e-03 1.132474745999289319e-03 -7.079603969049471160e-03 -1.957564379833796539e-02 -3.392645200801996247e-03 7.351055303043696476e-04 -1.576768472671153526e-02 -1.454661777334452163e-02 -2.438845344659732427e-03 4.955380783880613529e-04 -1.227393019098455863e-02 -3.797652706715959076e-03 -3.293592085687347543e-03
6.409035099394975177e-01 -7.884669200421769858e-03 -4.147740491175578963e-03 9.604567086010777112e-04 -5.640943118864059046e-03 -1.552521767361040445e-02 -2.708712435536541566e-03 6.193075266393955431e-04 -1.233556750765772182e-02 -1.131633341754068219e-02 -1.904699431695900964e-03 4.112698969212105564e-04 -9.420202254432904349e-03 -2.896366616699394721e-03 -2.478838302110818702e-03
6.451032402190634008e-01 -6.577976548466099929e-03 -3.448121745074257671e-03 7.753500007884286298e-04 -4.677636000751674537e-03 -1.291050657579516370e-02 -2.244021516186042817e-03 4.981259094319390223e-04 -1.024577333754106770e-02 -9.424689918630508451e-03 -1.583077075535562839e-03 3.325497221502992122e-04 -7.846428844579094938e-03 -2.418475423028179552e-03 -2.071853335166783019e-03
6.492879941711476866e-01 -6.186043047979841898e-03 -3.242062775507320669e-03 7.074840982294812756e-04 -4.433560151546216133e-03 -1.228134992284336466e-02 -2.134687487433136518e-03 4.549391797664172630e-04 -9.807142856770780653e-03 -9.061435430387336509e-03 -1.524878399968183050e-03 3.050842665661994608e-04 -7.573869586533781180e-03 -2.345905615913831781e-03 -2.014116204784294813e-03
6.534659541563927476e-01 -5.338820297123175219e-03 -2.796213480423309292e-03 6.147468867771921494e-04 -3.777368513840573087e-03 -1.045797565399016887e-02 -1.816603792395082026e-03 3.941518008564355038e-04 -8.277755922989590495e-03 -7.633224768775460911e-03 -1.281217545352183410e-03 2.629541175427761615e-04 -6.354859347515840785e-03 -1.962962608082222983e-03 -1.685712399371195203e-03
6.576591076962554627e-01 -4.636360035455558588e-03 -2.421350668821228933e-03 5.121832691058275048e-04 -3.313218773930641948e-03 -9.201695615453885091e-03 -1.593687563835993401e-03 3.300853024644639921e-04 -7.353139132150234188e-03 -6.810555968392649311e-03 -1.143135920115092392e-03 2.222885420226726591e-04 -5.704621576359662251e-03 -1.770785431201012594e-03 -1.525173296372054395e-03
6.618529307405217610e-01 -3.905295137710527911e-03 -2.041510780946565080e-03 4.410856022524899805e-04 -2.789999023007051597e-03 -7.737905331360873419e-03 -1.340845387674994118e-03 2.843001824261869753e-04 -6.185827951523083061e-03 -5.719633301813701644e-03 -9.599786396876956122e-04 1.919688931490242648e-04 -4.789275765314677906e-03 -1.483805505938240671e-03 -1.276149081201170864e-03
6.660240791386257131e-01 -3.457182765102825329e-03 -1.807861613944251791e-03 3.885713210835260224e-04 -2.474906583762727635e-03 -6.870762644618979599e-03 -1.190403484054486849e-03 2.491484969411345441e-04 -5.486797631787579572e-03 -5.080058683111002803e-03 -8.514036014906651434e-04 1.663986092789152991e-04 -4.253556697689972119e-03 -1.320129214156127474e-03 -1.137857063021977108e-03
6.702067828716186115e-01 -2.944697293932213664e-03 -1.541304765456975217e-03 3.306488638902854347e-04 -2.117135222577377560e-03 -5.875805079582185030e-03 -1.019556543131804310e-03 2.135633316107757329e-04 -4.722141028405069975e-03 -4.371563461839112277e-03 -7.353411984683845548e-04 1.447075357109137757e-04 -3.681398589231514064e-03 -1.142555970210773443e-03 -9.884560190095001073e-04
6.744172070879622671e-01 -2.521583323576486336e-03 -1.320559904135768219e-03 2.836696623292963996e-04 -1.782032921583293203e-03 -4.944276029191218072e-03 -8.588779016236851869e-04 1.817073934989521999e-04 -3.919832357315742796e-03 -3.624070749489441932e-03 -6.094682058526767554e-04 1.218473486566795238e-04 -3.016268804777047421e-03 -9.343490030753328571e-04 -8.001675881140773603e-04
6.786118453466847278e-01 -2.278496218205966831e-03 -1.193049169247490434e-03 2.552695527171655729e-04 -1.629873887697128911e-03 -4.527604973546259411e-03 -7.854762551711752180e-04 1.644186277339224566e-04 -3.634504267470045017e-03 -3.366143856329461594e-03 -5.652736783729115895e-04 1.112014550458200433e-04 -2.836189210703832665e-03 -8.803501104144753186e-04 -7.628970714766695376e-04
6.827984616056306244e-01 -2.009951362421223079e-03 -1.049014646654952048e-03 2.148186938415833655e-04 -1.427766861354304090e-03 -3.979771001887031333e-03 -6.889975718550913871e-04 1.385732966564281717e-04 -3.184569287243648947e-03 -2.957990182168480572e-03 -4.968719133812871287e-04 9.446111649461312566e-05 -2.484799606131461638e-03 -7.732383461382415354e-04 -6.677478960924125139e-04
6.869817177358829019e-01 -1.699298720460997196e-03 -8.876812004931615430e-04 1.809155234560447028e-04 -1.213794545545128631e-03 -3.382346469504345608e-03 -5.859317774431589340e-04 1.171767997270496562e-04 -2.704696730211681843e-03 -2.512932578790051750e-03 -4.223434975534924845e-04 7.967888310107672678e-05 -2.108389048873411404e-03 -6.563166378119000789e-04 -5.666865008670091651e-04
6.911718524128840357e-01 -1.499354106536336878e-03 -7.839771095198668546e-04 1.589858843014608028e-04 -1.066637189692075903e-03 -2.976855432419761062e-03 -5.159631004151002051e-04 1.022153734640426464e-04 -2.371377585668520225e-03 -2.206104623129628590e-03 -3.706744302135618597e-04 6.883397843834093775e-05 -1.844471863399300710e-03 -5.748717047990746986e-04 -4.946451619032122366e-04
6.953555746427921846e-01 -1.248884903296906910e-03 -6.523456173613342846e-04 1.326123649807547900e-04 -8.736828944349000342e-04 -2.438909923864730767e-03 -4.223167907715908950e-04 8.399726584845829418e-05 -1.916775380385410356e-03 -1.781990105828942621e-03 -2.988516396179744048e-04 5.596106440243846204e-05 -1.468883810041725574e-03 -4.572357907028117745e-04 -3.876378256144026114e-04
6.995344561305086861e-01 -1.086654399582732402e-03 -5.678177172905322836e-04 1.133347145832744389e-04 -7.608850831610351230e-04 -2.125303116722925857e-03 -3.684324822321846573e-04 7.242908693426064666e-05 -1.673128838370879735e-03 -1.556213985614783015e-03 -2.616363696081663252e-04 4.879544322273326443e-05 -1.287056704920129394e-03 -4.008003998328004249e-04 -3.415194499698100366e-04
7.037287066792784485e-01 -8.862430973783829097e-04 -4.620523516631598149e-04 9.238498578121825304e-05 -6.220939139496956503e-04 -1.737846834826428611e-03 -3.005908220275414072e-04 5.900517935659480403e-05 -1.378367262757946611e-03 -1.282977725851863890e-03 -2.153995611786163416e-04 3.983105972224863626e-05 -1.069407628298213236e-03 -3.333857160251972574e-04 -2.861205258467460887e-04
7.079143033440539190e-01 -7.716163398690461346e-04 -4.030364060662167385e-04 7.981701291595594142e-05 -5.451548216078726163e-04 -1.524629490391064780e-03 -2.641411515113326319e-04 5.137641311691212284e-05 -1.210401231648688784e-03 -1.127591174103494912e-03 -1.896347943213928073e-04 3.492046312007767177e-05 -9.409825747844364477e-04 -2.935023390862403787e-04 -2.523415762206696511e-04
7.121186686741065586e-01 -6.914957690738162202e-04 -3.608029574585110946e-04 6.991093160063395625e-05 -4.869215864605923511e-04 -1.364616575628734918e-03 -2.361290543206268967e-04 4.453952514302353020e-05 -1.083276249692298509e-03 -1.011540161294851832e-03 -1.698676288258464608e-04 2.998506859211151851e-05 -8.438411841448597477e-04 -2.639182406653703124e-04 -2.267851809133230234e-04
7.163134555705721329e-01 -5.892132113361230787e-04 -3.076581656973565392e-04 6.043980652858233198e-05 -4.163336465117649810e-04 -1.165233895808701851e-03 -2.016903159362954648e-04 3.862698777293348089e-05 -9.241210023165628189e-04 -8.622154764960806000e-04 -1.447887060364008087e-04 2.604479578695544621e-05 -7.174273752885291762e-04 -2.242411301690725659e-04 -1.919353442665121463e-04
7.204913713645887396e-01 -5.024249733920867819e-04 -2.622215480853613118e-04 5.147505509413957523e-05 -3.522732119894342057e-04 -9.862229260659185343e-04 -1.707424034458916435e-04 3.284623543584384533e-05 -7.779790640548393810e-04 -7.255077041279512761e-04 -1.219234820387046656e-04 2.223262007444308562e-05 -6.004221525549020659e-04 -1.873724621415754905e-04 -1.594373509805494589e-04
7.246803275165087932e-01 -4.466943880400882643e-04 -2.324468438537688204e-04 4.386383909865961103e-05 -3.157105005810971064e-04 -8.862654159247285906e-04 -1.529806567400864015e-04 2.812811902885118350e-05 -7.050193160865696586e-04 -6.594082450745963582e-04 -1.106838085433097083e-04 1.918040075076531180e-05 -5.513273135658226147e-04 -1.727129130582031236e-04 -1.487345173821403069e-04
7.288763115175647123e-01 -3.658643337690646114e-04 -1.907848914433122017e-04 3.640764308667623553e-05 -2.556994861119969210e-04 -7.179589848860617974e-04 -1.241680416465819293e-04 2.309025764140927594e-05 -5.673956177930060407e-04 -5.304847360140774962e-04 -8.910964920703134452e-05 1.556884987617482760e-05 -4.413797482499198593e-04 -1.382322735872155593e-04 -1.185457526219771618e-04
7.330585840505703388e-01 -3.179579514108734294e-04 -1.658486038865886994e-04 3.121057043831920811e-05 -2.213049934274150042e-04 -6.220508013532460986e-04 -1.076296165365640394e-04 1.975191443824015735e-05 -4.881056103551176467e-04 -4.568212522832785735e-04 -7.674341995207846305e-05 1.326725354045851888e-05 -3.766097636013755160e-04 -1.179481159744097526e-04 -1.001519534778298634e-04
7.372316440474646626e-01 -2.777743999395012220e-04 -1.450565333062524731e-04 2.696436564989297425e-05 -1.947568957383979005e-04 -5.479204628806080011e-04 -9.487642305255829418e-05 1.714095519418852473e-05 -4.336924223589019292e-04 -4.063676142607253270e-04 -6.841609910398020712e-05 1.161612081337500907e-05 -3.383705233828930700e-04 -1.061595152641390795e-04 -9.108740033459424132e-05
7.414228560306842519e-01 -2.268378570801433448e-04 -1.179949413154393958e-04 2.153014398386496030e-05 -1.584747725903791786e-04 -4.465312547030020275e-04 -7.707141305146866035e-05 1.356424871432425605e-05 -3.530397489721063186e-04 -3.313902194727342946e-04 -5.557008291982964472e-05 9.088613880276591892e-06 -2.755996639531403127e-04 -8.665054733902457303e-05 -7.416436545388563567e-05
7.456189213758863676e-01 -1.954396101003969845e-04 -1.019113901044900190e-04 1.876034983564228668e-05 -1.379041357234120553e-04 -3.876117006708152042e-04 -6.703667362097907878e-05 1.202291718193190912e-05 -3.087161543222120765e-04 -2.894109353867850456e-04 -4.870278159095516024e-05 8.242713371246945033e-06 -2.422172806481884472e-04 -7.598688958065767272e-05 -6.537627024046293396e-05
7.498104337627916616e-01 -1.593936135815350510e-04 -8.328791736039601115e-05 1.588352893865555712e-05 -1.114177982214559817e-04 -3.123627633869829694e-04 -5.410133684767590796e-05 1.012789168798549665e-05 -2.468324286226729423e-04 -2.306558481818070903e-04 -3.884708116548073826e-05 6.893455246304532711e-06 -1.914273134126645364e-04 -5.990743047887782586e-05 -5.121952484065760684e-05
7.539974189770904944e-01 -1.358292256919064512e-04 -7.074888092324051658e-05 1.293597940704648586e-05 -9.393903646326109058e-05 -2.644297799624375166e-04 -4.573512868657971816e-05 8.162910020111013563e-06 -2.082271123044811278e-04 -1.951580979528171262e-04 -3.279415149008037261e-05 5.509582427773476225e-06 -1.619228098094505888e-04 -5.082252914882663246e-05 -4.355590499479025391e-05
7.581896411468850294e-01 -1.186358079804895128e-04 -6.163633499028344160e-05 1.117606681417055742e-05 -8.340495231051430337e-05 -2.343787470413261358e-04 -4.041030499918760936e-05 7.124512544666211648e-06 -1.861046171856643977e-04 -1.746638148608551473e-04 -2.931038807732532295e-05 4.879638436659267689e-06 -1.460895293190488684e-04 -4.581760570949263876e-05 -3.949549912167045409e-05
7.623808615479977790e-01 -1.027298544901513643e-04 -5.344924059384563024e-05 9.573000243008227873e-06 -7.255398138161373164e-05 -2.052030238089523617e-04 -3.545693079664210141e-05 6.148096855816658110e-06 -1.638823688022493605e-04 -1.542986107751504322e-04 -2.598375734824804090e-05 4.205606472722230045e-06 -1.296224112533022189e-04 -4.085398725797381465e-05 -3.532949746500884292e-05
7.665651159623174671e-01 -8.443178862621851955e-05 -4.377218885050546517e-05 7.647038939393262699e-06 -5.877638670828141216e-05 -1.657158646538565787e-04 -2.854499556230525296e-05 4.878077685059442426e-06 -1.304182991863152459e-04 -1.225126261688273962e-04 -2.057792883517398612e-05 3.311589921566483724e-06 -1.014619064452420096e-04 -3.196770959275167800e-05 -2.728593090140028331e-05
7.707536355579491794e-01 -7.163360586943156639e-05 -3.744101877646349372e-05 6.712255613478360071e-06 -4.959233895682065528e-05 -1.397410010773624586e-04 -2.424007075586702135e-05 4.247759821763764586e-06 -1.101717344803310194e-04 -1.033245351784641285e-04 -1.741109932507695467e-05 2.877304565642368088e-06 -8.602123575444066352e-05 -2.693575153286476774e-05 -2.305390048800828453e-05
7.749462413082437440e-01 -5.958549555041595499e-05 -3.104629758328177459e-05 5.468393322293018494e-06 -4.190763535243047439e-05 -1.183134986719558103e-04 -2.045295827205798441e-05 3.511910237931935684e-06 -9.397957403053988753e-05 -8.851020853724346775e-05 -1.489642918743353211e-05 2.414669545552882439e-06 -7.401269904818486608e-05 -2.333910725182857104e-05 -2.014017801216793377e-05
7.791369682448587852e-01 -4.839257724006596802e-05 -2.522542356770203739e-05 4.449981221799633112e-06 -3.343676795806492063e-05 -9.430259170193947232e-05 -1.632095381631473485e-05 2.772921054034840678e-06 -7.413367809362729965e-05 -6.963736084762239646e-05 -1.170128936144414675e-05 1.882071319220652491e-06 -5.758977281139497672e-05 -1.814570323468235984e-05 -1.543786398377858203e-05
7.833258353347896108e-01 -4.174273757574550989e-05 -2.179568085222421297e-05 3.702977715471951623e-06 -2.894265740112942901e-05 -8.152868024319634866e-05 -1.411653626812819942e-05 2.316450490850727226e-06 -6.415072293174517556e-05 -6.048296711669291683e-05 -1.018945656674545656e-05 1.574770191337589551e-06 -5.003413675733576419e-05 -1.583751531837803109e-05 -1.341022785910816558e-05
7.875159900600451346e-01 -3.697419285683631746e-05 -1.921813566028798023e-05 3.294569684051488498e-06 -2.584515337821395245e-05 -7.315917882015296209e-05 -1.265271227669919866e-05 2.130437113535616858e-06 -5.794214884645961444e-05 -5.461058240883580632e-05 -9.203851990937598343e-06 1.468429896989218671e-06 -4.543797575439825211e-05 -1.431479649026351821e-05 -1.218681023574828405e-05
7.917084457625156446e-01 -3.138019971101224149e-05 -1.624058435399316930e-05 2.656062690129997792e-06 -2.177896759025724956e-05 -6.180360220515908895e-05 -1.062855696407828737e-05 1.695499935125927949e-06 -4.883581540793341055e-05 -4.612783157658967986e-05 -7.747712094632257145e-06 1.169802264045966321e-06 -3.831267332972809606e-05 -1.211982797241686708e-05 -1.035865551194653529e-05
7.958821468706197555e-01 -2.515741876029966011e-05 -1.300543936750040526e-05 2.285576715786773863e-06 -1.758956508762525621e-05 -4.946030666279074633e-05 -8.489748580501420470e-06 1.466406693313437853e-06 -3.899975962536190424e-05 -3.691043282085961467e-05 -6.181012430239251415e-06 9.937358735635819621e-07 -3.068946967833013380e-05 -9.676245794317471009e-06 -8.348241748067138581e-06
8.000624692379799674e-01 -2.155690692535758919e-05 -1.129041263258895939e-05 1.906905573962935538e-06 -1.494067280851273571e-05 -4.245130494389668969e-05 -7.334246780058890692e-06 1.215189542959521037e-06 -3.376580753091584710e-05 -3.162047300176587332e-05 -5.326162959070480688e-06 8.440486387975987547e-07 -2.638051248556217446e-05 -8.311246536601460706e-06 -7.126910802590940491e-06
8.042564613727184453e-01 -1.848034400859381699e-05 -9.525115325020061213e-06 1.552979092031386133e-06 -1.271359481963417407e-05 -3.612914668190756579e-05 -6.202974371475933457e-06 1.001271438649703487e-06 -2.843249128484614974e-05 -2.682104762815800883e-05 -4.509417660517360608e-06 6.847481045703996017e-07 -2.234033146532133583e-05 -7.065027329384584769e-06 -6.103996677545880588e-06
8.084384822996342201e-01 -1.512472780440301898e-05 -7.898357214479290693e-06 1.294562265223249804e-06 -1.038896246187175791e-05 -2.932123335136076924e-05 -5.093201800103258786e-06 8.064709011401076476e-07 -2.338415165139676096e-05 -2.193154878596773286e-05 -3.718815116828585908e-06 5.656482626730940777e-07 -1.859065264359679569e-05 -5.810294062920171637e-06 -4.975617718232001009e-06
8.126333810499198895e-01 -1.248125463331447232e-05 -6.447709086781972601e-06 1.126150257625012471e-06 -8.453573088915026444e-06 -2.429400874710081334e-05 -4.179609898205756039e-06 7.072595147622418577e-07 -1.876688518992997124e-05 -1.786237267630339773e-05 -3.008108013056322820e-06 4.724631748999689688e-07 -1.469237413184648958e-05 -4.639772394173543125e-06 -3.906727556021307768e-06
8.168271958201180905e-01 -1.125309452556471372e-05 -5.874977517599546168e-06 9.507499557932365173e-07 -7.767297644880039783e-06 -2.228588621901345134e-05 -3.865911298755996198e-06 6.131518089117698774e-07 -1.725760677888427653e-05 -1.658810756728260711e-05 -2.807204071724872626e-06 4.070081807864430975e-07 -1.374632654116797133e-05 -4.362718347500985602e-06 -3.742952252430797151e-06
8.210214995694952167e-01 -8.932462477350991574e-06 -4.647430736167024172e-06 7.298884949719660415e-07 -5.973886990484707106e-06 -1.735348815307201608e-05 -2.962442219366806929e-06 4.841237144227009887e-07 -1.347082730214429120e-05 -1.266601173372072217e-05 -2.112690796931704667e-06 3.182223878316175067e-07 -1.019768903113150390e-05 -3.246337025948743074e-06 -2.653199051690076802e-06
8.252154145000215602e-01 -7.388163943527754056e-06 -3.899071721364256231e-06 6.228285779091581542e-07 -5.214036763055851684e-06 -1.472663601326826533e-05 -2.545905660054064251e-06 3.950087904834651704e-07 -1.171047869987971134e-05 -1.099972198054579205e-05 -1.846096877486223164e-06 2.717964030059196090e-07 -9.180539413285778916e-06 -2.878617585330760442e-06 -2.454821841824126333e-06
8.294030907808404018e-01 -6.417296888611208061e-06 -3.248137424635883403e-06 5.015158981226550853e-07 -4.240546290316376427e-06 -1.256887938954761669e-05 -2.114712297156423569e-06 3.402972497628702413e-07 -9.770822677167204836e-06 -9.352928767903349324e-06 -1.539624630424986319e-06 2.147200316775633197e-07 -7.740730866346691653e-06 -2.449011282352728053e-06 -2.125502449467165469e-06
8.335906150371191758e-01 -5.405858174617249308e-06 -2.812011200379985231e-06 4.438168921033254348e-07 -3.784045767816495507e-06 -1.056193315856144715e-05 -1.842580722863546170e-06 2.909336118871706571e-07 -8.427788997690743316e-06 -7.878386070901417020e-06 -1.336451275933053377e-06 1.998853379108762535e-07 -6.678767206609662292e-06 -2.074963923666681563e-06 -1.805621716717927890e-06
8.377685032221774408e-01 -4.277282115474092102e-06 -2.171443084482973618e-06 3.545843846966617397e-07 -3.048453326108395658e-06 -8.307376901429876242e-06 -1.439808669122338837e-06 2.382437725745676135e-07 -6.567891957361613383e-06 -6.078351231190764441e-06 -1.025129747736897016e-06 1.615394080895737863e-07 -5.041659392751536356e-06 -1.592390011222477300e-06 -1.420783612414578656e-06
8.419567297582307708e-01 -3.708248026738614280e-06 -1.902542634598595710e-06 2.844296010329536002e-07 -2.480719010663713792e-06 -7.075987692875136151e-06 -1.246595723421005976e-06 1.819596738169963660e-07 -5.633423600787219913e-06 -5.278527014931950012e-06 -9.119366374582448529e-07 1.287319045615321677e-07 -4.384133161692066147e-06 -1.362699620378615248e-06 -1.139154484122912415e-06
8.461556544987137718e-01 -3.309687332408562579e-06 -1.601738086143948736e-06 2.514561751282345394e-07 -2.028790537878279397e-06 -6.190281772654696537e-06 -1.056680626615706771e-06 1.561434461608679420e-07 -4.720144676025625911e-06 -4.500400229976307985e-06 -7.563128782693516978e-07 1.050155424697937068e-07 -3.595159599041925154e-06 -1.167818678424463304e-06 -9.688070613296671658e-07
8.503430790983292908e-01 -2.560928751532610630e-06 -1.389340044134482547e-06 2.150037801487572035e-07 -1.829626142838478537e-06 -4.888868214953549036e-06 -9.003026284078037864e-07 1.269400330412487156e-07 -4.172580570547329088e-06 -3.668561621274221755e-06 -6.635931165737752503e-07 9.681326213182738270e-08 -3.117315600478283551e-06 -9.699650763138726923e-07 -8.615077829936871638e-07
8.545245840949285965e-01 -2.231688586697133156e-06 -1.083871074545138555e-06 1.404950007608155961e-07 -1.394422517229812943e-06 -4.348635135646123762e-06 -7.433206810488577044e-07 1.157692116895693969e-07 -3.239751420071843057e-06 -3.201468413393685932e-06 -5.362249300388016891e-07 8.629950527084576254e-08 -2.512775761894618366e-06 -8.010139583984282660e-07 -6.432123487787439280e-07
8.587196449246210506e-01 -1.718865671285758481e-06 -9.347104070698166683e-07 1.358860953724904715e-07 -1.021168131673914634e-06 -3.586891781352003661e-06 -6.133186171047283196e-07 8.092215935647092667e-08 -2.493427164138222215e-06 -2.734850135971925330e-06 -4.549897428430141369e-07 5.528012636401745470e-08 -2.121739258674213928e-06 -7.067377874451889831e-07 -5.808759942176289934e-07
8.629074348139629258e-01 -1.624756390943328608e-06 -7.199048123338862724e-07 8.663419325575784505e-08 -8.206655083664295897e-07 -2.958641773526595885e-06 -4.890645881898191106e-07 6.535759750646403043e-08 -1.863269655203616080e-06 -2.141090079940562152e-06 -3.447382048179879742e-07 3.860086977645348086e-08 -1.597772695044279840e-06 -5.514460270559397685e-07 -4.126638982929152651e-07
8.670852844200982457e-01 -1.278264997931382057e-06 -6.581968091884070964e-07 1.052182728043489621e-07 -1.078462271005319754e-06 -2.215628609999148555e-06 -4.290037223215593745e-07 5.571492759412979336e-08 -2.213645394353264402e-06 -1.676533080875844661e-06 -3.159038541089034702e-07 3.961919144347518072e-08 -1.617743844117267053e-06 -4.230106061285342341e-07 -4.344082061741782312e-07
8.712764316473343706e-01 -9.034554889507825281e-07 -5.044160136258470776e-07 2.856396956529929729e-08 -6.232953651286187214e-07 -1.679807712423902949e-06 -3.169604847879118568e-07 3.783795560523381342e-08 -1.418459315315148310e-06 -1.280778095805581202e-06 -2.289517423829809325e-07 2.952490249137646513e-08 -1.110114682860619219e-06 -4.048776644551668188e-07 -3.249293594997618162e-07
8.754762476624626810e-01 -7.649733218651882283e-07 -3.969656406751770035e-07 6.261984609773392860e-08 -5.733080262568111542e-07 -1.559198891861345196e-06 -2.715148036767805753e-07 5.384698435381082422e-08 -1.376132859736665318e-06 -1.171789466503038529e-06 -1.989705164331734234e-07 2.787658931281022704e-08 -8.922305568651281069e-07 -2.832722082959448254e-07 -2.423508908091193774e-07
8.796707865602606535e-01 -6.921467821229250085e-07 -3.249339546073386457e-07 4.981768321545273447e-08 -5.175101501881747167e-07 -1.542320402646070713e-06 -2.103509938322108002e-07 3.309997043200386515e-08 -1.210690471699947117e-06 -1.148928800309148384e-06 -1.630699290770505614e-07 2.701081921846326493e-08 -9.146720301915543595e-07 -2.791527915646732648e-07 -2.538120863544737767e-07
8.838562222970675064e-01 -5.109926306042823138e-07 -2.682099573537583808e-07 4.178866991272133323e-08 -2.928772379790903026e-07 -1.104110801400726680e-06 -2.004536666771579310e-07 3.052546948732742044e-08 -8.632751165485661743e-07 -9.525213917709042453e-07 -1.540370788807784850e-07 2.485686775309965970e-08 -6.653830449036122309e-07 -2.526743032310774078e-07 -2.275091712125746847e-07
8.880381764417510926e-01 -6.798149265489411677e-07 -2.087119515906501071e-07 4.601567532907220625e-08 -3.157196626438432583e-07 -1.024571141406648162e-06 -1.536243927043252521e-07 1.901698451483363555e-08 -7.294340465069264552e-07 -6.901638569831019534e-07 -9.887001722156704382e-08 2.115517310426764689e-08 -5.104017634061244062e-07 -1.812462286015950530e-07 -1.765510164193367455e-07
8.922270316229049536e-01 -1.837484254346135236e-07 -2.581178340644332294e-07 4.813893932864697255e-08 -1.357645753921529532e-07 -4.852315237608324461e-07 -1.372423917208191829e-07 3.850474755298039903e-08 -5.365744913133004195e-07 -4.294084965268099466e-07 -1.115178326106712281e-07 3.098353588454080565e-08 -4.244389004731024054e-07 -1.348608711891896669e-07 -1.529270932034219206e-07
8.964225585562245469e-01 -1.633449518807189104e-07 -1.545691579172823391e-07 2.071961578016188573e-08 -2.071606108426347545e-07 -4.884076594428389848e-07 -9.438973557615431714e-08 1.448002483826643029e-09 -4.463866649372663456e-07 -4.275223811339342929e-07 -7.653617127544934683e-08 1.380388176193457536e-08 -2.902293617726091752e-07 -1.097124674915306351e-07 -6.628623940052022612e-08
9.006049913569987853e-01 -1.722413675835623645e-07 -1.716335792370505827e-07 -2.709358773441559737e-09 -1.560384028657634793e-07 -4.412191375797970923e-07 -1.042202522381460035e-07 2.686315290686686749e-08 -3.765817939802818114e-07 -3.756868233851574890e-07 -7.868864479822030767e-08 1.718050600767697209e-08 -2.983319499482362067e-07 -1.249110194182794695e-07 -3.906845323441187985e-08
9.047836582182254839e-01 -2.770194832015122672e-07 -9.948551512944923541e-08 3.402859695337148518e-08 -2.284580108103995166e-07 -4.055590135745299077e-07 -6.507582181689538830e-08 1.395171358772024522e-08 -2.601792775766334174e-07 -1.673024943265771429e-07 -4.809370091633211144e-08 1.466048532796496424e-08 -5.988194917047544586e-08 -2.215429057891207026e-08 -5.645447677003780787e-08
9.089780964569278421e-01 -1.448252837043951887e-07 -1.109805194326867784e-07 1.943803223494151074e-08 -8.756060949747115530e-08 -6.221838795226674165e-08 -6.914983712641376276e-08 9.181363870572290178e-09 -3.079141069441115266e-07 -1.271106931551620402e-07 -4.845402292636486067e-08 7.866305455889873066e-09 -3.898221637397281042e-07 -5.053170484707089538e-08 -1.476357175164299711e-07
9.131704587403689510e-01 -2.911170457201512796e-07 -1.141903331328820216e-07 5.249212214747480572e-08 -2.351760901807987557e-08 -2.970742808826226913e-07 -7.355065467927396612e-08 2.875392149597193520e-08 4.743347519438389816e-08 -2.141898292195441398e-07 -4.311215722325567967e-08 5.901444989660616005e-09 1.628024770351379251e-08 -7.353230516032379648e-08 -2.178619234364656627e-08
9.173547920329833127e-01 -2.894839780285558625e-08 -7.762499465638484937e-08 1.508561770802845202e-08 9.382884245643543824e-08 1.101801517477949143e-07 -4.813679889245096437e-08 -3.975063810605111918e-09 5.487758562445767637e-08 2.313376616511159846e-08 -3.299200674319065571e-08 -2.818114851738848002e-09 4.415548371168493630e-08 -1.927880730052196969e-10 -8.101984866415357556e-09
9.215425617950214754e-01 -9.693712805975942266e-08 -2.255102834141045346e-08 -1.133425102527863924e-08 -6.554089353505133692e-08 -5.467560967619913091e-08 -2.481360053035247251e-08 2.980942519778231123e-09 -2.876622920511424455e-07 -1.373081006556640043e-07 -2.911382246103656698e-08 8.381125768611115738e-09 -1.829061956068781983e-07 -5.518453105978504147e-08 -5.142504729919562552e-08
9.257400405750663142e-01 -2.687996222971671928e-07 -4.894565707873962710e-08 6.130908840593396293e-10 -1.808912964149730247e-07 -3.353845872024444669e-07 -4.085411957984546130e-08 1.214249409892544025e-08 -3.135838171811361515e-07 -1.439107155865941876e-07 -1.594671610253697381e-08 1.210991267652651098e-08 -3.010977400548821470e-07 -3.628319001379813600e-08 -7.774362849875443828e-08
9.299303352268617484e-01 -7.363473462500440801e-08 -4.573285521118324047e-08 1.053797296031365046e-08 -1.554621749210630861e-07 -7.645116783443096090e-08 -2.753212149965831021e-08 7.878900073612121399e-09 -1.290455060029169806e-07 -2.647716778528230955e-08 -1.847209678519466412e-08 2.195208098349895163e-09 9.778794320677565177e-08 -6.558589986845968958e-09 -5.764528237368102705e-08
9.341108300097852313e-01 -1.916570525006296751e-07 -4.875870046170992744e-08 2.504567312752277201e-08 -1.464251497284570701e-07 -3.724449769798311597e-07 -1.381525075314319996e-08 1.214105820051176475e-08 -1.049488525762968798e-07 -1.758588821699836658e-07 -1.636867856477762644e-08 6.729719637759730048e-09 -1.495265311511380001e-07 -9.479582862029419366e-09 3.269561095210148012e-08
9.382896253999645220e-01 -5.463458975300779575e-09 -1.758689559881604354e-08 5.163913737985963191e-09 5.996699432739828660e-08 -1.216029437627636630e-08 -1.031987271998999398e-08 -2.929217296537387949e-09 1.623139153726240767e-08 -6.328490977594306151e-08 -3.056803122820730425e-09 -4.443802946711259760e-09 6.022338525447445541e-08 2.863655805145143149e-09 -6.645043852428476574e-09
9.424819561228944265e-01 -1.715560124295960741e-07 -4.209885948605660538e-08 -1.645919951149550706e-09 7.327145144071412067e-09 -4.650058119315037357e-07 -2.512396928417311558e-08 2.157702723690205309e-08 -1.419044704690510944e-07 -2.773839702049278305e-07 -1.426775668133517172e-08 7.145234210067485203e-09 -9.637169453818129508e-08 -9.654927519581430221e-08 4.707646046746606704e-08
9.466849863120379016e-01 -2.259474775286166805e-07 -4.604175805636891625e-08 6.937002738962076656e-09 3.331387986674120119e-08 -2.576372376901896619e-07 -1.484224901594350409e-08 -7.920364331634267965e-09 -1.837562823431534932e-07 -1.526508957587295221e-07 -8.071588333335564508e-09 -2.169933153578807253e-10 1.114118352786906569e-08 -3.944252223683895952e-08 -3.861313970383009399e-08
9.508714331057195324e-01 -6.809488847796067369e-08 -8.773065746208293894e-10 -1.066740453041182170e-08 -1.474816584063588686e-08 -9.103550933855052030e-08 -1.106752603915348226e-08 1.057811651205735145e-08 -1.476235798019568254e-07 -8.413578063971977637e-09 -1.862036737551094272e-08 2.325683562252936738e-09 2.490316951442841959e-08 2.682445574580805516e-08 2.217936809303593283e-08
9.550563230073290111e-01 -1.723404835391590746e-07 -2.645763888056472326e-08 1.646212446901029750e-08 -2.445370131263948276e-08 -1.313594969581756123e-07 -1.987319298103486017e-08 1.839615548147173961e-08 -2.560017623303615191e-08 -6.275745721966542255e-08 -9.013888247111707444e-09 8.029612012541677874e-09 1.345324382491716462e-08 -3.024974600497389127e-08 5.127649833695281360e-09
9.592513211539739348e-01 2.987417032460064231e-08 -3.658559980133032049e-08 2.694785603419747749e-08 3.040205406207289763e-08 -1.178502142356283352e-07 -1.082042840829352741e-08 1.466942502822193874e-08 -1.999745908459722873e-07 -2.066962899516950145e-07 4.844411701017287343e-09 -2.170792513341065958e-09 -4.955145885509686491e-08 -7.180420288825695933e-08 -2.386856289214281467e-08
9.634451052878124644e-01 2.251289526543719451e-09 -3.429564000453410292e-09 6.406470137214707627e-10 2.541274546792035751e-07 1.434661449997214508e-07 1.118053839582363565e-08 -5.062489939450593979e-10 4.237335078052791590e-07 1.023236041359260006e-07 1.737385607683555783e-09 1.301120745379289050e-09 2.125788034440745594e-07 1.653301098744216753e-08 3.392131375581620771e-08
9.676230540453005791e-01 -2.932257172187036973e-09 -4.935112782199514347e-08 4.732658392011482450e-08 1.733690001387932592e-08 -6.712503723099998062e-10 -7.863202596752622815e-10 3.369521976551638185e-09 -1.084837316618163000e-07 2.680738527601273020e-08 2.393545876680919306e-09 -7.446267949116185164e-09 3.346904720806521805e-08 2.376300763490039932e-08 -2.978440187059170887e-08
9.718094297475188270e-01 -1.267928766510552943e-07 2.101452143092076193e-08 3.989207591407199490e-10 8.005028004423934174e-08 -6.330489074586237391e-08 1.058846962347232461e-08 -1.233245663941161997e-08 3.182623325900099394e-07 -1.366668155499451434e-08 6.612729873176818383e-09 -1.074129420005879551e-08 8.275235730331657920e-08 -2.709076229818411970e-08 2.618922409523537425e-08
9.760091362076940280e-01 2.151911958550652849e-07 4.820786779171322174e-09 -2.490212218266806695e-10 1.389520043794378853e-07 1.667458777884296297e-07 -4.177025167455538038e-09 3.785900706466969727e-09 1.814438488695606599e-07 1.041551928480657222e-07 -4.478780259472966046e-09 1.547664802481885416e-09 1.029052773655002287e-07 -1.322257694154149623e-08 2.011012181760893339e-08
9.802075838006468755e-01 7.154498276249662122e-08 -2.067902103141506515e-08 -1.185701533704632745e-08 4.653698877515258444e-08 1.835101720418063124e-07 -8.796245167898834570e-10 3.487962955996956176e-09 2.083185947887926927e-07 4.000033408616295891e-08 -3.046279683540524278e-09 5.293120421371277507e-09 1.273955529777324215e-08 -2.416060979053554017e-08 -1.673728424087748332e-08
9.843901124947946890e-01 8.857804108473990637e-08 1.039221445546110039e-08 1.443836852321654441e-08 -4.708664538054624012e-08 4.528072878288741308e-08 9.378746790426000158e-10 5.512464185180283330e-09 -9.020357430503181897e-08 -2.072582176031007348e-08 2.484766416411728624e-09 -4.632443999899012635e-09 -5.724063954715952423e-08 -3.435191868219898162e-08 4.819524332634150927e-08
9.885650797815361823e-01 -1.176786390138663845e-07 -2.296127830700322934e-08 1.002669164036942352e-08 3.649819025348321347e-08 -1.368703589478705345e-07 -2.829247167975066341e-09 6.471168052286996710e-09 2.751268699530427474e-07 -8.214788532376012811e-08 -4.288627859023480909e-09 -2.622135415833701227e-10 1.052477724578084410e-07 4.431176853005479096e-09 6.446865262087192237e-08
9.927561705083151056e-01 6.174202706182403807e-08 -1.815511644653351205e-08 -2.238776138047080927e-09 2.993028246842285696e-07 1.851661998713933360e-07 -9.744150275405722771e-09 3.170370588504493460e-09 3.524887711843997514e-07 6.002663831521260018e-08 -4.074485452195561363e-09 6.501061477790562391e-09 3.023085995263692081e-07 -6.099653294495604101e-10 2.832558783887626055e-08
9.969400597939003239e-01 1.284865625275159237e-07 -3.134070010294310321e-08 8.929849766299179195e-09 6.630838567531065662e-08 2.031572066720321057e-07 2.722482707284640018e-09 -6.571391636480220613e-09 2.421990497923723523e-07 6.450842834773455519e-08 -1.068006381686480566e-08 1.579378063579067017e-09 5.731061360965505598e-08 8.026432164767822386e-09 1.221762245636099926e-08
1.001125867816581083e+00 -1.901068223996652558e-07 7.522155845197510469e-09 -1.509729187823877881e-08 -1.168287902929801328e-07 -4.843222378884152053e-08 5.555097858214387915e-09 -1.276868499918878453e-08 1.813425206617836029e-07 4.543135218555441035e-08 9.714063971628122187e-10 -2.851629699573702041e-09 1.553790040413882194e-07 3.112577164996728443e-08 -1.939904523766358640e-09
1.005315482813002204e+00 -8.664164381400239907e-08 -9.046510305525150536e-09 -3.878509786332012098e-09 2.897940692129164944e-07 1.196034972170060215e-07 8.238117152863036713e-09 -1.494803357264623288e-10 2.635542436139564662e-07 6.485751814890089724e-08 8.791830814928693555e-09 -8.973255289306520723e-09 1.457984903849875359e-07 -1.253772561795243621e-08 5.630020009641954258e-09
1.009503724426713545e+00 7.876555989982180778e-08 -2.055794100033228399e-08 -5.659156779112215436e-09 1.276009934375252670e-07 2.254344367832334716e-07 -1.600217886171416446e-09 7.661365997121347724e-09 4.487729922750379659e-08 1.558128754192509383e-07 7.516495435621272486e-09 -4.661629087406636619e-09 -2.784244925473449119e-08 3.359994293196255643e-08 -4.483920655422182482e-08
1.013699103815393299e+00 9.813220829073402212e-08 1.311896765958340884e-08 2.424810562227066378e-09 -7.690743912647450551e-08 -6.136356542551648028e-08 -7.504463084068681015e-09 5.712621097403525145e-09 -1.175597437418965933e-07 -6.143761677603584402e-08 -6.410899939141783571e-09 4.673181350583190252e-09 -1.111187887375788494e-07 -2.197077619815487203e-09 1.798848638546304507e-09
1.017885842421875964e+00 1.257428599869908029e-07 -9.244944495222656333e-09 1.079752463481304666e-08 -6.316598967857323254e-08 6.080476569567665842e-08 5.846440067960571339e-09 -6.124770385755914137e-09 1.333264331529245670e-08 6.420082270770375310e-08 1.110279537547247971e-08 7.956078689531928941e-09 -1.100681697647263100e-08 -1.425597753663706498e-08 -4.475016422466917591e-09
1.022076284359184406e+00 1.544404315379707686e-07 1.580834773022439128e-09 -2.218363250288342155e-08 1.563507255297305439e-07 2.402537771270147480e-07 1.548663113802250565e-09 -6.887725230421826342e-09 2.181266677221681095e-08 -8.401829276869887585e-09 -4.991521974735295953e-09 3.983763232522273471e-09 6.208928237138927018e-08 -3.508405380929879947e-08 -2.770063846461076157e-08
1.026273875264014812e+00 1.036911971362190959e-08 2.494612928765678148e-08 -2.240730041730928690e-08 1.102002347005811187e-07 5.755740463365243744e-08 -4.176533263486965702e-09 3.691868080855491819e-09 -6.255802647452017717e-08 -4.983101478819914632e-08 2.419725342302813544e-09 -4.291660232681058666e-09 -4.420346087773798081e-08 -4.016441831243643637e-08 -6.641688350128602697e-08
1.030463237552156075e+00 -1.611297512574132971e-07 -3.270227462200190129e-08 1.112235472790511747e-08 4.844427580696969691e-08 -1.741622986194746777e-07 -1.089465977081006511e-08 3.472607603636724922e-09 -1.359494512933187681e-08 -1.005996130432415613e-07 -9.608614327940383996e-09 4.242293150182291592e-09 -1.519276781467696394e-07 -2.494592757399306824e-08 -4.461902598892892772e-08
1.034646639530784062e+00 9.521071116628841159e-08 -1.244863355650649118e-08 1.165423003024970237e-08 -2.249995493884673569e-07 1.013658553320623786e-07 -1.060771504976781280e-08 -7.610876751976691417e-11 -3.604737857730560179e-07 -2.299387719538284775e-08 -4.881336251290499635e-10 -5.721039778385516508e-09 -2.599904046386322138e-07 -2.894749407491559050e-08 5.848347981101793481e-10
1.038830480088573260e+00 -1.049101183547143653e-07 9.877283875182952945e-09 2.983612926500970507e-10 1.676492800377019836e-08 -3.091153649680094047e-08 8.557942521690021785e-09 5.364299533313381906e-09 -1.245594088618858039e-08 -1.736342304162783509e-08 -5.163981404233778195e-09 7.442582747003291530e-10 -4.919962435881050158e-09 2.053622083257032294e-08 -7.562824893491248347e-09
1.043023229532383578e+00 -1.372466330568536225e-07 -7.701330248399002673e-09 -1.240411842902605170e-08 5.045658158926109005e-08 3.627416825852659691e-08 -3.914592516404016211e-09 -7.332906035395812003e-09 7.820412100622596236e-08 -3.465989522543763721e-08 -3.270371218649235985e-10 -1.114859821803713027e-08 3.185176859486451398e-08 4.259224952508085265e-09 -2.847353992742445321e-08
1.047211320931656031e+00 6.259417131217859459e-08 4.917171331662330096e-09 1.577059847023998424e-09 3.093261646593416951e-08 -7.339364403668900146e-08 -3.027051885057916526e-09 7.839806637470704988e-09 -7.474499117593456556e-09 -1.485981372700890141e-07 3.916824891250071936e-09 1.581819832126480444e-09 1.431694464716520917e-07 -4.090487624290702131e-08 -1.919216375090170544e-08
1.051395396220772938e+00 -2.603578444460550916e-08 -1.935617985216558532e-08 -8.706441800241785441e-09 -6.460405043124493133e-08 -5.751235070492224416e-08 -6.093632182813653582e-09 1.582759496693995777e-08 3.786745146304277050e-09 -4.087085148979126260e-09 -7.655417732385532679e-09 2.839163540575883140e-09 -3.952873542175634018e-08 5.912232225477436500e-09 1.427555818660669820e-08
1.055587561333155788e+00 -1.821079256452689823e-07 1.198494207765128138e-08 1.125283747922413078e-09 1.000761440026561714e-07 -2.925416942741768905e-07 5.690275060929192079e-10 6.981448946007519917e-09 -1.207029508230809429e-07 -2.219787246194188989e-07 7.899457393170047783e-09 -1.904819124502752136e-09 -8.071307608974557657e-08 -5.704076949792987002e-08 -7.023900847428328784e-08
1.059780855230085139e+00 2.852157098737342921e-07 3.737364048352786995e-08 -6.050122332865390894e-09 1.546721361274160566e-07 2.373965333271364507e-07 1.210298597827128690e-09 -6.958282805067942206e-09 -1.132726643543330030e-07 5.489906169093284542e-08 1.036053064392949622e-08 -8.995524471188871365e-09 -1.673278177160464214e-07 -1.376376017783325334e-08 -2.494474953976785004e-08
1.063968553353427993e+00 5.131076484574388178e-08 1.698784490128192300e-08 -4.036352843677538980e-08 3.114134509496739929e-07 9.251037718050931562e-08 -3.262377364721905400e-09 -1.187914454740397367e-08 6.667781395965475880e-08 -4.274092214764706774e-08 -4.557198171566712191e-09 3.676507597844733573e-09 -5.894529301155254358e-08 -3.403630313566414044e-08 -4.445890887451690163e-08
1.068144877931138659e+00 1.761648528433084991e-07 2.015191870960094933e-08 -1.305862380479358827e-08 1.157595246826632056e-07 2.329105617824005045e-07 -2.820789996720324551e-09 3.813099031282427338e-09 1.685597208165720662e-07 1.368911674739819571e-07 -3.116898031717160336e-09 6.531637753037308469e-09 8.745076591691171079e-08 3.842499889982108707e-08 2.135492101812835674e-09
