# Columns: ('k', 'S1', 'S2', 'S3', 'S4', 'S5', 'S6', 'S7', 'S8', 'S9', 'S10', 'S11', 'S12', 'S13', 'S14')
5.345493089407682419e-03 1.177631835937500000e+02 3.749862500000000000e+04 -5.207635633680555429e+02 1.619838595920138857e+02 1.757620849609375000e+02 1.582902604166666606e+04 -2.293408203125000000e+02 6.316360812717013573e+01 5.440608384874131787e+01 1.148054513888888869e+04 -1.263916151258680429e+02 -3.843392266167534377e+00 1.063805898030598884e+00 -5.550358666314019196e+00
9.344366739594166943e-03 -1.211388136340725765e+02 2.750084274193548481e+04 -2.069782006048386904e+02 5.855955849924394840e+01 -1.109028792842741922e+02 1.304754536290322540e+04 6.072681451612903203e+01 5.628632576234878826e+01 -9.960128291960685942e+00 9.061196572580645807e+03 7.842671843497983275e+01 3.573617849042338435e+01 1.159691792149697598e+01 1.474945068359375000e+01
1.312833575873958818e-02 7.469255420918366326e+02 4.310040816326530330e+04 -2.066267857142856883e+03 2.284907525510203925e+02 1.933381895727040671e+02 1.640128061224489647e+04 -5.714609773596938567e+02 -8.534222536670917236e+01 -8.263034119897957908e+01 9.832813775510203413e+03 -2.568408801020407850e+02 -1.470836356026785552e+02 -3.916535046635841866e+01 -4.434185168207908134e+01
1.700891779646987109e-02 -5.824687500000000284e+01 2.923723571428571813e+04 -1.395893303571428760e+03 5.539315476190476772e+01 -2.960296502976190709e+02 1.262829642857142971e+04 -6.160170758928571786e+02 -3.583299851190476488e+02 -2.914500000000000455e+02 8.082975000000000364e+03 -3.585196428571429124e+02 -3.270677083333333712e+02 -7.117245163690476772e+01 -7.568244977678571672e+01
2.135270783943789275e-02 -4.112706249999999955e+02 3.375362857142856956e+04 -2.276120714285714257e+03 -2.014958928571428487e+02 -8.658292857142856747e+02 1.461928857142857123e+04 -1.001093928571428592e+03 -8.972641071428571422e+02 -6.158253571428571149e+02 9.267601428571428187e+03 -6.373710714285714403e+02 -7.150751785714285234e+02 -1.666645089285714221e+02 -1.836298437499999920e+02
2.564347439342075027e-02 -1.420847309027777783e+02 3.168140888888888730e+04 -2.826046111111111259e+03 5.931930989583333513e+01 -4.448266666666666538e+02 1.333744333333333270e+04 -1.185778749999999945e+03 -6.179954166666666424e+02 -4.935085416666666447e+02 8.321626666666667006e+03 -6.591935416666666470e+02 -6.405277777777778283e+02 -1.487248611111111245e+02 -1.773422222222222331e+02
2.962205054058980949e-02 -2.417420836794019863e+02 3.337076411960132828e+04 -4.072606727574750948e+03 2.721218334717607945e+02 -1.002376245847176051e+03 1.373269767441860495e+04 -1.479707225913621187e+03 -6.909965739202657460e+02 -7.740463039867109956e+02 8.252960963455148885e+03 -7.074629360465116861e+02 -8.356826204318937243e+02 -2.102635226328903570e+02 -2.405288102159468622e+02
3.361537140302770649e-02 2.441286909448818960e+02 2.995024671916010630e+04 -4.875760498687664040e+03 4.159095718503937178e+02 -3.358532439304461832e+02 1.341676902887139113e+04 -2.164996391076115287e+03 -7.980999015748030843e+02 -7.562834645669290694e+02 8.160185039370078812e+03 -1.054792240813648277e+03 -1.168246883202099752e+03 -2.717935121391076336e+02 -3.479982365485564060e+02
3.793950633336700545e-02 3.143493323117338036e+02 2.699555516637478286e+04 -5.076686077057793227e+03 4.117894319176882618e+02 -4.641867338003502823e+02 1.155599474605954492e+04 -2.060500000000000000e+03 -7.553970008756567722e+02 -7.325537434325744925e+02 6.864479422066549887e+03 -9.986032180385288939e+02 -1.020559325744308239e+03 -2.323581436077057845e+02 -2.903792688266199775e+02
4.227894994616508695e-02 6.832680000000000291e+02 2.293978240000000005e+04 -5.207177599999999984e+03 7.418192500000000109e+02 2.677036500000000387e+02 9.724898400000000038e+03 -2.109920800000000327e+03 -1.050147375000000096e+02 -2.311325000000000216e+02 5.670695600000000013e+03 -1.018111400000000003e+03 -5.874470999999999776e+02 -1.153202625000000126e+02 -1.862620750000000100e+02
4.633325468672155889e-02 7.660015432098764450e+02 2.069781069958847729e+04 -5.307283607681755711e+03 9.729557613168723265e+02 2.556655092592592382e+02 7.887462277091905889e+03 -1.964615226337448348e+03 7.147654106652949224e+01 -2.408976980452674752e+02 4.120583676268861382e+03 -8.134739368998627924e+02 -4.821114540466392100e+02 -9.795391803840877287e+01 -1.443954796810699577e+02
5.038752484052157893e-02 4.924313671444322154e+02 1.999810363836824763e+04 -5.406713891951488222e+03 4.645113009922822584e+02 -4.951595920617419893e+02 8.255525909592060998e+03 -2.036863147739801661e+03 -7.497943081587651477e+02 -7.632667447629547723e+02 4.552929988974641674e+03 -8.582097574421169384e+02 -9.936399531422271139e+02 -2.175620865490628546e+02 -2.641444666482910861e+02
5.464179025701254577e-02 1.397640725436179991e+03 1.847895133149678441e+04 -5.975153810835628974e+03 1.040585973370064266e+03 9.357695133149678668e+02 7.625357208448117490e+03 -2.328424931129476590e+03 2.634473427456381955e+02 -4.236039370982553010e+00 4.061480257116620578e+03 -9.471352731864095631e+02 -3.928568640955004412e+02 -6.487114755509641384e+01 -1.247312327823691476e+02
5.886817576171304162e-02 1.250074559647718161e+03 1.721000160128102289e+04 -6.004437950360287687e+03 9.333064451561248234e+02 4.942757205764611399e+02 7.048433146517213572e+03 -2.336826461168935111e+03 -1.457004353482786030e+02 -3.803564851881504865e+02 3.631376301040832459e+03 -9.248976180944755470e+02 -7.822396917534026670e+02 -1.737758706965572344e+02 -2.409547888310648318e+02
6.290140616743733482e-02 2.161345919145690459e+03 1.557679786422578218e+04 -6.017495041952708561e+03 1.453487604881769812e+03 1.738136727688787232e+03 6.231803966437833878e+03 -2.320715102974828369e+03 9.341970823798627634e+02 3.425383056826850066e+02 3.076756102212052156e+03 -8.972185354691075645e+02 -6.525044693935926432e+01 -2.032157137919527301e+01 -8.079310283180778640e+01
6.703999982739437813e-02 1.704673307369682561e+03 1.629363091671659640e+04 -6.373536249251048503e+03 1.089675254643499102e+03 1.380513331336129340e+03 6.681695026962252996e+03 -2.484972887956860632e+03 4.214219218094667667e+02 2.657594367884960889e+02 3.394995206710605089e+03 -1.018107549430796894e+03 -2.588066581785500375e+02 -1.371807594367884908e+00 -8.703511646195326534e+01
7.134254604642074893e-02 1.765228640515851794e+03 1.419160666308436339e+04 -5.933650725416443493e+03 1.211719639978506166e+03 1.409732267598065619e+03 5.841623858140785160e+03 -2.330194519075766038e+03 5.134450564212788777e+02 1.904639978506179716e+02 2.859614991939817628e+03 -9.006667114454594412e+02 -3.343037345513164951e+02 -4.174849291375604565e+01 -1.331433537076840423e+02
7.561818311969153994e-02 1.766680695443645163e+03 1.310865035971223006e+04 -5.879431175059951784e+03 1.187674100719424587e+03 1.182479736211031195e+03 5.293978896882494155e+03 -2.259780575539568417e+03 3.909877697841726558e+02 9.418255395683454267e+00 2.530560911270983070e+03 -8.529357314148680871e+02 -4.855818645083933234e+02 -9.402420563549161159e+01 -1.847741007194244673e+02
7.973924982214039558e-02 2.382037402478200875e+03 1.209271041762276218e+04 -5.735909591555760016e+03 1.583602225791647470e+03 2.376002524093621105e+03 4.761406608536025487e+03 -2.141223497016980218e+03 1.296916704910509452e+03 7.980676916016522000e+02 2.181201009637448351e+03 -7.682366337769619804e+02 2.328441802432308521e+02 9.866664754474530241e+01 9.761752810922441626e+00
8.385356877962653332e-02 2.645771950735002065e+03 1.124438776321017031e+04 -5.648406833531982556e+03 1.568414382201033050e+03 2.416222487087803074e+03 4.456531187922129902e+03 -2.124730830353595593e+03 1.258971990464839109e+03 7.389401072705601337e+02 2.026862733412792977e+03 -7.709273937226856788e+02 1.826926152165275994e+02 7.081365464839093704e+01 -1.491715708184346489e+01
8.809929214337092196e-02 2.736746762338116696e+03 1.052112285614280700e+04 -5.485183059152957867e+03 1.703984949247462282e+03 2.619005600280013823e+03 4.172422121106054874e+03 -2.093163983199159702e+03 1.447116730836541819e+03 8.445704410220511136e+02 1.841508925446272315e+03 -7.447471998599929748e+02 2.890772226111305372e+02 1.014137206860342957e+02 1.721394272838641726e+01
9.230415729057904473e-02 2.911261785356068231e+03 9.358506185222333443e+03 -5.041938482113005193e+03 1.683043965229020387e+03 2.944227014376462648e+03 3.736110999665663257e+03 -1.946528418589100511e+03 1.675929789368104139e+03 1.139400702106318931e+03 1.642378970244065385e+03 -6.913831494483449660e+02 5.478161150117017542e+02 1.834008483784687371e+02 9.272422475760615157e+01
9.643309047658384092e-02 2.730595577097848945e+03 8.655827930930021466e+03 -4.800162980914874424e+03 1.498368373220236208e+03 2.602220236292032496e+03 3.427767343229324524e+03 -1.831551196607088741e+03 1.378109057861254087e+03 9.062903665555892303e+02 1.472563314147228084e+03 -6.353085428657982447e+02 3.430995910330203174e+02 1.210179017721902426e+02 3.635300855801272490e+01
1.005689403076158450e-01 2.969981486676017084e+03 8.073229733520336595e+03 -4.633816269284712689e+03 1.755523983169705616e+03 3.174630575035063430e+03 3.214377840112202193e+03 -1.771698036465638324e+03 1.901809817671809242e+03 1.292773071528751871e+03 1.373633520336605898e+03 -6.168197755960729864e+02 7.158761570827489322e+02 2.107728611500701277e+02 1.246469495091164106e+02
1.047818677762802908e-01 2.627302962409758493e+03 7.343790888722927775e+03 -4.339656460044809137e+03 1.426420836445108307e+03 2.458216330594971168e+03 2.884656708986806279e+03 -1.649718944485934799e+03 1.352001742593975678e+03 8.439371421458799887e+02 1.197226661687826663e+03 -5.646690938511326294e+02 3.818051095344784471e+02 1.184241271471247217e+02 5.229475510331092636e+01
1.090277847809041356e-01 2.969622821287473926e+03 6.960647920055775103e+03 -4.198623286079479840e+03 1.741854868696258336e+03 3.225500580990007165e+03 2.759844294678131519e+03 -1.611618405763420924e+03 2.021887287938647432e+03 1.379103300023239626e+03 1.147952358819428355e+03 -5.531562863118754194e+02 8.145820357889843990e+02 2.303679990704159763e+02 1.428204595630955112e+02
1.132170039508717807e-01 2.787758217515993692e+03 6.450295609971321028e+03 -3.902008382969335798e+03 1.611423119347010697e+03 3.071806971100816099e+03 2.559670637546878424e+03 -1.493922788440326485e+03 1.860878667549084412e+03 1.276131700860357341e+03 1.062415067284359111e+03 -5.165067284359143969e+02 7.504901831016986762e+02 2.065338352084712028e+02 1.288971431722920613e+02
1.174008294871188018e-01 2.994256976510740969e+03 6.344104396707488377e+03 -4.022554908652880840e+03 1.690261794820317164e+03 3.184726159405741782e+03 2.487464364585424846e+03 -1.533747841798835680e+03 2.006905039148765354e+03 1.347272636016863999e+03 9.885997791608110674e+02 -5.055454727966271662e+02 8.744263200160610268e+02 2.410125727765509112e+02 1.761330556113230443e+02
1.215998224695146873e-01 2.928857251184834240e+03 5.817134028436018525e+03 -3.665146919431279457e+03 1.651849099526066311e+03 3.285547677725118319e+03 2.314277345971564046e+03 -1.415026350710900488e+03 2.057272606635071043e+03 1.474979241706161019e+03 9.328460663507108848e+02 -4.756944075829383678e+02 9.341289099526065911e+02 2.646528909952606341e+02 1.843584715639810270e+02
1.257670529567683493e-01 2.818845715303759334e+03 5.355804738998753237e+03 -3.453489399608052736e+03 1.543664885088188157e+03 3.044099412079101967e+03 2.075528059861037036e+03 -1.308747817566363892e+03 1.838875111348654855e+03 1.287131658649563633e+03 8.012757883484767945e+02 -4.269662836272937625e+02 7.713276322822019893e+02 2.133945082843399348e+02 1.368892526278282560e+02
1.299386816717305049e-01 2.964381689445084703e+03 5.154825621603820764e+03 -3.386348756792359836e+03 1.669260003293265299e+03 3.391815247818211901e+03 2.027636423513914224e+03 -1.291161040671826186e+03 2.190444590811790022e+03 1.570911575827432898e+03 7.995694878972501556e+02 -4.248647291289313443e+02 1.064607936769306889e+03 2.921273876173225972e+02 2.184699077885723852e+02
1.340949335765710126e-01 2.784089481199428974e+03 4.758720926542916459e+03 -3.134742820878946986e+03 1.573327780422021306e+03 3.200739330477550538e+03 1.857763287323496797e+03 -1.190760907504363104e+03 2.073994605743297143e+03 1.501599873076313088e+03 7.197032365540219416e+02 -3.855848008884658498e+02 1.035785816277963022e+03 2.896413612565445419e+02 2.236738457877201540e+02
1.382635144665005922e-01 2.493693087958266915e+03 4.441000724532676941e+03 -2.951701782350384292e+03 1.294441385306477287e+03 2.593229676858426501e+03 1.713059991305608037e+03 -1.115750833212577845e+03 1.544998985654253147e+03 1.078039849297203318e+03 6.475479640631792790e+02 -3.587637661208520399e+02 6.565536878713230635e+02 1.823270359368207494e+02 1.236235509346471559e+02
1.424925284902303357e-01 2.543911617188558921e+03 4.156008946726311478e+03 -2.790385522570150442e+03 1.334727531516876752e+03 2.712483123220821199e+03 1.620276806289819660e+03 -1.065708689169038735e+03 1.653633048664768694e+03 1.151066422665039909e+03 6.084987799918665132e+02 -3.385463264199538571e+02 7.312999864443539764e+02 1.964952385793683050e+02 1.399467178392300184e+02
1.466886314558672189e-01 2.611514018691588717e+03 3.913717783335526747e+03 -2.660191128076872246e+03 1.425476372252204783e+03 2.915106489403711748e+03 1.546423324996709198e+03 -1.025203698828484903e+03 1.859690930630511957e+03 1.305405423193365777e+03 5.781975121758588330e+02 -3.238248650783203857e+02 8.752618796893509625e+02 2.351104712386468236e+02 1.740554659734105485e+02
1.508619291163366127e-01 2.571843685426036245e+03 3.649168591224018655e+03 -2.547688829463960246e+03 1.371548073416798388e+03 2.860586361978850164e+03 1.431956484745350735e+03 -9.768906041084235312e+02 1.800064300474048878e+03 1.282899234228759042e+03 5.256701713868968682e+02 -3.049914002674121889e+02 8.659800656375349490e+02 2.336534277379360560e+02 1.775682660751185153e+02
1.550655720814744509e-01 2.582077416346041446e+03 3.458811472542846786e+03 -2.388145505421475718e+03 1.419865220939722349e+03 3.061835840037309026e+03 1.369812871633438135e+03 -9.160403404453771827e+02 2.071874315028564524e+03 1.530273289028797763e+03 5.231576308732657026e+02 -2.921878862072985612e+02 1.131748280284481780e+03 3.082079106913839155e+02 2.506870992188410696e+02
1.592593054631499527e-01 2.485193912186576199e+03 3.194107084200153167e+03 -2.217909339756925419e+03 1.323700208036789718e+03 2.871597284572429544e+03 1.262859082448264644e+03 -8.536350596737107708e+02 1.866231468301762789e+03 1.377370195992554500e+03 4.766111901894229845e+02 -2.704291306252052891e+02 9.854283368006131241e+02 2.683663637359027803e+02 2.152344930471915063e+02
1.634144798183441161e-01 2.298172799999999825e+03 2.889462186666666639e+03 -2.031672746666666626e+03 1.224636373333333268e+03 2.646343466666666700e+03 1.129379200000000083e+03 -7.733683200000000397e+02 1.725112853333333305e+03 1.260958506666666608e+03 4.108451733333333209e+02 -2.355073600000000056e+02 8.987863466666666454e+02 2.412470399999999984e+02 1.913810400000000129e+02
1.675823816150099899e-01 2.149434219630325060e+03 2.576693683898388826e+03 -1.806742907976672768e+03 1.127248986853810493e+03 2.473689631313630343e+03 1.007654838390827308e+03 -6.886111989720272959e+02 1.629937333201541833e+03 1.208826430760106632e+03 3.756139171691212937e+02 -2.176141642779479923e+02 8.774984679252742126e+02 2.376516506869625402e+02 1.899560393397252085e+02
1.718045808093531246e-01 2.143847272727272866e+03 2.483203543123543113e+03 -1.748553100233100167e+03 1.122268251748251714e+03 2.499694918414918448e+03 9.795494638694639207e+02 -6.717327738927739347e+02 1.616970442890442882e+03 1.205723449883449803e+03 3.628210722610722883e+02 -2.116308391608391730e+02 8.567716550116549570e+02 2.311516783216783324e+02 1.814113053613053523e+02
1.760135070798979073e-01 2.123626081413350221e+03 2.412849831527183142e+03 -1.707348875330115789e+03 1.135412439668518346e+03 2.480490665695291682e+03 9.559287860850560037e+02 -6.589491394226390639e+02 1.653752117293506899e+03 1.200418176850924283e+03 3.529149212275748937e+02 -2.050735133412257483e+02 8.850385210818686801e+02 2.315530689372552615e+02 1.890181335943903207e+02
1.801930856696074279e-01 1.891595771886454713e+03 2.131492967351462084e+03 -1.501859517517688346e+03 1.017296479413519819e+03 2.254121728752877061e+03 8.441270138948086696e+02 -5.781752621259910256e+02 1.488504986787145299e+03 1.115565680675134217e+03 3.131822308413605356e+02 -1.801136518625863232e+02 8.056494757480180624e+02 2.190589037592703221e+02 1.746127461426988532e+02
1.843742315857553882e-01 1.830896264869811148e+03 1.984108144081191313e+03 -1.406960153065468830e+03 9.253523001414191640e+02 2.064473005573579485e+03 7.679965893020547583e+02 -5.305434240079860047e+02 1.318783628649862749e+03 9.740069877714000768e+02 2.744465934614424896e+02 -1.596118251393394871e+02 6.931924132767657056e+02 1.849580317777223115e+02 1.471434780800266253e+02
1.885797910080431738e-01 1.732739381792954646e+03 1.856910506436444848e+03 -1.316639944500115689e+03 9.058705773529637781e+02 2.022808448315732676e+03 7.312769598396670290e+02 -5.042420026208278614e+02 1.336572265474446795e+03 9.865971633392430249e+02 2.699715563092576645e+02 -1.558942418869960704e+02 7.283770137978879120e+02 1.925200801664996391e+02 1.579024801510830116e+02
1.927656394953895236e-01 1.607090895168083534e+03 1.695035760778007671e+03 -1.209011256604640494e+03 8.371533042346275124e+02 1.882281491691553811e+03 6.613932154069990474e+02 -4.588766750899762883e+02 1.261478673711616693e+03 9.427547285397045016e+02 2.396984072287311562e+02 -1.385372922888429628e+02 7.125591546060188648e+02 1.913129833831074507e+02 1.608000229726625321e+02
1.969014248243030341e-01 1.412701228822802250e+03 1.540574710972151479e+03 -1.104244310332290979e+03 7.187828110230494758e+02 1.623212680869628457e+03 6.068178942776121403e+02 -4.237372573256743635e+02 1.039334690612957047e+03 7.822453282920089350e+02 2.187307860103250050e+02 -1.268493783174580045e+02 5.547588162582709401e+02 1.511080945975423617e+02 1.200584236166654506e+02
2.010715633173454087e-01 1.469301451868162303e+03 1.453840225693249977e+03 -1.027224385880410182e+03 7.637412096607720287e+02 1.722342255556320197e+03 5.674112709007088142e+02 -3.892437211862657591e+02 1.140472029174981117e+03 8.454355604486341917e+02 2.083314009495630614e+02 -1.197329783939998720e+02 6.255293470033716403e+02 1.637399711002545928e+02 1.340253732883781765e+02
2.052920281681521186e-01 1.301786798029556621e+03 1.328111133004926160e+03 -9.564928735632183816e+02 6.563884400656814933e+02 1.481118555008210251e+03 5.143781609195402780e+02 -3.618489326765188707e+02 9.406220032840722070e+02 6.927732019704433242e+02 1.784656650246305389e+02 -1.051433251231527066e+02 4.926664039408867097e+02 1.298437274220032691e+02 1.036788669950738893e+02
2.095172134954577381e-01 1.267733098103459042e+03 1.218581185810597844e+03 -8.664778526872912607e+02 6.431825341818411061e+02 1.492669397013420621e+03 4.765812488185999314e+02 -3.295915191229286165e+02 9.751545586289458925e+02 7.460870140507844326e+02 1.725002992880095576e+02 -9.826862674059604785e+01 5.492800705689622873e+02 1.493317843866171017e+02 1.222505513200176352e+02
2.136973926115405542e-01 1.152205395348837328e+03 1.090490666666666584e+03 -7.833386046511627683e+02 5.772433488372092825e+02 1.323203968992248065e+03 4.169445581395348768e+02 -2.929586666666666588e+02 8.747980155038759449e+02 6.561988217054263259e+02 1.468592558139534958e+02 -8.565475193798449993e+01 4.933620465116279092e+02 1.317016744186046537e+02 1.100098139534883757e+02
2.178750580088065492e-01 1.036430832116788451e+03 9.734660437956205215e+02 -6.994958832116789154e+02 4.854136058394160500e+02 1.117974656934306722e+03 3.655516204379562168e+02 -2.601744817518248283e+02 6.821553284671533675e+02 5.057740145985401909e+02 1.213106934306569400e+02 -7.282108029197080157e+01 3.477040000000000077e+02 9.138989781021898295e+01 7.099838686131387533e+01
2.220823861956562617e-01 1.004403565183054070e+03 9.106853387488013141e+02 -6.409428555311106948e+02 4.975606701641563632e+02 1.151272522141366380e+03 3.513528515823320504e+02 -2.412727759914255046e+02 7.573587183392564839e+02 5.714161448637671583e+02 1.253002623117278773e+02 -6.994794663507643406e+01 4.304436452868505967e+02 1.153557426524510703e+02 9.733039290348057193e+01
2.262696194198526023e-01 9.548013394082450986e+02 8.466562002525114394e+02 -6.035390020310699128e+02 4.604907503979799230e+02 1.082161717077455023e+03 3.259385738595817088e+02 -2.280197068672119372e+02 6.833324916286984489e+02 5.181757149914914180e+02 1.137551874622605226e+02 -6.621956139869352853e+01 3.685132568479991164e+02 9.768009277048911088e+01 7.747682110116923582e+01
2.304259489101245229e-01 9.115013003556074409e+02 7.834165914760362739e+02 -5.484511968579162158e+02 4.572951541850220565e+02 1.077417334536383350e+03 3.092768961307786526e+02 -2.089752003609150393e+02 7.101110875218937508e+02 5.460760044583620356e+02 1.157264211029138608e+02 -6.334476673212674314e+01 4.086110875218937508e+02 1.101420704845814953e+02 9.130352688286184559e+01
2.345870463846415066e-01 7.822742403420369328e+02 6.765640046826487151e+02 -4.763446327683615777e+02 3.769411106021275373e+02 8.843354201659286673e+02 2.597361174734056135e+02 -1.800537104901511611e+02 5.699849340866289822e+02 4.306746068102000322e+02 9.275242403420369897e+01 -5.389284623606657476e+01 3.175463684023006294e+02 8.382245380974194404e+01 6.880471573268184216e+01
2.388019837064606632e-01 7.462042195722493716e+02 6.298807512190412581e+02 -4.430541206005890444e+02 3.661232800656592872e+02 8.741371119586733585e+02 2.452822382078887813e+02 -1.685290638729300667e+02 5.649385410128904823e+02 4.363999420653696006e+02 8.757583401728383876e+01 -4.944502848452663102e+01 3.213238063052189659e+02 8.675672283107228111e+01 7.132635904987206743e+01
2.430077036534963875e-01 6.606553986592497267e+02 5.634788665430513674e+02 -3.988937384110683411e+02 3.006387581419674007e+02 7.205266961441544709e+02 2.106474349831217694e+02 -1.465998193315266462e+02 4.373882945847002475e+02 3.332516997099795617e+02 7.032204155374887478e+01 -4.015932403841582499e+01 2.329786050492083973e+02 6.177294014168212044e+01 4.914058562734749813e+01
2.471758823520590620e-01 6.054488848011037589e+02 5.108545412738560572e+02 -3.585300068981375148e+02 2.790845711657852348e+02 6.685120257530467143e+02 1.923664175672568604e+02 -1.325052080938146730e+02 4.126544952862727200e+02 3.145995861117498293e+02 6.619547022303977712e+01 -3.757463784778109783e+01 2.248614394113589299e+02 5.972828236376178523e+01 4.836806737180961591e+01
2.513692271335918882e-01 5.287162049800883779e+02 4.506458360684434297e+02 -3.200888144938952564e+02 2.360918121745219196e+02 5.562269047306464245e+02 1.644733053258063080e+02 -1.165406109141831905e+02 3.382692661152685218e+02 2.519036366023368885e+02 5.245222856767756525e+01 -3.076503763511443879e+01 1.771406284188875873e+02 4.606694455384884890e+01 3.715455012909719557e+01
2.555723892733414715e-01 4.926951151520350436e+02 4.129353261568812741e+02 -2.966098125830939125e+02 2.218350988549127294e+02 5.305680404854826975e+02 1.532316764592357572e+02 -1.093187802890594895e+02 3.211746150877042965e+02 2.398237123129047745e+02 4.930752240854312873e+01 -2.974607046361024487e+01 1.682768902517476590e+02 4.325884011665309004e+01 3.465557318694514777e+01
2.597674079539822323e-01 4.758281912921695493e+02 3.878663343905754459e+02 -2.730390904971783925e+02 2.222077068830580515e+02 5.289464101824772797e+02 1.463274910409029133e+02 -1.011941240680479552e+02 3.361287638505581299e+02 2.555740824648844693e+02 5.120615706223998131e+01 -2.938919038596202071e+01 1.872387444906701717e+02 4.952360258681056138e+01 4.039056771841661231e+01
2.639178238801485610e-01 4.202462860650705920e+02 3.404441579701248202e+02 -2.391656844689993591e+02 1.890476775117658974e+02 4.544354818907305003e+02 1.259389502762430908e+02 -8.745635359116020879e+01 2.741387763454061428e+02 2.077630243503171528e+02 4.111587374667485051e+01 -2.358780949457744924e+01 1.449035195416410886e+02 3.799006292203805657e+01 3.028236136689175240e+01
2.680749044740857179e-01 3.700532257438801480e+02 2.996393878263568240e+02 -2.132048725608100028e+02 1.576580963649765295e+02 3.788212747798424402e+02 1.079523024401598263e+02 -7.721333941110292187e+01 2.238998331846219401e+02 1.678238545990611783e+02 3.447197841098653726e+01 -2.074278668968459982e+01 1.164301121154517489e+02 3.025101107576521287e+01 2.418563060092330019e+01
2.723023151079725368e-01 3.596987982991310560e+02 2.804009613606951348e+02 -1.983392493991495655e+02 1.649819190238491444e+02 4.036556110186725732e+02 1.051040303198373067e+02 -7.350510260676649921e+01 2.560187095581438257e+02 1.983812904418561800e+02 3.630645683120724954e+01 -2.098801072286929070e+01 1.460094472176002967e+02 3.877021168422998443e+01 3.202932150120170007e+01
2.765128983200950685e-01 3.120631513053724575e+02 2.474914386714290799e+02 -1.729255256471627717e+02 1.359984994660676705e+02 3.311883860514784033e+02 9.042211952719371482e+01 -6.251468313878557836e+01 2.022682549618882604e+02 1.553145045476304347e+02 3.042124498287734014e+01 -1.721528174135582034e+01 1.113004289870014958e+02 2.968968405935854094e+01 2.405120687115660516e+01
2.807027537381580062e-01 2.710947988051308926e+02 2.108899314707432779e+02 -1.487041468986118389e+02 1.109331136882797466e+02 2.680131084167984454e+02 7.369223774380600389e+01 -5.283402741170269223e+01 1.577287998594271698e+02 1.178971885433140017e+02 2.279833948339483385e+01 -1.376240335617641897e+01 8.206461078896502670e+01 2.123456773853452972e+01 1.695079291864347226e+01
2.848857026249724811e-01 2.539643366619115454e+02 1.945760237987543917e+02 -1.362351605720051566e+02 1.057951706621203130e+02 2.601859364670679611e+02 6.932738074527678407e+01 -4.827704324832121330e+01 1.536657736334852586e+02 1.178945582965102119e+02 2.213084530809644690e+01 -1.249245198496920750e+01 8.356629901534392957e+01 2.234984864827250206e+01 1.835844916669566018e+01
2.890807262117984777e-01 2.212115264078118173e+02 1.703522581070827471e+02 -1.213451571932833986e+02 8.811269917197240886e+01 2.157875169069376113e+02 5.896757579256424009e+01 -4.283333470788110731e+01 1.199433741299112484e+02 9.033336357338434652e+01 1.710553331079074724e+01 -1.056292576617292767e+01 5.921221917988981431e+01 1.543500622670141453e+01 1.187294848744762810e+01
2.932785946948970324e-01 1.954971734797242107e+02 1.507191125053099370e+02 -1.076885517759696853e+02 8.092334084893639101e+01 2.011686109204979971e+02 5.357248472371990289e+01 -3.845083815312224829e+01 1.158673659445152566e+02 8.891162631114596593e+01 1.607436260333954436e+01 -9.637919485017809151e+00 6.085284939385027769e+01 1.614673193804529205e+01 1.289119837107473288e+01
2.974321087309398370e-01 1.762413137286239362e+02 1.344291513504874445e+02 -9.626766821160300935e+01 7.136804379095413253e+01 1.712741729263225352e+02 4.624008310692025248e+01 -3.435023174045069538e+01 9.952199136966598303e+01 7.180943743007831870e+01 1.351665734377497330e+01 -9.198489691545470137e+00 5.005950135847850646e+01 1.212114831388844571e+01 9.790346811571041030e+00
3.016123743882810904e-01 1.640208580556823392e+02 1.235286703179674532e+02 -8.689761144074243759e+01 6.285033470257112498e+01 1.530679902631979417e+02 4.148983340940210240e+01 -3.066572721740453389e+01 8.240686140270804572e+01 5.969548531872813157e+01 1.109492431157766745e+01 -7.545596569298646195e+00 3.772881484862315915e+01 9.118700555301993305e+00 6.786049939144986887e+00
3.058101292111336522e-01 1.324111957532315671e+02 1.012419923222265510e+02 -7.154444711033799820e+01 4.560977191614431803e+01 1.135372192064301373e+02 3.232722010616921438e+01 -2.381919930720091116e+01 5.833967399454158453e+01 4.272959466754641511e+01 8.470336727349069506e+00 -5.326290375791020715e+00 2.717498238010976763e+01 6.809101610532945159e+00 5.251408653990343289e+00
3.100168993294901143e-01 1.111710450802031716e+02 8.631940658268530342e+01 -6.375297712990330012e+01 3.802016198456196605e+01 9.523636259290080375e+01 2.757794699991391596e+01 -2.158767468220035113e+01 4.640776277655026405e+01 3.347512841114522786e+01 6.285886969496973009e+00 -4.670505251226720667e+00 1.941532038222043610e+01 4.623993873568825741e+00 3.324040413641711655e+00
3.142092030053749707e-01 8.576394482049524015e+01 6.889486048039299249e+01 -5.211764558878131481e+01 1.998420586639248242e+01 5.164805215205780797e+01 1.846214798789021216e+01 -1.629892111501442287e+01 8.225225273469854770e+00 2.226221332076657511e+00 1.150374503755747790e+00 -2.463342633450432917e+00 -9.346780124525176703e+00 -3.547433721046468591e+00 -4.249215023705480654e+00
3.183867557675504334e-01 8.517035300910015394e+01 6.581686278283342517e+01 -5.023401973991697389e+01 2.464466087482473355e+01 5.804066890275754531e+01 1.849479009155142606e+01 -1.671155974211640682e+01 1.865038971214912422e+01 7.859624584169576877e+00 1.781226802848266733e+00 -3.387835112927171544e+00 -2.701518812030902161e+00 -2.467073361421933786e+00 -3.166003113573255145e+00
3.225872781332082551e-01 7.693951408356694799e+01 5.951892938192497695e+01 -4.456339273795221345e+01 2.412361667334134196e+01 6.101549859831798273e+01 1.802704912561740969e+01 -1.484417467627820031e+01 2.610132325457215430e+01 1.751197103190495241e+01 3.198996295554665803e+00 -2.987195676478441086e+00 7.550849352556401328e+00 1.229905782772660494e+00 3.758517512681884831e-01
3.267666109043823597e-01 6.483601859433190384e+01 5.132465795937772413e+01 -3.862531034573836308e+01 1.871557803544544640e+01 4.611092549061039136e+01 1.488792887139800847e+01 -1.262678944032117556e+01 1.756535253955257403e+01 1.074191615382583720e+01 2.310364928620480374e+00 -2.372698406671773341e+00 3.706847910778901856e+00 3.819518270779958535e-01 3.509620305195319812e-02
3.309328770241455886e-01 5.940218556227512892e+01 4.520561254433642517e+01 -3.384347648574855327e+01 1.713997709816530346e+01 4.258634757202276688e+01 1.302630282094465386e+01 -1.107850417208910798e+01 1.642777947893541679e+01 9.797468677434995499e+00 1.957503221567276741e+00 -2.151319965423970970e+00 3.219850037638112727e+00 1.611723095926152760e-01 -2.295232618687642057e-01
3.351106074107195187e-01 4.569065350493564637e+01 3.614330875921529440e+01 -2.798623016368861727e+01 8.915191178308134567e+00 2.292217605897788246e+01 8.793429807572159973e+00 -8.494914407097338582e+00 5.545537610895914238e-01 -2.682150443583656063e+00 -2.240150178058228081e-01 -1.117814608584280833e+00 -8.021988629264026116e+00 -2.923654215606647622e+00 -3.143256435086842160e+00
3.393095620710060434e-01 3.600616690308465451e+01 2.931015735820931667e+01 -2.393850677998701926e+01 5.939146911739956458e+00 1.361412377082682212e+01 6.510823636188781904e+00 -7.309939472988243203e+00 -3.577103569110187120e+00 -6.767153577525064634e+00 -8.447464492222249710e-01 -9.919083815185247843e-01 -9.923412593465247511e+00 -3.586583454547640493e+00 -3.456613417522179432e+00
3.435164896197421824e-01 3.272863369002905642e+01 2.636121052134268439e+01 -2.116658546523988349e+01 2.804085686698320146e+00 7.788620874967518759e+00 5.125214814683579867e+00 -6.062640626107291375e+00 -9.701282096709421765e+00 -1.069452244702714161e+01 -1.570652992346396326e+00 -4.193598780797486159e-01 -1.429360073701367639e+01 -4.592662269978503353e+00 -4.570528237427065932e+00
3.477107812306902690e-01 2.509858052365216352e+01 2.090033046010214335e+01 -1.710855932105469890e+01 1.696065712164629202e+00 5.351858404778961464e+00 4.019394671619716419e+00 -4.784775942851200448e+00 -6.346872616874263962e+00 -6.898431181106001731e+00 -9.569475697894761490e-01 -3.554202524885610170e-01 -8.570045842673261305e+00 -2.714837701915744361e+00 -2.533832802786957217e+00
3.518857617074659383e-01 2.111438548119908276e+01 1.785672101572605186e+01 -1.592244905484829864e+01 1.275468320965801983e+00 2.834497753420927246e+00 3.050492361063834590e+00 -4.569627640865046025e+00 -8.399291136224384502e+00 -9.516165724918872471e+00 -1.697629461955658225e+00 -2.840149215257448678e-01 -1.171106426010393164e+01 -3.883536007670138623e+00 -3.778162017496085046e+00
3.560773577310688554e-01 1.973942515676549547e+01 1.603972257423146530e+01 -1.371164570997836840e+01 1.572837236994472088e+00 3.986618262360986265e+00 2.877746810067949745e+00 -3.890436553671698938e+00 -6.034151117568659295e+00 -6.979999426467696111e+00 -1.223824822068430462e+00 -2.197522733045292609e-01 -8.640600761432409627e+00 -2.862402089842469799e+00 -2.713902798564530539e+00
3.602869550449780967e-01 1.418364416242564729e+01 1.276306931649809862e+01 -1.185129055809658638e+01 -1.235771113831089174e+00 -3.271009818763555010e+00 1.529267726384504700e+00 -3.225900008589404955e+00 -1.084988404303291887e+01 -1.110591004745646160e+01 -1.856295899632802726e+00 -1.437207087869612696e-02 -1.189812965706800618e+01 -3.827730424209237814e+00 -3.546377753977967728e+00
3.644651285618699665e-01 6.787418102627067462e+00 7.999036151273313244e+00 -8.688342127267723924e+00 -4.832144785029319323e+00 -1.237039575350875431e+01 -4.454787093291560085e-01 -1.915618913927051858e+00 -1.660789813501556011e+01 -1.554545238044835997e+01 -2.536776253466415554e+00 3.692413842376003341e-01 -1.499087485975571177e+01 -4.595081659222253201e+00 -4.139139865894706283e+00
3.686396944457170921e-01 6.260109330345210665e+00 7.068900734009088360e+00 -7.965126858153258382e+00 -5.149244016900714094e+00 -1.371162001151386889e+01 -8.640586127845056863e-01 -1.767975801601661345e+00 -1.801679277093570875e+01 -1.724492284680387399e+01 -2.804844113020951379e+00 3.229881933057651699e-01 -1.656909605855624434e+01 -5.191264173879968524e+00 -4.668706437485864669e+00
3.728293470315630076e-01 2.952051986157087082e+00 4.672548650817534899e+00 -6.154582957167218815e+00 -6.233545240244759533e+00 -1.610913958270639057e+01 -1.507547929832480760e+00 -1.132980991072324306e+00 -1.841016902397432276e+01 -1.704763516902397669e+01 -2.766723405055672824e+00 4.953646930484502109e-01 -1.581852367338750298e+01 -4.831187305647508090e+00 -4.292625263316280915e+00
3.770363921861874523e-01 7.552118871235014019e-01 3.202687274588166488e+00 -5.310605322156155772e+00 -6.432731625889463345e+00 -1.679750828540793606e+01 -1.829833256165318334e+00 -9.127674480943562818e-01 -1.825374671020567519e+01 -1.691671337362316052e+01 -2.818166366117555555e+00 5.196774630811969997e-01 -1.569450116970465103e+01 -4.812270323618286660e+00 -4.333300333853202346e+00
3.812363453093803867e-01 -2.175990170569528814e+00 1.271773814686325554e+00 -3.895571335646140554e+00 -7.996709068131444553e+00 -2.066748337669847047e+01 -2.642374361568854191e+00 -3.239669160161896544e-01 -2.127572757058880271e+01 -1.925021682567216175e+01 -3.175607714175580742e+00 7.423472583598342833e-01 -1.759985304037775933e+01 -5.300758889852558831e+00 -4.711356244579358865e+00
3.854150971210312249e-01 -1.258852295808022825e+00 1.430364388411411669e+00 -3.486562729204671474e+00 -6.884892826246402642e+00 -1.753466397419742862e+01 -2.210457198672258539e+00 -2.870293370225490137e-01 -1.805511725875914308e+01 -1.626335734301243008e+01 -2.662423833524532935e+00 6.285313681285614740e-01 -1.475616619336881463e+01 -4.430805754330204849e+00 -3.906729566697384026e+00
3.896036578152083374e-01 -3.678280982256370457e+00 -2.712395551194884957e-01 -2.362485720339763784e+00 -7.539464835185082592e+00 -1.896994822471578601e+01 -2.651981648333425312e+00 7.029076382363237674e-02 -1.894266255780959085e+01 -1.677700007370147262e+01 -2.810514090800213527e+00 7.527147908490409156e-01 -1.517420955171079378e+01 -4.505605918228216211e+00 -3.973290989534390860e+00
3.937795161075864914e-01 -2.642604830843704011e+00 1.798263562758521117e-01 -2.527935794212741172e+00 -6.018906467315716213e+00 -1.589309534346043407e+01 -2.117855110814081510e+00 -2.229835641583729211e-01 -1.542949487925148588e+01 -1.418617804309737451e+01 -2.323858132913678709e+00 4.685219596120152596e-01 -1.254114435633907121e+01 -3.834786432274262413e+00 -3.330488378971515395e+00
3.979440095093054186e-01 -4.239351206798312788e+00 -8.149545781325119309e-01 -1.886944315227649271e+00 -6.508919668453197360e+00 -1.724253262940474940e+01 -2.409483727586759549e+00 -2.781108665265932117e-02 -1.626526192553551553e+01 -1.486915742241057004e+01 -2.419799215647869595e+00 5.047580143471448455e-01 -1.319235879881056306e+01 -4.021046912002991469e+00 -3.537750006677231607e+00
4.021139069446590386e-01 -3.846182263353179920e+00 -8.776843882129605756e-01 -1.555006903097765125e+00 -6.098439792044180408e+00 -1.599464254896884974e+01 -2.331837302614548246e+00 5.631107623608594404e-02 -1.520590214858918010e+01 -1.381759211321080372e+01 -2.306495383553369471e+00 5.030324081564414573e-01 -1.229824833894210023e+01 -3.741274052981275577e+00 -3.294015337820347167e+00
4.063125452039867413e-01 -6.002954338783826671e+00 -2.186561836931444791e+00 -9.106861128184833287e-01 -7.055772485391440974e+00 -1.854423404004512932e+01 -2.840335986309213023e+00 3.032890042183789547e-01 -1.662162992775710180e+01 -1.500756634895508768e+01 -2.482369743866089440e+00 5.687173859732582715e-01 -1.303730128993146131e+01 -3.943326583365609483e+00 -3.432689069262246484e+00
4.105412315868290918e-01 -5.855092172398567385e+00 -2.380100246937807640e+00 -4.499466083868910449e-01 -6.605703895403031822e+00 -1.726377782138710515e+01 -2.726537841992509925e+00 4.376842323668416190e-01 -1.551413964251255173e+01 -1.390481855794861765e+01 -2.322578609216830792e+00 6.033092579191809968e-01 -1.214367569379711753e+01 -3.651511574187639830e+00 -3.191402864315033838e+00
4.147348487769681458e-01 -4.741351154885740549e+00 -1.755269934065034176e+00 -6.233545693750511818e-01 -5.811241706937505747e+00 -1.522975673683348496e+01 -2.350521131951838871e+00 2.933443694200999485e-01 -1.370299983618641981e+01 -1.234699606847407694e+01 -2.042453569088377385e+00 4.681925858997461054e-01 -1.069944917683675989e+01 -3.235817583340159231e+00 -2.803327719305430676e+00
4.189107045044477284e-01 -4.702975717351561613e+00 -1.974794953700023781e+00 -2.850968225896192698e-01 -5.292437008186948511e+00 -1.378195989984897807e+01 -2.226825421270169247e+00 3.975735359868055041e-01 -1.250258624115730122e+01 -1.114127950878308582e+01 -1.897052599157459607e+00 5.129230709999205162e-01 -9.814566608377711887e+00 -2.935478598680549833e+00 -2.582509836261028369e+00
4.230974437456921922e-01 -6.272116584757000624e+00 -2.790519687573133290e+00 6.780889207426476183e-03 -6.076294952804430771e+00 -1.605180298775255210e+01 -2.583493739761291597e+00 4.742539760316716868e-01 -1.396419670021062487e+01 -1.257242374600202695e+01 -2.084576117481862667e+00 5.091884482993992433e-01 -1.085688431234885698e+01 -3.280650060457133588e+00 -2.850561910055386505e+00
4.272931011032126136e-01 -5.071492301174099104e+00 -2.234717095821182387e+00 -3.432919041139288752e-02 -5.057789860604302135e+00 -1.321659770676519408e+01 -2.122531375482846538e+00 3.997143654957479031e-01 -1.175727705085729013e+01 -1.050560808128616586e+01 -1.741902777989831508e+00 4.393285963956364282e-01 -9.262497709818770630e+00 -2.786436067682489082e+00 -2.472053109302716045e+00
4.314914587673138180e-01 -4.704308659008988869e+00 -2.133921961233005593e+00 4.495599429226305316e-02 -4.483016070654043617e+00 -1.174448856583060419e+01 -1.914627337872601309e+00 3.791267400839054003e-01 -1.003187583194986665e+01 -8.937211154484677067e+00 -1.492494573630367416e+00 3.885134598271040018e-01 -7.641602073705149323e+00 -2.283097115657857223e+00 -1.977826432823319935e+00
4.356511643511531418e-01 -4.839389480602901195e+00 -2.260709670914061054e+00 1.521753172941905929e-01 -4.627387292173938960e+00 -1.215122286870920121e+01 -2.006909096171369811e+00 4.229924968816754505e-01 -1.053918072091182090e+01 -9.426430881496198566e+00 -1.579530580120400929e+00 4.089717359824776577e-01 -8.130394514736417833e+00 -2.443884162645832969e+00 -2.124876294011323274e+00
4.398424702607344750e-01 -5.418696366818938515e+00 -2.603795325819351358e+00 3.702941164044599720e-01 -4.772243094394398533e+00 -1.253389474732812481e+01 -2.083235272666467353e+00 4.878373086816377158e-01 -1.061141381690361385e+01 -9.446343693520613982e+00 -1.571815985712049279e+00 4.166696685238155951e-01 -8.047308379228393704e+00 -2.407795400532240393e+00 -2.078563271143747393e+00
4.440501074980069407e-01 -4.461581308590694128e+00 -2.124375862412336335e+00 2.800842430153491769e-01 -3.958274357369446772e+00 -1.039984103162297124e+01 -1.722700982083161581e+00 3.980978973587066538e-01 -8.753961762237365107e+00 -7.800691174587820242e+00 -1.294051266412507006e+00 3.417503369631705312e-01 -6.621009787046388873e+00 -1.982959799137943291e+00 -1.707588761789265552e+00
4.482267968899237842e-01 -4.827377449614886018e+00 -2.357187408596459477e+00 3.802971072085184479e-01 -4.188894121620680089e+00 -1.110578262322938237e+01 -1.858980223755867245e+00 4.325446223379806887e-01 -9.448718261208686187e+00 -8.487450729139100147e+00 -1.410120395873086574e+00 3.541593942817944929e-01 -7.306356811565942522e+00 -2.208282988843544903e+00 -1.928645173196651630e+00
4.524052929840755577e-01 -4.795484758389719993e+00 -2.377123060624700912e+00 4.507205377281114922e-01 -4.012505980452464094e+00 -1.063387584580684830e+01 -1.794913838767001391e+00 4.379826812504271638e-01 -8.947825678354178081e+00 -8.016767480008201829e+00 -1.331362987834050937e+00 3.379236242823456804e-01 -6.865603854828787433e+00 -2.071181694689358199e+00 -1.804648093090014171e+00
4.566090347930675253e-01 -4.176088615997344711e+00 -2.069881762363093181e+00 3.890240727680053245e-01 -3.271114752738134790e+00 -8.665963325589114419e+00 -1.459068308164620076e+00 3.539067685861267964e-01 -7.028974444075672068e+00 -6.274209674742781573e+00 -1.035611931629605076e+00 2.661052366827082460e-01 -5.243393627613674113e+00 -1.573206106870228993e+00 -1.346495291237968850e+00
4.608167319022857811e-01 -3.672052937846413290e+00 -1.822803732704030066e+00 3.494379169711152588e-01 -3.032462034440539078e+00 -8.020444132864646747e+00 -1.353165791994154654e+00 3.336851462834235504e-01 -6.678816633095040700e+00 -5.968828580644312432e+00 -9.946386195479021142e-01 2.615766568584857454e-01 -5.044855559724581440e+00 -1.514975886850455034e+00 -1.299042138973366622e+00
4.649806979855051203e-01 -3.412819104551558791e+00 -1.690840371126090425e+00 3.270957126233718926e-01 -2.784867020756463862e+00 -7.401810975371256873e+00 -1.243726592752187221e+00 3.014255095405415918e-01 -6.170512734846608005e+00 -5.526655741926231435e+00 -9.124605601116051457e-01 2.317416336914431829e-01 -4.719225478819802255e+00 -1.420997788432704523e+00 -1.237804599799215088e+00
4.691538386770017222e-01 -3.206232065485918437e+00 -1.612198696204375947e+00 3.409928653890008099e-01 -2.464428098830653724e+00 -6.547845562058961733e+00 -1.113549228459579599e+00 2.820971138101301401e-01 -5.257873766358811096e+00 -4.691805075190351282e+00 -7.797019604443008456e-01 2.053401277626278054e-01 -3.889889209836190354e+00 -1.165185089727997170e+00 -9.896771629103163770e-01
4.733478629909182445e-01 -2.896824504537589107e+00 -1.461965012635536354e+00 3.088034102332283815e-01 -2.193596412877043100e+00 -5.842009112524742420e+00 -9.960932150904405757e-01 2.482072262974766297e-01 -4.723065455812969660e+00 -4.228228208368086882e+00 -7.037395624556511686e-01 1.788330792350832366e-01 -3.549534959354654351e+00 -1.069015392946507603e+00 -9.206508351591580208e-01
4.775500538217637980e-01 -3.052581245201155369e+00 -1.554465934296961560e+00 3.530407631381701772e-01 -2.311065678663270173e+00 -6.168307668401359578e+00 -1.054653317753592168e+00 2.692710745450999643e-01 -5.023906244287089429e+00 -4.503221319667035871e+00 -7.489262585160448848e-01 1.914824459406344881e-01 -3.797835340215232058e+00 -1.144221562656152935e+00 -9.875478551449707876e-01
4.817339644282710998e-01 -2.798505930518685680e+00 -1.418335287949864965e+00 3.066487929106513355e-01 -2.080503306180831125e+00 -5.587851300653357001e+00 -9.519325323951174367e-01 2.317187954561984176e-01 -4.485479017418815495e+00 -4.037561593148842221e+00 -6.704722501272774027e-01 1.654108681603573550e-01 -3.373768894626471226e+00 -1.019356669787992331e+00 -8.744100164248397311e-01
4.859144464692263798e-01 -2.541944730644686512e+00 -1.298204297909920424e+00 2.912065103400058863e-01 -1.980238077715631206e+00 -5.300481307035619594e+00 -9.088844016779510371e-01 2.281529428539887938e-01 -4.373289299381807105e+00 -3.932707536061230247e+00 -6.575442486017073485e-01 1.654051138872534576e-01 -3.343934353841624851e+00 -1.010655449661465921e+00 -8.770343317633205737e-01
4.901252990058800885e-01 -2.208286183563987759e+00 -1.122716758870660136e+00 2.632773569826459825e-01 -1.647401018001456663e+00 -4.408233180719826727e+00 -7.496616416935474314e-01 1.915370409310580002e-01 -3.524792468754696984e+00 -3.162707531245303016e+00 -5.202204314944561814e-01 1.313104591917843011e-01 -2.625271698287722444e+00 -7.916236718578382181e-01 -6.741716995884059482e-01
4.943123444065962158e-01 -2.203397615788929009e+00 -1.123987619613097566e+00 2.536647460162512746e-01 -1.649541351340471751e+00 -4.439077469607922488e+00 -7.582389451332420816e-01 1.862679500514681508e-01 -3.604836495221226844e+00 -3.252477802569381460e+00 -5.401101029937778186e-01 1.318045673657515515e-01 -2.740022298066638218e+00 -8.302581242021001007e-01 -7.164326759405155176e-01
4.984736335014697817e-01 -1.947562762334679620e+00 -1.001478019040830780e+00 2.452548181900462698e-01 -1.436459146500130180e+00 -3.841153523062824426e+00 -6.611149471370871833e-01 1.740761629699396906e-01 -3.096415065788729493e+00 -2.775122611410921980e+00 -4.622640225310841733e-01 1.199218175479980497e-01 -2.325951193021756236e+00 -7.006132868626187005e-01 -6.017931918847367889e-01
5.026590164608074618e-01 -1.817270299556660751e+00 -9.375371283044191539e-01 2.296425163089515220e-01 -1.345890549883939746e+00 -3.612865920066886005e+00 -6.223180816217643851e-01 1.605960743006127622e-01 -2.905210751256861901e+00 -2.613390185476507810e+00 -4.343261315882113727e-01 1.082333368685438058e-01 -2.186929324209854641e+00 -6.611293639508917241e-01 -5.683293586566704469e-01
5.068609875937976073e-01 -1.703446768421623458e+00 -8.743199486254947805e-01 2.101145675188418604e-01 -1.252808399528276384e+00 -3.371855514287263489e+00 -5.777660392831969194e-01 1.474901342989210218e-01 -2.708930895190587496e+00 -2.439810497207612894e+00 -4.041369862549477054e-01 1.008071532898660860e-01 -2.044856788483435661e+00 -6.185150277205444524e-01 -5.323568732039256624e-01
5.110594965365916620e-01 -1.488352306106536016e+00 -7.693766622873073890e-01 1.852521569679879410e-01 -1.069107091357708317e+00 -2.876704345178966449e+00 -4.964038850792023005e-01 1.267193658474060347e-01 -2.288347766526740656e+00 -2.059568800002136157e+00 -3.428206587264075456e-01 8.510836431763439680e-02 -1.713840244175986127e+00 -5.180653996565941499e-01 -4.436109086102477117e-01
5.152492140965455603e-01 -1.437537122207621643e+00 -7.395248028909330307e-01 1.718068125821287928e-01 -1.033686432325886972e+00 -2.802229632063075293e+00 -4.809513386990801886e-01 1.168701852003942304e-01 -2.237160151116951656e+00 -2.027818331143232733e+00 -3.371165818002628267e-01 7.975181709921157214e-02 -1.692062582128778025e+00 -5.147794431668857307e-01 -4.412427316031538038e-01
5.194329442812991582e-01 -1.201623273355143517e+00 -6.210533831853352060e-01 1.481398505251337039e-01 -8.690885132679025959e-01 -2.344598068234927446e+00 -4.045048959469284000e-01 1.012167146200083079e-01 -1.890958320351041166e+00 -1.708380880978345395e+00 -2.849802588019940686e-01 6.868113299709197039e-02 -1.435213818351768200e+00 -4.357353007997091798e-01 -3.751287275406345878e-01
5.236343964239100757e-01 -1.106599441247086979e+00 -5.721807630615270979e-01 1.369236047885540875e-01 -7.931309078253150346e-01 -2.147255698497886556e+00 -3.698264363518516951e-01 9.152505868418796264e-02 -1.706007823297386095e+00 -1.544202449887517981e+00 -2.562815961468621340e-01 6.092283289366166865e-02 -1.281491719586994371e+00 -3.894666847831569911e-01 -3.323076079171164432e-01
5.278273205415198177e-01 -9.255284641093732834e-01 -4.795129440259701115e-01 1.187599473555337876e-01 -6.523815751941194341e-01 -1.761158708361521441e+00 -3.044009909175358630e-01 7.826751992784262979e-02 -1.393140947322717871e+00 -1.256921576658218687e+00 -2.085442774859395942e-01 5.106845918381514027e-02 -1.044384295768248316e+00 -3.166212895811666428e-01 -2.710766793597342295e-01
5.319960279023402405e-01 -9.231966097500619028e-01 -4.805997509898540243e-01 1.198719569722840883e-01 -6.498713189804503632e-01 -1.756570465231378497e+00 -3.045370885919326809e-01 7.785117583828260468e-02 -1.380382331106161820e+00 -1.246150009279881177e+00 -2.074312902128186142e-01 5.048611594438257716e-02 -1.027409907819846646e+00 -3.114232631155654518e-01 -2.646972245421925218e-01
5.361714592099571242e-01 -8.065149609249544493e-01 -4.180217072096621411e-01 9.921340295654056118e-02 -5.711841460180435703e-01 -1.554672217302021320e+00 -2.681364186844896746e-01 6.408867827320414989e-02 -1.233073765705443137e+00 -1.121946957937149048e+00 -1.868818490817607536e-01 4.223421582423771831e-02 -9.318232000175180607e-01 -2.847472857624256393e-01 -2.431858175346225115e-01
5.403746330902056139e-01 -7.357397195086060604e-01 -3.833062837026383063e-01 9.555341378651514839e-02 -5.223785814986755538e-01 -1.413764412624723521e+00 -2.454173794359317540e-01 6.288082349548573813e-02 -1.117864519547530078e+00 -1.009893252233392991e+00 -1.685153053292890168e-01 4.138091924835995972e-02 -8.366962543789695506e-01 -2.535701321938518826e-01 -2.163712901880227302e-01
5.445761264886261888e-01 -6.426265058184967849e-01 -3.336746163958272948e-01 8.078906191155979521e-02 -4.563976837816463572e-01 -1.240070659900389005e+00 -2.143446423695781200e-01 5.284419265414780353e-02 -9.852251489930611283e-01 -8.938011795872445875e-01 -1.488897346899626384e-01 3.505791382572637227e-02 -7.443852506284541759e-01 -2.266257205450368795e-01 -1.940648964227542905e-01
5.487504490749764985e-01 -5.531427711202423492e-01 -2.877237130582746549e-01 6.984972410573210555e-02 -3.865868726568124081e-01 -1.048915063248534452e+00 -1.817198573168223308e-01 4.521675014637618201e-02 -8.282623189726905366e-01 -7.501606193728438399e-01 -1.253015721853701081e-01 2.993819294951803947e-02 -6.240004201376228021e-01 -1.897484155727895694e-01 -1.628168416168812305e-01
5.529407179677009454e-01 -5.079716884281926248e-01 -2.635366726585336994e-01 6.224224236574295299e-02 -3.571332818990560765e-01 -9.741564674832799975e-01 -1.679606898264206227e-01 3.992561025412454112e-02 -7.711530064164637821e-01 -7.028180770744906214e-01 -1.168145490516710738e-01 2.620193184684877982e-02 -5.837680406481623452e-01 -1.786275694984931495e-01 -1.525909993597110992e-01
5.571409157079509900e-01 -4.540660747013840481e-01 -2.366405410636415463e-01 5.777907357959932017e-02 -3.086900299405928028e-01 -8.401203520417837023e-01 -1.456962196474842208e-01 3.608711479559592594e-02 -6.585423090031690130e-01 -5.975464626538221635e-01 -9.962841938385352814e-02 2.341867603725589220e-02 -4.951140222528687684e-01 -1.507806998289109024e-01 -1.289180645714646800e-01
5.613298693710127019e-01 -4.003272969193244490e-01 -2.081477504705850912e-01 5.050328132318371299e-02 -2.737603368549890726e-01 -7.455112835485210310e-01 -1.289327273169136590e-01 3.173895224458606057e-02 -5.819052842510847867e-01 -5.280979565448888913e-01 -8.789880638736445595e-02 2.067682546428855489e-02 -4.346711731267177137e-01 -1.322942764256740678e-01 -1.122260926743374188e-01
5.655062246218995892e-01 -3.835323482472040579e-01 -1.998867312269571317e-01 4.734499116507694810e-02 -2.613755477487306744e-01 -7.152592017387171541e-01 -1.238934606033375158e-01 2.936709870049913212e-02 -5.583641808626712555e-01 -5.096681981816502116e-01 -8.494788481548126713e-02 1.891066746152559805e-02 -4.201018284688552984e-01 -1.287120752060107176e-01 -1.095353271808758577e-01
5.696867424029971039e-01 -3.018000253260188503e-01 -1.574633148324619536e-01 3.852375199603368799e-02 -2.053934426537375180e-01 -5.604145271009864926e-01 -9.715644510961016223e-02 2.382140406415531389e-02 -4.378516869167504155e-01 -3.983788799246228973e-01 -6.632184111571844121e-02 1.526854999252828804e-02 -3.290103375228577987e-01 -1.004805689205750391e-01 -8.572509444941664447e-02
5.738956954203543459e-01 -2.873909880665046490e-01 -1.495245477896963437e-01 3.508799435124759780e-02 -1.957116202043159281e-01 -5.356889577849448525e-01 -9.272229709273478726e-02 2.197728820594950852e-02 -4.142726134060500387e-01 -3.777135706191289688e-01 -6.288225544980825810e-02 1.418633213936182358e-02 -3.088206172892716816e-01 -9.438469294271249754e-02 -7.984331604157381135e-02
5.780928920821047923e-01 -2.633382843501203552e-01 -1.366950075346688998e-01 3.151821899132438431e-02 -1.797087354969420792e-01 -4.934068042202535143e-01 -8.508703145580080729e-02 1.961593391749301418e-02 -3.886491812011845792e-01 -3.558379133843404540e-01 -5.915584344510020631e-02 1.279299312330378115e-02 -2.956114223902884808e-01 -9.081472507372125025e-02 -7.776542208302922310e-02
5.822632071880226023e-01 -2.258666115409787289e-01 -1.179671303377337332e-01 2.823478268242219161e-02 -1.551989508342377366e-01 -4.246628901946002954e-01 -7.371639581037868483e-02 1.762286392273981414e-02 -3.351124916120588049e-01 -3.058203251207449735e-01 -5.112318319522571319e-02 1.148930323909153582e-02 -2.547037516361663201e-01 -7.800832283114764176e-02 -6.701530207073416734e-02
5.864430803127811398e-01 -2.006880449359446927e-01 -1.046930566627028714e-01 2.438349768984636110e-02 -1.343221048758599379e-01 -3.691920767529109915e-01 -6.392571287978388028e-02 1.474403116934846526e-02 -2.853765540296898662e-01 -2.612479609216102339e-01 -4.350167763417780997e-02 9.400849322679058137e-03 -2.138065801521768783e-01 -6.564338399144308001e-02 -5.551611299241748787e-02
5.906376733072625784e-01 -1.758089166526614067e-01 -9.190829189275166733e-02 2.165509153316647062e-02 -1.186426565138491984e-01 -3.253026262874840757e-01 -5.655656995780413560e-02 1.335373096377988171e-02 -2.529547047189743547e-01 -2.310900304764591517e-01 -3.866214634202459755e-02 8.594184538386433897e-03 -1.902130826190647772e-01 -5.829705641196089583e-02 -4.962511216717485629e-02
5.948356627105599870e-01 -1.552041086249813240e-01 -8.108972384885081153e-02 1.885422757833173438e-02 -1.053437647844343433e-01 -2.893595689766864654e-01 -5.026083484326781398e-02 1.163524823556057533e-02 -2.276909633611043371e-01 -2.083886573819600796e-01 -3.489893336133991636e-02 7.615582530025284159e-03 -1.734499410094934302e-01 -5.325186087565075832e-02 -4.572682150365917075e-02
5.990145239901687457e-01 -1.364917920508768867e-01 -7.126726796551344223e-02 1.667606426419808788e-02 -9.214320773294341904e-02 -2.531604608361043285e-01 -4.393875648293359137e-02 1.031470390416804050e-02 -1.974457235484517459e-01 -1.806129271022490490e-01 -3.017410885150126690e-02 6.687002103514196397e-03 -1.489050653108270617e-01 -4.568161681145790909e-02 -3.886488291414129381e-02
6.031829950841108845e-01 -1.255522528941364624e-01 -6.552202722063037166e-02 1.482931540145820785e-02 -8.341110204759673297e-02 -2.300383264228704205e-01 -3.987814127591663566e-02 9.004019227186830371e-03 -1.773594197707736575e-01 -1.628654519423554103e-01 -2.714773533103006023e-02 5.722862305835276810e-03 -1.331335172495909380e-01 -4.098498762742266294e-02 -3.463424063366608852e-02
6.073740526175752663e-01 -1.143363874262191826e-01 -5.973492181072482393e-02 1.363307586605195208e-02 -7.680996826575438308e-02 -2.119170035314785761e-01 -3.673001142329058999e-02 8.296613867362929301e-03 -1.640080430061062744e-01 -1.505812539626529556e-01 -2.510992234143727408e-02 5.334592527238521918e-03 -1.232170862754458918e-01 -3.790924711009382303e-02 -3.202629594672496555e-02
6.115768023320514724e-01 -9.083058246533592950e-02 -4.738201139909460624e-02 1.078563679425205250e-02 -6.112397727716748635e-02 -1.684777274469526354e-01 -2.918451591002969858e-02 6.594914023891326749e-03 -1.310856195017527370e-01 -1.203440934078713331e-01 -2.006470674153958481e-02 4.242181165764479650e-03 -9.913081496630346545e-02 -3.052054173318522606e-02 -2.597260787286675629e-02
6.157710000000914397e-01 -8.218760817050986545e-02 -4.287166984427129290e-02 9.599680541701802530e-03 -5.504006825559172589e-02 -1.517942668248871418e-01 -2.632548000088377749e-02 5.893269984731847738e-03 -1.180767421435988951e-01 -1.084199493347743903e-01 -1.814479390871145612e-02 3.845698967915246042e-03 -8.918009803009994962e-02 -2.744343732393523388e-02 -2.328647483700775622e-02
6.199632023912512446e-01 -7.336366869144296532e-02 -3.833690484209103383e-02 8.539170636049182514e-03 -4.912712564090700867e-02 -1.357871839462091723e-01 -2.358377920141081080e-02 5.195521500661317779e-03 -1.058796499776839123e-01 -9.746889355772789254e-02 -1.631190274995826875e-02 3.348338406117441508e-03 -8.042227800486961842e-02 -2.482479238558925327e-02 -2.114989952659968031e-02
6.241630060990407403e-01 -6.226420157973161507e-02 -3.239588816963489409e-02 7.178055899289321855e-03 -4.094269736607301924e-02 -1.133046994896320381e-01 -1.956955582874567168e-02 4.288914441985795627e-03 -8.702211557336093917e-02 -8.012413172757772151e-02 -1.332139609784878213e-02 2.737797621703130097e-03 -6.550167408722652740e-02 -2.021496922289339401e-02 -1.712595380311128165e-02
6.283593402461892241e-01 -5.635004626167645914e-02 -2.952390884538280344e-02 6.721586300262477089e-03 -3.709248401889447128e-02 -1.023164620192409668e-01 -1.782538175550853199e-02 4.057292989079946087e-03 -7.888208332891377683e-02 -7.235362935944758545e-02 -1.212378308974964083e-02 2.596954680406616308e-03 -5.936777955443828941e-02 -1.825158208967097087e-02 -1.551631696397003102e-02
6.325410955997395890e-01 -4.821552097761861583e-02 -2.522541036377424009e-02 5.668415885973717566e-03 -3.211625959953711557e-02 -8.880048523687625317e-02 -1.542659175886313370e-02 3.428355663535128436e-03 -6.894856576778764234e-02 -6.343579734237472789e-02 -1.061197203230748384e-02 2.210636341576406247e-03 -5.220307870086264568e-02 -1.609464516231546086e-02 -1.369526342702379225e-02
6.367142920629192959e-01 -4.199106569586837784e-02 -2.196115523106496881e-02 4.917647381750929296e-03 -2.747838333970077651e-02 -7.593448372808621338e-02 -1.320994014538258085e-02 2.953940197881667167e-03 -5.823566203611074688e-02 -5.349817875604547662e-02 -8.959852125868012981e-03 1.894849717728477661e-03 -4.357034020485638787e-02 -1.340564864560982519e-02 -1.130115588541702638e-02
6.409035099394975177e-01 -3.831806484825485415e-02 -2.007039325840312069e-02 4.484893641925942302e-03 -2.526353133044003871e-02 -6.990313660968371090e-02 -1.216551787572926584e-02 2.705332509658641207e-03 -5.382934247802861893e-02 -4.950126645306546919e-02 -8.295963503197650163e-03 1.745574710118720290e-03 -4.041796904183391631e-02 -1.244658212344298617e-02 -1.050315065220104420e-02
6.451032402190634008e-01 -3.211140235076694743e-02 -1.676842048507001803e-02 3.580170506146952616e-03 -2.083803140745096871e-02 -5.791313193243360219e-02 -1.005306888005095232e-02 2.127739698360882163e-03 -4.425287468008968356e-02 -4.088770913119620098e-02 -6.842093634598561680e-03 1.354864490989140515e-03 -3.333482323963765648e-02 -1.031781690476647577e-02 -8.728092964623302905e-03
6.492879941711476866e-01 -2.885935280939331410e-02 -1.510757567257332672e-02 3.298196732894167430e-03 -1.904245598290010485e-02 -5.280639680180224810e-02 -9.184262684796704046e-03 1.992531151626852643e-03 -4.089510031404396118e-02 -3.770761305020202403e-02 -6.320744930331912738e-03 1.290637028702247471e-03 -3.105478061199401160e-02 -9.593494781977809915e-03 -8.181135593358070113e-03
6.534659541563927476e-01 -2.418938077473860304e-02 -1.263978782509980053e-02 2.748722047256202308e-03 -1.566553817713203442e-02 -4.352905583943365853e-02 -7.556933716994487273e-03 1.616653879306073063e-03 -3.310386529451575521e-02 -3.055966484038344713e-02 -5.101792571276948449e-03 1.016256165034100855e-03 -2.479842086901846640e-02 -7.666365083786839084e-03 -6.462531447140094573e-03
6.576591076962554627e-01 -2.011819016122817771e-02 -1.052387066473291048e-02 2.315115632385317691e-03 -1.317115867694920034e-02 -3.654288240361783235e-02 -6.348160565660051179e-03 1.368057267767446017e-03 -2.828825310635823057e-02 -2.610914755835054557e-02 -4.371975300058076642e-03 8.779970678427672552e-04 -2.151656322194122131e-02 -6.657482811414071507e-03 -5.677845321303057885e-03
6.618529307405217610e-01 -1.882829044188103970e-02 -9.852934270215151294e-03 2.117557043013092166e-03 -1.223233958450781200e-02 -3.398322838545492913e-02 -5.912291292446946941e-03 1.266027696892307831e-03 -2.600264143059964964e-02 -2.401347106149507096e-02 -4.027095250305830383e-03 8.130571490842954238e-04 -1.952264415253032737e-02 -6.036757533394805121e-03 -5.079422115502088900e-03
6.660240791386257131e-01 -1.636392464922036688e-02 -8.563347174442169710e-03 1.829961042619685950e-03 -1.064194682597628151e-02 -2.956833531056396805e-02 -5.143306621108952731e-03 1.092642388600571649e-03 -2.274092603904969562e-02 -2.100395455190858310e-02 -3.527643776786053460e-03 7.087126852615501004e-04 -1.719365484721765286e-02 -5.318395632330815380e-03 -4.512602410428386696e-03
6.702067828716186115e-01 -1.398673365159612374e-02 -7.309437777762260204e-03 1.535672777848575993e-03 -9.016003613527952265e-03 -2.511378105719574982e-02 -4.361940448823661311e-03 9.044440770568178654e-04 -1.932899889884332964e-02 -1.790282449983396362e-02 -3.001453598148710530e-03 5.819176256326268060e-04 -1.469407000122975766e-02 -4.559806432242689139e-03 -3.876372478584956278e-03
6.744172070879622671e-01 -1.271690873792465440e-02 -6.642138311937701052e-03 1.358564070331236967e-03 -8.445669387788682508e-03 -2.357559881677583069e-02 -4.089411569629552122e-03 8.163931885263474211e-04 -1.839234715879347129e-02 -1.709156467234494714e-02 -2.868164526168196556e-03 5.326235152333787205e-04 -1.414511081146785018e-02 -4.404899138376090414e-03 -3.768441347376028094e-03
6.786118453466847278e-01 -1.042609167533690116e-02 -5.434324750159113572e-03 1.099042021038656005e-03 -6.764235380651849837e-03 -1.889446270989588242e-02 -3.272409979034231284e-03 6.536055470411398453e-04 -1.444670420353898026e-02 -1.341599442580185438e-02 -2.244926975312700346e-03 4.218610656956004812e-04 -1.091296237475799721e-02 -3.392714311983597176e-03 -2.857305413393891689e-03
6.827984616056306244e-01 -8.722131755647111878e-03 -4.558455759815617861e-03 9.523547448549374772e-04 -5.621456545115381155e-03 -1.565840092957197435e-02 -2.720828290742009683e-03 5.647398971384769801e-04 -1.201335391737403183e-02 -1.112132919196564401e-02 -1.866852008160294930e-03 3.658349312866202973e-04 -9.095028704381684717e-03 -2.819620259727259777e-03 -2.388305543915271618e-03
6.869817177358829019e-01 -8.193595398677708599e-03 -4.278742669895191711e-03 8.565314160885830787e-04 -5.324096479852181811e-03 -1.490561901453254720e-02 -2.585586342112018796e-03 5.074886941170341989e-04 -1.143304871551961525e-02 -1.063934570515968729e-02 -1.784775371150139865e-03 3.281488948540094716e-04 -8.676850972092002220e-03 -2.703342936764722287e-03 -2.280969736416197866e-03
6.911718524128840357e-01 -6.759186322309891810e-03 -3.523971446657400176e-03 7.072510330446684507e-04 -4.327500539958176878e-03 -1.211026083340478385e-02 -2.098021452631453846e-03 4.131801002285444562e-04 -9.231025533618550730e-03 -8.586515031590960176e-03 -1.436381278410246926e-03 2.635762384842225080e-04 -6.986026799727378285e-03 -2.175573917867502146e-03 -1.836663345534087334e-03
6.953555746427921846e-01 -5.912637060486357343e-03 -3.087609871591682348e-03 6.161400097324968650e-04 -3.807604453360021856e-03 -1.065603175241040639e-02 -1.851102540988815680e-03 3.652112883337958011e-04 -8.146619171639250465e-03 -7.574558815747938281e-03 -1.271772243417250772e-03 2.365313406504841688e-04 -6.173571862507928019e-03 -1.921550150157159877e-03 -1.622984891957214744e-03
6.995344561305086861e-01 -5.124961440147774924e-03 -2.683453782653990802e-03 5.519508305512673546e-04 -3.343530787559602108e-03 -9.331134174305401319e-03 -1.623702061871618160e-03 3.296776289528807790e-04 -7.165256946918972976e-03 -6.649505379253580796e-03 -1.119433330090516092e-03 2.142753800980686787e-04 -5.429955243566464071e-03 -1.686985373638772486e-03 -1.426693434716600536e-03
7.037287066792784485e-01 -4.313135659099597008e-03 -2.252419704432542108e-03 4.510013978152471346e-04 -2.768029003193784622e-03 -7.749698488828365983e-03 -1.344654300710080566e-03 2.648590702447138471e-04 -5.913832042512793576e-03 -5.502399112914999231e-03 -9.226845422602077693e-04 1.708689128723190958e-04 -4.482873103089787641e-03 -1.396189918227706047e-03 -1.179380269268502732e-03
7.079143033440539190e-01 -3.656171075047027780e-03 -1.908334122337746082e-03 3.754933398522473822e-04 -2.345210080309482938e-03 -6.572276028855217854e-03 -1.140228487834178293e-03 2.216458627146919989e-04 -5.025476385993966032e-03 -4.680168822650502582e-03 -7.853262958388414162e-04 1.434037265735139282e-04 -3.810076639808814784e-03 -1.187656415971449385e-03 -1.000713163848757992e-03
7.121186686741065586e-01 -3.152431261919694510e-03 -1.647174697317424236e-03 3.241447213548352452e-04 -2.033592875654324089e-03 -5.697516357892655307e-03 -9.900349385651332611e-04 1.928744245589157982e-04 -4.377900877836656338e-03 -4.075433087579071433e-03 -6.857717539471346003e-04 1.259794181101763313e-04 -3.339137605173275476e-03 -1.040525200562841769e-03 -8.831223072393730141e-04
7.163134555705721329e-01 -2.709718338562880705e-03 -1.413800866890427927e-03 2.753807858945516210e-04 -1.720051825273024183e-03 -4.826662692359933934e-03 -8.365011571068313619e-04 1.600553995862777064e-04 -3.669621265885124762e-03 -3.422205388384680531e-03 -5.733618985628638606e-04 1.025523395360531260e-04 -2.780013633059169771e-03 -8.680633789356154975e-04 -7.314980302167620576e-04
7.204913713645887396e-01 -2.298451685859135944e-03 -1.200376303544411572e-03 2.369817982824176130e-04 -1.459964839839776726e-03 -4.092824215218185402e-03 -7.098069455225589032e-04 1.383397311931188747e-04 -3.109235204261655890e-03 -2.896118180486489078e-03 -4.851890234787045145e-04 8.902489770430160778e-05 -2.350921239147238644e-03 -7.327928929105885806e-04 -6.171551588663808617e-04
7.246803275165087932e-01 -1.987902049128823997e-03 -1.037795865560403076e-03 2.001684941796681597e-04 -1.276210173259443095e-03 -3.583635370773446179e-03 -6.219063455118882837e-04 1.182157014635352126e-04 -2.732987242626720020e-03 -2.549880962208782298e-03 -4.285827485099178900e-04 7.687663157917510844e-05 -2.077070265436246205e-03 -6.481618552956634662e-04 -5.480445631749128726e-04
7.288763115175647123e-01 -1.680864475397074584e-03 -8.784450166974121666e-04 1.719398657243810665e-04 -1.069756142119957995e-03 -3.001088587253382053e-03 -5.219941224439753318e-04 1.013751431356423472e-04 -2.281740632134422915e-03 -2.125299175595939030e-03 -3.575516735256274747e-04 6.559765076566772841e-05 -1.727794005694455268e-03 -5.383304933627377662e-04 -4.540484120695632863e-04
7.330585840505703388e-01 -1.451818841453912526e-03 -7.579123627475163952e-04 1.459881360551996304e-04 -9.252186557960860591e-04 -2.600910226391402267e-03 -4.512688015482016219e-04 8.573382690903493919e-05 -1.982392679255070515e-03 -1.849850647203805194e-03 -3.107396815318935095e-04 5.569864336843066162e-05 -1.506478218649412058e-03 -4.704221949229573491e-04 -3.974224420854634830e-04
7.372316440474646626e-01 -1.240775098599287323e-03 -6.472645509852989866e-04 1.224297659592242591e-04 -7.951614608701588344e-04 -2.237069594969440852e-03 -3.878535432292709345e-04 7.250740975514079006e-05 -1.709656809224627348e-03 -1.597476230647129885e-03 -2.683336670499679357e-04 4.740848310267172178e-05 -1.305111794088703288e-03 -4.080767048590254768e-04 -3.460605497978641132e-04
7.414228560306842519e-01 -1.058519860653621240e-03 -5.521651285063559162e-04 1.053223789832244471e-04 -6.770952479359178440e-04 -1.904691644396529649e-03 -3.304703078694281649e-04 6.209880040779790277e-05 -1.450320812704947561e-03 -1.355365936322860260e-03 -2.278696812494721544e-04 4.063738818039019994e-05 -1.100564878791334029e-03 -3.438612132239130740e-04 -2.891863339382676960e-04
7.456189213758863676e-01 -9.251394434624932422e-04 -4.816957886138842934e-04 8.808725946643542360e-05 -5.884303034077972882e-04 -1.661951651519058375e-03 -2.877478198963012777e-04 5.154946091633118153e-05 -1.270011423339953731e-03 -1.190174774832593492e-03 -1.997492292363770201e-04 3.343717405480421873e-05 -9.720256366077206995e-04 -3.047529212874460565e-04 -2.581676386530604595e-04
7.498104337627916616e-01 -7.489429544077960124e-04 -3.906819347042802116e-04 7.315291025698436459e-05 -4.732780373652291199e-04 -1.331066770039695093e-03 -2.306194293944210298e-04 4.278888853473641267e-05 -1.004994874929726265e-03 -9.386006182433923994e-04 -1.576627063863606827e-04 2.768147928339859118e-05 -7.577129019002566386e-04 -2.365015946645874470e-04 -1.978830556160431184e-04
7.539974189770904944e-01 -6.453700337965952247e-04 -3.356605110669243978e-04 5.992749142771353592e-05 -4.086412770320156608e-04 -1.156999606189884231e-03 -1.998715301771208854e-04 3.497061204294138530e-05 -8.772329661861640948e-04 -8.237491709867001983e-04 -1.379663812380083120e-04 2.259128560488409392e-05 -6.684550447523190204e-04 -2.097737576411104520e-04 -1.768746021844903838e-04
7.581896411468850294e-01 -5.459942612257686137e-04 -2.853124705026756879e-04 5.255108572737828606e-05 -3.461444926125263979e-04 -9.769133277398648046e-04 -1.693583584233269209e-04 3.084603560679975129e-05 -7.393846155127143044e-04 -6.929720866039172124e-04 -1.162655031147849939e-04 1.989995232450601442e-05 -5.605519861743037385e-04 -1.756676212859486152e-04 -1.476649277160142944e-04
7.623808615479977790e-01 -4.516832788558177011e-04 -2.352250125591826013e-04 4.293123322305426496e-05 -2.861708287972369825e-04 -8.059301598283419169e-04 -1.396418397322465746e-04 2.497693300011842701e-05 -6.123535378438624884e-04 -5.737192417586783845e-04 -9.642703405291537121e-05 1.628811170792706503e-05 -4.659363043665703239e-04 -1.460358059988972428e-04 -1.231041986363571922e-04
7.665651159623174671e-01 -3.924943467552699647e-04 -2.051323380412242313e-04 3.703642443737579847e-05 -2.499986454891104867e-04 -7.041374936293499313e-04 -1.218463298431464198e-04 2.150674134838318491e-05 -5.366754880786022948e-04 -5.025728832182035010e-04 -8.435281051187305248e-05 1.395922773946576906e-05 -4.087899228252646691e-04 -1.281489826246247278e-04 -1.082999348364765681e-04
7.707536355579491794e-01 -3.244641919830270260e-04 -1.694734490243280907e-04 3.057843567646740081e-05 -2.064225677142277028e-04 -5.803848571836222377e-04 -1.006661717799213029e-04 1.778638344541092327e-05 -4.426460475598607163e-04 -4.149346752620992158e-04 -6.963679066733552729e-05 1.153468253227036998e-05 -3.379828706335672654e-04 -1.060958537108786756e-04 -8.945960439010083149e-05
7.749462413082437440e-01 -2.855587285653571252e-04 -1.485418719603971694e-04 2.599550313578722184e-05 -1.801554838589964204e-04 -5.096092882587223991e-04 -8.790968778028112067e-05 1.504688675166502483e-05 -3.873137063730899268e-04 -3.645325478574471651e-04 -6.103063493593643892e-05 9.799299012763644826e-06 -2.969424241003967998e-04 -9.353284873552032588e-05 -7.901994377391653105e-05
7.791369682448587852e-01 -2.321506154606303273e-04 -1.211367443329959960e-04 2.235097749144186209e-05 -1.452061631063912865e-04 -4.108063154009244499e-04 -7.129423226128180709e-05 1.288485174335702105e-05 -3.121889326207980529e-04 -2.923340156807004955e-04 -4.924280961115266240e-05 8.342158954617779576e-06 -2.383344397622207101e-04 -7.463731101001500707e-05 -6.331445327843726991e-05
7.833258353347896108e-01 -2.042513242543361838e-04 -1.064519985877023021e-04 1.875492151616637369e-05 -1.291493492414793026e-04 -3.639820795846378156e-04 -6.329517304354034921e-05 1.102668434023326035e-05 -2.761987536099888259e-04 -2.594882906398103886e-04 -4.369507129646814023e-05 7.176918147789642787e-06 -2.105452614179649908e-04 -6.612631731918576256e-05 -5.557771345450910803e-05
7.875159900600451346e-01 -1.634341717094443054e-04 -8.555029315704115592e-05 1.497329018791242680e-05 -1.035485419180435937e-04 -2.902620096647843878e-04 -5.024642525415551786e-05 8.612661961812369087e-06 -2.205112165077563881e-04 -2.060971816036650237e-04 -3.453990859648774328e-05 5.618565958592430355e-06 -1.676759207391662217e-04 -5.240964212125928044e-05 -4.415299922886040752e-05
7.917084457625156446e-01 -1.422567155748829322e-04 -7.410526371233758052e-05 1.295002237978389476e-05 -8.984548080915787333e-05 -2.550781356051150272e-04 -4.419934919291484661e-05 7.625718218838734052e-06 -1.948745631345230535e-04 -1.833581560100089498e-04 -3.077349663099424818e-05 5.028148569630215045e-06 -1.498668458467019161e-04 -4.703821441982819875e-05 -3.996794653609097393e-05
7.958821468706197555e-01 -1.173716499057006924e-04 -6.089350338805107253e-05 1.097040379690082529e-05 -7.099280303541557634e-05 -2.025772558702541653e-04 -3.512612569417254070e-05 6.286224579173963162e-06 -1.501935483754220741e-04 -1.409092034710265288e-04 -2.371725452313501727e-05 4.037255240521387451e-06 -1.132234804869715095e-04 -3.525140208678302297e-05 -2.967661743020488254e-05
8.000624692379799674e-01 -1.016214054854594674e-04 -5.252881647917651432e-05 8.700360117807921852e-06 -6.395743960783300316e-05 -1.815837535593273504e-04 -3.138900121188640635e-05 5.108800570212972310e-06 -1.379496827831517441e-04 -1.309377981512543953e-04 -2.193917021493682574e-05 3.414350015484559517e-06 -1.061840607969646291e-04 -3.369684599166583767e-05 -2.836715101310140861e-05
8.042564613727184453e-01 -8.471977010922159121e-05 -4.410831748465962723e-05 7.280786397832914095e-06 -5.297491079514471922e-05 -1.494811313731275195e-04 -2.604030099363430491e-05 4.387124053969179973e-06 -1.134241672847054058e-04 -1.071904676381966347e-04 -1.805096754399046119e-05 2.850911784834020472e-06 -8.729975211175161403e-05 -2.755315359002034266e-05 -2.318139500510547516e-05
8.084384822996342201e-01 -7.207566569562365581e-05 -3.775429308013516426e-05 6.566140689137783690e-06 -4.626045040356069441e-05 -1.299049813781084114e-04 -2.235910499221022875e-05 3.693559573243426980e-06 -9.778363361458359323e-05 -9.248385587227557351e-05 -1.551164565178466545e-05 2.462805212512576705e-06 -7.425016907020789579e-05 -2.353667412537094236e-05 -1.959569250623602825e-05
8.126333810499198895e-01 -5.834333921807211622e-05 -3.037523118226212872e-05 5.050609686565132930e-06 -3.577711794338813550e-05 -1.036720595070188662e-04 -1.791704241622413959e-05 2.975491356673267652e-06 -7.751768324460079924e-05 -7.412470561381580053e-05 -1.236543936153718085e-05 1.979932722424817724e-06 -6.001875610770510632e-05 -1.888250568594981301e-05 -1.570665382878192969e-05
8.168271958201180905e-01 -4.813977417975020851e-05 -2.581166085300235381e-05 4.253006609785635260e-06 -3.028086329947615450e-05 -8.755356406510806462e-05 -1.541840229356668135e-05 2.558722104738975142e-06 -6.497174034635554932e-05 -6.209375380726270710e-05 -1.061471654647003031e-05 1.618266867594437996e-06 -5.009357283092433997e-05 -1.588316728345755009e-05 -1.341127065943073256e-05
8.210214995694952167e-01 -4.196579810954046758e-05 -2.192752205408347369e-05 3.425498993255529209e-06 -2.598695316016004083e-05 -7.604941807819947752e-05 -1.306627671699461783e-05 1.975940645157960164e-06 -5.715654094427732721e-05 -5.437104139781159578e-05 -9.139724848876313456e-06 1.324796149298137715e-06 -4.398011363361604867e-05 -1.400318445232488368e-05 -1.184763886643392739e-05
8.252154145000215602e-01 -3.514967303298483794e-05 -1.825168659984643439e-05 3.219979717140043866e-06 -2.162745203517261409e-05 -6.200024700809051142e-05 -1.087910717624048656e-05 1.798322593839513103e-06 -4.633855742352329684e-05 -4.426828853080572385e-05 -7.510117682996285103e-06 1.196738780224089107e-06 -3.540715981121169006e-05 -1.125352925724181483e-05 -9.585772179271677946e-06
8.294030907808404018e-01 -2.848091778600357984e-05 -1.511577483914712208e-05 2.588327778601355729e-06 -1.785984309258601267e-05 -5.055720017270155206e-05 -8.701775022069726566e-06 1.433621629928630730e-06 -3.807552934015293186e-05 -3.576439722031362646e-05 -5.923085101026591903e-06 8.561458578444455325e-07 -2.861486917068714871e-05 -9.017969111820687856e-06 -7.580854311446658776e-06
8.335906150371191758e-01 -2.533464657229517704e-05 -1.294263337930220826e-05 1.933252506252337112e-06 -1.682673653461759199e-05 -4.558574453882958071e-05 -7.757038651073153298e-06 1.192842754272842988e-06 -3.455422205617569479e-05 -3.220270339870083830e-05 -5.396351637166925120e-06 8.041063150285697780e-07 -2.633023227725452917e-05 -8.089902926390394163e-06 -7.065936916602078699e-06
8.377685032221774408e-01 -1.885107599347056944e-05 -1.020772269952846045e-05 1.678415435150252502e-06 -1.199245994631101962e-05 -3.482992526253134163e-05 -6.009733335560225622e-06 1.016992445245376529e-06 -2.581009736935062812e-05 -2.508918366854812000e-05 -4.135299356517757172e-06 6.534660926202141463e-07 -1.945013390726560475e-05 -6.506519733615104093e-06 -5.246951370181167116e-06
8.419567297582307708e-01 -1.620482928878136904e-05 -9.056625278599862207e-06 1.631055070127872969e-06 -9.481879353012721346e-06 -2.884529045930955073e-05 -5.283969890536830402e-06 9.378965990830117686e-07 -2.252141722603082403e-05 -2.154404178825675969e-05 -3.718179282278130735e-06 6.222057705200147212e-07 -1.774241304979469220e-05 -5.559864613736457218e-06 -4.988291885024512555e-06
8.461556544987137718e-01 -1.420606552723939885e-05 -7.678288138763374670e-06 1.271665435892732613e-06 -9.022947189870678309e-06 -2.581247549606576939e-05 -4.463230925472646235e-06 7.688684138699580419e-07 -1.916940974616903072e-05 -1.882970353730949051e-05 -3.065428856094475064e-06 4.715890571003342522e-07 -1.459530237273028848e-05 -4.844382508381031224e-06 -4.018287877228557540e-06
8.503430790983292908e-01 -1.082206891238479521e-05 -5.970111007489111163e-06 1.034944968600693635e-06 -5.799749334621038789e-06 -1.909228791570816405e-05 -3.507400735136422167e-06 5.099385000659921091e-07 -1.447818967872654989e-05 -1.385082157087961377e-05 -2.489693442091579290e-06 3.541193729593809048e-07 -1.147082899950038745e-05 -3.651111582562627609e-06 -3.225210171852881919e-06
8.545245840949285965e-01 -9.522631538984966280e-06 -5.014260672598111204e-06 5.898258498023205249e-07 -5.676865157524253618e-06 -1.662581921012473845e-05 -2.963963631816703466e-06 4.924735659948512908e-07 -1.295375100236020700e-05 -1.239823418929733437e-05 -2.141128423481747454e-06 3.543487418201156487e-07 -1.028784002025187785e-05 -3.352880967879582522e-06 -2.707174209619895169e-06
8.587196449246210506e-01 -7.856028270907261326e-06 -4.294647544396541886e-06 7.977928574405875092e-07 -4.513148262184922524e-06 -1.310500204943912900e-05 -2.559079907128613320e-06 4.836986933915874017e-07 -1.064287367562528194e-05 -9.704511114013611271e-06 -1.796202725400753193e-06 2.720181200812685558e-07 -8.919743244819311332e-06 -2.646457550099550884e-06 -2.463133207722241748e-06
8.629074348139629258e-01 -5.707859767625781457e-06 -3.176823817683380375e-06 4.729903768377302917e-07 -3.997716705373969068e-06 -1.062339772552719830e-05 -1.885802698831863069e-06 2.759531760560224540e-07 -8.987855323082372038e-06 -7.652674935406614609e-06 -1.294710916272042702e-06 1.260953717377831019e-07 -7.068527330900929649e-06 -2.046176192459283313e-06 -1.971207812380288396e-06
8.670852844200982457e-01 -5.847178510033367037e-06 -2.932101044019102108e-06 5.017986314915485888e-07 -3.761325426295542080e-06 -1.110872416889000086e-05 -1.740357672294948175e-06 2.377891044646006084e-07 -7.454635294031849368e-06 -7.715208371795319287e-06 -1.174020746152000042e-06 1.637029759055350070e-07 -6.224757107769894123e-06 -1.807203432266850310e-06 -1.694675245597181033e-06
8.712764316473343706e-01 -4.128921849786388280e-06 -2.557449711682947291e-06 5.352408482011738449e-07 -2.282668717271660085e-06 -7.333506265060864748e-06 -1.368994678915639129e-06 2.560659377932857632e-07 -5.834760710235826266e-06 -5.723803815367930906e-06 -1.026901721980635520e-06 1.527622610211729605e-07 -4.982664810636916044e-06 -1.476931632865347886e-06 -1.378305022359374063e-06
8.754762476624626810e-01 -4.091848167341382512e-06 -1.872509442904155808e-06 3.450030642024779085e-07 -2.557604325347485312e-06 -6.087584193974821106e-06 -1.291672559164202780e-06 2.405143447149565385e-07 -5.770185940113884921e-06 -4.862286973376729851e-06 -8.963512468339224352e-07 1.791913127375528799e-07 -3.857809849230270335e-06 -1.382747270141430640e-06 -1.081075451091320639e-06
8.796707865602606535e-01 -2.396044057745004076e-06 -1.653475810148948257e-06 2.956436409190683758e-07 -1.631535423705710612e-06 -4.852177144434521965e-06 -9.956952348397151369e-07 1.599930217415327359e-07 -4.470055489716191332e-06 -3.931129361889822122e-06 -6.598902609574234211e-07 1.200068100095993941e-07 -3.168176093809843118e-06 -9.482298899900048915e-07 -8.834525989874414571e-07
8.838562222970675064e-01 -2.056337075215334019e-06 -1.143293582562111326e-06 1.127887389554484736e-07 -1.628584951973485545e-06 -3.723999104017087593e-06 -6.175246072947018433e-07 8.328667960238562235e-08 -4.169809157605063110e-06 -2.831008257216338852e-06 -5.102879350501721691e-07 8.026581792789976187e-08 -2.647660567947950860e-06 -8.135041245285954136e-07 -7.299265377927786969e-07
8.880381764417510926e-01 -2.053907520787336292e-06 -8.953313500504494257e-07 2.232735780970458908e-08 -7.165325136333989906e-07 -2.581589157922318013e-06 -5.785705651559301994e-07 1.162258556050599084e-07 -1.667501348072954672e-06 -2.023751189383667251e-06 -4.304968712292049735e-07 1.050188386733746662e-07 -1.664852034551383510e-06 -5.112304591312593257e-07 -4.765540988020436972e-07
8.922270316229049536e-01 -1.495245516074735661e-06 -9.252814157793795610e-07 2.962377038223158807e-07 -2.294013097233926463e-07 -2.496432808713341015e-06 -5.451339336969607696e-07 9.216080515457900762e-08 -1.143129855182166608e-06 -1.566127833474808113e-06 -3.840697806023599829e-07 5.298740503736147517e-08 -1.530328207312845399e-06 -5.701150724558003832e-07 -3.290857720080931943e-07
8.964225585562245469e-01 -2.070044897097199786e-06 -8.020201060102614784e-07 2.377906377274489896e-07 -4.936602514611695749e-07 -1.514289007421983860e-06 -5.214085170289709376e-07 9.438689362794809287e-08 -1.316569916910095770e-06 -1.401752612259437206e-06 -3.384272015249648733e-07 -7.050284118359443724e-10 -1.531736915911115075e-06 -3.752123973425164029e-07 -4.077109018293575686e-07
9.006049913569987853e-01 -8.668199314478994719e-07 -7.528284217432758465e-07 1.821114534710224860e-07 -4.249460523578278268e-07 -1.564952246788203163e-06 -4.482270647771859500e-07 1.378091076211650253e-07 -6.103575762158593212e-07 -1.317249723242530435e-06 -2.941136127750811557e-07 5.164078131483587844e-08 -9.215656195671613527e-08 -2.960417333638457380e-07 -5.986282919330942232e-08
9.047836582182254839e-01 -9.309175967224089254e-07 -2.278046318888674336e-07 -7.570498718642226815e-09 -7.184826862384069138e-07 -1.470243222928422017e-06 -1.924826824280736184e-07 6.880078612558190355e-09 -1.453908546345284557e-06 -1.117368329726762189e-06 -1.740111158339270736e-07 -5.447338442856279065e-09 -9.961011001179902593e-07 -4.155933668685138736e-07 -1.962094611481441682e-07
9.089780964569278421e-01 -1.751429272839944459e-07 -3.140882100640011152e-07 -8.604895680009664571e-08 -4.784904975942579818e-07 -1.191367146795760749e-06 -2.050988496037530516e-07 7.964071248633727345e-08 -1.090085795655786019e-06 -1.299657618164880278e-06 -2.101208592307614448e-07 2.990909032088839563e-08 -6.440280835207851960e-07 -4.035959227394432107e-07 -2.108797845254464634e-07
9.131704587403689510e-01 -1.212328534725081782e-06 -4.675619645260903272e-07 1.341154824681063609e-07 -2.626381417073806740e-07 -2.855702239592903373e-06 -1.930409447078392256e-07 8.621422596610628716e-08 -1.729631764405117175e-06 -1.708270621269703403e-06 -1.993777620747328539e-07 5.393215259149864311e-08 -1.132885481519190268e-06 -4.188430905091767528e-07 -3.049926114953500310e-07
9.173547920329833127e-01 -7.227483739065849858e-07 -4.078695082382292083e-07 5.479602957253427439e-08 2.614630719501856614e-07 -1.099226025513938998e-06 -1.757415863480293143e-07 3.259820090624805051e-08 -6.895368233341420921e-07 -1.126429222586620336e-06 -1.559452469381520965e-07 5.537323774531808935e-08 -6.960176462920107363e-07 -4.280031476739037555e-07 -1.209243003419770664e-07
9.215425617950214754e-01 1.729135227681633493e-07 -4.442474461163602221e-07 1.022743318963720733e-08 -1.179722357179221589e-06 -4.149455074800927163e-07 -1.487340039594963154e-07 -1.448688056673858916e-09 -8.824471083862815491e-07 -6.553380460168327116e-07 -6.803417039297279000e-08 -1.424076123969781530e-08 -1.003614655979765680e-06 -3.349600627377419169e-07 -3.148242535602383167e-07
9.257400405750663142e-01 -5.994991140136382928e-07 -2.153960544188457909e-07 1.327389019918689835e-07 -3.858356235792442986e-07 4.467668547293901883e-08 -9.523509239482349227e-08 4.181013916093711013e-08 -1.278725924850238491e-07 -2.336234293351716202e-07 -3.595443394494747567e-08 -1.660275656310138698e-08 -6.072449839866129657e-07 8.624671032045384384e-09 -4.725230400710010693e-07
9.299303352268617484e-01 -4.944514035208335623e-07 -5.998735831976435559e-08 -1.076240811399404183e-07 -5.091951885371639908e-07 -5.313038114341136566e-07 -7.555176926143765188e-09 -8.919751478804976792e-08 -1.170491239406844048e-06 -1.808662148701490936e-07 4.362142572237848707e-08 -8.805130994955914333e-09 -8.798667736059713909e-07 -5.103994037954030293e-08 1.475923211388953994e-08
9.341108300097852313e-01 -5.035063885308448789e-07 -1.785330107563672928e-07 -2.315171685447953807e-08 -2.818994321695901911e-07 -5.340795453495933863e-07 -1.824366271772306373e-07 7.266641011952057277e-08 -1.135021476280206456e-06 -3.787061999771365300e-07 -6.604697260080999870e-08 6.989392369895613203e-08 -8.252283705514913481e-07 -5.099669150898149656e-08 -2.791138333587642427e-07
9.382896253999645220e-01 -6.448846902699120326e-07 -7.296412695698212304e-08 -1.158818186082393575e-07 -4.946918745471006583e-07 -6.345699289384707899e-07 -1.014185612075758781e-07 -6.280578271567009489e-09 -4.449307053607331913e-07 -6.486015461099854490e-07 7.737210569831216958e-09 -1.664450798754529685e-08 -2.927449374448529970e-07 -6.717346793769786038e-08 -2.161754769309345994e-07
9.424819561228944265e-01 -8.413008101651200431e-07 1.286898361272038183e-07 -2.225692723623344302e-07 -1.145478392361017355e-06 -1.728564528308082746e-06 -1.582681493710234159e-08 1.159600529116104256e-08 -6.563173229545478087e-07 -1.258985618265208834e-06 -3.080329934394895866e-08 3.638352098617247128e-08 -6.721052222091481909e-07 -2.723662679221243843e-07 -3.012856275858828286e-07
9.466849863120379016e-01 -7.605220754617581250e-08 8.460320203800822601e-09 -3.125643386842214497e-08 -6.516165983965518168e-07 1.089559638644869510e-06 -9.995108096078958307e-08 8.678353781679027717e-08 6.862019099911600832e-08 8.010281369822862500e-07 -5.692199471946320419e-08 1.158960397532767002e-08 -4.155115495242353090e-07 1.126587756711097703e-07 -1.452705734853547133e-07
9.508714331057195324e-01 -5.255119841469501007e-07 -6.377321632678466327e-08 -1.262415827925978378e-07 -5.049189961650045677e-07 -1.102242658625665157e-07 -2.779139779663844214e-08 2.460121566275278560e-08 -6.802561605048662307e-07 -1.392577634965879174e-07 -3.876372470869945071e-08 2.336382452808648618e-08 -1.179594331853469555e-07 -6.813349234322136670e-08 -1.674415839432702508e-08
9.550563230073290111e-01 -2.651680207025937150e-07 -7.326041694975246979e-08 1.135349385869605374e-07 -2.442343849514044844e-07 -5.446189374616803084e-07 -6.219595873641717070e-08 4.788539192886654452e-08 -3.365828202191040499e-07 -1.085392792049141143e-07 -4.448472275092049760e-08 2.713887863409896900e-08 -1.166531654427171112e-08 5.246347037632647045e-08 -4.533135994392524067e-08
9.592513211539739348e-01 1.485288970907533761e-07 -2.455508152947179309e-07 -7.577705805582963842e-08 -7.214164547552856854e-07 5.769874596724725604e-07 4.530580028193939447e-08 -5.677775391209594802e-08 -1.022533500917260795e-06 1.265620394574566350e-07 -2.730948905251910769e-09 -3.455721699154790426e-08 -7.845988883008832164e-07 -3.170826178948609023e-09 -2.170372735560841684e-07
9.634451052878124644e-01 -9.032882918652865918e-07 -1.715473521734091647e-07 6.397603848106099988e-10 2.370102634845983791e-07 -1.006284195421836336e-06 -2.947451280425413805e-08 -8.059454697877590792e-08 1.528393378274553833e-07 -4.549516788277573159e-07 2.932073050522743746e-09 1.191603333423456172e-08 -5.061800561826627493e-07 -1.865922460376012747e-07 -9.350296713307264759e-08
9.676230540453005791e-01 -2.965191509685468625e-07 2.296299332275696890e-07 -2.565910999877369018e-09 -1.521863013273248085e-07 -1.962274515290636037e-07 8.586896580786129146e-08 3.801531212442304542e-08 -1.239939715947345732e-06 -4.090306556259301876e-07 -2.115274754222831950e-08 6.148418880476881252e-08 -7.791127142282853763e-07 -2.104230914551589678e-07 -1.239731770956356591e-07
9.718094297475188270e-01 3.898234742037702214e-07 1.153856762630006341e-07 -8.536639812619264869e-08 6.885744703422489495e-07 -2.653759536081608632e-08 -1.551565930398329852e-08 6.208768154392337247e-08 5.620964115920453134e-07 -6.245828273656128874e-08 -5.496920574325037758e-08 5.823420159205108079e-08 -8.426630201726706305e-08 -5.839624634908190616e-08 -2.709285197716143835e-07
9.760091362076940280e-01 -2.344547404023340066e-07 -1.158339699126506940e-07 -6.990164395169793314e-09 7.994879971855604683e-07 1.420873678331109829e-07 2.008765457207719827e-09 -5.369483431939865973e-08 1.248522453320733066e-06 4.645826303481267359e-07 -2.332557070240996212e-09 -3.750588935300610879e-08 2.475123597442443394e-07 5.571068234726824152e-08 9.050614066020886717e-08
9.802075838006468755e-01 -1.289632707336962055e-06 1.384844297611078660e-07 -5.778117446200422362e-08 3.392263989590666178e-07 -9.543049940771638802e-07 -1.827464459791036217e-09 4.357415266413414114e-08 -3.992460415414973274e-07 -1.795855530215743037e-08 2.821607028340946700e-08 -3.081225601514427869e-09 -8.210000499585731297e-07 6.317658248698269653e-08 -2.634283892836622844e-07
9.843901124947946890e-01 -5.389926943229072926e-07 6.202785089431921314e-08 -1.342842069547561021e-07 7.974646162377173459e-08 -3.162144463044164464e-08 -3.554370245416713653e-08 3.180952363670531776e-08 -6.003245790484730539e-07 9.580046860084632955e-08 1.059114443371750640e-08 7.910551987787167080e-10 1.995801114775226029e-07 1.095362005086102040e-07 -2.075085622267895063e-07
9.885650797815361823e-01 -1.264730299564524427e-06 -8.483107920763089253e-08 -8.134181620427874627e-08 -9.322907527009974465e-07 -1.191396258046652159e-06 2.517459698472746675e-09 -2.492113195924794558e-08 -7.667693177130854735e-07 -1.575315578287590503e-07 -1.253754076196941549e-08 -1.840730113483854686e-08 -3.654486043451454368e-07 1.792871105018534071e-08 -1.891218469099729363e-07
9.927561705083151056e-01 -6.384525329588243318e-07 -2.632466610852344464e-08 -5.658613664139084247e-08 -9.314242931343597745e-07 -1.691080617936963058e-07 1.688148370992423366e-09 4.960353619514503849e-09 -8.468133214058397698e-07 1.807885659265668020e-07 2.633893827043933463e-08 -2.504062818192481285e-08 -1.538436322418844189e-07 1.515004953741039024e-07 -6.854962393214536947e-08
9.969400597939003239e-01 -5.004047153167576701e-07 1.644650177434779742e-07 -8.979752136806324223e-08 -9.532451285818344999e-07 -1.698756550965331664e-07 1.107583217020157828e-08 -2.296766314770614073e-08 -4.569698666235978702e-07 -2.267745824779766785e-07 1.067393288075455310e-08 -2.299154946890411224e-08 4.464334020657843246e-08 4.417578107681662818e-08 -6.667714682554244486e-09
1.001125867816581083e+00 6.599510257510077231e-07 2.134262532590276642e-08 9.234378235094679309e-08 2.199021620889945337e-07 1.356611070660490656e-06 -8.335572864279686403e-09 5.423987077303001417e-08 8.619598678756952363e-07 7.402546262620812849e-07 1.352996876750646556e-08 -1.778853545844828311e-08 4.547079303522734674e-08 5.400430312399842272e-08 -8.698127979757246609e-09
1.005315482813002204e+00 2.733142205116533343e-07 3.446075238749080352e-07 -1.192425476634077474e-07 -7.985248083720036391e-08 -9.308417555616568563e-08 2.677280903275180235e-08 2.274400493024995690e-08 -5.991084223265629277e-07 -2.130391317983530156e-07 -1.085143795513537266e-08 1.302660614066406197e-09 -5.183053206473165584e-07 -5.959443214155060357e-08 2.386903176880410650e-07
1.009503724426713545e+00 6.252814541250759869e-07 1.311899852991264004e-07 -8.618633348916282925e-08 1.376029072165598530e-07 -4.612579677952718089e-08 -3.001464066151019824e-08 -3.542326299789359458e-08 -2.357820364796985658e-07 -4.860317924943711046e-07 7.384842726193837878e-09 -3.480771493475653687e-09 1.012293949835892160e-07 -1.399396482774465829e-07 5.398574120654432349e-08
1.013699103815393299e+00 -3.881314202506680036e-07 -6.638892508957242956e-08 9.148319726846002448e-08 -4.229127614033067735e-07 -5.369355933079301894e-07 1.309898026982047156e-08 -1.282744263267282533e-08 -7.675395620708668018e-07 -1.430714583416401165e-07 2.825689816999962510e-08 -5.033425438931494834e-09 1.626583870611178218e-07 -4.823323258581289185e-09 4.718745390883205394e-08
1.017885842421875964e+00 6.801275175688816562e-07 2.161965616314131759e-07 -2.198337701217875299e-07 1.344561409187147595e-08 1.113664346756746723e-06 -1.518505633303247811e-08 -8.226928866680698711e-08 -5.093002169121208420e-07 7.274643847467567384e-07 -2.583100840675114130e-08 -8.009267546514930126e-09 -3.456902143104393776e-07 1.197999877363119303e-07 9.866326002232582140e-08
1.022076284359184406e+00 6.652834388872020716e-07 -2.627674008321952542e-08 4.365189671886683623e-08 -3.449909685370479375e-07 7.231210987169711361e-07 -2.048090397057002792e-08 7.076798146769739389e-08 -2.945052643940804183e-07 6.646226817854286274e-07 -1.240267836877445499e-08 3.212165649007674373e-08 -1.881979008500049311e-07 1.444827620248739375e-07 -4.646969382998524778e-08
1.026273875264014812e+00 -1.304532895944242010e-06 6.866460574767231441e-09 -1.040549018295834722e-07 -1.416705496432161773e-07 -1.195302148913171741e-07 -3.804660469949520265e-08 -2.106236267060407402e-08 4.526229933397076361e-07 5.519622123921149548e-07 3.377351808875438903e-08 -6.308157449123205791e-08 9.340150311323105394e-07 1.486658140204179703e-07 1.277276933290644273e-07
1.030463237552156075e+00 6.080045734994980290e-09 -6.628662161887967789e-08 -3.211289047745202026e-08 -4.931413466111877863e-07 -8.945944848146232222e-07 -7.993742460759708755e-08 4.697239085462876542e-08 -8.974798997080711748e-07 -6.449881953800878479e-07 -5.391514379673404565e-08 5.607911193567269632e-08 -4.347220557508500872e-07 -1.155849037724996375e-07 -1.930032211809291546e-07
1.034646639530784062e+00 -4.675459175177866216e-07 4.352894791952205189e-08 8.591604765711031814e-08 9.818756543873867722e-07 -8.670524941753610914e-07 -3.380587071137982998e-08 -1.548204170401770324e-08 9.271709330888277162e-07 -4.947534468859640769e-07 -2.623215865885034752e-08 1.984837522398544250e-08 5.375538014061096983e-07 -1.823214023565233782e-07 4.190994249172213819e-08
1.038830480088573260e+00 -2.650498848762375949e-07 -3.888061076590371199e-08 1.127574683688080536e-08 -3.217309330939933463e-07 1.266703646554632698e-07 -2.582709672178212686e-08 -2.535339726735088149e-08 -3.642117184443060390e-07 9.139325975808257941e-08 9.380860562009008937e-09 -3.707183662083241739e-09 -9.717016855533870560e-08 1.767453801951330058e-07 -4.606792845192280500e-08
1.043023229532383578e+00 6.141896474224339781e-07 1.203071626261691049e-07 -9.368855653518434767e-09 6.249993981820120129e-07 1.134493612501471473e-06 4.817454422391116096e-08 -1.834086655863172389e-08 9.337252744371747140e-07 5.714964562634726794e-07 8.636940269926530976e-09 -3.654797958467913693e-09 8.200584981217528369e-07 1.794645130375467533e-07 2.412377280361067632e-07
1.047211320931656031e+00 8.040292026829682746e-07 2.341023874674610807e-08 -3.274257508574491128e-08 6.375452984164766022e-07 2.297308651217507631e-06 -5.544302879271599788e-08 -5.899650187096182511e-08 3.452129511774011146e-07 1.019233467580973207e-06 -1.759607420510213409e-08 -7.766746083443949727e-09 -9.043809847206893525e-08 8.713269499567654083e-08 -8.733727594633578271e-08
1.051395396220772938e+00 -3.879218109925362074e-09 1.061671345619397857e-07 -8.053024054416601116e-08 -9.700633491546617752e-08 -1.069675460003804689e-06 3.400718599147301969e-08 -4.194065401626662623e-08 -6.103870703103272631e-07 -6.597476492898933833e-07 -2.688392207235987005e-08 -4.013197163242821551e-08 -5.081626965092130117e-08 -1.172906008944406065e-07 1.272432875288992758e-08
1.055587561333155788e+00 3.825875345251302929e-07 4.832618438660943279e-08 5.916888173649306687e-08 -3.597702444464703616e-07 1.532912191407963771e-07 -5.456618007089381038e-08 -1.031302888120931643e-09 -4.432684370271996767e-07 -1.247595600786378561e-08 -3.931094160391995103e-08 1.707707568159314088e-08 5.649501259131794606e-07 -1.284896872182218763e-07 2.102263749546870226e-07
1.059780855230085139e+00 4.022608599350872592e-07 -3.438822313633036800e-08 3.279147908477660553e-08 4.566731026990697928e-07 -1.381836949544309216e-08 -6.109849191442429466e-08 -3.783948110228115077e-08 3.348760349356395332e-07 -4.870656870194116706e-07 -3.743286382568491227e-08 -9.383189306434118023e-09 1.470062837493109485e-07 -2.056479163481934361e-07 -1.315010416887164880e-08
1.063968553353427993e+00 -4.027493688736400126e-07 1.604820363907822424e-07 -1.581097781551413566e-07 1.293290978224309422e-08 -1.397189566236628600e-06 4.596786427310851032e-08 -3.084805884080601562e-08 3.847177029686782029e-07 -9.235012090255475419e-07 1.567200476918135921e-08 2.085964004633108481e-08 3.463037960407548080e-07 -1.974669375138950880e-07 2.143157506974202385e-07
1.068144877931138659e+00 3.434719322146459424e-07 8.897184361347667204e-08 -1.128953223374074842e-07 -1.349066003526074643e-07 7.669610949200086785e-07 6.599665707193573399e-08 2.954838391960933145e-09 1.131470046788519767e-06 1.239828166329199325e-07 5.502540149846616097e-08 -3.668864234559507744e-08 4.382271445538542409e-07 8.369813098802990064e-09 5.090184405394871759e-08
