# Columns: ('k', 'P')
5.345493089407682419e-03 2.208449479166666424e+04
9.344366739594166943e-03 2.425663508064515918e+04
1.312833575873958818e-02 1.920047448979591718e+04
1.700891779646987109e-02 2.084959761904762127e+04
2.135270729660987757e-02 1.997240714285714421e+04
2.564347373114691728e-02 1.985196444444444569e+04
2.962204995889996390e-02 2.018387375415282440e+04
3.361537105103177409e-02 1.719448425196850440e+04
3.793950578533830664e-02 1.441377057793345011e+04
4.227894949913024725e-02 1.308449600000000100e+04
4.633325368513459275e-02 1.214089300411522527e+04
5.038752434764964816e-02 1.161097684674751872e+04
5.464178940864524575e-02 1.053578145087236044e+04
5.886817494447561805e-02 1.026251721377101603e+04
6.290140578098464552e-02 1.037609916094584332e+04
6.703999959526124597e-02 9.619318753744757487e+03
7.134254496146247293e-02 9.223778613648577448e+03
7.561818131868787429e-02 8.922310791366906415e+03
7.973924831766336652e-02 8.464247820100963509e+03
8.385356744461984480e-02 8.070497417560587564e+03
8.809929027616206221e-02 7.734440322016100254e+03
9.230415566644713243e-02 6.872199264460046834e+03
9.643308925551019595e-02 6.490269009391093277e+03
1.005689394841856182e-01 6.460454417952314543e+03
1.047818671679182218e-01 6.335325865073437853e+03
1.090277839220875067e-01 5.942576806878922071e+03
1.132170024075020015e-01 5.824406794617250853e+03
1.174008276592510003e-01 5.708626380244931170e+03
1.215998212929585570e-01 5.827670900473933216e+03
1.257670524258165945e-01 5.569882772136113090e+03
1.299386812889573861e-01 5.639993413469454936e+03
1.340949328200468638e-01 5.506137394891322401e+03
1.382635146262869985e-01 5.285425300681061344e+03
1.424925274014779975e-01 5.055539650264334341e+03
1.466886301613080090e-01 5.117798078188758154e+03
1.508619281817311364e-01 4.900173088610672494e+03
1.550655715237884702e-01 4.903462749213011193e+03
1.592593057242017163e-01 4.628993758896310283e+03
1.634144802506764804e-01 4.533267626666666729e+03
1.675823814986522053e-01 4.576049421765344960e+03
1.718045804481128369e-01 4.480396083916083626e+03
1.760135067162232891e-01 4.466522174665331477e+03
1.801930849481122865e-01 4.473074759185064977e+03
1.843742310006669383e-01 4.447043673571250110e+03
1.885797907737228885e-01 4.424187466276111991e+03
1.927656395855336380e-01 4.324917374990428470e+03
1.969014247343738311e-01 4.312061659274339945e+03
2.010715631758494826e-01 4.318241244065231513e+03
2.052920278941077759e-01 4.253529589490968647e+03
2.095172132851458313e-01 4.221082981538655076e+03
2.136973919461863936e-01 4.136714914728681833e+03
2.178750579130910581e-01 4.123109839416059003e+03
2.220823871858727816e-01 4.146852597732272443e+03
2.262696206803614107e-01 4.049093484108250323e+03
2.304259495491637610e-01 4.024714611750968743e+03
2.345870470308363265e-01 3.985848221102458410e+03
2.388019843668800213e-01 3.997805822430358148e+03
2.430077045539564273e-01 3.973204012741881797e+03
2.471758835690957279e-01 3.941239641296850095e+03
2.513692282969401393e-01 3.908007877116975578e+03
2.555723900555613159e-01 3.930266157738989023e+03
2.597674086758080536e-01 3.968302508547184516e+03
2.639178243143465163e-01 3.847299693063228915e+03
2.680749053388929992e-01 3.903852271404740350e+03
2.723023159652920855e-01 3.877819338140137006e+03
2.765128993165419935e-01 3.749098648598887848e+03
2.807027558108621257e-01 3.811550588648743542e+03
2.848857048782151291e-01 3.813812463031905736e+03
2.890807276511347390e-01 3.789811104146735488e+03
2.932785963698960052e-01 3.714294938404731965e+03
2.974321103275098244e-01 3.744709349528528037e+03
3.016123755453711253e-01 3.696652852578731199e+03
3.058101306126284613e-01 3.703826050445371038e+03
3.100169013058213241e-01 3.732535452954173707e+03
3.142092054499603937e-01 3.667998743323908457e+03
3.183867581993897744e-01 3.682323481703461312e+03
3.225872806380196689e-01 3.643270270991857160e+03
3.267666134956833113e-01 3.671413644647526780e+03
3.309328793177434003e-01 3.604539232948021436e+03
3.351106094819492620e-01 3.624135349244033478e+03
3.393095635241137886e-01 3.615074459644652052e+03
3.435164909601532424e-01 3.625392199938582053e+03
3.477107828395046285e-01 3.630070297876273798e+03
3.518857632385993806e-01 3.564942110876619608e+03
3.560773601155671764e-01 3.590292468701522466e+03
3.602869583190161928e-01 3.514843608409027183e+03
3.644651314494253280e-01 3.554211731831749603e+03
3.686396969138741597e-01 3.476907539527520385e+03
3.728293490692060064e-01 3.539369485404754869e+03
3.770363943591221734e-01 3.515742898918023457e+03
3.812363476230308246e-01 3.512811795316565622e+03
3.854151001761994544e-01 3.492850582062324520e+03
3.896036609276134488e-01 3.489363772041346238e+03
3.937795188298078841e-01 3.455405523544605330e+03
3.979440121859478263e-01 3.476485675112623085e+03
4.021139093959122945e-01 3.438708292346190319e+03
4.063125473519741959e-01 3.445859454726099557e+03
4.105412337000748924e-01 3.447465306055699784e+03
4.147348513424723437e-01 3.405282005078221118e+03
4.189107072788281205e-01 3.414545489229790746e+03
4.230974458873490440e-01 3.403941025040954628e+03
4.272931017784594721e-01 3.413607096508236737e+03
4.314914597889396575e-01 3.408716710788052751e+03
4.356511657187753794e-01 3.360262432218454705e+03
4.398424714372368149e-01 3.347987192076164320e+03
4.440501096253816060e-01 3.360267209126989655e+03
4.482267995597921106e-01 3.362347284705489074e+03
4.524052955624214833e-01 3.347990868703437627e+03
4.566090370716148206e-01 3.343355964155327001e+03
4.608167345232359602e-01 3.311858235580657492e+03
4.649807004194579374e-01 3.296688405324710857e+03
4.691538412338705499e-01 3.294285938707511377e+03
4.733478660854565923e-01 3.265715943183657146e+03
4.775500571590020615e-01 3.296905193111601420e+03
4.817339668262712316e-01 3.281531982981199235e+03
4.859144486179413636e-01 3.280182561083308428e+03
4.901253014646845263e-01 3.261836032973766578e+03
4.943123469046620255e-01 3.261672513140189039e+03
4.984736352163280926e-01 3.241798866374775116e+03
5.026590175755135670e-01 3.249477299479653993e+03
5.068609874671098359e-01 3.236482394404381466e+03
5.110594969236802454e-01 3.221674795184841059e+03
5.152492143998165242e-01 3.205649492772667600e+03
5.194329446403447292e-01 3.223765446331204203e+03
5.236343966812646578e-01 3.216107337052468210e+03
5.278273202285619359e-01 3.192514151276795474e+03
5.319960289661083142e-01 3.193299401138332087e+03
5.361714606880219058e-01 3.178658465611039901e+03
5.403746341115985841e-01 3.170784920205443541e+03
5.445761271811226933e-01 3.156192782427763177e+03
5.487504495497673718e-01 3.154891126506418459e+03
5.529407188847204058e-01 3.153234422654008540e+03
5.571409160243757652e-01 3.144487608454239307e+03
5.613298710076027875e-01 3.123404685525420064e+03
5.655062273890127944e-01 3.105301151812190255e+03
5.696867440757813483e-01 3.126890737545179036e+03
5.738956962163594966e-01 3.116408278599601545e+03
5.780928931821998074e-01 3.109147694192065501e+03
5.822632082368282003e-01 3.098414335302255950e+03
5.864430818515700139e-01 3.087115137469714227e+03
5.906376744177569416e-01 3.093100029611133778e+03
5.948356639293215231e-01 3.096820346915218124e+03
5.990145245351002901e-01 3.072810508690422466e+03
6.031829951024257896e-01 3.076282169661307307e+03
6.073740528893091239e-01 3.059906677636296536e+03
6.115768025272423358e-01 3.053904272817261244e+03
6.157709999052726202e-01 3.057325546284089796e+03
6.199632033061295289e-01 3.030996814061672012e+03
6.241630073601005524e-01 3.029189507120168400e+03
6.283593419742632413e-01 3.044439862251355862e+03
6.325410970511358144e-01 3.030433776343935278e+03
6.367142934397111986e-01 3.015007444305692388e+03
6.409035111296714771e-01 3.005593213662326889e+03
6.451032414203190513e-01 3.006305858469839222e+03
6.492879960433929343e-01 2.993328292627634255e+03
6.534659565167412199e-01 2.991979598375716705e+03
6.576591096251971358e-01 2.988669073405535528e+03
6.618529318173127507e-01 2.957001475651746205e+03
6.660240806624719845e-01 2.967154502825538202e+03
6.702067837325265121e-01 2.962982030799023960e+03
6.744172078858062802e-01 2.954572324249304529e+03
6.786118470694568749e-01 2.952603579377420374e+03
6.827984632269354925e-01 2.940247982295500606e+03
6.869817190728493284e-01 2.933396767568532596e+03
6.911718537668972706e-01 2.944782733545308474e+03
6.953555757803714377e-01 2.922357700207728158e+03
6.995344578248842149e-01 2.923910986691247217e+03
7.037287080426966046e-01 2.916552031552398148e+03
7.079143047683177370e-01 2.931248406151168638e+03
7.121186708914419849e-01 2.904981574447861476e+03
7.163134586559813943e-01 2.895756376260900197e+03
7.204913743324549147e-01 2.904362303631109171e+03
7.246803303573465804e-01 2.872175027793588015e+03
7.288763139521579060e-01 2.885154899651987307e+03
7.330585858177069980e-01 2.871712910339480914e+03
7.372316460878666211e-01 2.869795787193190336e+03
7.414228582192774475e-01 2.886681913547947715e+03
7.456189233192468402e-01 2.857064922970625048e+03
7.498104357603715409e-01 2.858432129520513627e+03
7.539974210986608583e-01 2.840473761556268983e+03
7.581896432224403126e-01 2.851494683195992820e+03
7.623808635582298709e-01 2.835569842974291532e+03
7.665651179243168079e-01 2.824229183583343911e+03
7.707536376893210361e-01 2.819311596214748533e+03
7.749462441506549393e-01 2.824685182006689047e+03
7.791369706159705366e-01 2.815484030185412848e+03
7.833258379320860998e-01 2.823088265675268758e+03
7.875159923311807475e-01 2.810571329636774863e+03
7.917084473473344763e-01 2.791055810741573623e+03
7.958821489764076329e-01 2.794682005601196579e+03
8.000624711264275879e-01 2.780695648389525559e+03
8.042564632677895453e-01 2.794427124675560208e+03
8.084384840922628213e-01 2.778413664059054099e+03
8.126333827326218673e-01 2.766230067924655486e+03
8.168271974569206728e-01 2.770177230681537367e+03
8.210215013846777765e-01 2.762491262095859383e+03
8.252154165835711153e-01 2.749582768320979085e+03
8.294030928027252836e-01 2.758728306920136220e+03
8.335906177358420877e-01 2.743986879485495137e+03
8.377685055574061179e-01 2.729573683182446985e+03
8.419567321810370597e-01 2.730957452581986217e+03
8.461556560528051829e-01 2.732438906195915933e+03
8.503430793856373571e-01 2.738276698220312483e+03
8.545245844763238452e-01 2.734852817249072814e+03
8.587196453110093053e-01 2.729207346351133765e+03
8.629074356793987599e-01 2.702610645948811907e+03
8.670852851041029874e-01 2.711585360693886287e+03
8.712764322546306950e-01 2.700739073383198956e+03
8.754762482209730301e-01 2.707057415451837187e+03
8.796707871283522273e-01 2.702409479008343169e+03
8.838562230043255363e-01 2.690111084440081413e+03
8.880381778113320967e-01 2.682254640011619813e+03
8.922270343284932625e-01 2.679392386247708146e+03
8.964225606826218273e-01 2.673359812192897607e+03
9.006049937954708762e-01 2.675796663634445395e+03
9.047836597735116060e-01 2.658264334962248086e+03
9.089780979826244112e-01 2.657211750100093468e+03
9.131704604392389957e-01 2.660849592608147759e+03
9.173547939963542230e-01 2.637185823049973351e+03
9.215425641203977003e-01 2.639951371624447347e+03
9.257400426006253680e-01 2.632368823844021790e+03
9.299303374406617806e-01 2.635333426289524141e+03
9.341108320934566889e-01 2.626904834924913757e+03
9.382896274893376409e-01 2.628625072047027061e+03
9.424819589406939757e-01 2.617756644406562373e+03
9.466849903170519998e-01 2.612881916902297689e+03
9.508714372697236739e-01 2.616185146770613301e+03
9.550563272515000257e-01 2.616133608777487098e+03
9.592513251996269696e-01 2.606998126360205333e+03
9.634451086873557779e-01 2.590794137029336071e+03
9.676230560992039598e-01 2.599119327428853921e+03
9.718094315141506678e-01 2.591653814094728659e+03
9.760091384699259853e-01 2.590178491391810894e+03
9.802075861440016080e-01 2.593460382675721121e+03
9.843901148360403308e-01 2.567141286258245145e+03
9.885650823357318151e-01 2.575761607018004725e+03
9.927561727774172340e-01 2.561483588460197552e+03
9.969400612823333674e-01 2.562963488723837600e+03
1.001125869418830527e+00 2.558043945592231012e+03
1.005315484942841842e+00 2.554543983385254251e+03
1.009503726366628662e+00 2.539970154885100783e+03
1.013699105348644380e+00 2.536818617080503373e+03
1.017885844725940903e+00 2.540270255824688320e+03
1.022076286683117230e+00 2.536063581272212105e+03
1.026273877472383855e+00 2.536697151547426984e+03
1.030463239787097196e+00 2.531469492367505609e+03
1.034646641187157767e+00 2.525387760230565618e+03
1.038830481953167961e+00 2.518253275199458130e+03
1.043023231781678994e+00 2.517079647152673715e+03
1.047211323066836730e+00 2.515036783737125461e+03
1.051395398127297209e+00 2.511114294451703699e+03
1.055587563104613880e+00 2.506962627179914307e+03
1.059780856727602139e+00 2.508126545103992157e+03
1.063968556420723965e+00 2.498878754863812901e+03
1.068144880416857623e+00 2.491231104740502815e+03
1.072333633452619006e+00 2.489074495831530385e+03
1.076529253057676216e+00 2.481045519165646965e+03
1.080715400283896122e+00 2.479106473991478197e+03
1.084904937757751986e+00 2.476225068041012037e+03
1.089093300089507776e+00 2.466633655859033752e+03
1.093287965133928008e+00 2.465047092818839701e+03
1.097481085811558232e+00 2.459734636657382453e+03
1.101662776409192190e+00 2.464290612267460347e+03
1.105848290254944244e+00 2.462868459722517400e+03
1.110043793979991644e+00 2.451676330999058791e+03
1.114237023809220739e+00 2.451451010090765067e+03
1.118420805049871847e+00 2.448725499616753496e+03
1.122606629998229799e+00 2.438910611072095435e+03
1.126802898237847739e+00 2.444183178857028906e+03
1.130994976296560539e+00 2.430580709182034298e+03
1.135175533784718027e+00 2.433583894659737325e+03
1.139357860122899746e+00 2.427600078299607958e+03
1.143548832013401961e+00 2.421700735204724424e+03
1.147744098692863979e+00 2.422926646075943154e+03
1.151930258503316207e+00 2.411217450176851344e+03
1.156114232390595964e+00 2.408278310455036717e+03
1.160308692106501116e+00 2.401005909112517202e+03
1.164501700990582700e+00 2.408738288670127531e+03
1.168678959506465720e+00 2.402463115317886604e+03
1.172865669610118289e+00 2.393795350851103194e+03
1.177061145345679405e+00 2.397981471662126751e+03
1.181252182153417207e+00 2.396898874159615389e+03
1.185442697428134684e+00 2.391480224774976705e+03
1.189630151057687435e+00 2.384954282072882506e+03
1.193820876343915316e+00 2.376774247095555893e+03
1.198003141604817579e+00 2.373393845017614240e+03
1.202184527033199002e+00 2.376029085741537529e+03
1.206372135237262944e+00 2.368280280480329111e+03
1.210565321295419716e+00 2.371247987573181490e+03
1.214760709256321958e+00 2.362788823483777833e+03
1.218950145753962211e+00 2.357129905310471713e+03
1.223140777156029202e+00 2.345594970832843956e+03
1.227332563323387804e+00 2.357564122481289814e+03
1.231523791364626197e+00 2.344067107752210177e+03
1.235709674197492891e+00 2.349045449126725998e+03
1.239894104855610024e+00 2.351082009366584316e+03
1.244085199641275175e+00 2.336616758665059024e+03
1.248274616108604684e+00 2.335884634917102630e+03
1.252460263056633494e+00 2.331841377457235012e+03
1.256641781391746759e+00 2.328412609037767652e+03
1.260830493743795078e+00 2.324179055820713529e+03
1.265024814818490384e+00 2.318399566702483298e+03
1.269212808379171831e+00 2.316622777114394921e+03
1.273398718328484058e+00 2.307716094147911917e+03
1.277589930317072353e+00 2.302691345583978091e+03
1.281783328582800641e+00 2.302515900460216471e+03
1.285972080486905034e+00 2.311141619753203486e+03
1.290156579559975425e+00 2.303631369216844178e+03
1.294343805689634586e+00 2.297971053898660102e+03
1.298534697318596942e+00 2.293850367748696044e+03
1.302723872851872855e+00 2.286123407539798336e+03
1.306913844536056635e+00 2.284143768574355363e+03
1.311100235554829352e+00 2.281039792564957679e+03
1.315291378090714058e+00 2.282768017478124420e+03
1.319485429649518426e+00 2.276195549503225266e+03
1.323671691103845527e+00 2.276306938250005260e+03
1.327849162327379373e+00 2.272523831444477310e+03
1.332037726890449303e+00 2.263941501077834346e+03
1.336229686086527702e+00 2.266676317115160600e+03
1.340410985183371206e+00 2.270045004875606082e+03
1.344604974927837482e+00 2.256835500973398666e+03
1.348801090155597793e+00 2.257540549963828198e+03
1.352988934002313570e+00 2.255904173205649840e+03
1.357177625516569952e+00 2.251697201152832349e+03
1.361366867136686976e+00 2.250144178919630122e+03
1.365558450012641867e+00 2.238583312270899114e+03
1.369749216385353963e+00 2.241826964467912603e+03
1.373933126113193071e+00 2.236937731476339650e+03
1.378123857836618837e+00 2.237733915557871569e+03
1.382318655401079788e+00 2.226141645822655846e+03
1.386505839977124843e+00 2.229231035541132314e+03
1.390689422393647012e+00 2.224697118324334951e+03
1.394878117964128528e+00 2.217423274333619702e+03
1.399063633035257270e+00 2.218631238215768917e+03
1.403246368404203359e+00 2.219450519648891714e+03
1.407435251745655647e+00 2.217862438221920002e+03
1.411625036678801681e+00 2.209747013298955608e+03
1.415821117777191995e+00 2.208695007289693422e+03
1.420010287023719897e+00 2.203850855626925295e+03
1.424194864773020708e+00 2.200197320103079164e+03
1.428388062511412038e+00 2.195369692762052637e+03
1.432582245102057117e+00 2.196374540634240930e+03
1.436769796868119897e+00 2.195925912782956857e+03
1.440952506747352979e+00 2.187504656893455376e+03
1.445144836684779222e+00 2.185259223237589140e+03
1.449337792654411761e+00 2.185554999447295359e+03
1.453520732786314440e+00 2.182059477261690972e+03
1.457704364433618727e+00 2.182596879164654638e+03
1.461898061746591093e+00 2.177143236851877191e+03
1.466097034999221504e+00 2.170609986795027453e+03
1.470274954725589556e+00 2.166998391669499142e+03
1.474457375601949227e+00 2.168729334446147277e+03
1.478652318750868444e+00 2.162962988743715869e+03
1.482842789208729473e+00 2.163289089257272735e+03
1.487032707440818058e+00 2.159341761714644690e+03
1.491219103256599343e+00 2.160157020568377902e+03
1.495407230754796979e+00 2.153255859645618784e+03
1.499589625391407166e+00 2.150418249775354980e+03
1.503776124099224010e+00 2.148660038017614170e+03
1.507964971645812779e+00 2.148111469558314184e+03
1.512158861650106045e+00 2.144761446263559719e+03
1.516354486775962185e+00 2.144887020478624891e+03
1.520541492331352496e+00 2.138792234853289301e+03
1.524727859068774505e+00 2.133833226530536194e+03
1.528916653440548279e+00 2.139729587457938123e+03
1.533109492889146441e+00 2.127504856707834278e+03
1.537296697313974780e+00 2.126486124839159856e+03
1.541477397420393247e+00 2.127577649380098592e+03
1.545670164609463271e+00 2.123177970214355810e+03
1.549867228918928808e+00 2.115775869828389204e+03
1.554052104622884567e+00 2.117942862967729525e+03
1.558237007788923822e+00 2.111247169652929642e+03
1.562430247180291332e+00 2.112224570634493830e+03
1.566622820280867856e+00 2.107562895961575578e+03
1.570807079941161311e+00 2.105663564018354919e+03
1.574993421491894363e+00 2.109449631797742313e+03
1.579187283936055453e+00 2.106322957516065799e+03
1.583378842622939597e+00 2.098832677158773095e+03
1.587563621220750676e+00 2.092821329902566958e+03
1.591746881406511660e+00 2.093188560498890638e+03
1.595936202456838870e+00 2.089052231565153306e+03
1.600127048400993957e+00 2.094318733270647954e+03
1.604312308464201697e+00 2.090463344076228623e+03
1.608492537328001237e+00 2.087414894872652894e+03
1.612683110174511825e+00 2.086152878196286565e+03
1.616882723679457623e+00 2.078908619199230543e+03
1.621073598710121688e+00 2.077861804112356822e+03
1.625260699608585213e+00 2.077357454553521166e+03
1.629451582343469873e+00 2.071703030666317773e+03
1.633641963395092489e+00 2.068690352632531358e+03
1.637828288940263333e+00 2.064090988006448697e+03
1.642014462954285658e+00 2.068482472145979955e+03
1.646203966570715993e+00 2.057036509713031592e+03
1.650395670990686847e+00 2.059318001326000285e+03
1.654579816863096076e+00 2.055959505002040714e+03
1.658763770569597895e+00 2.054321006887920248e+03
1.662959263276376332e+00 2.047123493499414280e+03
1.667147924457691666e+00 2.050242423815281654e+03
1.671327383567191571e+00 2.049322740921756122e+03
1.675518682631450984e+00 2.042517547416942989e+03
1.679713717940736872e+00 2.043197714781172863e+03
1.683901616122077449e+00 2.036084468592344365e+03
1.688088252489077457e+00 2.031729528927458205e+03
1.692278025053894908e+00 2.037037716736942230e+03
1.696471942645104924e+00 2.028106735802459525e+03
1.700658046865147321e+00 2.032558999411977084e+03
1.704841795042520314e+00 2.031083705855520748e+03
1.709033922116631077e+00 2.020735496963986861e+03
1.713226380757800538e+00 2.023811313320129102e+03
1.717416515905171748e+00 2.018739420501674658e+03
1.721601575344221757e+00 2.018895687101955218e+03
1.725791926874860938e+00 2.018368046571193872e+03
1.729983831173799613e+00 2.015682151392709557e+03
1.734168347238212560e+00 2.013658777382420567e+03
1.738351841625256577e+00 2.011530276907073585e+03
1.742539577817233010e+00 2.006390285553050489e+03
1.746734554826250729e+00 2.007160459700440697e+03
1.750924186772202962e+00 1.999515624158549826e+03
1.755108602413200991e+00 1.997249567181816474e+03
1.759295034511682454e+00 1.995147774326421313e+03
1.763486011082304294e+00 1.993360640053941552e+03
1.767679145777840244e+00 1.993998694417877459e+03
1.771867157785058655e+00 1.995133753038020131e+03
1.776054217718652684e+00 1.987236771321880951e+03
1.780245925488501468e+00 1.987993528106020676e+03
1.784436494897195580e+00 1.986917294262511632e+03
1.788626357473563022e+00 1.977328084936840469e+03
1.792811394933448099e+00 1.980006466394357631e+03
1.796997646676719906e+00 1.978351824949828369e+03
1.801189178538461499e+00 1.973564728035742519e+03
1.805374892291376820e+00 1.974090476701232546e+03
1.809560900277487283e+00 1.971501552883725935e+03
1.813748059916868938e+00 1.969417017266418043e+03
1.817942912217444640e+00 1.966058151426010227e+03
1.822136703075971642e+00 1.964403591153007937e+03
1.826320881355601111e+00 1.965424614871439417e+03
1.830508012800288409e+00 1.959156908259394640e+03
1.834699354645535019e+00 1.958612054987662987e+03
1.838887199709142273e+00 1.956712519178194270e+03
1.843069283880575782e+00 1.957662516479412034e+03
1.847261868136897300e+00 1.956361805754112311e+03
1.851456044137698820e+00 1.947872698741953172e+03
1.855643046581086031e+00 1.945138871482248533e+03
1.859829647537402764e+00 1.943320356511078899e+03
1.864018880165059455e+00 1.947983106070523036e+03
1.868207499860962351e+00 1.939704833432206897e+03
1.872391910034771900e+00 1.940567386093040113e+03
1.876580556321518101e+00 1.941519994361650788e+03
1.880773072577732741e+00 1.932596864513166338e+03
1.884967668262135909e+00 1.932414048204129813e+03
1.889155973139892142e+00 1.932545843828912894e+03
1.893343543743342794e+00 1.931506397863307484e+03
1.897532242500230781e+00 1.925816233868630889e+03
1.901720310721382257e+00 1.926218549566587626e+03
1.905907050571739036e+00 1.921602317248098188e+03
1.910089408644818354e+00 1.923666971665715892e+03
1.914280412363549955e+00 1.924371461600926068e+03
1.918475634577034183e+00 1.918224658214923238e+03
1.922662532101281796e+00 1.915970122515856929e+03
1.926849354242969214e+00 1.914613566435773237e+03
1.931038583493404515e+00 1.908926774112091607e+03
1.935228842817857231e+00 1.910485354532716428e+03
1.939419415720159856e+00 1.909766785081906846e+03
1.943604816697541704e+00 1.905255336490379023e+03
1.947795773441313161e+00 1.904764382976004072e+03
1.951985448912034959e+00 1.897782557420167450e+03
1.956173169402889878e+00 1.902137175153603494e+03
1.960361015638646176e+00 1.898913107260395918e+03
1.964548088750762478e+00 1.891707384704667675e+03
1.968738794575798368e+00 1.893928152548607159e+03
1.972926679447759346e+00 1.895077756030640785e+03
1.977116984260523624e+00 1.889741925590544724e+03
1.981307087968193548e+00 1.889495001405799030e+03
1.985496568711153653e+00 1.884692208089179076e+03
1.989685494473531602e+00 1.885882533085420391e+03
1.993869696479867448e+00 1.885435673615475253e+03
1.998058833308874682e+00 1.881659881441827110e+03
2.002246261912851377e+00 1.880002686976334644e+03
2.006427909850651670e+00 1.876954605912476154e+03
2.010616307577729245e+00 1.878208606172058808e+03
2.014806085132099245e+00 1.876695153116561869e+03
2.019000568588143363e+00 1.873172078407390018e+03
2.023195430746997481e+00 1.868538208570260167e+03
2.027381955614978359e+00 1.865169504785480740e+03
2.031572809329872609e+00 1.867276438542155574e+03
2.035763018244526545e+00 1.862201037857585789e+03
2.039950246866036654e+00 1.859655603154741357e+03
2.044137730335822134e+00 1.859665808307516727e+03
2.048327557667391829e+00 1.859214484779690110e+03
2.052519261139833517e+00 1.855325270621092159e+03
2.056704268611715847e+00 1.852293364315528606e+03
2.060890701692316362e+00 1.855365298766271508e+03
2.065084343191653904e+00 1.846816317634237748e+03
2.069276034170366874e+00 1.845138079077191605e+03
2.073457293387135802e+00 1.844924252609972200e+03
2.077643244294256064e+00 1.846126707763379500e+03
2.081839133163741806e+00 1.845945013755888112e+03
2.086027924120152477e+00 1.842571931022554281e+03
2.090209269944161452e+00 1.838273648767591567e+03
2.094396473319325658e+00 1.838153822275739230e+03
2.098592574672133892e+00 1.835687485806856785e+03
2.102781064915467457e+00 1.832226939545364075e+03
2.106962406000783439e+00 1.833433258415355567e+03
2.111149951979941264e+00 1.833253961449670669e+03
2.115345634175864742e+00 1.827319927283733477e+03
2.119540211107577399e+00 1.827276524129053541e+03
2.123726591335647562e+00 1.824808855945786718e+03
2.127912760534397041e+00 1.824706739917386130e+03
2.132101888911323684e+00 1.822093173494604798e+03
2.136292449003933669e+00 1.820059688270659080e+03
2.140479861926601668e+00 1.818634718033016952e+03
2.144662164413149164e+00 1.817104068884730623e+03
2.148852920434892511e+00 1.813389358411148805e+03
2.153047938612133727e+00 1.813175706945749653e+03
2.157235012320589007e+00 1.812920828053300738e+03
2.161420921214011859e+00 1.808326392779352545e+03
2.165610642396947672e+00 1.807754532695795888e+03
2.169800288017678547e+00 1.806354504021399862e+03
2.173987184585965959e+00 1.803861653211393786e+03
2.178172960142512604e+00 1.802717009350203398e+03
2.182364864239531244e+00 1.802566630226534699e+03
2.186557664284342284e+00 1.800631360142803032e+03
2.190746957152461150e+00 1.799438220280136875e+03
2.194936268553784320e+00 1.794072158399713317e+03
2.199125633295520021e+00 1.799288061211124841e+03
2.203308899160635104e+00 1.792055687592788900e+03
2.207492872135924600e+00 1.794880168794254132e+03
2.211682759806699039e+00 1.790219823848153283e+03
2.215871770345377634e+00 1.786667531003831073e+03
2.220064411520566772e+00 1.786154808120358439e+03
2.224254150777284611e+00 1.783532291336487106e+03
2.228442618902002792e+00 1.780759070873673409e+03
2.232632403920630448e+00 1.782079729488235898e+03
2.236822314867304318e+00 1.779242321851045517e+03
2.241010913913977998e+00 1.778362673934441773e+03
2.245199108833254797e+00 1.776852430806437269e+03
2.249387144960164786e+00 1.774794887249114709e+03
2.253574872212158020e+00 1.776063620510470173e+03
2.257764655171491608e+00 1.770806935035406696e+03
2.261951429924077939e+00 1.772664383034114280e+03
2.266138307264268015e+00 1.769940542089689870e+03
2.270329748406502368e+00 1.768532916592035917e+03
2.274519453489098009e+00 1.766042355940488505e+03
2.278705483761034767e+00 1.766590283200786189e+03
2.282896848779047527e+00 1.757448534715972301e+03
2.287086920462242823e+00 1.760724093372974039e+03
2.291273734305824927e+00 1.756810623710098298e+03
2.295464851344977131e+00 1.756535835637292848e+03
2.299655140713934731e+00 1.755491550948737995e+03
2.303844317493361160e+00 1.754890600551971829e+03
2.308031548642709652e+00 1.752794481477727004e+03
2.312218471318860935e+00 1.750640004382840971e+03
2.316408285138674916e+00 1.750310072781734561e+03
2.320598063887748363e+00 1.748699671390439789e+03
2.324785898225416148e+00 1.747310397019984975e+03
2.328974317849304754e+00 1.742568732591712205e+03
2.333162996959519120e+00 1.745204606122171526e+03
2.337348769414455685e+00 1.739698173741993742e+03
2.341536082575446098e+00 1.740886273172246547e+03
2.345723091642367919e+00 1.733649678179454213e+03
2.349913659546441380e+00 1.737483806766689895e+03
2.354108933154626104e+00 1.736105120663297157e+03
2.358294733093643014e+00 1.735030494399897634e+03
2.362479691530005699e+00 1.732205467167270172e+03
2.366675485749731411e+00 1.731932611496089976e+03
2.370868740285753340e+00 1.728288486656289933e+03
2.375051253052724132e+00 1.727661580423947953e+03
2.379236966201520254e+00 1.727630920643898435e+03
2.383429022963358790e+00 1.726758048924803234e+03
2.387618663513711770e+00 1.723200240566271077e+03
2.391807112314234374e+00 1.722503346104351294e+03
2.395994233629209713e+00 1.719495362871540692e+03
2.400183060675047386e+00 1.719637143099458626e+03
2.404372065707998996e+00 1.715631119336327401e+03
2.408555112131206322e+00 1.715172386566829118e+03
2.412742636511727490e+00 1.712671426470891220e+03
2.416936146982760381e+00 1.714852947623643558e+03
2.421127860902923867e+00 1.711268661784842607e+03
2.425315090608349156e+00 1.709741145256984055e+03
2.429499815484957193e+00 1.710478333921504145e+03
2.433692239545322433e+00 1.707894718185873899e+03
2.437884609380724932e+00 1.706952898521755969e+03
2.442071809376054947e+00 1.702243086258967651e+03
2.446256071652669561e+00 1.702075233946109847e+03
2.450446112144013089e+00 1.702284904190307998e+03
2.454639861225597297e+00 1.699574936242660215e+03
2.458829446118792728e+00 1.698107313720264074e+03
2.463016641912538329e+00 1.694615017510492180e+03
2.467203132020871159e+00 1.695395069719858839e+03
2.471393467961978452e+00 1.695074037264242406e+03
2.475581827022697468e+00 1.691702519038341961e+03
2.479768532130242509e+00 1.689289946662510829e+03
2.483956431266109099e+00 1.688426823798823762e+03
2.488151137930053380e+00 1.685911305162148437e+03
2.492339774105493788e+00 1.685431536173384529e+03
2.496524473193857840e+00 1.685601643702950241e+03
2.500715181859466174e+00 1.684971972351568411e+03
2.504902496731781003e+00 1.680971503053292054e+03
2.509090404371297822e+00 1.682132953526083838e+03
2.513277733709609940e+00 1.680138740502023438e+03
2.517466465368684680e+00 1.680251994840326915e+03
2.521657136362752460e+00 1.677333027540268176e+03
2.525847324879827660e+00 1.676265700252896750e+03
2.530035154448115442e+00 1.673268318473480576e+03
2.534225153033854205e+00 1.671608304005090076e+03
2.538415274797682475e+00 1.672267445346165232e+03
2.542601875675921441e+00 1.667927244886363951e+03
2.546787610148527392e+00 1.669009219657974199e+03
2.550975666651115414e+00 1.665867758278780684e+03
2.555168061679214730e+00 1.665538097022242255e+03
2.559357237148639719e+00 1.666279663385133972e+03
2.563545711492616341e+00 1.661626104895113940e+03
2.567734959722515864e+00 1.662186297927749820e+03
2.571921993477870760e+00 1.656814288461091564e+03
2.576108329506042516e+00 1.658262473634361868e+03
2.580299215529794576e+00 1.656157030358571319e+03
2.584490868747889802e+00 1.655967863563086894e+03
2.588678220909993222e+00 1.653046929616210946e+03
2.592865117536498065e+00 1.652673588996727403e+03
2.597053967405146047e+00 1.650921346324400702e+03
2.601245334752298799e+00 1.651049394126485140e+03
2.605434051295222098e+00 1.648128050796139178e+03
2.609618586313645405e+00 1.645175093394228952e+03
2.613805544817492166e+00 1.647432654253764895e+03
2.617997309240278625e+00 1.646648214623625336e+03
2.622186583175731833e+00 1.646222113813602391e+03
2.626374062888681138e+00 1.641893334963022198e+03
2.630567295158610541e+00 1.640598156164958482e+03
2.634760606484684242e+00 1.639105525798659301e+03
2.638948451073024781e+00 1.638873890176348368e+03
2.643133429511610899e+00 1.639037315909288282e+03
2.647320170546888729e+00 1.635610033979532773e+03
2.651510887776842740e+00 1.635235610810424532e+03
2.655700158670613487e+00 1.633539388777415979e+03
2.659887842961387250e+00 1.634394633080402400e+03
2.664078025940248562e+00 1.630088170054216789e+03
2.668268974635689350e+00 1.630603438162562270e+03
2.672454539878108992e+00 1.630256395179041419e+03
2.676637489644626999e+00 1.623972155301179782e+03
2.680826371787723428e+00 1.626460307712864051e+03
2.685018399097735209e+00 1.625865076727169026e+03
2.689205963617089079e+00 1.622541193811812263e+03
2.693393954836679871e+00 1.620839047718329994e+03
2.697585525625206593e+00 1.619795267504309322e+03
2.701776172147150490e+00 1.619946378186850097e+03
2.705965479125262529e+00 1.618527836050132237e+03
2.710155309533846424e+00 1.617253284234647708e+03
2.714343899706451069e+00 1.615471953103633496e+03
2.718529498137034039e+00 1.614459497725751135e+03
2.722719144754033760e+00 1.613543987815649643e+03
2.726908680936402707e+00 1.611241449518592162e+03
2.731095695972368897e+00 1.611097888682811117e+03
2.735287418496810563e+00 1.610318761554712410e+03
2.739478910330447547e+00 1.606491738832566625e+03
2.743662616875763405e+00 1.607941611051503287e+03
2.747846887677588334e+00 1.604701993008479803e+03
2.752039663304572059e+00 1.605658767901591773e+03
2.756231865307487983e+00 1.604533425803317641e+03
2.760419116877392387e+00 1.601509651627934545e+03
2.764605910439485115e+00 1.600475818769767329e+03
2.768795041197500861e+00 1.600059456632923229e+03
2.772985128434128921e+00 1.599536570684384742e+03
2.777172796196122562e+00 1.597562385871772221e+03
2.781361301518583851e+00 1.597207174584415952e+03
2.785553288624446289e+00 1.595304860734669546e+03
2.789744838684187211e+00 1.594635026562102894e+03
2.793930568044272089e+00 1.591435272682276945e+03
2.798113935875498282e+00 1.592148407975691043e+03
2.802302745353191682e+00 1.588958304548281149e+03
2.806494274023390023e+00 1.590759637579342780e+03
2.810681478406183764e+00 1.589323850804531730e+03
2.814867966788259679e+00 1.586109025490299018e+03
2.819055543770061067e+00 1.585924568231137528e+03
2.823245661385122229e+00 1.583033561180091056e+03
2.827438407566654099e+00 1.583681190251360931e+03
2.831629132830354667e+00 1.583285119313076393e+03
2.835816256200079266e+00 1.580602444232195467e+03
2.840005834002792273e+00 1.579586852026015777e+03
2.844194631313627930e+00 1.577868044133049125e+03
2.848380663991703532e+00 1.575908040851003989e+03
2.852570742213086596e+00 1.575026286387042774e+03
2.856760990194177730e+00 1.573840100584175161e+03
2.860949995814335622e+00 1.571317734733748239e+03
2.865138036017638168e+00 1.568776868061046343e+03
2.869329037694012818e+00 1.569694351401168888e+03
2.873516931545307962e+00 1.569520303530469846e+03
2.877702161418022708e+00 1.566783060187231740e+03
2.881893043120807185e+00 1.567722170705928420e+03
2.886084347083163859e+00 1.564523397636951813e+03
2.890271194696985013e+00 1.563428207416150826e+03
2.894459742070628838e+00 1.563703868857788166e+03
2.898648382145651237e+00 1.559588922013152342e+03
2.902838288753526896e+00 1.560857927443485323e+03
2.907027628159534416e+00 1.561830398838980500e+03
2.911213443489548691e+00 1.558213937178730248e+03
2.915400575013636253e+00 1.556943533451928261e+03
2.919589672286434290e+00 1.555066296515456315e+03
2.923781660521990400e+00 1.555184804525038544e+03
2.927970279307227308e+00 1.554478244418480699e+03
2.932156490104238955e+00 1.552336855622952726e+03
2.936345805590951485e+00 1.552522758355034512e+03
2.940537301824823313e+00 1.551232994222958268e+03
2.944726381095322143e+00 1.548218549174402142e+03
2.948910307015744525e+00 1.547608741809176991e+03
2.953096934446118205e+00 1.545593371162238782e+03
2.957290880538205879e+00 1.545549385685318612e+03
2.961479460043308976e+00 1.544945037847024196e+03
2.965666494831637578e+00 1.542448617986805175e+03
2.969860038049503270e+00 1.542642454276077160e+03
2.974050439313063343e+00 1.541376389664938870e+03
2.978235803386212410e+00 1.540045831942188897e+03
2.982422926020135812e+00 1.539145328790282520e+03
2.986614450457524050e+00 1.537908572633615449e+03
2.990806734354059415e+00 1.536815964755631967e+03
2.994991807082594271e+00 1.535865269004060792e+03
2.999177290748652691e+00 1.533117120872760552e+03
3.003366006594998527e+00 1.534849749365941307e+03
3.007555147745919921e+00 1.531405768004302445e+03
3.011743781607701287e+00 1.530705159714998445e+03
3.015927402332606366e+00 1.529063431760388994e+03
3.020115903482659014e+00 1.528466954101602823e+03
3.024309567467034388e+00 1.529083632700983117e+03
3.028501148308193613e+00 1.528047332782371541e+03
3.032688397893902987e+00 1.525345510600159514e+03
3.036878203492471506e+00 1.523951649485689586e+03
3.041070779210862884e+00 1.522469885294409551e+03
3.045257110007996815e+00 1.522040572001077635e+03
3.049442142823403312e+00 1.521478936516875137e+03
3.053632909714930843e+00 1.517237965984475750e+03
3.057823610007920578e+00 1.518015788374471413e+03
3.062009997598900135e+00 1.517174510701992403e+03
3.066198499368697039e+00 1.515257231714461341e+03
3.070389179472065244e+00 1.515657510547386437e+03
3.074580659367469160e+00 1.514220221734594361e+03
3.078764752591685472e+00 1.511541488496162629e+03
3.082950432948968089e+00 1.510186909653890552e+03
3.087144376067330498e+00 1.510220559889508422e+03
3.091332969809549525e+00 1.507878571514212581e+03
3.095519535353337126e+00 1.506137359064292696e+03
3.099707923026413958e+00 1.506943729094583887e+03
3.103898674538621005e+00 1.505504799789436447e+03
3.108089158427433052e+00 1.501342130167352025e+03
3.112277457698278127e+00 1.503153610858794536e+03
3.116463798599547808e+00 1.498205338803123595e+03
3.120652588111454406e+00 1.498042911408105283e+03
3.124843822259093962e+00 1.498099787327047807e+03
3.129032081117983921e+00 1.495374423443221758e+03
3.133220328320167170e+00 1.493174852392015509e+03
3.137412096494324398e+00 1.491696214547263935e+03
3.141599537524837782e+00 1.491872890871110940e+03
3.145786282223404395e+00 1.491305599338503725e+03
3.149975240274160093e+00 1.487006916815971863e+03
3.154163025725799763e+00 1.486433227335402762e+03
3.158353073381733100e+00 1.487909594497319404e+03
3.162540877783717619e+00 1.484804446900795028e+03
3.166729819513809385e+00 1.484161586840024029e+03
3.170920493478904145e+00 1.480654299870875548e+03
3.175109424703958627e+00 1.478135298388613819e+03
3.179295575112953465e+00 1.475505011873612602e+03
3.183484819638687568e+00 1.473617023125719243e+03
3.187674518030877202e+00 1.474337376661429062e+03
3.191859673364815464e+00 1.470942413743461884e+03
3.196049722226979473e+00 1.467619441934461065e+03
3.200242146035566559e+00 1.464680210120390029e+03
3.204431021740905550e+00 1.462788635741044345e+03
3.208614830542101615e+00 1.460148153303095341e+03
3.212802970995015883e+00 1.456888360071412080e+03
3.216993208383445157e+00 1.454331167391462031e+03
