# Columns: ('k', 'P')
5.345493089407682419e-03 7.530698784722221717e+03
9.344366739594166943e-03 8.675173387096774604e+03
1.312833575873958818e-02 1.084693877551020341e+04
1.700891779646987109e-02 1.358359404761904807e+04
2.135270783943789275e-02 1.548635571428571347e+04
2.564347439342075027e-02 1.391590999999999985e+04
2.962205054058980949e-02 1.129587209302325573e+04
3.361537140302770649e-02 1.118620209973753299e+04
3.793950633336700545e-02 9.145136602451839281e+03
4.227894994616508695e-02 8.747376000000000204e+03
4.633325468672155889e-02 7.417128943758572859e+03
5.038752484052157893e-02 7.414137816979052332e+03
5.464179025701254577e-02 6.855310376492194337e+03
5.886817576171304162e-02 6.617553242594074618e+03
6.290140616743733482e-02 6.371009534706331578e+03
6.703999982739437813e-02 6.013142001198322760e+03
7.134254604642074893e-02 5.717789360558839689e+03
7.561818311969153994e-02 5.179402398081534557e+03
7.973924982214039558e-02 5.119393299678751646e+03
8.385356877962653332e-02 4.637957091775923800e+03
8.809929214337092196e-02 4.248190059502974691e+03
9.230415729057904473e-02 4.033350050150451352e+03
9.643309047658384092e-02 3.719860042411390623e+03
1.005689403076158450e-01 3.650542496493688759e+03
1.047818677762802908e-01 3.476623101817276620e+03
1.090277847809041356e-01 3.345054613060655356e+03
1.132170039508717807e-01 3.200085594529009541e+03
1.174008294871188018e-01 3.031947600883356699e+03
1.215998224695146873e-01 2.995367772511848216e+03
1.257670529567683493e-01 2.917958311063602196e+03
1.299386816717305049e-01 2.785761896920796971e+03
1.340949335765710126e-01 2.698571791210534684e+03
1.382635144665005922e-01 2.652393855962904126e+03
1.424925284902303357e-01 2.544762640639826259e+03
1.466886314558672189e-01 2.446765828616558792e+03
1.508619291163366127e-01 2.365282849155220447e+03
1.550655720814744509e-01 2.238670397574909657e+03
1.592593054631499527e-01 2.187655096901346951e+03
1.634144798183441161e-01 2.131288320000000112e+03
1.675823816150099899e-01 2.054247701887911262e+03
1.718045808093531246e-01 2.003144801864801821e+03
1.760135070798979073e-01 1.984443129041070961e+03
1.801930856696074279e-01 1.912004262211235300e+03
1.843742315857553882e-01 1.891184094501289337e+03
1.885797910080431738e-01 1.869541817621213113e+03
1.927656394953895236e-01 1.813005590014549398e+03
1.969014248243030341e-01 1.776167963353449977e+03
2.010715633173454087e-01 1.759044381751875108e+03
2.052920281681521186e-01 1.691837110016420411e+03
2.095172134954577381e-01 1.656903408732908929e+03
2.136973926115405542e-01 1.618901457364341013e+03
2.178750580088065492e-01 1.603773430656934352e+03
2.220823861956562617e-01 1.563789812150956095e+03
2.262696194198526023e-01 1.546585716638304802e+03
2.304259489101245229e-01 1.495073934504538101e+03
2.345870463846415066e-01 1.499072530157275878e+03
2.388019837064606632e-01 1.472297784000386400e+03
2.430077036534963875e-01 1.443721675462368694e+03
2.471758823520590620e-01 1.414914509082547738e+03
2.513692271335918882e-01 1.391814450133473429e+03
2.555723892733414715e-01 1.378016554445254542e+03
2.597674079539822323e-01 1.365597726242946010e+03
2.639178238801485610e-01 1.350509433190096161e+03
2.680749044740857179e-01 1.321665050238584627e+03
2.723023151079725368e-01 1.325401515991865381e+03
2.765128983200950685e-01 1.295412748094413928e+03
2.807027537381580062e-01 1.278382568968546821e+03
2.848857026249724811e-01 1.244234090671862532e+03
2.890807262117984777e-01 1.253078085309932931e+03
2.932785946948970324e-01 1.233284057118583178e+03
2.974321087309398370e-01 1.213762122422886478e+03
3.016123743882810904e-01 1.200821177544500188e+03
3.058101292111336522e-01 1.200349938517829742e+03
3.100168993294901143e-01 1.179915865591552119e+03
3.142092030053749707e-01 1.162906806043469714e+03
3.183867557675504334e-01 1.165945948918153590e+03
3.225872781332082551e-01 1.138112187958884078e+03
3.267666109043823597e-01 1.138117323895301297e+03
3.309328770241455886e-01 1.120327949169409749e+03
3.351106074107195187e-01 1.107304960639760111e+03
3.393095620710060434e-01 1.105775394898180139e+03
3.435164896197421824e-01 1.103363994992086418e+03
3.477107812306902690e-01 1.095266239918656083e+03
3.518857617074659383e-01 1.073471940454308196e+03
3.560773577310688554e-01 1.060170770608927342e+03
3.602869550449780967e-01 1.054648886598380841e+03
3.644651285618699665e-01 1.051298461017379850e+03
3.686396944457170921e-01 1.033379279149618696e+03
3.728293470315630076e-01 1.042187982746514308e+03
3.770363921861874523e-01 1.019800682327712366e+03
3.812363453093803867e-01 1.019060460634094738e+03
3.854150971210312249e-01 1.015703157617587863e+03
3.896036578152083374e-01 1.004611280010318183e+03
3.937795161075864914e-01 9.955818145692971939e+02
3.979440095093054186e-01 9.903768095297449463e+02
4.021139069446590386e-01 9.788776943653464286e+02
4.063125452039867413e-01 9.739674991159084811e+02
4.105412315868290918e-01 9.671261345238679041e+02
4.147348487769681458e-01 9.580730280940290413e+02
4.189107045044477284e-01 9.555953898736189558e+02
4.230974437456921922e-01 9.499745689991418658e+02
4.272931011032126136e-01 9.460136494801288336e+02
4.314914587673138180e-01 9.290914583987675996e+02
4.356511643511531418e-01 9.371369672706631491e+02
4.398424702607344750e-01 9.266029685921245118e+02
4.440501074980069407e-01 9.217681551133049425e+02
4.482267968899237842e-01 9.186680223407663561e+02
4.524052929840755577e-01 9.099379673296424471e+02
4.566090347930675253e-01 9.098128908065051519e+02
4.608167319022857811e-01 9.007423673920771989e+02
4.649806979855051203e-01 8.935239312116194697e+02
4.691538386770017222e-01 8.854866785755007186e+02
4.733478629909182445e-01 8.872192109947840208e+02
4.775500538217637980e-01 8.829945277936892580e+02
4.817339644282710998e-01 8.817394087057712113e+02
4.859144464692263798e-01 8.657119105092727978e+02
4.901252990058800885e-01 8.682974113512076428e+02
4.943123444065962158e-01 8.605279078059047606e+02
4.984736335014697817e-01 8.557979839120253018e+02
5.026590164608074618e-01 8.464917217632370239e+02
5.068609875937976073e-01 8.482838583744510288e+02
5.110594965365916620e-01 8.430505121714145389e+02
5.152492140965455603e-01 8.415981498028910437e+02
5.194329442812991582e-01 8.360512229319208473e+02
5.236343964239100757e-01 8.311719713095321822e+02
5.278273205415198177e-01 8.335367186001191158e+02
5.319960279023402405e-01 8.251099826775550810e+02
5.361714592099571242e-01 8.181984798201476679e+02
5.403746330902056139e-01 8.136814103842100394e+02
5.445761264886261888e-01 8.127137732669259549e+02
5.487504490749764985e-01 8.069951289746538805e+02
5.529407179677009454e-01 8.026347864647908636e+02
5.571409157079509900e-01 8.016333547006618119e+02
5.613298693710127019e-01 8.006639978083546794e+02
5.655062246218995892e-01 7.921056605101762216e+02
5.696867424029971039e-01 7.912412153055005319e+02
5.738956954203543459e-01 7.896764080094862948e+02
5.780928920821047923e-01 7.822240119464089503e+02
5.822632071880226023e-01 7.804602473717784505e+02
5.864430803127811398e-01 7.783769417141375015e+02
5.906376733072625784e-01 7.717322193144622133e+02
5.948356627105599870e-01 7.698168997495110943e+02
5.990145239901687457e-01 7.664233191047802620e+02
6.031829950841108845e-01 7.647408067477358600e+02
6.073740526175752663e-01 7.626021571927811920e+02
6.115768023320514724e-01 7.563228020035576264e+02
6.157710000000914397e-01 7.571759819120495649e+02
6.199632023912512446e-01 7.474399425224793276e+02
6.241630060990407403e-01 7.516110068168028420e+02
6.283593402461892241e-01 7.450081390497606435e+02
6.325410955997395890e-01 7.415390959778377464e+02
6.367142920629192959e-01 7.355824013577750975e+02
6.409035099394975177e-01 7.375130435963786795e+02
6.451032402190634008e-01 7.329621700311854511e+02
6.492879941711476866e-01 7.291337587262216857e+02
6.534659541563927476e-01 7.290976596982914089e+02
6.576591076962554627e-01 7.250148715869676153e+02
6.618529307405217610e-01 7.243343533004133405e+02
6.660240791386257131e-01 7.217533143909430464e+02
6.702067828716186115e-01 7.199106195184626813e+02
6.744172070879622671e-01 7.149104278644517763e+02
6.786118453466847278e-01 7.072104393426628803e+02
6.827984616056306244e-01 7.117629696792550931e+02
6.869817177358829019e-01 7.100353960175015118e+02
6.911718524128840357e-01 7.026529096161783627e+02
6.953555746427921846e-01 6.980785411296469647e+02
6.995344561305086861e-01 6.987034008728356866e+02
7.037287066792784485e-01 6.961084698328151035e+02
7.079143033440539190e-01 6.912828544814623228e+02
7.121186686741065586e-01 6.899995083606011121e+02
7.163134555705721329e-01 6.860767283562504417e+02
7.204913713645887396e-01 6.848476785550909653e+02
7.246803275165087932e-01 6.810431026687164149e+02
7.288763115175647123e-01 6.799904963759582870e+02
7.330585840505703388e-01 6.733670596985998600e+02
7.372316440474646626e-01 6.733728226216328494e+02
7.414228560306842519e-01 6.704768832963336536e+02
7.456189213758863676e-01 6.681828277315762534e+02
7.498104337627916616e-01 6.685294389665408517e+02
7.539974189770904944e-01 6.653163014042003169e+02
7.581896411468850294e-01 6.598811555025894222e+02
7.623808615479977790e-01 6.594941085263852756e+02
7.665651159623174671e-01 6.576727780389475129e+02
7.707536355579491794e-01 6.555830388360022880e+02
7.749462413082437440e-01 6.544276032268089693e+02
7.791369682448587852e-01 6.490749248357435590e+02
7.833258353347896108e-01 6.446305692196380051e+02
7.875159900600451346e-01 6.447342570232361822e+02
7.917084457625156446e-01 6.419774119533981320e+02
7.958821468706197555e-01 6.405906910065732518e+02
8.000624692379799674e-01 6.372032709975323996e+02
8.042564613727184453e-01 6.374139138771685111e+02
8.084384822996342201e-01 6.338734730054335387e+02
8.126333810499198895e-01 6.297637839044253951e+02
8.168271958201180905e-01 6.303239407694273950e+02
8.210214995694952167e-01 6.247281160377164042e+02
8.252154145000215602e-01 6.232345126383441993e+02
8.294030907808404018e-01 6.196390939644932132e+02
8.335906150371191758e-01 6.199833817561985825e+02
8.377685032221774408e-01 6.171294354018920103e+02
8.419567297582307708e-01 6.135861979463664966e+02
8.461556544987137718e-01 6.132744661073969610e+02
8.503430790983292908e-01 6.094386292569329271e+02
8.545245840949285965e-01 6.074949579220898386e+02
8.587196449246210506e-01 6.054168824365222008e+02
8.629074348139629258e-01 6.029908875145742968e+02
8.670852844200982457e-01 6.013439182894829855e+02
8.712764316473343706e-01 5.973269623068016472e+02
8.754762476624626810e-01 5.938533784789133279e+02
8.796707865602606535e-01 5.954800841904610706e+02
8.838562222970675064e-01 5.906275199644599070e+02
8.880381764417510926e-01 5.893329648956860183e+02
8.922270316229049536e-01 5.880644914758087225e+02
8.964225585562245469e-01 5.848635520370620497e+02
9.006049913569987853e-01 5.857618611150503511e+02
9.047836582182254839e-01 5.798839338462536261e+02
9.089780964569278421e-01 5.805447357707848823e+02
9.131704587403689510e-01 5.783481898362032325e+02
9.173547920329833127e-01 5.752195186625168617e+02
9.215425617950214754e-01 5.719902927646851367e+02
9.257400405750663142e-01 5.706671334338179804e+02
9.299303352268617484e-01 5.665615310533125921e+02
9.341108300097852313e-01 5.685380490631392831e+02
9.382896253999645220e-01 5.655017753024383182e+02
9.424819561228944265e-01 5.618663705603603375e+02
9.466849863120379016e-01 5.599267381492300046e+02
9.508714331057195324e-01 5.574630310198243706e+02
9.550563230073290111e-01 5.549758986365513920e+02
9.592513211539739348e-01 5.539555351072878011e+02
9.634451052878124644e-01 5.508285372965458464e+02
9.676230540453005791e-01 5.484400725321823984e+02
9.718094297475188270e-01 5.474306617930766379e+02
9.760091362076940280e-01 5.443763288717808564e+02
9.802075838006468755e-01 5.429114024402593941e+02
9.843901124947946890e-01 5.415006520457390025e+02
9.885650797815361823e-01 5.392522765993271605e+02
9.927561705083151056e-01 5.363676547695639556e+02
9.969400597939003239e-01 5.359227807492655984e+02
1.001125867816581083e+00 5.323207622204732843e+02
1.005315482813002204e+00 5.308488750432675261e+02
1.009503724426713545e+00 5.280106300665746630e+02
1.013699103815393299e+00 5.275170291754137679e+02
1.017885842421875964e+00 5.255907722790451544e+02
1.022076284359184406e+00 5.238745757560407128e+02
1.026273875264014812e+00 5.207963903527248704e+02
1.030463237552156075e+00 5.193645012131551084e+02
1.034646639530784062e+00 5.145586714727355684e+02
1.038830480088573260e+00 5.156029494240456188e+02
1.043023229532383578e+00 5.115648045308920473e+02
1.047211320931656031e+00 5.111931802823868907e+02
1.051395396220772938e+00 5.089668942126160118e+02
1.055587561333155788e+00 5.070382384065204064e+02
1.059780855230085139e+00 5.039513616791847994e+02
1.063968553353427993e+00 5.028263899697362262e+02
1.068144877931138659e+00 5.013049180166646579e+02
1.072333631721394287e+00 4.987135733295302202e+02
1.076529250989757935e+00 4.970241631246244083e+02
1.080715398019409967e+00 4.954220700235865706e+02
1.084904936652320240e+00 4.926573414294425675e+02
1.089093298629248752e+00 4.904520744391514313e+02
1.093287964081373520e+00 4.901372339459474006e+02
1.097481084425870668e+00 4.881925438280652543e+02
1.101662775046244880e+00 4.861357293060600568e+02
1.105848288301073179e+00 4.836170822506667832e+02
1.110043792652057215e+00 4.831195715707492582e+02
1.114237022246535647e+00 4.793187415055682550e+02
1.118420804053559481e+00 4.762503279380906065e+02
1.122606627889955133e+00 4.754908050076763288e+02
1.126802895000778904e+00 4.738747305709593434e+02
1.130994973190692976e+00 4.720774447939184597e+02
1.135175530355129858e+00 4.703272668783731092e+02
1.139357857233193494e+00 4.694084894844056635e+02
1.143548829888810126e+00 4.670079791148108939e+02
1.147744097134298924e+00 4.648715676540758182e+02
1.151930256695038679e+00 4.644012089587810692e+02
1.156114230090140582e+00 4.608417122873906919e+02
1.160308690298018641e+00 4.592320675279902957e+02
1.164501699317697536e+00 4.571896273288082284e+02
1.168678957480829395e+00 4.545731585377121746e+02
1.172865667672344125e+00 4.543688443492142710e+02
1.177061142727866105e+00 4.510401796785060924e+02
1.181252180195633050e+00 4.498175838885946973e+02
1.185442696108527150e+00 4.476102202993684500e+02
1.189630150035091871e+00 4.458257735233364087e+02
1.193820874976702973e+00 4.442281586751622626e+02
1.198003140555066404e+00 4.426170339557612010e+02
1.202184526614288318e+00 4.399062243564123378e+02
1.206372134536291885e+00 4.388655804363240804e+02
1.210565320825467195e+00 4.378375360565739243e+02
1.214760708325205663e+00 4.345442222436665247e+02
1.218950145227777559e+00 4.339523976922599786e+02
1.223140776522191553e+00 4.315913727113243681e+02
1.227332562681608952e+00 4.304208315335374095e+02
1.231523790821133169e+00 4.277856978717224479e+02
1.235709673226760064e+00 4.272580170088051545e+02
1.239894103466915531e+00 4.255929222181262617e+02
1.244085198015228100e+00 4.219250064425906430e+02
1.248274615313672120e+00 4.205746074073542218e+02
1.252460261590602197e+00 4.186426223790534209e+02
1.256641779403912418e+00 4.180044583147570165e+02
1.260830491714778789e+00 4.156181168532487504e+02
1.265024812591575731e+00 4.138672257602361810e+02
1.269212806706549124e+00 4.124704605994014059e+02
1.273398716056856061e+00 4.101528567315136229e+02
1.277589928238672679e+00 4.093423081061601465e+02
1.281783326752581775e+00 4.075871057987916970e+02
1.285972078937059448e+00 4.068981308458628519e+02
1.290156577631410562e+00 4.040108748767844418e+02
1.294343803630449541e+00 4.014986529916580480e+02
1.298534695243567683e+00 3.994074701902559354e+02
1.302723869349531549e+00 3.972380778402610986e+02
1.306913841358269268e+00 3.978161606490792792e+02
1.311100232127344833e+00 3.948386307073528769e+02
1.315291375153139652e+00 3.935254489789680292e+02
1.319485426805764527e+00 3.913359037893617938e+02
1.323671688006123892e+00 3.907008488174397485e+02
1.327849159274065993e+00 3.880714043373340587e+02
1.332037723607804036e+00 3.870175725326833458e+02
1.336229683007175373e+00 3.852578643988531439e+02
1.340410982224631065e+00 3.825818907397701878e+02
1.344604972292623879e+00 3.817395600083104341e+02
1.348801087477393468e+00 3.802638216695517031e+02
1.352988930115230026e+00 3.781445851120129760e+02
1.357177622129659866e+00 3.763331387689074745e+02
1.361366864361913454e+00 3.749756236468253974e+02
1.365558447411116649e+00 3.736853915444173140e+02
1.369749214745741295e+00 3.715943249946005835e+02
1.373933124159338881e+00 3.697543999940766071e+02
1.378123855409371767e+00 3.690125422907844381e+02
1.382318653027508670e+00 3.670553246044018465e+02
1.386505837888620807e+00 3.664526159454337062e+02
1.390689420555323297e+00 3.636475957125407490e+02
1.394878115792794526e+00 3.627014406173541943e+02
1.399063630701236960e+00 3.607435737018197415e+02
1.403246366557702185e+00 3.586181122611634464e+02
1.407435249785259135e+00 3.575391309377852735e+02
1.411625034538625423e+00 3.556415258875418886e+02
1.415821115442740474e+00 3.538992285016587971e+02
1.420010285197888189e+00 3.533692696179213613e+02
1.424194862862244948e+00 3.507326253166194192e+02
1.428388059388597808e+00 3.499259846415192783e+02
1.432582242452475452e+00 3.471026436898814040e+02
1.436769793183754862e+00 3.468572256707466295e+02
1.440952501781323170e+00 3.451246603155612434e+02
1.445144832313955741e+00 3.432866821125614365e+02
1.449337788447135233e+00 3.417571854943644212e+02
1.453520728297142073e+00 3.401944820450121938e+02
1.457704360059781656e+00 3.387454089304672493e+02
1.461898058354390573e+00 3.379057908417534577e+02
1.466097031084687918e+00 3.357165868191307823e+02
1.470274952456834816e+00 3.340963617871091174e+02
1.474457374041747926e+00 3.327168958117384818e+02
1.478652317257242110e+00 3.315607067774423626e+02
1.482842787845669585e+00 3.301072435451519596e+02
1.487032705956168765e+00 3.283954872708004018e+02
1.491219101446579653e+00 3.263924634950541872e+02
1.495407229203066457e+00 3.253550963344838465e+02
1.499589623795763549e+00 3.238617856693300041e+02
1.503776122896453238e+00 3.227878466828214528e+02
1.507964969822873424e+00 3.206800918204700679e+02
1.512158859640292174e+00 3.195912667875087436e+02
1.516354485238609939e+00 3.174545768419517344e+02
1.520541490280819197e+00 3.163225355226109059e+02
1.524727857268060704e+00 3.153450107063291625e+02
1.528916651621438971e+00 3.130521905516754941e+02
1.533109491278655589e+00 3.121259361845798139e+02
1.537296695428149729e+00 3.103431579470703809e+02
1.541477395568062736e+00 3.093541031304296780e+02
1.545670162131141945e+00 3.078703601765678854e+02
1.549867226858335334e+00 3.060514495104725938e+02
1.554052101687437348e+00 3.051082216582319120e+02
1.558237003997116732e+00 3.037462537071940574e+02
1.562430243406512709e+00 3.021714447531255701e+02
1.566622816408262064e+00 3.007381355151297271e+02
1.570807075718620327e+00 2.995115853001400978e+02
1.574993417862886380e+00 2.976142022959088536e+02
1.579187280664332116e+00 2.966675679392948837e+02
1.583378839632388679e+00 2.954688763758214236e+02
1.587563618515538177e+00 2.942890206234160928e+02
1.591746879414970728e+00 2.929160921406161719e+02
1.595936200566555163e+00 2.911105680616159361e+02
1.600127046494542959e+00 2.898637407568793378e+02
1.604312306321297177e+00 2.882910199309835093e+02
1.608492535323062578e+00 2.879781006801306944e+02
1.612683108451734348e+00 2.860377011238431351e+02
1.616882721484784735e+00 2.850737166812517671e+02
1.621073596855042043e+00 2.833887117146739456e+02
1.625260697959964640e+00 2.819637907048231114e+02
1.629451580346186867e+00 2.805284437167227907e+02
1.633641961780497809e+00 2.795902763757856633e+02
1.637828286974475578e+00 2.781813653411477389e+02
1.642014461063480368e+00 2.768175182179229523e+02
1.646203964495890792e+00 2.757953545073675627e+02
1.650395669041056168e+00 2.741663935761738458e+02
1.654579815087334316e+00 2.728725612431612717e+02
1.658763768266129590e+00 2.716698504659057676e+02
1.662959260542529627e+00 2.704827996199301197e+02
1.667147921849807313e+00 2.694988275401702253e+02
1.671327380380188687e+00 2.685023961173180851e+02
1.675518678975576492e+00 2.667352851064842412e+02
1.679713714701155824e+00 2.657940709815414380e+02
1.683901613036909994e+00 2.638989467542745047e+02
1.688088249015482045e+00 2.635853879614032849e+02
1.692278022732293330e+00 2.617773925759828444e+02
1.696471941469795741e+00 2.607163725394334506e+02
1.700658045684455999e+00 2.591328456716391884e+02
1.704841794296464208e+00 2.588265527092886487e+02
1.709033922101610203e+00 2.567723319501599235e+02
1.713226380494573320e+00 2.557284178807297792e+02
1.717416515670760147e+00 2.540861901894255368e+02
1.721601575417246677e+00 2.536430323672963709e+02
1.725791926777759278e+00 2.522297958119927159e+02
1.729983831035190933e+00 2.505553732943387786e+02
1.734168346783132808e+00 2.497181807283888872e+02
1.738351841346799986e+00 2.488656314464116690e+02
1.742539577595474620e+00 2.474588453065129556e+02
1.746734554749637125e+00 2.465121977270590321e+02
1.750924186608118438e+00 2.453494855231799647e+02
1.755108602084327618e+00 2.439358168496640360e+02
1.759295034493173260e+00 2.429344678577006107e+02
1.763486010729576448e+00 2.416359070046024158e+02
1.767679145233215232e+00 2.404133712327213459e+02
1.771867157550218508e+00 2.396254825876584107e+02
1.776054216617759529e+00 2.386346915528523311e+02
1.780245923416458265e+00 2.372759485028686015e+02
1.784436492892171211e+00 2.361242372088491948e+02
1.788626354921981632e+00 2.352687710818584321e+02
1.792811392089806333e+00 2.337026312647552686e+02
1.796997643707510584e+00 2.329727058112686393e+02
1.801189175797128561e+00 2.319280536515182689e+02
1.805374889086017065e+00 2.310065805449607694e+02
1.809560897992754214e+00 2.300086872825515343e+02
1.813748057956913851e+00 2.289276159868388163e+02
1.817942910234812137e+00 2.275846259379432013e+02
1.822136701581300811e+00 2.266924449842535410e+02
1.826320880591992823e+00 2.258255324248872569e+02
1.830508011455946216e+00 2.246102259013190405e+02
1.834699353143709022e+00 2.237325028509817741e+02
1.838887198300723114e+00 2.229236383585366070e+02
1.843069282308386736e+00 2.216977714970273041e+02
1.847261866430534916e+00 2.204402476684351484e+02
1.851456042624079590e+00 2.195233669340196627e+02
1.855643045252892920e+00 2.185845156112567906e+02
1.859829645980425994e+00 2.177169488224450902e+02
1.864018878568365789e+00 2.167979884048985468e+02
1.868207498273631639e+00 2.154682191804949412e+02
1.872391908803826777e+00 2.149390025886585533e+02
1.876580554756707375e+00 2.136201162355150984e+02
1.880773071242444416e+00 2.128440107530360308e+02
1.884967666175008105e+00 2.116603702254122368e+02
1.889155970357456971e+00 2.111270656986037864e+02
1.893343540350098220e+00 2.100365736674262394e+02
1.897532239245619312e+00 2.087124376903662721e+02
1.901720307487648309e+00 2.077291418182883547e+02
1.905907047003916333e+00 2.073607034371023303e+02
1.910089405107282312e+00 2.060327944166031671e+02
1.914280408812974343e+00 2.052664970543624463e+02
1.918475631162388506e+00 2.045288558333162996e+02
1.922662528795225478e+00 2.033267556429148613e+02
1.926849351779634567e+00 2.026679409760338331e+02
1.931038581703705237e+00 2.017798645105648347e+02
1.935228841358232144e+00 2.008396421710198467e+02
1.939419415046742090e+00 1.999092055785085620e+02
1.943604816234503430e+00 1.991181967381801314e+02
1.947795772410824355e+00 1.982303141956985257e+02
1.951985447950053798e+00 1.970829901858977280e+02
1.956173168634372406e+00 1.965997294390052730e+02
1.960361014675556124e+00 1.954764368965579990e+02
1.964548088096554679e+00 1.948475684014845797e+02
1.968738793663139752e+00 1.937718695496631653e+02
1.972926678481252027e+00 1.930253909995582831e+02
1.977116983196353095e+00 1.919690282749653534e+02
1.981307087080972584e+00 1.910753928229511871e+02
1.985496567801383838e+00 1.905945208912525004e+02
1.989685493389416804e+00 1.900318565586928798e+02
1.993869696337085884e+00 1.889369413748380566e+02
1.998058833607485374e+00 1.880218741295064149e+02
2.002246261934327531e+00 1.872867977149528542e+02
2.006427908918351655e+00 1.865398574354636025e+02
2.010616306813330478e+00 1.856866899768025405e+02
2.014806084384726859e+00 1.851250405439186295e+02
2.019000567367017052e+00 1.841358799331384262e+02
2.023195429959193881e+00 1.835149140168068129e+02
2.027381954680245624e+00 1.828627514153210143e+02
2.031572808679554587e+00 1.819576453740699264e+02
2.035763016772660805e+00 1.811334732343233611e+02
2.039950245986236421e+00 1.803785072343680440e+02
2.044137728848704150e+00 1.801327378536385027e+02
2.048327557655818421e+00 1.791010770621081178e+02
2.052519261718513732e+00 1.783838636232655119e+02
2.056704270133729473e+00 1.775750712491187073e+02
2.060890703246815114e+00 1.770945582994349365e+02
2.065084344553849593e+00 1.765638348076803652e+02
2.069276034716736490e+00 1.755032226989590356e+02
2.073457293758373510e+00 1.748392246665931964e+02
2.077643244750767781e+00 1.740297644524408440e+02
2.081839133714620260e+00 1.733982569228107309e+02
2.086027924280811519e+00 1.729366185002504608e+02
2.090209270090675364e+00 1.719106405451339015e+02
2.094396473723341146e+00 1.712683229363260580e+02
2.098592574860953963e+00 1.707570001056380988e+02
2.102781065127938831e+00 1.702914367272278469e+02
2.106962405958119344e+00 1.695546192383569917e+02
2.111149952742659597e+00 1.688063515863634052e+02
2.115345634217440374e+00 1.680920275544577862e+02
2.119540211254510087e+00 1.677045780560703179e+02
2.123726591093939575e+00 1.670346557767585409e+02
2.127912758457529918e+00 1.661905419233309829e+02
2.132101886295742155e+00 1.656666263488311586e+02
2.136292447748215473e+00 1.651506296193652190e+02
2.140479861487419200e+00 1.646819761324578621e+02
