# Columns: ('k', 'S1', 'S2', 'S3', 'S4', 'S5', 'S6', 'S7', 'S8', 'S9', 'S10', 'S11', 'S12', 'S13', 'S14')
5.345493089407682419e-03 -4.311735365125867858e+00 -2.484282226562500000e+02 2.514826456705729019e+00 -8.310058593750000000e+00 -9.434356689453125000e+00 -1.259867214626736001e+02 4.497981601291232145e+00 -1.323582967122395759e+00 1.336400773790147545e+00 -8.835876464843750000e+01 2.542942470974392410e+00 7.527913411458333037e+00 1.535113122728135826e+00 2.807346767849392410e+00
9.344366739594166943e-03 -1.224731937531501913e+01 2.980923639112903061e+02 -1.053296685987903203e+01 -1.098695816532258007e+01 -4.630183262978830783e+01 2.778760710685483559e+02 1.536803706999747998e+00 -4.558116494455644840e+01 -3.469659620715725623e+01 2.260689106602822562e+02 3.096918905934979982e-01 -3.635228310861894840e+01 -9.223848404422883007e+00 -1.013118916173135098e+01
1.312833575873958818e-02 -7.728382344148596594e+00 -8.485929528061224403e+01 -3.990373883928571175e+00 -7.612342055963009280e+00 -5.332846380739795222e+01 9.396765385841835894e+01 -8.820737877670598692e+00 -3.938112095424106940e+01 -4.417947823660713880e+01 5.484409378985969141e+01 1.801373384436782299e+00 -3.633032475685586604e+01 -1.108369290098852034e+01 -1.024499013472576436e+01
1.700891779646987109e-02 4.323230096726190652e+01 2.546507254464285950e+02 -6.825646391369048160e+01 3.906575520833333481e+00 1.154266066778273903e+01 2.040998697916666913e+02 -4.123510974702381304e+01 -1.763871372767857437e+01 -9.692886207217263461e+00 1.299842447916666686e+02 -2.204998837425595326e+01 -1.644649367559523867e+01 -2.870367431640625355e+00 -2.222337995256696619e+00
2.135270783943789275e-02 1.720330078125000028e+01 -7.399218750000000178e+00 -1.813602678571428584e+01 3.215867187500000313e+01 -3.908127790178571370e+00 1.094928906250000011e+02 -2.321288783482143003e+01 -9.570387834821428186e+00 -2.638254464285714107e+01 1.046427232142857093e+02 -1.748451729910714292e+01 -3.872475446428571644e+01 -1.101201939174107203e+01 -1.514741768973214242e+01
2.564347439342075027e-02 -4.958820746527777601e+01 -2.745107986111111131e+02 1.623574305555555668e+02 -6.407303819444445026e+01 -4.094208767361111256e+01 1.905166015625000142e+01 3.370332465277778056e+01 -6.507150173611111654e+01 -6.560009765624999822e+00 6.328124131944444741e+01 -2.961309678819444624e+00 -2.180598090277777601e+01 -5.187250434027778079e-01 -4.356732313368055109e+00
2.962205054058980949e-02 -6.303349187603820347e+00 -1.317433425041528210e+02 6.226511238579734453e+01 1.435369244445598103e+00 -7.504956135797341688e+01 -1.096166748857973516e+01 1.955926533949335422e+01 -4.066101925872093403e+01 -5.587703099044850319e+01 1.080091751453488413e+01 5.508986970514950343e+00 -4.569302520245016552e+01 -1.558737152200996690e+01 -1.563316127232142883e+01
3.361537140302770649e-02 -4.577365280511811108e+01 -1.194026205708661337e+02 6.352810244422572339e+01 7.866238491428805268e+00 -1.038561659284776937e+02 9.440811597769029007e+00 1.936164851952099752e+01 -4.993870980971128404e+01 -7.786626476377952599e+01 1.500626691683070923e+01 1.080726603510498585e+01 -5.881832861712598515e+01 -1.934397299458661479e+01 -1.783831098261154935e+01
3.793950633336700545e-02 -1.904424289897110256e+01 -8.480735551663748373e-01 1.893810543454466000e+01 3.413801513244307984e+01 2.300434407837127893e+01 2.896581518169877256e+01 4.952842805932574421e+00 4.760808545862521868e+01 3.307143785573555306e+01 3.004149107924693496e+01 -2.537719085212346570e+00 3.513102698117337752e+01 1.088489475016418595e+01 9.284514899846760372e+00
4.227894994616508695e-02 -8.798650625000000502e+01 -1.481312499999999943e+02 1.125563874999999996e+02 4.025155312500000093e+01 -1.292282578125000114e+01 7.914525000000000254e+00 1.855461562500000028e+01 3.866121875000000330e+01 1.501474687500000016e+01 1.688863437500000231e+01 5.467185937500000037e+00 1.399318125000000101e+01 6.601070312500000092e+00 3.830799218750000179e+00
4.633325468672155889e-02 8.930263524519888918e+00 1.941216563786008109e+01 -1.957737482853223554e+01 1.053635973936899717e+02 1.000444315843621297e+02 5.671208419067215090e+01 -2.937210380229766571e+01 1.371938550240054724e+02 5.893007330246913256e+01 2.757130915637860014e+01 -8.693835599922838497e+00 5.468798761145404086e+01 8.722443254886830033e+00 7.359086987740054653e+00
5.038752484052157893e-02 -5.314558641124586202e+00 1.630938189084895384e+01 9.269251309261301586e+00 6.717612148566703922e+01 6.217234874586549154e+01 7.048773428886438808e+01 -2.517634759164829106e+01 8.842717234013230154e+01 5.270542912761852250e+01 4.031788778252480654e+01 -7.366252390263230865e+00 4.382815514746416596e+01 1.497635469783627293e+01 1.165632536866041846e+01
5.464179025701254577e-02 1.798426021579430767e+01 3.472156221303948342e+01 -2.364313590449954106e+01 9.745845529155188558e+01 1.054879620064279209e+02 7.722245896464646364e+01 -3.798656307392102605e+01 1.478149248163452683e+02 7.748822027089072151e+01 4.506337522956840758e+01 -1.597484791092745660e+01 7.896316861799816422e+01 1.729829366104224064e+01 1.600489267676767824e+01
5.886817576171304162e-02 -4.895542371397117165e+01 -5.202582691152922223e+01 2.969177842273818868e+01 5.419381129903922556e+01 1.600806895516413064e+01 2.041253627902321810e+01 -9.716707741192953662e+00 6.726823333666932569e+01 1.499080670786629277e+01 1.127566115392313861e+01 -2.962075128853082440e+00 2.132970126100880393e+01 1.663089846877501943e+00 1.405506827336869380e+00
6.290140616743733482e-02 -2.113541517686880411e+01 -2.522696176582761396e+01 2.104161899313501394e+01 5.284979262013730050e+01 3.780809913710908177e+01 1.656126346777269376e+01 -4.326893682065217739e+00 7.235304037948131395e+01 3.287729726830663424e+01 1.217128727474256422e+01 -3.014029054037948185e+00 3.471627693554538752e+01 7.111381012824180559e+00 6.398970847635393255e+00
6.703999982739437813e-02 5.374517862492510289e+00 -1.907382321000599035e+01 1.408531727456560922e+01 7.514528254194128465e+01 1.031551172109047343e+02 2.852109702666267310e+01 -1.255958142974835212e+01 1.291424131216297155e+02 8.267428100659077472e+01 1.992545592420611200e+01 -8.017372748464650201e+00 7.954024677950869204e+01 2.030093104029359097e+01 1.811619279883163713e+01
7.134254604642074893e-02 -1.608562684712520285e+00 -1.969739051585169420e+01 1.856531686593229580e+01 6.028765616603976696e+01 7.937513433637829507e+01 1.914480412076840565e+01 -2.762995995096722446e+00 9.628298797689414812e+01 6.510304439817302580e+01 1.279744592960773808e+01 3.960947470278076699e-01 5.605698381246642015e+01 1.608529310518538580e+01 1.311722318310048507e+01
7.561818311969153994e-02 -6.815055455635492088e+00 5.039006294964029076e-01 1.367620278776978449e+00 5.705983213429257006e+01 7.768287619904076280e+01 3.118832808752997821e+01 -1.370565891037170303e+01 9.320608513189448274e+01 5.824960656474820553e+01 2.092551895983213583e+01 -7.865952862709832516e+00 5.100924385491606472e+01 1.250714928057553976e+01 9.810315497601918011e+00
7.973924982214039558e-02 2.806832979577788123e+01 3.259602670376319367e+01 -2.625665084327673426e+01 9.647477340523175826e+01 1.548989645479577746e+02 4.731297685291418276e+01 -2.729100935061955013e+01 1.640439421753097804e+02 1.083476795548416760e+02 2.747227440913263052e+01 -1.289576909562872942e+01 9.618233708122991743e+01 2.433436711220743476e+01 2.082387634809545673e+01
8.385356877962653332e-02 -1.891795167858561832e+00 2.851196240564163542e+00 -4.444961760031783671e-01 6.805345525427095765e+01 1.029779809793404866e+02 2.956011000198649086e+01 -1.642515271156138112e+01 1.157685240365514545e+02 7.670444725864123825e+01 1.602873584624553160e+01 -6.822342446364720203e+00 6.698918603496225899e+01 1.700535111243543795e+01 1.468492066448152578e+01
8.809929214337092196e-02 -1.005149085579278889e+01 -3.296464823241162190e+00 4.527804515225761217e-02 6.218224973748687034e+01 1.013431046552327643e+02 2.498002165733286617e+01 -1.311902372462373023e+01 1.131713335666783280e+02 7.853473376793839122e+01 1.639603112968148224e+01 -7.161624682796639441e+00 6.898408514175709172e+01 1.776345379768988408e+01 1.508259729392719528e+01
9.230415729057904473e-02 7.136654755934469740e+00 2.128220599297893756e+00 2.435277185723838222e+00 5.672309637245068359e+01 1.048821046472751561e+02 2.380111689234369621e+01 -1.027231695085255758e+01 1.102081243731193467e+02 8.252175275827481471e+01 1.611975771063189455e+01 -5.742991996823804790e+00 7.327895143764627051e+01 2.003159217235038270e+01 1.767439819458375183e+01
9.643309047658384092e-02 3.622306687367464306e+00 4.896716903968494350e+00 -4.410308902605271086e+00 6.151154953044532192e+01 1.058679188124810651e+02 2.493801594213874750e+01 -1.455982798773099063e+01 1.139010621781278445e+02 7.888825829294152925e+01 1.560312452665858807e+01 -7.752096310777036869e+00 7.055756778249015326e+01 1.757351820471069459e+01 1.553011516396546554e+01
1.005689403076158450e-01 -5.549526647966339654e-01 2.629547247545582334e+00 -3.060532082748948390e+00 5.604046283309958199e+01 9.975499649368865107e+01 2.283075473352033669e+01 -1.291305662692847100e+01 1.051240532959326828e+02 7.526795231416549825e+01 1.421869302244039268e+01 -6.750392268583450317e+00 6.576414796633940796e+01 1.688554961430575219e+01 1.455023229312763000e+01
1.047818677762802908e-01 -9.541668611526015198e+00 -5.018528675006223239e+00 1.066756324682598844e+00 4.301459811426437341e+01 7.210439227035101339e+01 1.630987930202887881e+01 -9.577403457181976165e+00 7.928368496390341136e+01 5.409631721433905938e+01 1.073246514812048780e+01 -5.579121740415732944e+00 4.761284851879511848e+01 1.148788644355240152e+01 9.889227618558626531e+00
1.090277847809041356e-01 1.401655276841738385e+01 5.830243797931675687e+00 -2.407042506681384975e+00 5.252496078317452799e+01 1.015548745061584981e+02 1.988844810306762767e+01 -1.032377665291656932e+01 1.014772469788519658e+02 7.522557663258191951e+01 1.304115587961887002e+01 -5.887563908900767196e+00 6.577132233325586697e+01 1.712222214152916422e+01 1.487795760225424146e+01
1.132170039508717807e-01 -2.961094335980586578e+00 -2.442220590668431335e+00 1.055433763512023004e+00 3.709981662254577373e+01 7.039824619457313304e+01 1.394556412695786385e+01 -7.105996132528126452e+00 7.303775093756893000e+01 5.472814637105669533e+01 9.602947310004411818e+00 -4.290547271398631679e+00 4.752406312045003034e+01 1.258973000082726657e+01 1.083005701246415065e+01
1.174008294871188018e-01 1.313579100582212389e+00 6.523947249548283089e-01 -3.647657975306163314e-01 3.691622540654486784e+01 7.186439093555510738e+01 1.430899292310781057e+01 -7.280172467877936704e+00 7.318248092752459399e+01 5.509646029913672294e+01 9.736669657197349892e+00 -4.325075129241116478e+00 4.787866392290704454e+01 1.260925187587833740e+01 1.086301696446496656e+01
1.215998224695146873e-01 1.165909360189573363e+00 -4.526007109004739348e-01 6.437240817535544446e-01 3.110918838862558999e+01 6.247375592417061796e+01 1.194946682464454923e+01 -6.057492224526066060e+00 6.368466824644549718e+01 4.887662322274881177e+01 8.508206457345972140e+00 -3.876775770142180111e+00 4.293159952606634988e+01 1.144680983412322206e+01 1.001491335900473878e+01
1.257670529567683493e-01 -3.203098554694459477e+00 -2.139744649697131518e+00 1.827691436174951001e+00 2.534591294762159208e+01 5.045629008551576788e+01 9.842182071753073913e+00 -4.666054597029217987e+00 5.152416265811508822e+01 3.989953289239266354e+01 7.105688663593443977e+00 -3.014480892570817971e+00 3.441530821307678423e+01 9.338108798770711871e+00 8.012825973187243989e+00
1.299386816717305049e-01 -3.422860406718261084e-01 -7.513237382677424581e-01 7.692913304791700879e-01 2.510295055985509549e+01 5.095839679729952110e+01 9.581433702453482582e+00 -4.641690487094517259e+00 5.249233801251440923e+01 4.058751852461715970e+01 7.010021303309732055e+00 -3.078319572801745618e+00 3.602169181211921511e+01 9.672098839123991709e+00 8.528335588876997164e+00
1.340949335765710126e-01 -2.745081707123592007e+00 -1.927232691773758777e+00 1.274007665000793432e+00 1.930322986078058278e+01 3.895373730763129316e+01 7.204536778121529927e+00 -3.342817594300333539e+00 3.947536391400920763e+01 3.067896983579248271e+01 5.230005800809139238e+00 -2.179600580824607725e+00 2.658448357924797989e+01 7.202044165476757520e+00 6.218800199309852950e+00
1.382635144665005922e-01 5.280371504129836024e-01 6.099387769888422461e-01 -4.536842486596145418e-01 1.948517425010868109e+01 3.998590331111433471e+01 7.715060543761773637e+00 -3.769481721399072782e+00 4.003537530792638677e+01 3.104759500434719754e+01 5.503650399398638093e+00 -2.397226454952181118e+00 2.716783346616432482e+01 7.308853562889436439e+00 6.362951248007535199e+00
1.424925284902303357e-01 6.248453809136504944e-01 3.144168530567981179e-01 1.895460553070353604e-02 1.632239562152636481e+01 3.412748449572996634e+01 6.312157931747321982e+00 -2.929599070591025978e+00 3.430009234783787520e+01 2.702701386064795841e+01 4.630016118510233980e+00 -1.938869332045546789e+00 2.373081028873525611e+01 6.466477311237629699e+00 5.658991311678188474e+00
1.466886314558672189e-01 -2.388352824305646660e+00 -1.564127904106884071e+00 1.124121260859549665e+00 1.230535696656574807e+01 2.571659043043306525e+01 4.638274668454652527e+00 -2.037550287119915371e+00 2.611560073055153097e+01 2.081764800250098446e+01 3.503695434875608417e+00 -1.392730194690338097e+00 1.810673826839541789e+01 4.975614860306699860e+00 4.324367863136764356e+00
1.508619291163366127e-01 1.060708547313723216e+00 6.470069018171873410e-01 -3.356972468700619716e-01 1.286219916129816454e+01 2.782616309104169261e+01 5.095291228576638076e+00 -2.360223008083140783e+00 2.702028762003160267e+01 2.152004831651877836e+01 3.641212338185243702e+00 -1.522941087653458148e+00 1.866239022426157845e+01 5.091109114804910796e+00 4.437415958885377876e+00
1.550655720814744509e-01 -8.509818227527107259e-01 -6.888653885391161635e-01 4.849621671694648306e-01 9.874074559869418621e+00 2.148300323539699264e+01 3.745353671155415398e+00 -1.608009839177451328e+00 2.105391599626909027e+01 1.703224648769966265e+01 2.779675567651859414e+00 -1.081718253577882649e+00 1.464830997872216400e+01 4.053978846041739637e+00 3.495510340153899609e+00
1.592593054631499527e-01 -1.136332530384320631e-02 4.387313690736888150e-02 -3.615002771542757259e-02 8.816181703711814421e+00 1.934268928610533322e+01 3.462176140096353993e+00 -1.553990337238585262e+00 1.890652031096025354e+01 1.528937985875396954e+01 2.525112401456257594e+00 -1.018396756610642662e+00 1.320433626683455586e+01 3.647970871427789419e+00 3.151978701891492207e+00
1.634144798183441161e-01 -9.672208333333333352e-02 2.297916666666666510e-02 -9.480500000000000038e-02 7.477340833333332881e+00 1.635816333333333361e+01 2.944320208333333522e+00 -1.360559583333333267e+00 1.608952000000000027e+01 1.296007166666666599e+01 2.166865624999999795e+00 -9.063497916666666265e-01 1.131713166666666659e+01 3.116797291666666858e+00 2.728852083333333400e+00
1.675823816150099899e-01 -5.570188173371553031e-01 -2.776200099461302861e-01 1.080448595186320054e-01 6.086494267075219788e+00 1.350993531926460456e+01 2.389316095433428710e+00 -1.029398614337253992e+00 1.319863843036473305e+01 1.077494254719778510e+01 1.791078367475536171e+00 -6.979629352204210768e-01 9.309350906889394039e+00 2.590855737866956332e+00 2.247528525625185125e+00
1.718045808093531246e-01 1.317187499999999956e-01 8.126038024475525090e-02 -2.461775203962704092e-02 5.610119828088578231e+00 1.268335081585081525e+01 2.231716746794871753e+00 -9.258918815559440407e-01 1.245854603729603660e+01 1.029496284965035002e+01 1.714312172202797191e+00 -6.421577250874125342e-01 9.055990675990676309e+00 2.555690195221445027e+00 2.252848739801864841e+00
1.760135070798979073e-01 1.035051310217648679e-01 4.372822944176304322e-02 3.508812807349057789e-02 4.486190636098715601e+00 1.018516642382296666e+01 1.774448301327292699e+00 -7.164927274952189729e-01 9.905469532601767213e+00 8.209021548583917749e+00 1.359315771275384721e+00 -5.043474862119797786e-01 7.134692878608505318e+00 2.011894835397504799e+00 1.753155308032055437e+00
1.801930856696074279e-01 -2.775758407211661449e-01 -1.328656111478134783e-01 2.784880538210723899e-02 3.447661377972892627e+00 7.716881286761572589e+00 1.359595436237319932e+00 -5.836713272392592966e-01 7.570879240900179497e+00 6.211696040405763064e+00 1.038491680030474873e+00 -4.106453220899752843e-01 5.375283037464837044e+00 1.498629099714431812e+00 1.299039320896556271e+00
1.843742315857553882e-01 -1.372032536810581516e-01 -7.379728703934780587e-02 4.179920653179852036e-02 2.884128556276515987e+00 6.558781247400382597e+00 1.154869278242242725e+00 -4.734669650377464345e-01 6.254226977788869490e+00 5.169515197362947845e+00 8.643423813014724510e-01 -3.288608744917748128e-01 4.386231971653772987e+00 1.227759705021420844e+00 1.045233422890150532e+00
1.885797910080431738e-01 -2.215373395706467241e-02 -7.986012415208508866e-03 1.132159099668542286e-03 2.386109010059354052e+00 5.522891293455638007e+00 9.648217692515224098e-01 -3.853693051795074043e-01 5.271939798042087233e+00 4.407101227067755644e+00 7.337776054112387092e-01 -2.709479544053033373e-01 3.773122542973868843e+00 1.068524983378940751e+00 9.193915518047097724e-01
1.927656394953895236e-01 3.557757999751129940e-01 1.819519748712573881e-01 -4.268080651992878921e-02 2.240892146938892715e+00 5.273375880618730527e+00 9.168189203805805487e-01 -3.511506821205682138e-01 5.004644186959185781e+00 4.220868988819971079e+00 7.006412304253771817e-01 -2.475452827671529299e-01 3.664482768110115973e+00 1.048909935197947840e+00 9.152248927942415735e-01
1.969014248243030341e-01 1.128068506644004931e-01 5.106790620682759990e-02 -8.641971013142586006e-03 1.795656373836617359e+00 4.251133559496110159e+00 7.365627329037300886e-01 -2.776925730408819626e-01 4.049827764851304579e+00 3.435118701374245465e+00 5.690515535246855050e-01 -1.968128296155838564e-01 2.976073118137860796e+00 8.550765060350468127e-01 7.449867472096997068e-01
2.010715633173454087e-01 -3.100950476931810598e-02 -2.761162768569806747e-02 2.442256282039152390e-02 1.370435361547856612e+00 3.262478873512007382e+00 5.576492736896202507e-01 -1.999309458162027986e-01 3.122791663799628470e+00 2.671244430778228818e+00 4.406083622187435545e-01 -1.458496060151895646e-01 2.314694359388977052e+00 6.705453214236565262e-01 5.845544004377967173e-01
2.052920281681521186e-01 4.425851806239737563e-02 2.307631619458128114e-02 -7.937961822660098352e-03 1.135073635057471275e+00 2.695036945812808060e+00 4.678514021449096671e-01 -1.758520628078817649e-01 2.578744868637110166e+00 2.189427339901477865e+00 3.652384159482758852e-01 -1.280180191014983482e-01 1.901532738095238040e+00 5.460412818144498859e-01 4.763743714080459490e-01
2.095172134954577381e-01 -3.204836799429777727e-02 -2.083998896375464580e-02 1.207427757387688136e-02 9.023228293743305040e-01 2.161618478671791355e+00 3.710747983743935552e-01 -1.317555469193024964e-01 2.051719232405015525e+00 1.759011621038371720e+00 2.916147855660481403e-01 -9.598856078647768908e-02 1.515437452743998437e+00 4.394410648746140402e-01 3.807168686204397967e-01
2.136973926115405542e-01 2.852128754844961145e-02 1.347032461240310099e-02 -1.084060077519379857e-05 7.610367005813953867e-01 1.843901405038759655e+00 3.176486191860465325e-01 -1.106574839510658936e-01 1.755849079457364459e+00 1.512656734496124145e+00 2.521418513808139639e-01 -8.196812923934108930e-02 1.314517199612403209e+00 3.826570978682170554e-01 3.341173086240309953e-01
2.178750580088065492e-01 2.015063298357664193e-02 8.488067404197080501e-03 -1.656029026003649806e-03 6.159811815693431170e-01 1.491589187956204432e+00 2.564165145985401462e-01 -9.078301779197080201e-02 1.403776687956204361e+00 1.207702098540146096e+00 2.003757983576642532e-01 -6.645923386177007841e-02 1.037662294708029176e+00 3.012494582572992630e-01 2.604552919708029157e-01
2.220823861956562617e-01 -9.355184490819089260e-03 -7.894279603500311063e-03 5.505276753857110336e-03 4.755938152253624263e-01 1.156973648953573575e+00 1.979204264901351096e-01 -6.747055548651069434e-02 1.092681493978112428e+00 9.444734947044056694e-01 1.567567498334108966e-01 -5.043312202299105734e-02 8.113858252066057375e-01 2.365886959158346181e-01 2.041182269190359444e-01
2.262696194198526023e-01 1.555347458332189715e-02 7.593608369757643729e-03 3.672562780472909700e-04 3.882481904351018365e-01 9.494252449634956736e-01 1.639052968638496921e-01 -5.587901065003671175e-02 8.897753257602788457e-01 7.706913635786627470e-01 1.283215561872152466e-01 -4.096583060508385277e-02 6.595079244318493572e-01 1.926271273484245483e-01 1.657087103349549895e-01
2.304259489101245229e-01 1.884118764429966453e-02 9.726077354572475187e-03 -2.420485649232392237e-03 3.072780262708322274e-01 7.546008994679157533e-01 1.300358717358420513e-01 -4.372051160658603497e-02 7.063290330927233240e-01 6.131899742416804244e-01 1.024308247928387566e-01 -3.237452278483426982e-02 5.268410854320365599e-01 1.541904643629584404e-01 1.332087280150336950e-01
2.345870463846415066e-01 6.497617519532244285e-03 1.987235348431058268e-03 1.341863206890683185e-03 2.451276753448363710e-01 6.067486647134422428e-01 1.038745789453383445e-01 -3.336776800966750889e-02 5.674623908866494038e-01 4.957569957404438510e-01 8.242330154571944623e-02 -2.497823306208088456e-02 4.250927304423067210e-01 1.251325892232274806e-01 1.079820800010815873e-01
2.388019837064606632e-01 -8.439641902881041963e-03 -5.252247135705837011e-03 2.512038833175421308e-03 1.835588374073649498e-01 4.540251366895187157e-01 7.776670391933809823e-02 -2.492371916753669328e-02 4.247470263240477051e-01 3.714128902289625112e-01 6.191754197243277275e-02 -1.873094776680104406e-02 3.174824583670279865e-01 9.352311529519505284e-02 8.048533642820934753e-02
2.430077036534963875e-01 2.574950579892312016e-03 9.108379122613868275e-04 2.415376422987091753e-04 1.451611660099605405e-01 3.616701052735581956e-01 6.207467784998573629e-02 -1.957649750030086497e-02 3.376786951977249762e-01 2.963480657627299841e-01 4.938919690560666237e-02 -1.454608543438436034e-02 2.544503865577307233e-01 7.526311773277409578e-02 6.505743485683211647e-02
2.471758823520590620e-01 -3.193420003161646491e-04 -2.257977992426420057e-04 2.966050362691136045e-04 1.167361008816682061e-01 2.910696289736146580e-01 5.008987563592205011e-02 -1.581508612791733895e-02 2.720392349534375698e-01 2.389559965293745758e-01 3.998831729007387009e-02 -1.186228296240874301e-02 2.049752367641986817e-01 6.063854702589675794e-02 5.236788899028512606e-02
2.513692271335918882e-01 4.338162341090105387e-03 2.380803796708842041e-03 -5.643681923537947724e-04 9.318764641386044489e-02 2.343836326911294954e-01 4.040595721501521326e-02 -1.234975511576695377e-02 2.184036453205002171e-01 1.927240602161831018e-01 3.234985079119896689e-02 -9.317012862154213856e-03 1.660770581361319109e-01 4.935874703582447676e-02 4.281628364014430921e-02
2.555723892733414715e-01 4.492812588789831668e-03 2.361542518937363461e-03 -6.658798906863152558e-04 7.249683455874469939e-02 1.831905520248102437e-01 3.150924955504567915e-02 -9.503946943594333840e-03 1.694935687682270486e-01 1.500104830635909658e-01 2.513758706848142135e-02 -7.154112405748756440e-03 1.284229317665222803e-01 3.824149770352640310e-02 3.298596685090277730e-02
2.597674079539822323e-01 -3.974721906762315911e-03 -2.033002186917529965e-03 4.535984127772042795e-04 5.224034145616221481e-02 1.315205468717819404e-01 2.259479900922169160e-02 -6.758881149483693222e-03 1.217792484430994387e-01 1.077458337302281965e-01 1.808948582055546275e-02 -5.149833451986125972e-03 9.153920843931499796e-02 2.723829798394571122e-02 2.330424690647268926e-02
2.639178238801485610e-01 -3.567045901434929330e-03 -2.061860498436540734e-03 7.772528029961504534e-04 3.985057914332668094e-02 1.007724375575506370e-01 1.724908218711632829e-02 -5.007708826410470042e-03 9.319254807077449743e-02 8.274728592758849588e-02 1.389119690953038652e-02 -3.872671921560069848e-03 7.017768561681501926e-02 2.094291560557665771e-02 1.789159616712707179e-02
2.680749044740857179e-01 1.521988586906447430e-03 6.698204094099148315e-04 -1.244440466095016889e-04 3.331132939036010598e-02 8.514293719934437621e-02 1.459012059487988129e-02 -4.163667553264841295e-03 7.770101912254626098e-02 6.926878154307861135e-02 1.159327240232935208e-02 -3.142626248463382607e-03 5.867005519243171513e-02 1.757883534437192086e-02 1.500856315404721156e-02
2.723023151079725368e-01 -1.635091100697333259e-03 -9.360377064340104879e-04 2.816190206535114956e-04 2.439141776870724573e-02 6.225418482939314158e-02 1.067268708691532578e-02 -3.001586609394498936e-03 5.759603677031336494e-02 5.144728133232806533e-02 8.636726242576031262e-03 -2.307411288351156851e-03 4.380460553302366333e-02 1.315248489027257862e-02 1.126931617695911894e-02
2.765128983200950685e-01 4.293688505006765721e-04 2.399187101708353219e-04 -1.241323869507631491e-04 1.993726852624323059e-02 5.119114769845251045e-02 8.802236739685841832e-03 -2.449693597986793078e-03 4.737548962974554717e-02 4.241191123605331931e-02 7.149293030529075936e-03 -1.894996975414372673e-03 3.636419860455522568e-02 1.094182889547641938e-02 9.441971458426349356e-03
2.807027537381580062e-01 -4.114296121686105020e-04 -2.430225587481879275e-04 6.821035312403905565e-05 1.456506246842602381e-02 3.742998813916710577e-02 6.421801470386355286e-03 -1.759796062141703995e-03 3.429709035511113724e-02 3.075017022491653360e-02 5.174434208069759664e-03 -1.354191655581455473e-03 2.607062377822438881e-02 7.852474756262628822e-03 6.711831073563247207e-03
2.848857026249724811e-01 -3.023062306121372580e-04 -1.502545557400033886e-04 -1.144900268372055534e-05 1.099901891842228890e-02 2.835053595582095326e-02 4.877769417389628617e-03 -1.337510824974964948e-03 2.601990869492297465e-02 2.335115333658797573e-02 3.935146189105937983e-03 -1.029362696280024334e-03 1.984496063713423256e-02 5.981032798004973575e-03 5.119708372362761876e-03
2.890807262117984777e-01 -3.007365221617478292e-04 -1.690560367528731267e-04 5.305818167561153172e-05 8.161534291863484572e-03 2.115178544735344529e-02 3.624883829235806074e-03 -9.471329027812105169e-04 1.948965919118859913e-02 1.758792872037677479e-02 2.961248573316058348e-03 -7.368422575471692774e-04 1.500323492569967734e-02 4.548534629518997605e-03 3.911547009115055526e-03
2.932785946948970324e-01 7.069536631735962441e-05 4.347306437162513167e-05 -9.635279849631776418e-06 6.392758005495785371e-03 1.659008562496681535e-02 2.859027783893991481e-03 -7.503242643503598742e-04 1.518452294109748357e-02 1.369710438034057141e-02 2.315237409705543734e-03 -5.797259118811499187e-04 1.165244359851362772e-02 3.530444917509619265e-03 3.023796080296457887e-03
2.974321087309398370e-01 2.217526136352285411e-04 1.227741140859737144e-04 -3.908833166423917953e-05 4.810098529490720864e-03 1.253260020651869935e-02 2.158932093711293625e-03 -5.609742479048466070e-04 1.142708057600487492e-02 1.032823316011067562e-02 1.743347499628541139e-03 -4.316869208049484846e-04 8.780193526999760176e-03 2.664473309424694302e-03 2.285205706327663247e-03
3.016123743882810904e-01 -1.156002423651918853e-04 -5.745945066762227958e-05 1.048835720733730770e-05 3.518176720818119631e-03 9.172984125696505633e-03 1.580136402292047111e-03 -4.040036302314362667e-04 8.384888679600735126e-03 7.588586033923104372e-03 1.283809116908482149e-03 -3.139728573419433514e-04 6.446274038175823715e-03 1.958416013544994703e-03 1.678206215850769779e-03
3.058101292111336522e-01 -1.512272393764597423e-04 -7.996586171894916458e-05 1.401523413556748320e-05 2.609043334708325418e-03 6.815355089992652590e-03 1.170919397913179486e-03 -2.953066836020385908e-04 6.225219832732882368e-03 5.645556087074591819e-03 9.537554314937144893e-04 -2.302406137593022973e-04 4.781728228013095230e-03 1.455208902199123938e-03 1.242636003967052686e-03
3.100168993294901143e-01 -1.230207850058802842e-04 -6.397496563087916592e-05 1.311569686749972934e-05 1.913573171402201253e-03 5.028425369540732645e-03 8.638378619367777060e-04 -2.097062747951710076e-04 4.579700764537271949e-03 4.169524425775982153e-03 7.044936585157461021e-04 -1.634485277097472763e-04 3.530351971070726583e-03 1.078508585001318161e-03 9.217930406562061191e-04
3.142092030053749707e-01 -1.090747056541108476e-04 -5.748635361427697761e-05 1.297274077932465515e-05 1.410707908414430460e-03 3.707252083852113911e-03 6.367823930045849465e-04 -1.536669946454319378e-04 3.379432386887995087e-03 3.078795499422759280e-03 5.206799740704569097e-04 -1.204165470473132310e-04 2.606102941758909469e-03 7.965225277688431967e-04 6.802097791551308011e-04
3.183867557675504334e-01 1.504415793627721078e-05 8.788208590090542757e-06 -2.142876534945327794e-06 1.119995452794440545e-03 2.960596060210784943e-03 5.091951208885733956e-04 -1.198560015033647196e-04 2.692443178120403503e-03 2.459889802252873334e-03 4.165746320566594656e-04 -9.410912847740474346e-05 2.091160344418099403e-03 6.409911127724698997e-04 5.497231723497093825e-04
3.225872781332082551e-01 -8.168473229072804171e-06 -2.521106993431180162e-06 -2.431392096785674141e-06 8.152808577812907000e-04 2.158806387978073806e-03 3.714532308561941287e-04 -8.719368143912995363e-05 1.967143694177805272e-03 1.799185185960131429e-03 3.045228879961944216e-04 -6.831923054369345072e-05 1.531562199183290722e-03 4.699140759275714546e-04 4.035912787320696167e-04
3.267666109043823597e-01 3.086097745295136174e-05 1.649359591754522521e-05 -4.157158309635467037e-06 6.180174304579993255e-04 1.641351659476594956e-03 2.826076973158705053e-04 -6.556889387473155059e-05 1.477884914414012013e-03 1.352536426740763055e-03 2.291388879540586301e-04 -5.113439670011713433e-05 1.140964959742751588e-03 3.500267108002277309e-04 2.980575184698531599e-04
3.309328770241455886e-01 1.576836930658754771e-05 8.221592966773899575e-06 -1.814941584968114454e-06 4.510291820188252858e-04 1.203194298240826878e-03 2.065256696931407510e-04 -4.607089069748713806e-05 1.082403144095660762e-03 9.946493377409099026e-04 1.681741227139718436e-04 -3.604851926427706882e-05 8.407974739603269387e-04 2.590518579475975113e-04 2.211874176043301531e-04
3.351106074107195187e-01 7.281207478256444386e-06 3.212820689677893971e-06 3.534228477301663840e-07 3.257173754849255402e-04 8.725080641451349794e-04 1.495927359988417471e-04 -3.215270713911970717e-05 7.867740419943839488e-04 7.252954980901936974e-04 1.226550532060609192e-04 -2.534632889550878665e-05 6.141602538696426354e-04 1.897840965811526596e-04 1.623751177842000667e-04
3.393095620710060434e-01 4.378480136034806734e-06 2.102024943332233330e-06 2.368665912600567682e-07 2.462359891497151285e-04 6.597118722992094267e-04 1.133135241933421931e-04 -2.428371730359901311e-05 5.969661417049406315e-04 5.504805891591725130e-04 9.331726000113122171e-05 -1.927447806839313290e-05 4.672918396971940426e-04 1.444275586169942193e-04 1.237347771851844995e-04
3.435164896197421824e-01 -1.280697446422168214e-05 -6.674785306282323581e-06 1.420435863667256511e-06 1.683950993024243593e-04 4.503695138545550950e-04 7.728617615909614505e-05 -1.657224547963537448e-05 4.062566981805482277e-04 3.745190080630940530e-04 6.349144263983115294e-05 -1.318663181985004372e-05 3.151743917713241915e-04 9.734626135453160320e-05 8.268145461937730328e-05
3.477107812306902690e-01 -5.476591511198931215e-06 -2.704890818454068183e-06 2.420590726227271418e-07 1.254942882543924436e-04 3.366696011699725792e-04 5.782821616838200500e-05 -1.231227856507937282e-05 3.046686741388566263e-04 2.812698131883306445e-04 4.768069653851212780e-05 -9.767703758990643111e-06 2.383136755879144216e-04 7.371751171151994441e-05 6.307192077735451579e-05
3.518857617074659383e-01 5.375246876452089447e-06 2.808004071920414054e-06 -4.421736223604008770e-07 9.293364361816173623e-05 2.507933836234100796e-04 4.304288819597612380e-05 -8.818434627990979065e-06 2.246456711948057231e-04 2.080380563569106096e-04 3.523903642726657754e-05 -6.969031010318554844e-06 1.758672111864938452e-04 5.456048521933974356e-05 4.664922146318145916e-05
3.560773577310688554e-01 -8.305920077035970788e-07 -4.121770123021238833e-07 -5.865201750249415336e-09 6.450116198100766573e-05 1.736704711273959483e-04 2.984106039297156282e-05 -6.222480604398497322e-06 1.559686430521212716e-04 1.442438706662198472e-04 2.447696012265952568e-05 -4.941781651875009907e-06 1.218669985289205744e-04 3.775427143460565214e-05 3.223731843937987579e-05
3.602869550449780967e-01 1.253641740403751337e-06 6.189250370592404192e-07 1.300367819271993893e-08 4.731631191445097247e-05 1.279971150531345554e-04 2.194906198002356042e-05 -4.340756028822133736e-06 1.151674933280863661e-04 1.069230199226225855e-04 1.812180868860357793e-05 -3.467143015832943071e-06 9.062491446441012515e-05 2.818483492203248473e-05 2.414145159719838579e-05
3.644651285618699665e-01 3.883922889176663767e-07 2.576643219572333068e-07 -1.109415566417284191e-07 3.428300083807798304e-05 9.289166170226551998e-05 1.596371596934402238e-05 -3.180507580047260891e-06 8.346104834368889432e-05 7.753791704910489358e-05 1.314070503410743647e-05 -2.516483712447189520e-06 6.562982279515624487e-05 2.042682682792314547e-05 1.747573259084285886e-05
3.686396944457170921e-01 -5.169980195624672500e-07 -2.492709945837771327e-07 4.272705841425240778e-09 2.363066994163735490e-05 6.399041524923517312e-05 1.099956127036315776e-05 -2.185437413700405985e-06 5.745134318931534767e-05 5.335213383760249977e-05 9.071812964114155610e-06 -1.746920875379746443e-06 4.504692996389186572e-05 1.401051556929006473e-05 1.195534834881461547e-05
3.728293470315630076e-01 3.879617240845302301e-07 1.851761875617515161e-07 4.019531805233798621e-09 1.745252459060465429e-05 4.759423650725697405e-05 8.150827849995875770e-06 -1.533161626439453949e-06 4.257068123187496798e-05 3.975257314857454831e-05 6.736391513107748964e-06 -1.223624120302455836e-06 3.363803224872593915e-05 1.051702044029056098e-05 8.997534280172955323e-06
3.770363921861874523e-01 3.080396394723107577e-08 3.218412608451482923e-08 -4.659753896674399927e-09 1.207475878827717713e-05 3.296328469412242564e-05 5.657287796218326358e-06 -1.068818649361154342e-06 2.951936445711230634e-05 2.754368574278363293e-05 4.676412869085402748e-06 -8.558093897256833995e-07 2.326613479288526875e-05 7.269558286978286119e-06 6.215968482012590390e-06
3.812363453093803867e-01 -7.203333614717343881e-08 -1.912121829286273965e-08 -1.558874416663787626e-08 8.440567967610701093e-06 2.300078278161363744e-05 3.955221663231770416e-06 -7.462168952983803066e-07 2.056671909781863372e-05 1.921060745387772706e-05 3.261498154111481715e-06 -5.946877237757219173e-07 1.619097882524740331e-05 5.068818739616906768e-06 4.322475478106224601e-06
3.854150971210312249e-01 2.835603568569752615e-07 1.735842497189654346e-07 -3.798593878084667972e-08 6.256193102505755845e-06 1.712140590756755488e-05 2.935882977589376644e-06 -5.384415902066068934e-07 1.532403324177344350e-05 1.431443438231255527e-05 2.428249488408584392e-06 -4.308477968614787457e-07 1.212810085874076029e-05 3.790887298940538051e-06 3.243047885766717359e-06
3.896036578152083374e-01 2.009242011428311898e-07 9.232635704339810395e-08 -8.358153785228104916e-09 4.327185684673479283e-06 1.183407374278644103e-05 2.036664178556679995e-06 -3.659929379019384403e-07 1.056011602626546968e-05 9.895995326002901066e-06 1.678932526458953332e-06 -2.874744294439735815e-07 8.372201204031956640e-06 2.621851528299091330e-06 2.240097989706188056e-06
3.937795161075864914e-01 7.398580084981711875e-08 3.701927749618354377e-08 -3.606139280706347533e-09 3.036729772210243823e-06 8.312449785911276047e-06 1.421407751443359612e-06 -2.544575711142678086e-07 7.363330089914366631e-06 6.942293356839686253e-06 1.174051247909510288e-06 -2.044441711264616343e-07 5.823855472175599768e-06 1.835797327979848566e-06 1.561847891832619622e-06
3.979440095093054186e-01 1.475188690586028614e-07 6.777552820436870083e-08 -7.334109307188749394e-09 2.118470925164548443e-06 5.805775878992378211e-06 9.867179020396861904e-07 -1.733580831417010347e-07 5.193808078723416973e-06 4.862065740707489589e-06 8.257034539781582211e-07 -1.418182018065932064e-07 4.127123096861588125e-06 1.292545523191542289e-06 1.111253346475797057e-06
4.021139069446590386e-01 6.868517247623895203e-08 9.156582898416370914e-09 -9.453458543868480798e-09 1.449656040080721665e-06 4.037332880413658836e-06 6.807491148564286270e-07 -1.199865007006542856e-07 3.546318210470469653e-06 3.329749010257061136e-06 5.592367607726971470e-07 -9.638642984979958987e-08 2.778914195097020547e-06 8.826001235228863008e-07 7.458319840104928317e-07
4.063125452039867413e-01 1.509761045659344971e-07 9.145382858568524692e-09 1.783820784345090638e-10 1.008071722636701166e-06 2.816960599747142136e-06 4.775029464916515660e-07 -8.345273210013752559e-08 2.496352391748620981e-06 2.355724957063042501e-06 3.982711916928774090e-07 -6.634938188523659463e-08 2.001080934086330309e-06 6.251622798710515487e-07 5.393979832781706639e-07
4.105412315868290918e-01 -3.903915254219248492e-08 -2.354697640929507299e-08 1.167245366394604518e-08 6.908495389449610076e-07 1.853256411255249213e-06 3.106570077739004925e-07 -5.323107296360876676e-08 1.695537163984391760e-06 1.567877206091350555e-06 2.658019209787690577e-07 -4.281519808571002001e-08 1.338399957289950942e-06 4.157697876257413463e-07 3.588147113308746383e-07
4.147348487769681458e-01 5.142908344710915375e-08 1.151555304992442149e-08 -2.040139182295062257e-09 4.757329966826856867e-07 1.309610929503977265e-06 2.253827176581086075e-07 -3.515195016979497389e-08 1.170990585997665406e-06 1.103350249913881363e-06 1.855513731026710024e-07 -3.181848434267724679e-08 9.216368198394775602e-07 2.920271816413011313e-07 2.494273321743200562e-07
4.189107045044477284e-01 3.159967650196793167e-08 -1.438182356929695589e-08 -2.476094026636995724e-09 3.220057610193483880e-07 8.823718870020606147e-07 1.509876947089888679e-07 -2.429395761287853914e-08 7.737927478141108491e-07 7.576316028925774090e-07 1.226608682826235939e-07 -2.067712297804186525e-08 6.240032102201124963e-07 2.003597389788499132e-07 1.690282146821349077e-07
4.230974437456921922e-01 -4.028131785319481778e-09 5.698910970957177525e-09 8.897747735770631806e-09 2.402852927478820343e-07 6.351316855844464020e-07 1.050137801162537492e-07 -1.517388036375633933e-08 5.406603113668870158e-07 4.989065462959492117e-07 8.800059669716550067e-08 -1.350798246647826279e-08 4.205731854478583207e-07 1.314422141111662207e-07 1.153257201852269414e-07
4.272931011032126136e-01 9.813217440321202589e-08 4.495810177294642510e-09 -5.081403401148075919e-09 1.800270695350500532e-07 4.693362981029591944e-07 7.417514287304462736e-08 -1.540869836832950330e-08 4.081318380250357919e-07 3.759967798837034330e-07 6.176352094584337941e-08 -8.931335784755488341e-09 3.201399488041545810e-07 9.936407200024852346e-08 8.763565979357072756e-08
4.314914587673138180e-01 1.440730713510332821e-08 1.290910997009161767e-08 -1.095060904974538739e-08 1.425396715271218137e-07 3.407880922621232760e-07 5.159563418672838349e-08 -8.794964185557807514e-09 2.946033738413674193e-07 2.513597576527014745e-07 4.031608799598566280e-08 -5.194970837325622840e-09 2.214257064905615989e-07 6.677168186670022330e-08 5.682033697594699082e-08
4.356511643511531418e-01 2.543545137859517376e-08 7.041491420730798322e-09 1.865239769432707461e-10 9.182600183364992743e-08 2.135181411910028345e-07 3.611867137170590847e-08 -5.328359521604133913e-09 1.632284333590046113e-07 1.595156083672492309e-07 2.810839885146304251e-08 -4.719223736638870982e-09 1.287615820719863301e-07 4.433190336187242836e-08 3.904936097240329640e-08
4.398424702607344750e-01 -2.231076142388550237e-08 -2.215669240790492244e-09 1.305228868510080607e-09 2.789715281829822512e-08 1.278922234704063709e-07 2.884949903682473028e-08 -5.833760492530044644e-09 9.578067331309743812e-08 1.184391184253787919e-07 2.146221137071073402e-08 -5.148948012141589750e-09 7.609592902794221648e-08 3.236455289617639770e-08 1.709175862099532056e-08
4.440501074980069407e-01 6.806662125931845017e-10 -2.220012382166123728e-09 -4.344626368537797670e-09 3.045705486286286479e-08 9.989772369653460808e-08 1.438948325508103470e-08 -1.036576742860214273e-09 1.040898477654522413e-07 8.180224146529505781e-08 1.141885312335756453e-08 -1.223046897747858378e-09 7.476385824897085063e-08 2.193034339834959149e-08 1.977107988527571143e-08
4.482267968899237842e-01 2.577834783218789651e-08 4.569807679800990235e-09 3.177644594563521292e-09 3.033339949660821306e-08 7.520338015889936132e-08 1.304799423679380122e-08 -3.465129691812049634e-09 4.824046828248619347e-08 5.460539983571026384e-08 1.121794755041880709e-08 -2.699074732677742922e-09 3.935176761022146351e-08 1.166072367745153024e-08 7.317371906458070066e-09
4.524052929840755577e-01 1.341600531720958614e-08 1.323525483536871690e-09 -3.113482468526301563e-09 4.110842153626548925e-09 2.948422394588505002e-08 1.096511548027924790e-08 -6.268826234958671608e-09 -9.980877284292854589e-11 2.386128353839138495e-08 7.459333030387680301e-09 -2.812022402730824621e-09 1.390825649738050949e-08 5.568061853999539518e-09 6.041022272978246704e-09
4.566090347930675253e-01 -3.306991076038162958e-10 -1.441969709650765054e-09 6.082587743439509679e-09 -1.634052286027793896e-08 2.216524544978434403e-08 4.615604387855276573e-09 -2.069411974881243748e-09 -3.574206934264439878e-09 2.292168462371414693e-08 2.295461319785081870e-09 -3.005661626111183192e-10 1.697124121417011776e-08 5.201105067955866103e-09 6.209615676101560737e-09
4.608167319022857811e-01 3.040240300943581728e-08 9.352889136145955262e-09 -6.080981317892809824e-09 2.408412261350143899e-08 5.110414532433832761e-08 2.785090245169657330e-09 -3.656367514271822622e-09 2.350688457317553488e-08 2.679624541718409754e-08 2.112137589261869852e-09 -2.137504249867770187e-10 1.077273320493239286e-08 7.141847108263480148e-09 5.883539892939183501e-09
4.649806979855051203e-01 -1.323685269742533032e-09 -4.212358168533264468e-09 -4.537569824345114929e-09 1.104409750586684547e-08 1.751164262158834871e-08 5.462059929551553910e-09 -1.320833189980470701e-09 3.740429041077878729e-08 1.157247210452473678e-08 1.993836075096468081e-09 -7.922107122466352162e-10 2.273662618382626686e-08 2.037724047332625750e-09 4.131925819555403873e-09
4.691538386770017222e-01 7.070107367699827613e-10 4.630417102757892672e-09 -9.426137532109525463e-09 -3.276144890161034579e-09 1.995544714264095636e-08 1.820809199514832923e-09 -3.255098970980971915e-09 1.694914641418580219e-08 1.488702316190875831e-08 5.525893605170166213e-10 7.007693952005663639e-12 -1.478011517248179477e-09 4.006384342613226377e-09 6.659300088335071478e-10
4.733478629909182445e-01 -1.585161507426100799e-09 6.338340302295539054e-09 -2.138552932870374055e-09 1.379268310434407603e-08 -3.168230324482371495e-09 2.638335109134886170e-10 1.231840212227075710e-09 -9.499544752184463560e-09 -6.123864176324426251e-09 9.895577709285489451e-10 6.858542694674869306e-10 -8.896709350212222471e-09 -1.532103147392344846e-09 6.487878173689692529e-10
4.775500538217637980e-01 8.424650697240683131e-09 -5.383711693977400051e-09 7.766412012376647400e-09 -2.914100167844597104e-09 1.141321621349882994e-09 -1.449852072545733980e-09 -3.302007467184369017e-11 4.016315124271437659e-09 2.871822447793851063e-09 8.762899592514356752e-10 7.236175326524981471e-12 -4.298761075436818037e-09 1.678064024747522076e-09 -3.297056683969053581e-09
4.817339644282710998e-01 -5.472442168743637517e-08 -7.600853547714164302e-09 2.057146065459848543e-09 9.807112778243332701e-09 -3.756602784275296159e-08 5.156770685756367562e-10 2.388120510921559664e-09 5.173069070706979273e-09 -2.420320784040472407e-08 1.030225308448363789e-10 -3.249006079522746507e-10 -8.804435599846154840e-09 -5.946967005973521670e-09 -5.769155626761606651e-10
4.859144464692263798e-01 -1.994996450343551624e-08 -7.797442738505226850e-09 1.281489718739411448e-08 -5.061189049933283914e-08 -2.821847634137220555e-08 -6.958604203567263422e-11 2.129693912582903474e-09 -4.999648285045460428e-08 -2.960901195279352158e-09 1.116642607269056825e-09 -8.419930920101348301e-10 -2.685902776755337536e-08 -6.498791955132886953e-10 -6.778755553959395641e-09
4.901252990058800885e-01 -3.120137363003458649e-09 3.700443037383947005e-09 -5.650254988274997243e-09 3.286626765109588005e-09 1.824935376709601630e-08 4.402989308617869228e-09 -1.467756982940344487e-09 -1.142778442936440444e-08 2.241167226869833472e-09 1.644126673320681870e-09 -1.822643491701486388e-09 -1.030845944816358007e-08 -3.964414355652022352e-10 -4.062396797264633827e-09
4.943123444065962158e-01 4.525634623381953700e-08 6.026745307446143232e-09 -7.992488852205361968e-09 4.286659796831242817e-09 4.704221754894976286e-08 2.654027528194075447e-09 -2.116820230909187430e-09 3.046264698494789648e-08 1.910924563593319709e-08 -1.687644004478541961e-10 -4.186386528438533025e-10 5.957901243705744757e-09 3.394481300116915412e-09 3.214511998583973615e-09
4.984736335014697817e-01 2.481572319967140393e-08 -1.258912463784305546e-09 1.517155658535087809e-09 1.727064018769519156e-09 -7.066777104894526717e-09 9.560988117778786362e-10 1.932232498731478672e-11 -5.226618450471196004e-10 -1.461840139119054750e-08 6.716782544469290335e-10 1.859716788052903729e-09 -1.116205473357867917e-08 -1.508472977916132585e-09 -3.810954452903593922e-09
5.026590164608074618e-01 1.961738343485757897e-08 4.772749646456045144e-09 -4.043967973023403765e-09 9.975419292428208346e-09 4.086120805753234840e-08 4.970519364907490271e-10 -8.221186159780823273e-10 1.002488629513693793e-08 2.020461607182115572e-08 -7.769408591596201567e-11 -3.663073781087585582e-10 -3.175130859111630439e-09 4.369154076155805418e-10 5.046242920658495034e-10
5.068609875937976073e-01 -1.039991855866957097e-08 4.346779140269641081e-09 1.029670734631309563e-09 1.882515224141709576e-08 -1.720438307315920947e-09 -2.051393818028421983e-09 -9.814376411278321310e-10 2.618868424878464326e-08 -1.052498912580849811e-08 -1.521106972585096660e-09 1.868143442419097708e-10 1.571977116462046049e-08 -4.740303389044133931e-09 1.731160629975161173e-09
5.110594965365916620e-01 -3.215046472871893755e-08 -1.185893814748681501e-09 -1.971315956726135320e-09 2.610332038265841085e-09 1.142558792212043601e-08 -8.735602329907312906e-10 4.427057774285946910e-10 2.662299944370798141e-08 7.210183411219383445e-09 -1.064843597330002767e-09 3.725111393574892690e-10 2.101710573795522324e-08 1.793769565545157649e-09 3.232264179720897031e-09
5.152492140965455603e-01 3.400547295299685896e-08 -8.364579317241947140e-10 -1.137032884609997039e-09 -1.113372395958129870e-08 -1.597701622058151751e-08 -1.888105073030768844e-09 -3.099594275624970277e-10 -1.600412003274972897e-08 -1.608703221817367494e-08 -3.405656811197468283e-10 -4.019229425026811724e-10 2.085883843464074395e-09 -7.816064281636328516e-10 3.866532985145488193e-10
5.194329442812991582e-01 -2.262288303199930919e-08 -1.562018615906097450e-09 8.092915752256789521e-10 -1.490634205954873670e-08 -3.651446579320659544e-08 4.377284790992082213e-10 -1.629703119987189567e-09 -2.125379725530052571e-08 -1.473707828036026563e-08 -3.552827772990967031e-10 1.285742453643854369e-09 -6.145460677848287874e-09 -1.444660521609987218e-09 -3.655373397435937188e-09
5.236343964239100757e-01 6.790440061137907114e-09 -1.568439178671532097e-09 -6.516837131592086770e-10 -3.926480101571217064e-09 3.322802646911481135e-08 -1.842332039644471336e-09 1.315738176410513755e-12 -1.045895018891283691e-08 4.464291008018421271e-09 -2.045462107904271100e-09 9.391651830188665849e-10 -3.353311066681973716e-09 3.133677807989115497e-09 -5.357115386735620369e-09
5.278273205415198177e-01 1.933651242876832571e-08 1.155398530285032778e-08 -1.082802374280288632e-08 -1.111310416235068594e-08 -2.154051964591156787e-08 1.815817536526108858e-09 -2.865961038511085213e-09 3.700238617385390950e-09 -1.206500221676925542e-09 1.296455645745201457e-09 -1.160243521526171476e-09 -8.790707416437563904e-10 1.068858722261337108e-09 1.177176651231864075e-09
5.319960279023402405e-01 4.658174065633800744e-08 7.473269629134780234e-09 -2.982664255960481335e-09 5.402545560131979348e-09 1.182739337801608857e-09 2.759474679270878700e-09 -1.944620578243970782e-09 2.207865063225506079e-08 -4.984954207493980828e-09 2.417009380530585326e-09 -1.708808250400769913e-09 4.781325631428107313e-09 -9.925590216859058725e-10 2.395209668038712190e-09
5.361714592099571242e-01 1.700224979346264069e-09 5.878734125973685980e-09 -1.179099780430351678e-08 -7.738232976397687683e-09 2.915996532194413707e-08 1.429778107140107256e-09 -1.383314966728221571e-09 -1.647108498958159039e-08 3.866693600190679941e-09 5.938682901288156688e-10 8.568410740027962814e-10 -1.538993537120288166e-08 -1.463274802936871609e-09 -4.513974051417411124e-09
5.403746330902056139e-01 -8.934911593312277634e-10 -4.136700032101583789e-09 -3.387990019574735785e-09 8.138672480622077214e-11 1.528787938063177664e-08 2.666972757765673739e-09 9.852708856727205184e-10 -9.932724842041569076e-09 1.613822857982217177e-08 -2.178671750142707241e-10 1.545880059309558856e-10 3.099053828705051094e-09 2.808132676636111062e-09 4.360921901244706703e-09
5.445761264886261888e-01 -2.622910099398999874e-08 -1.767649488149909224e-10 -1.272357989826489642e-09 -9.931576305520244623e-10 3.604860126062525219e-10 1.111694435920085529e-09 -1.001314131594721629e-09 1.230114264786004942e-08 6.988359827210119471e-09 1.282414434232328340e-09 -4.531363208506723290e-10 2.292761363083964026e-08 3.046954824510250757e-09 3.206624598774718508e-09
5.487504490749764985e-01 6.637189500263379432e-09 1.053943687824724720e-08 -8.440392458725670412e-10 -6.753894883546263447e-09 -7.960253948374984359e-09 1.901287675155823705e-09 -1.528060892409547169e-09 -2.210797697305957890e-08 -3.332984628214636475e-09 -5.336943718874695460e-11 -1.874260430307681876e-10 -9.910639150695768239e-09 1.222914472083499349e-09 -2.921173549516826485e-09
5.529407179677009454e-01 -6.719554704515159038e-09 -5.718495615144736610e-10 2.345903274543202478e-09 -4.042518758062412126e-08 -4.166451658532784513e-08 -4.234024646414183169e-10 1.505241724877282583e-09 -4.899840477390075405e-08 -3.459918318434490859e-08 2.903910230723876037e-11 4.493945205887728365e-11 -1.647317945405353884e-08 -7.368699948745635179e-09 -1.632351743681196038e-09
5.571409157079509900e-01 -8.872161125195254788e-09 -4.401629779278748220e-09 -6.577708475715041758e-10 1.044765317527534049e-08 1.584419666692413861e-09 1.936292468271447583e-10 -1.719540783757604210e-09 2.606681378352289104e-08 1.741665538741355269e-08 8.855409494212528660e-10 -1.330562969777243156e-10 4.600256110781102759e-09 6.207721619909376908e-09 -9.940109920123962497e-10
5.613298693710127019e-01 -2.334615005636876307e-08 -2.753263718753933564e-09 3.109807439436619907e-09 1.629778806401009785e-08 2.716997831116200080e-08 1.050766796637484852e-09 1.675552917532267488e-12 2.748198962447615853e-09 7.955247606473641481e-09 -1.314884501700057474e-09 -1.816004130676016177e-10 5.086342991102924906e-09 1.957081043896151078e-09 3.800254195847059579e-09
5.655062246218995892e-01 -2.594098902552567315e-09 -3.996174852826570617e-09 2.833108991584854272e-09 -7.841418096756424446e-09 -3.978450369878745499e-09 -8.658709673050801076e-10 2.281802076652732464e-09 -2.468153764522650077e-08 3.691466990223213762e-09 7.061691811952692847e-10 1.449184137750999871e-10 -1.064463731847856196e-08 -1.619176665904614766e-09 -2.728118345150457799e-09
5.696867424029971039e-01 1.683853618265454251e-08 -1.013964950166404511e-08 8.746355557995178116e-09 -8.506964615473065150e-09 1.592355338960471281e-08 -4.193150595151867780e-10 7.709083257165017393e-10 3.816282463302107256e-09 -8.942663806532920052e-09 1.126571920555581070e-09 4.131728685125214253e-10 -1.910891180209246181e-09 -5.060558478596049506e-09 -2.375361389488918749e-09
5.738956954203543459e-01 -1.266459757726168544e-08 2.418361900553949308e-09 -9.600283075334400180e-10 -2.528302416176959881e-09 -1.146858382851765513e-08 1.881303233140058072e-09 -7.078645396926127915e-10 6.363041268348000430e-09 -6.952074365799297459e-09 6.484854709583250163e-10 -6.401650733058223892e-10 -3.455935521195479326e-09 -2.677398939273229716e-09 -1.407995119914646410e-09
5.780928920821047923e-01 -2.830145455902667287e-08 -4.268801078786765548e-10 2.883776745244086026e-10 -1.890152406332573816e-08 1.835691064876450220e-08 -2.171101949463386720e-09 3.006747259347338034e-10 -1.919983106169668768e-08 1.289411295546290256e-08 -1.308272103204554271e-09 1.251593260774503954e-09 3.180353613810118636e-09 2.157110934699929104e-10 1.407890565054135786e-09
5.822632071880226023e-01 -4.420637803446301146e-08 1.208623063015307333e-11 7.335998776150735951e-10 9.367051521585640693e-09 7.872764437452289445e-09 2.826362187794239128e-09 4.454265917402926143e-11 2.322869175842345076e-08 5.499263869604973658e-09 1.080779251484628968e-09 -5.980807743758694860e-10 8.031619479904813206e-09 -8.801664606243853120e-10 3.914981045665307064e-13
5.864430803127811398e-01 5.090129272195658637e-10 5.259955897264991449e-09 1.136985924886859051e-10 8.385728371727364598e-09 1.652065001724015501e-08 -1.263172133371721269e-10 8.220595163522562156e-10 2.405805652679268038e-08 1.264813620633679798e-08 -2.181858326017310012e-11 7.240817419730787150e-10 2.482055146203528716e-08 4.381044696866178117e-09 2.359344327830341957e-09
5.906376733072625784e-01 5.526976556754074884e-09 -1.142552382462624840e-09 3.452519071205487715e-09 -5.611631149978413421e-10 6.151912913553906688e-09 -1.194624162223683201e-10 -4.919671876358524637e-10 -6.578129500151395720e-09 3.503709371959531704e-09 -2.048224750656615298e-10 -2.087191241144569709e-10 4.944633023338243623e-09 1.063356111286082945e-10 -8.190540123344246181e-10
5.948356627105599870e-01 -2.712285122759369931e-08 4.306001883534601145e-11 3.339533538708361606e-09 -1.744990450458941484e-08 -3.378146648291845700e-08 -1.879704179221089193e-10 -4.654532085519315814e-10 -3.580843557347385828e-08 -1.812166545706743626e-08 -3.948601767535846138e-10 -2.049929112938066063e-10 -1.612791218055278100e-08 -2.453812777482629460e-09 -4.754277568043806749e-09
5.990145239901687457e-01 -2.597382146737769652e-08 -1.221047410083521335e-09 -4.734741806112460736e-10 -7.502589946595685482e-09 -2.615813634664906950e-08 -7.804937217820070711e-10 -6.009585567917537902e-10 -2.094749529810658321e-08 -2.890407699623599735e-08 -4.639409768174295981e-10 -5.783386787838174421e-10 -2.409463589626857148e-08 -9.015703145957383028e-09 -6.868785854002414038e-09
6.031829950841108845e-01 -9.113226983019227601e-09 1.357866500179646576e-09 -5.444493942738873030e-09 -2.905082619234996310e-08 -2.809474981246804119e-08 1.200128342435530453e-10 -9.445711814280153068e-10 -2.302131076039179106e-08 -8.421028134704293570e-09 1.740350323564404000e-10 -6.712713526604195576e-10 -6.693803649407294185e-09 5.258260906643283437e-11 -5.891097684060165020e-10
6.073740526175752663e-01 8.430090663512021768e-09 4.464830784880331636e-09 -1.553100923409711180e-09 -2.847506452619184121e-08 2.600519195486605397e-09 3.077081705634757757e-10 1.203397818200628026e-09 -2.003897415087840212e-08 -5.338778259644416714e-09 -8.968505925297457895e-10 1.452331379029770737e-09 -1.289102225080612132e-08 -2.877317850142129361e-09 -4.436805329688432274e-09
6.115768023320514724e-01 -4.421284465267535144e-08 1.287290790409947415e-09 5.526316191675962204e-10 -7.263217959934929092e-09 -3.373650367959951775e-08 -2.738266448135630233e-10 -8.987715303778538934e-12 -6.677574663500364695e-10 2.654408574056177097e-09 9.130147639397383605e-10 3.568357356922013374e-10 6.241112298093829774e-09 -5.827031512830363689e-10 5.550207104814636511e-10
6.157710000000914397e-01 -2.065275593327952380e-08 -2.692513606944195874e-09 1.688938379534259866e-09 -1.147187640572564202e-08 8.525751941731597777e-09 -2.937601935784720507e-09 5.687855719574464795e-10 -2.278775845793731768e-09 7.267001039556158365e-09 -1.119146891606733208e-09 3.968744415745890377e-10 1.680699213974082953e-09 2.719828951815089223e-09 3.784220298352404911e-11
6.199632023912512446e-01 -2.079563764180258805e-08 4.830512236162625335e-09 -3.569040834052858356e-09 -1.296495438276543483e-08 -7.183772356455070404e-09 8.163573434898181372e-10 -2.922169058890832588e-10 -2.881052497955148298e-08 -1.149655986382698548e-08 4.063342970415074834e-10 3.193135155378807593e-10 -1.697825121798082093e-08 -4.913220315278179572e-09 -7.940686119471519570e-09
6.241630060990407403e-01 1.290130144012208721e-09 3.713152259231920078e-09 2.342612695037593032e-10 -2.108654627222342289e-09 -1.145253874870204221e-08 3.063775885655676824e-09 -6.500882587328698123e-10 -4.410047473387858185e-09 -9.891350242290359723e-09 6.099136195184204229e-10 -8.996212228759312115e-10 -1.330016320941917915e-08 -9.310853314991532091e-10 -2.137461592168367980e-09
6.283593402461892241e-01 -1.780522119429341726e-08 3.740243835313821698e-09 -2.150993628218133921e-09 6.535348818238754937e-09 -9.165682536137307948e-09 1.627885219433153864e-09 -1.829494643917093160e-09 1.932657995678406477e-09 2.978773147308305291e-09 4.343092812857668253e-10 -2.178193280313702078e-10 -9.534671450933791956e-09 3.591836053202829123e-10 -2.105548747209305248e-09
6.325410955997395890e-01 -3.973618627224722266e-09 5.351972036988821101e-09 8.275258866046234821e-10 -2.008320449989566034e-09 1.830476685529187151e-08 1.991889956344054904e-09 -4.056905774370180133e-10 -1.363678882262664765e-08 6.911040057056886427e-09 9.703472422957566309e-10 2.129252723656550535e-10 -7.540402098485328885e-09 1.225428737455177344e-09 -5.018729146975063196e-09
6.367142920629192959e-01 -8.640760060603302224e-09 -1.073592261327982378e-09 -3.421878604076476902e-09 2.523162929580621730e-09 -2.768801483444113066e-09 2.662566267592119804e-09 -9.135553289668521151e-10 1.060758087131664058e-08 4.826061770120595288e-10 7.174363373289495202e-10 -8.480550946525106617e-10 8.315825551187154358e-09 1.265020280051496385e-09 2.262107536003328763e-09
6.409035099394975177e-01 3.330903775440009327e-08 1.415491776736239684e-09 8.885539564261149386e-10 9.492219136410950609e-09 1.725701918539210266e-08 7.654037397607778953e-10 9.499393048666471479e-10 7.715128815882054334e-09 1.352521379730017579e-08 1.306117831740162380e-10 4.980352144056771183e-11 -3.901676466866748929e-09 4.791641663657349880e-09 -1.758722946635987983e-09
6.451032402190634008e-01 5.168118392690229786e-09 2.378591000428279029e-09 -1.225032424591855029e-09 7.132263609792692916e-09 6.330064175141458270e-09 1.158532205878816876e-09 1.313272353788489924e-10 1.331336843002532594e-08 7.615278086863440472e-09 1.132472977095683419e-09 -2.309574425380049716e-10 5.927492250884845507e-09 5.031801165365225319e-10 2.351246821661742180e-09
6.492879941711476866e-01 2.566933822559187466e-08 5.059203150610112119e-09 -2.356228486029551190e-09 4.248563116777180154e-09 -3.393449308086460061e-09 9.045879336189108969e-10 -1.566139021629866039e-09 -1.093230758479249322e-08 -7.407575412928071509e-09 4.330237086024191637e-10 4.133859145744675910e-10 -6.912202328042728971e-09 -1.476072952129837836e-09 -1.547383439706368570e-09
6.534659541563927476e-01 1.791360870802987579e-08 1.012918502945922058e-09 -6.773206732217098538e-10 -1.200326853652794181e-09 -8.943462140663247548e-10 1.283400344379291444e-09 8.939642630450884325e-12 5.621776650731387892e-09 -4.202374718853208556e-09 4.232952686136298334e-10 6.274152610882318544e-10 2.686997839531212883e-11 4.280116595810174639e-10 -1.970338589989997077e-09
6.576591076962554627e-01 -3.263789178758242362e-08 3.794524665952539670e-09 2.454101931705594568e-10 -1.239498084765833358e-08 -2.481979126271182416e-08 1.270597382779754975e-09 -6.221455287614071605e-10 -2.333838893096363882e-10 2.768960420887531017e-09 1.908010052227777380e-10 -3.942566386190684605e-10 -6.599465532307904118e-09 1.007186525627713082e-09 1.328236721437831629e-09
6.618529307405217610e-01 9.604177412812610600e-09 4.315957074916478283e-09 2.035390357537741180e-10 3.420085394261623208e-10 -1.407391566160241659e-09 3.863524383136622233e-10 -1.619614286119065266e-09 -5.462448058414170620e-09 -8.357750158448197488e-09 2.082643342691045693e-10 8.948910547885065577e-11 -2.844762823703630217e-09 -1.694615013935161825e-09 -1.877048190412024917e-10
6.660240791386257131e-01 1.849899821545752593e-08 3.279210828116394423e-09 -4.052571227030807166e-09 3.359695886145380513e-09 2.431798444300258037e-08 9.480613796183925051e-10 -1.435286617497591602e-10 6.037787183185962584e-09 9.067832181387440274e-09 3.851838955484909411e-10 -6.090784543297515489e-10 -1.308517779682489805e-09 2.039854680732833121e-09 -4.948933954070509895e-10
6.702067828716186115e-01 -2.353809433693168191e-09 -2.155748969675385196e-11 -1.851593898636507599e-10 -1.480804570041211693e-08 -2.615995621099480853e-08 4.437250715276968024e-10 -6.839441254486699912e-10 -4.025816535939570090e-09 -1.087856450704165900e-08 2.478638923661012036e-10 -3.709547694802125209e-10 -2.180981719169185025e-09 -2.935213133378641055e-09 1.231828218354286334e-09
6.744172070879622671e-01 1.459951213805908459e-08 -5.559205245217665020e-10 -1.811044627042502709e-09 1.430358176944154035e-08 1.916971260085032179e-09 -7.470551535155011712e-10 3.891961684083842081e-10 1.034633315742582200e-08 -4.707462418967272680e-09 -3.532330136260191593e-10 -2.009111392642763983e-10 7.338023794507827855e-09 -3.571870216486379576e-10 9.700895336888054093e-10
6.786118453466847278e-01 1.618825699931299834e-08 2.470925410174699193e-09 -4.989184186709502854e-11 -9.694849645376547760e-09 -2.979256875787792903e-09 1.879118951906692357e-09 -5.441650078219672677e-10 5.881870026616462792e-09 -5.894246275455706250e-09 5.904069916316813422e-10 -1.797962021360057411e-10 4.823468445522174401e-09 5.999099038267137224e-10 -2.945206663048123378e-11
6.827984616056306244e-01 -1.585619168649733834e-08 3.015881197628727233e-09 1.553657332702034570e-09 -3.393375626605555472e-09 -2.980126962835905422e-09 8.795746963772791094e-10 7.853433609464069881e-10 -9.685021316626995904e-09 7.739548451648781622e-10 -2.078138075761792324e-10 2.103376999962983258e-10 -2.578212822738025815e-09 2.116065362766345523e-10 -1.279950842583353222e-09
6.869817177358829019e-01 -3.287903135124869320e-09 -1.266018790524853982e-10 5.816769588033583439e-10 5.884655396549865654e-09 1.453299258430646253e-08 -3.058614033574647896e-10 4.540219207819836413e-10 -4.531965975855867210e-09 8.356473854522206520e-09 1.038234560667623948e-10 8.330998105820358453e-10 9.302782082137569291e-10 1.508726562340990410e-11 -1.251754257972143306e-10
6.911718524128840357e-01 5.501997833469143248e-09 4.343324897958425357e-09 -3.012112887931692062e-09 -1.821648425101044791e-09 -1.226533770907343952e-08 1.858261802738516979e-09 -9.496547244009113188e-10 2.004559671498630807e-10 -1.286650073855844688e-08 9.338119127846414245e-10 -5.368413107531902611e-10 -3.784026803108896733e-09 -4.737508708367593341e-09 9.169764618189162143e-10
6.953555746427921846e-01 -1.225489736976231090e-09 -4.009261408104222952e-10 3.192891758071955529e-10 -3.818422420445748358e-10 9.061246682474009954e-09 -1.240475646592456453e-10 9.146733797084714306e-10 1.837535032421231265e-08 4.555321267103389285e-09 -8.050161942726297757e-10 3.903833921557601711e-10 7.960793730317937663e-09 1.459967620279188988e-09 1.164595468330373543e-09
6.995344561305086861e-01 -5.759827043173298508e-09 1.625367017542580924e-09 -3.525330030870946113e-09 7.248310225520767927e-09 5.794866432836972958e-09 1.230668476167850792e-09 -3.387007141759914796e-10 6.968206412330668441e-09 3.238930149800147527e-09 5.752432558189687712e-10 -1.076770022601610444e-10 6.659075109748880432e-09 8.970143038285340308e-10 6.684359071773102647e-10
7.037287066792784485e-01 1.133546253440120797e-08 5.396644544965567335e-09 -4.059628739051970515e-09 -2.759888970867502805e-10 1.270004987164446757e-08 8.181024027312543652e-10 -1.526189677532612878e-10 4.302555708386969884e-09 7.652666728459986480e-09 -5.745929285940036326e-11 -2.667486292075096174e-10 -1.928193099361118671e-09 6.589763159636979395e-10 -1.618908923642800737e-09
7.079143033440539190e-01 2.346694918523896328e-08 -3.006053306888161876e-09 1.826767583766062405e-09 1.143394651420171620e-08 -5.510668733112278103e-09 -3.704814388582953856e-10 2.865556583582942174e-10 9.351182817585950427e-10 -6.998938523921090307e-09 -1.602300945246979184e-10 2.923937171407461300e-10 3.159007869926948016e-09 -1.156112461866437978e-09 2.377404043172608935e-09
7.121186686741065586e-01 3.468648126529326829e-08 -2.221323098572831833e-10 5.074340623329398394e-10 1.415899499552648614e-09 7.431044602438254476e-09 2.366376824230063772e-10 -3.510380765960387531e-10 -5.317008660886153474e-09 -5.176743463760075784e-09 -2.375136860819867407e-10 -2.968178420472745067e-10 -5.945570062368309945e-09 -1.683631019292544372e-09 -1.602240104376141306e-10
7.163134555705721329e-01 1.016133878202762309e-08 -3.600124176186833531e-10 -5.977671467888399006e-10 6.659124439144788496e-10 -1.279066193382741544e-08 3.775425407620939207e-10 8.829638007742616198e-10 -1.100948746076436623e-08 -8.966768834774445554e-09 -4.464128678403099272e-10 6.525634554528712046e-11 -7.924033668872802630e-09 -2.120603852817015156e-09 -1.845752341179735373e-09
7.204913713645887396e-01 -1.649865701021301462e-08 -2.608928598739848213e-09 4.325291487679617224e-09 -4.111589919301269288e-09 -6.608227143408349652e-10 -1.578073370544252820e-09 1.227038126671843435e-09 6.572105444668177986e-09 -3.344280118799474801e-09 -2.993126304984189232e-10 3.139707613707922099e-10 4.019053988770392176e-09 -1.957980552138352113e-09 1.672691088539814085e-09
7.246803275165087932e-01 2.945314763636615174e-08 -2.068847737891350054e-10 3.174395579691633867e-10 -3.265719369253507604e-09 7.178856499162707811e-09 -3.351936330075608233e-10 3.493506193210471644e-10 -1.447212751211788844e-09 3.391744886031489530e-09 -4.571827103834957490e-11 -8.028089843869107067e-11 -2.792004999901764668e-09 4.897460682072697161e-10 5.277904483695328516e-10
7.288763115175647123e-01 2.227075276901474929e-08 -3.465588816257144150e-09 9.783952807337976261e-10 -1.555777748231626697e-09 1.078766142200300097e-08 -5.517364541743167151e-10 -6.491007879842352580e-10 4.328529840502374345e-09 -4.265182993115499088e-09 -5.310468192937246977e-10 3.463852730162154643e-10 -2.005872518607110441e-09 -1.309354807758960052e-09 2.028992080018339372e-10
7.330585840505703388e-01 -3.686029572813335444e-09 -6.867379068770457140e-10 3.486029978085924039e-09 -2.051743746621211698e-08 -1.358085049508191790e-08 2.819064935463270199e-10 -2.153342197364718900e-10 -3.036815833103520135e-08 -8.530797385776479180e-09 -5.463278634357605459e-11 8.704284816200780146e-11 -1.669227375036569515e-08 -9.187787899974616851e-10 -2.324489578228478872e-09
7.372316440474646626e-01 -1.891983708481950798e-09 -2.170962242266408051e-09 3.111840415423010619e-10 -3.544216532167480839e-09 -5.730752753517847702e-09 -1.271060529792569248e-10 -5.988744725190677950e-10 -8.328581037115154342e-10 1.673115767452906047e-10 2.188911001398724366e-10 -5.411216640129371232e-10 -6.162014842324697594e-09 3.277940546551585303e-11 -3.621097010607270877e-09
7.414228560306842519e-01 1.035239848297728834e-08 2.062185188449694133e-09 -1.832306783753401493e-09 -1.397230768927382140e-09 -1.553872416430379157e-09 3.897960793838846533e-10 -9.008883293821143666e-10 8.164842049480746403e-10 -4.618258605177814078e-09 -6.539782943234163336e-12 -2.906294664875373556e-10 3.813808972879421759e-09 -6.118249112268282896e-10 -1.449986072655476768e-09
7.456189213758863676e-01 -1.046290289468516896e-08 1.308490171791217047e-09 1.045593676698806506e-09 4.159445908623563936e-09 -2.342011374039593559e-09 3.658286600810215077e-10 -6.050707612006625176e-10 3.820363093006000549e-09 -2.755501747667174469e-09 9.590144112349338979e-10 -6.442914765006855533e-10 2.439554356357626703e-09 -1.505187762004197619e-09 5.854149764011389901e-10
7.498104337627916616e-01 1.448990010898857364e-08 -6.851606165854446613e-10 3.294343018057329450e-10 3.467981068744843026e-09 1.639054864296020599e-09 -3.185336249200655078e-10 -3.401846195372788486e-10 1.283498155799880049e-08 1.656619968290068455e-09 2.742534690711092168e-10 -2.231848470473851173e-11 9.493564692195951990e-09 -5.376703701162967958e-10 1.458047333758182247e-09
7.539974189770904944e-01 -2.111652327840867968e-10 -1.069548210661008487e-09 1.409973238424290004e-09 -6.388966881677688413e-09 -1.586347963899364995e-08 6.292024538709436853e-10 8.585219449088772638e-12 3.565361058857428187e-09 -3.336490439200119056e-09 6.749376269811996367e-10 1.071367870582271475e-10 2.087413130243368134e-09 -5.309833736471905703e-10 5.326022716236778713e-10
7.581896411468850294e-01 2.332935730688439898e-08 -6.107450826864209390e-09 1.437551940485849105e-09 1.930380243105621787e-10 2.869078196256830574e-08 -2.001024859971189632e-09 1.516126403328221688e-09 -4.299670968318848339e-09 8.577457631512868115e-09 -6.708315120972074146e-10 6.706041615533602626e-10 -7.672346988436386189e-10 1.292984206167998083e-09 4.504514301799225278e-10
7.623808615479977790e-01 2.466714614062983076e-09 1.895816898418905903e-09 -1.062694893804399907e-10 1.915309890736390305e-09 1.595129328616301955e-08 1.418556710301954151e-09 -2.682622620498042732e-10 9.765239388245290652e-09 1.075252257761251596e-08 3.595349535749355112e-10 -4.779790494919393034e-10 1.013580664616992643e-08 2.107357781709922622e-09 1.908395255734559342e-09
7.665651159623174671e-01 -8.519096697095313776e-10 -1.639793151266115062e-10 -4.939722601621524616e-10 -1.385962629908252353e-10 -1.481701905987574892e-08 -8.328837130677561621e-10 2.964866265946479214e-10 -1.945926292639423254e-09 -9.003138681824811206e-09 1.777833225409016458e-10 2.308656192638060543e-10 -6.040699842644230631e-09 -2.037242150233650141e-09 -2.146072186656896045e-09
7.707536355579491794e-01 -5.172219422569816953e-09 -2.207363983062853418e-09 5.824566548245857647e-11 -7.334028321695123152e-09 -1.876341146784282212e-08 -8.330904189881403288e-10 9.907026936014985722e-10 -1.285361032656460462e-08 -4.005564339556935458e-09 -2.842293922915396211e-10 3.062053802381041110e-10 -1.398208225335041200e-08 4.914475585599973382e-10 -6.032049582393338183e-09
7.749462413082437440e-01 -8.975004644152016661e-09 -1.228975763517299984e-10 1.815617477538071571e-09 -4.039778376939368147e-09 1.237938527943810144e-08 4.542912049230979297e-10 4.807460169338047313e-11 4.860345221657856765e-09 5.383163527121457437e-09 2.391908328505717734e-10 -1.179107022578761291e-10 3.949651535604588602e-09 1.883788018386614030e-09 -1.397646352801085950e-09
7.791369682448587852e-01 2.018689309826018577e-08 -1.775291447517814021e-09 7.685582862221235717e-10 5.998607512235637690e-09 8.695180028785799863e-09 -4.017696352141653600e-10 -1.220588614283887207e-10 7.921173660300233500e-09 1.504372066408511611e-09 1.225022877810466808e-10 2.509363682554858848e-10 -2.185872659322439590e-10 3.949378912090360752e-10 -1.952837932010473782e-09
7.833258353347896108e-01 7.777617504434818736e-09 -1.131472677404549983e-09 -7.885317450302412925e-10 3.375759594677064852e-09 -4.270271466218469913e-09 -4.102598217079488931e-10 -2.841357183316086528e-11 1.211159035916135497e-08 -2.570624030737657257e-09 -6.305777399178843033e-10 4.261625222070623586e-11 1.403442388841056643e-09 4.696488817103613538e-10 3.062192927930121937e-10
7.875159900600451346e-01 -1.571365552838635244e-08 2.900730587389238412e-11 2.261128468020105604e-09 -7.009790847957107810e-09 -1.069653832424712362e-08 -1.075146166260897187e-09 1.557550378666908384e-09 -1.164325980912535241e-09 -3.357476537023777856e-09 -2.772324752840372231e-10 4.652746981734103995e-10 -5.042352591077262048e-11 -1.209578799441189973e-09 -6.630077928588664235e-10
7.917084457625156446e-01 -3.615439627582222500e-09 -4.174016632747300603e-09 -5.443593648466817986e-10 1.119263183873812520e-08 1.811343052993706733e-08 -1.222548406369993498e-10 2.814944511762562065e-10 7.721617643941663984e-09 8.247183899599456041e-09 -1.831064403930268950e-10 4.718403810615001316e-10 1.918252778920711741e-09 3.159904095227713061e-10 4.886650544830265664e-11
7.958821468706197555e-01 -2.014964456989099394e-08 4.117412967505735450e-10 1.529555104209986112e-09 -1.307693311632034338e-08 -6.618075336749412097e-09 -4.193426087578921672e-10 1.292243321398894330e-09 -2.152830653916019864e-08 -6.179450466672747486e-09 6.283730457154620293e-11 1.714265332573940028e-10 -3.939932097610625840e-09 -9.165708934043886842e-10 -8.637178392040263120e-10
8.000624692379799674e-01 -4.235200422521804259e-09 1.486755747095331324e-09 6.967800415186359767e-11 9.558070711233962724e-10 -3.442912833399708230e-09 4.236460258143462898e-10 2.042149654603313376e-10 -6.856937793687973160e-09 -7.598834744490105867e-10 -1.619591624744415668e-11 -2.315562261616087373e-11 -9.554873782556471989e-10 -5.104346597526661115e-10 1.242396021071758712e-09
8.042564613727184453e-01 3.309581120241239043e-09 -2.129130219454269055e-09 -1.079513261780396225e-09 -1.166997626783891536e-08 -1.545364692488199207e-08 -1.228768100912949421e-10 2.122541847423142620e-10 -1.396143751871640784e-08 -9.623188648272353180e-09 5.487335788328531705e-10 9.018909453833839153e-11 -2.847808421320047810e-09 -1.623048753936402515e-09 6.582750558646511664e-11
8.084384822996342201e-01 -1.270877855687416824e-08 -1.319735627408148258e-10 -5.848873362943105479e-10 1.159175533247644534e-09 -5.910862389626114460e-09 -4.168740485762497269e-10 -1.378701860651586732e-10 3.753738770278322294e-09 5.513214344135551644e-09 -4.245883450414206026e-10 1.287387108098470990e-10 8.342539283479630908e-09 1.375865587091253007e-09 1.656394974727880780e-09
8.126333810499198895e-01 8.461097494795017385e-09 -5.268601095354288489e-10 -7.048652762964790621e-10 -3.391543808797074114e-09 3.841117830005188199e-09 -4.278608324268517936e-10 3.990025784465326131e-10 7.189134518201128091e-09 -5.172639796884446117e-09 -7.533152630817085666e-11 -1.799939225852689986e-12 3.192639547699968173e-09 -2.874799918109409324e-09 2.339749227953253237e-09
8.168271958201180905e-01 -1.512124481523880770e-09 -1.843371895531875975e-09 2.327586748200418555e-09 -7.428845033259243021e-10 -3.837056189661425637e-09 2.577183507543065244e-10 7.033726072106070171e-12 3.628730324020545198e-09 -1.228346002573653124e-09 -2.226468706956265229e-10 -3.405529232313907904e-10 2.646238396477808353e-09 -5.713351996953399030e-10 1.029766912692392388e-09
8.210214995694952167e-01 1.154031592153579702e-08 -2.529802678654177182e-09 2.678078429120004286e-11 1.204799404383753621e-08 1.385007353761363643e-08 1.663371852005149535e-10 1.132373615255715973e-10 1.169639512791082743e-09 1.008446698492099322e-08 1.355087619842983302e-11 -3.977606162874043417e-10 6.013228118254855110e-09 2.159279277250544402e-09 1.108849395087175784e-09
8.252154145000215602e-01 -2.346715934485719195e-09 -7.205862447973448990e-10 -1.720561373628744571e-09 -5.316580968254051101e-10 -1.428208726428744466e-08 -8.660548399249665239e-10 -2.798315878307395279e-10 -3.437898563234980627e-09 -7.368214742811462987e-09 1.238004315043802528e-10 8.810597377098765038e-11 -6.121228584458516786e-10 -1.738087256789349673e-09 -1.015915094962250073e-09
8.294030907808404018e-01 -6.908551326694343518e-09 1.243707487563074450e-09 1.109614671599071002e-09 9.473830909551237425e-10 -1.497036557810936170e-08 1.303952948757511016e-10 3.559971486675184628e-10 1.817929648285526774e-09 -3.436366194724570674e-09 3.983808694587833991e-10 -2.963077890754794738e-10 2.298653820053371116e-09 -5.899591399108616653e-10 1.381469889742771762e-09
8.335906150371191758e-01 -3.913009952132737867e-09 1.972122538013781516e-09 -1.179680124308124466e-09 1.063101786034871048e-11 4.286978827672987883e-09 4.495804771855364538e-10 -3.716282701578661631e-10 3.335779505296463187e-09 -1.427434161315335072e-09 -5.658340139853515131e-10 1.387640996503337551e-10 8.561880834068207000e-09 -1.809530403567726740e-09 4.672806621931828162e-09
8.377685032221774408e-01 -3.671560421235621777e-08 4.530263769573143340e-10 1.312976631215353241e-10 -1.377017217156874242e-08 -2.098985177593898069e-08 -2.056969119053307288e-10 7.651580872982788585e-11 -1.341080319515710260e-08 -7.435681258642323169e-09 -3.174045469438977465e-10 3.650405315819430191e-11 -6.888969520225723915e-09 -1.482681857751596025e-09 -3.777473020604484666e-10
8.419567297582307708e-01 1.179379172721812597e-08 1.562306886586015256e-09 2.878546135012152937e-10 9.352750396301524223e-09 1.145909578845179037e-08 7.956587179508594926e-10 1.914128441657736396e-10 1.037712245424211739e-08 2.636539831831793063e-09 1.526169600867928967e-10 -4.046194820823899735e-10 1.658642155183139811e-09 -1.064808230795507392e-09 1.341541443178196767e-09
8.461556544987137718e-01 -1.014461952129538965e-08 -5.821719161117182498e-10 -8.542689211165950150e-10 1.692666627158103198e-11 9.019073552111814287e-10 2.146896482099586676e-10 -2.872658121867953926e-10 1.106833836492521823e-08 1.053186105070288596e-08 6.011623972436865061e-10 -5.943139344341960960e-10 9.696244791629198438e-09 1.992589307768428079e-09 1.053976881320913111e-10
8.503430790983292908e-01 -1.522920214898758817e-08 -6.452187349111488299e-10 -4.357007072668184605e-10 -1.654594176620109515e-08 -1.199366643937836577e-08 -4.202966096803212470e-10 -9.161420173709806532e-10 -2.258950639181880053e-08 -1.046477116508725200e-08 9.497664994557781932e-11 -2.007858015441289566e-10 -1.736538647349875058e-08 -1.580286491278662002e-09 -2.783013147571081387e-09
8.545245840949285965e-01 -1.174882455227358136e-08 -1.161457142402682075e-09 1.694304136867974772e-09 -6.071874717072136296e-09 -9.877030165002823139e-09 -7.132650617431725064e-11 1.745129945177164059e-10 -2.221385632235436261e-09 2.676164378494325276e-10 -8.920390139302970723e-11 -1.150030452025293540e-10 1.072419587754544751e-09 1.713877696667380685e-09 4.413183040312406836e-10
8.587196449246210506e-01 7.810743309621770338e-09 5.281628570930574600e-10 -9.831181108949658613e-10 8.076918712530012867e-10 7.144802862766084007e-09 1.904585678724642669e-10 -1.968665105906485517e-10 6.120767132692265669e-09 -6.028185604747495476e-09 1.707507069591554816e-10 -2.183736099248680001e-11 4.873480609402219769e-09 -2.248392082362359266e-09 2.277240171529185554e-10
8.629074348139629258e-01 1.279849897171726642e-09 -1.003247733183732275e-10 3.547412667134244616e-11 2.540988282939217686e-09 8.750372835251996190e-09 -3.833320867144635910e-10 6.212246110687874679e-11 -8.720863669979471056e-10 3.824597877416126690e-09 1.638067835139399147e-11 -1.470918425835726100e-10 -2.388429087568058468e-09 8.746488385752085639e-10 -8.788402817021961940e-10
8.670852844200982457e-01 1.221957545949967210e-08 1.714231697543385775e-09 -1.592927229460848914e-09 -7.692873477106225592e-09 1.099319615425139573e-08 9.355072379185798152e-10 -1.416337619152915031e-10 2.166041609976704975e-09 2.523922190338987034e-09 4.797777884328356576e-10 -2.365174863793357076e-10 3.108679550457279632e-10 -7.442222936088687679e-10 1.444045445672494961e-10
8.712764316473343706e-01 3.851918624171617130e-09 2.987108408500766249e-10 -9.890182588595252128e-10 4.947115238841178553e-10 2.477898616755543227e-09 -1.237171671038845920e-10 -5.340651572153205028e-10 -1.350612853427509340e-09 4.505601685229984740e-10 -3.398044834814524511e-10 5.105507419215491494e-12 5.287167874825532304e-10 4.728796662670301617e-10 -3.222836972751084900e-10
8.754762476624626810e-01 -5.424122220723318207e-09 6.351785072072036463e-11 7.426861787845328865e-12 -4.414523182368476870e-09 -1.598275443504988525e-08 5.046783733596147746e-10 -9.478386205451298711e-11 3.968001878076881639e-09 -6.169629713444409099e-09 3.148777973773714315e-11 -1.032113584598645413e-10 1.289677079051613705e-09 5.216793458245768339e-10 7.714696118233814636e-10
8.796707865602606535e-01 1.375485414168267784e-08 1.974450989009244428e-09 -9.472530790669883292e-10 2.266655165762854475e-09 7.755980269746766197e-09 7.161674611223490293e-10 -4.681610408390675548e-10 5.640989777023070684e-09 5.904291545181977506e-10 2.333790637941230194e-10 -2.791667474624199604e-11 1.388828430474575941e-09 -1.267844604442599151e-09 1.734717680135728279e-10
8.838562222970675064e-01 -8.253071010613523654e-09 1.746860658385077813e-10 5.382070586683082618e-10 -5.627473639654600280e-09 -2.450112287300939436e-09 1.946445675180644770e-10 -2.929180505539033577e-10 -1.470891811124532472e-09 -4.438832292587756409e-10 3.634335627839137223e-10 -2.893806267265398475e-10 2.252711822552331138e-09 5.566378545430819853e-10 5.618250577902815296e-10
8.880381764417510926e-01 8.095694523461446526e-09 -2.369043117715410034e-09 2.792583638864693751e-09 3.892692819993184730e-09 4.936641391998100072e-09 -4.485529803155683239e-10 3.478213343564025042e-10 -7.380354368520661800e-09 3.522737957257255812e-09 5.319187365720719247e-11 2.332911632881775332e-10 -2.713430557234531126e-09 8.868930755226394631e-10 -7.067477751703414883e-10
8.922270316229049536e-01 -3.614560511797035378e-09 3.662687989452472128e-10 -7.722292122339148020e-10 1.485411870615907929e-09 -5.965113221837168310e-09 1.082067819723346316e-10 -1.471853067089857336e-10 6.982468134238634681e-09 -1.978693570181379925e-09 -2.156262218037282511e-10 1.982110309086328546e-11 -3.051269105103442652e-09 -5.421275724020880371e-10 -6.225382459794949279e-11
8.964225585562245469e-01 -1.179233225201505979e-08 -7.667215466210225084e-10 6.303327584786139776e-10 1.192229082957649879e-08 1.984039128334521062e-10 -1.653964656817598442e-10 -1.650788532439565431e-10 1.187788700359740941e-08 -2.169608455898816688e-09 -2.118855434037712107e-11 9.706169144189686219e-12 2.557640151735677956e-09 -1.196897285650755681e-09 3.695491926543699988e-10
9.006049913569987853e-01 1.246714410290306614e-08 2.663894337593890508e-10 4.635653005416380551e-10 -5.279581432557893133e-09 4.439721453040671363e-09 4.809041639539923835e-10 -4.521300098730712154e-10 -3.662187320859663375e-09 9.787183603704270311e-10 1.333328915469768748e-11 -2.035975095926378440e-10 -1.753357279652276549e-09 -2.001865419113489629e-11 -2.011651421922113690e-09
9.047836582182254839e-01 2.115086264391589832e-09 9.582550945164065622e-10 -1.698188873223542945e-09 -5.196984258580931056e-09 1.102013683361266221e-08 7.992681045116384418e-11 6.995972897373690109e-11 -3.859309465708656362e-09 6.738330307246546287e-09 6.664854125074822382e-11 -1.714971706436920587e-10 -4.860820024257601864e-09 1.174380948698096013e-09 -1.098794454819544739e-09
9.089780964569278421e-01 5.300884999378855542e-09 1.058036496538542263e-10 1.024634455008595751e-09 -3.307404167501975079e-09 -1.392176030512372774e-09 4.961752028201119878e-10 3.768018896454273495e-10 2.324210281679664460e-09 7.052695044633004579e-10 -2.767013770039798228e-11 -6.409166687892415966e-11 -2.550276668839416239e-09 -6.544506285314940199e-11 -1.284617399994593190e-09
9.131704587403689510e-01 -2.036026668418410054e-08 -1.279501587071122224e-09 6.311188981168562812e-10 1.084351273005572393e-10 -7.109997378633283354e-09 -2.944025900238379445e-10 1.668810460314386206e-10 -2.330532066714908894e-10 1.989368580873149530e-09 -2.078774521273632346e-10 1.227817755718220591e-10 -1.050496758663919555e-09 1.233603049606297494e-09 3.836311449612428590e-11
9.173547920329833127e-01 -1.820103110934980145e-08 8.467602140478641206e-11 1.585860439383644396e-09 -3.037661574965291210e-09 -1.038388353249215387e-08 -2.307520225597264654e-10 5.208697298138089007e-10 -8.941627881451012864e-09 -7.155115090607138830e-09 8.150987494737898003e-11 2.339568940095567886e-11 -4.303758314685972952e-09 -1.152778934958542262e-09 -6.321884736561808803e-10
9.215425617950214754e-01 6.176306797204177877e-09 -6.638833172703860663e-10 -1.253128334655811461e-10 4.031549102025926644e-10 -8.195518136162254842e-09 -2.095116464448035683e-10 -3.350394109282839222e-10 -1.057504193228453061e-08 -6.541951441119425529e-09 9.309682774476382996e-11 5.877794925945003438e-11 -1.042865021421422825e-08 -1.946248547467471502e-09 -3.112306556244796845e-09
9.257400405750663142e-01 1.086702171260712682e-08 -4.301338691631902974e-10 -1.630409214081647412e-09 6.272451728797322651e-09 1.152759041051590662e-08 -2.056409663386219343e-11 -1.392782978403539568e-10 1.829688185014936686e-08 4.124905357336534662e-09 1.204146752002193693e-10 -1.132343883922204112e-10 9.091925504192115638e-09 1.098202365835295132e-09 3.736079531471947904e-10
9.299303352268617484e-01 9.684294323140841260e-09 -1.217967591758744491e-09 9.721017608116333042e-10 4.862075502900901768e-09 1.702063283725649960e-09 -5.235376255320835685e-11 -3.117713001962260085e-10 -1.781495226485738212e-09 -7.552267005529531472e-10 -3.298999810495347560e-10 -5.117478062146320726e-11 -5.495844774580910379e-09 -5.861514322948569427e-10 -3.750582042315188762e-10
9.341108300097852313e-01 5.680453378639325452e-09 1.529880326105551492e-09 -4.829268755036251344e-10 -5.189897407467367226e-09 1.018941695093835784e-08 3.656514536973024552e-10 -2.122497830140082533e-10 -7.117890216725740234e-09 7.238517200738479686e-11 1.075973404656510358e-10 -2.340623293715225993e-10 -4.304564723013360456e-09 -9.476638686180569434e-10 -8.077379982563506535e-10
9.382896253999645220e-01 1.031842100853388210e-08 -3.043237489085975778e-10 5.906690375293864097e-10 5.082647182757546232e-10 1.924143739181539245e-08 2.183542148262307672e-10 -5.132417234223405031e-11 -5.123129024179256474e-09 5.205497708661765490e-09 -1.296764960623750581e-10 -1.944730852388943997e-11 -3.410024242015500055e-09 9.125420771123230236e-11 1.010208921757098625e-10
9.424819561228944265e-01 1.266474313450788777e-08 5.799618124147592342e-10 -1.606252674208318655e-10 3.983108515705210776e-09 1.246407932183741806e-08 9.231481174263495459e-11 -1.590013227483441941e-10 1.059848760378763183e-08 6.745752013640759216e-09 -5.888002216454145651e-11 5.747645226432052922e-11 1.529318010869866312e-09 -4.150083054951411065e-10 1.255849606045423283e-09
9.466849863120379016e-01 1.275388031658690968e-08 7.473268090038261811e-10 -9.746575215397860999e-10 -6.678277882028386538e-09 4.248802371075657459e-09 -3.496855869800031430e-10 -1.791267606017745645e-10 1.704617878085305514e-09 3.947377374868479587e-09 -1.259596168337351482e-10 4.505194115249622413e-11 3.744175916605415180e-09 1.278549504125292549e-09 1.606337124163537357e-09
9.508714331057195324e-01 8.242140051497634746e-09 -7.112256846570324547e-10 5.940240772379052888e-11 1.562967795286373062e-09 3.506796256098462243e-09 1.331862456495408277e-11 1.495855175210813210e-12 -3.091510230409605156e-09 1.807771678035837603e-09 8.734710670143123037e-12 -7.103152297379960294e-11 7.420894215887960668e-10 6.820731055748832675e-10 -2.736252460093011016e-10
9.550563230073290111e-01 9.393528785393118612e-09 1.369994066301172014e-09 -1.839612377183993961e-09 2.668217656478281472e-09 1.243726437173076909e-08 4.486385593509310806e-10 2.206494019585746778e-10 5.027876011667555192e-09 2.964154386582773228e-09 -1.993691437685760893e-10 1.707943453185110711e-10 5.858815155491146208e-09 8.400948101099380567e-11 7.430730901848821171e-10
9.592513211539739348e-01 -8.899572955333517299e-09 -1.922618563331503336e-09 3.148921818618297833e-10 -4.776883886657075192e-10 4.202618030893940522e-09 -4.328040420614493749e-10 -2.342012518638659060e-11 -4.751970592687876274e-09 6.494326757193164310e-09 -9.213566491802141527e-11 2.816369726351652702e-10 -1.576774253885714671e-09 2.442314505741897594e-09 -9.745830872296437830e-10
9.634451052878124644e-01 -1.337399176282092332e-08 1.728176279712459141e-10 -7.960051721537436186e-10 -2.697035468054799908e-09 -7.754333146060599288e-09 1.431466492700698841e-10 -2.813105430230413154e-10 1.021514121138046948e-09 3.229420572790222022e-10 2.343334967352813138e-11 -2.236241619332276652e-10 2.213209848230108118e-09 6.059941333783326832e-10 -2.716183377151945274e-10
9.676230540453005791e-01 -1.835399316312710133e-10 6.990782905603745007e-10 -1.643775481635290794e-09 8.095269106207565355e-10 2.644106527268247951e-09 1.845893295133076525e-11 9.039626885619465447e-11 -1.243885737051219382e-09 7.001329004308114154e-10 4.673647788302614800e-11 2.454630860496065214e-10 1.321352022215725068e-10 2.968429767363433518e-10 -2.369030384229968361e-10
9.718094297475188270e-01 4.390641012589430798e-09 -1.956506003249820434e-09 2.230358220638578129e-09 -1.649314724322009291e-09 7.138756425914428743e-11 -3.186619857517326063e-10 3.586902642012084543e-10 -3.127621332111672091e-09 1.421180749379056689e-09 -2.426636990760002124e-11 -3.863101361464027315e-11 5.596641300481349862e-09 5.285736318714278985e-10 1.868336699070892502e-09
9.760091362076940280e-01 -2.847591732459215551e-09 -5.207830270310839543e-10 6.918167240639857720e-10 -3.541690136945637038e-09 -2.592057507494110632e-09 1.967701689228421661e-10 3.438356495011717121e-10 7.155864082327915907e-09 5.395953039243920587e-09 -7.334473526183033756e-11 1.180006983853083891e-10 7.199527884914589716e-09 1.223555346812974872e-09 1.932843014334276778e-09
9.802075838006468755e-01 -1.248044978614500866e-08 -9.937952785642047968e-10 1.325078616451568873e-09 3.109193383962539919e-09 2.717528559697134663e-10 -3.577126535715954370e-11 -2.680285114937430517e-10 3.519549991533094136e-09 8.820828805556309962e-10 -6.457725793653100542e-11 -1.444083876798789272e-10 1.350794639076499257e-10 4.817012814319890367e-10 9.897398288499346094e-10
9.843901124947946890e-01 1.118576092812871341e-08 -1.069276359031940159e-09 1.161946473014749798e-09 -2.341422310559764410e-09 -3.299122194212108434e-09 -1.831831653327702295e-10 2.510937091388421602e-10 -3.317279279965871503e-10 -5.856541974576427207e-09 4.418865361606767085e-10 -1.596622794919925510e-10 -4.140051898281492753e-09 -2.662316003542106426e-09 -1.730937469937945346e-10
9.885650797815361823e-01 3.870866842300249778e-09 -4.598570160973721719e-10 4.796895772735888192e-11 4.093444746338576986e-09 3.337753285708870759e-10 -3.526855551384504911e-10 2.296888920787657833e-10 8.452635480297501720e-09 3.686383641633679150e-09 -3.661365242700137483e-10 7.005861205524451256e-11 8.249811898876062404e-09 1.992636231522143347e-10 1.675998511204080065e-09
9.927561705083151056e-01 1.141451453489300021e-08 -2.886519259128862170e-10 -7.299768196869303316e-10 1.331665954855716630e-08 8.955780942329057620e-09 -1.001147731115662562e-10 1.379080928467130633e-10 1.308073466746924763e-08 3.282360999025389471e-09 -1.873553672468941364e-10 7.669184136968437873e-11 8.988727411164581877e-09 1.295927050567474832e-09 2.046074071710891867e-09
9.969400597939003239e-01 -4.760684021637525064e-09 -8.964245537638220185e-10 7.508311338029168024e-10 -1.563952027626402448e-09 -3.377415579895916963e-09 -7.856123429105751103e-10 2.365207471400594356e-10 1.031723752295966045e-08 5.860410767662406147e-10 -6.095526167055724891e-10 3.244440041561961313e-10 1.400167174584078268e-08 1.783391864787246785e-09 3.459879260930464721e-09
1.001125867816581083e+00 -1.113356418675804345e-08 -3.650240131455042814e-10 -3.782393557956557770e-10 1.459223765665861175e-08 3.314598983129877849e-09 -1.237781766909009443e-10 -1.608304092497452646e-10 2.527058222838738040e-08 2.181568760007289067e-10 -7.343640646720246693e-11 -8.861086273902648659e-11 6.325481667596284849e-09 -9.432644359960238558e-11 1.501348946151226493e-09
1.005315482813002204e+00 -1.367147755317516222e-08 -2.336901586467974369e-10 -3.749501683345330895e-11 -3.721161402810935944e-09 -5.816890577330808372e-09 3.246742330669490351e-11 -1.596239524870574322e-10 -5.425192872188048771e-09 -3.229037853065515618e-09 1.690866262514973232e-10 -2.764080537953109065e-10 1.107255662909095430e-09 -6.875507443287084275e-11 4.651056852110449686e-10
1.009503724426713545e+00 -2.921625922497727688e-09 -1.982882151606827647e-09 7.841620523908761125e-11 1.272023342597365887e-08 -4.960021906973889213e-09 -9.067870481063368910e-10 1.866437547310458338e-10 7.522955403008730124e-09 -7.129084545548042968e-09 1.227242318559328260e-11 -4.167765221189539387e-11 1.287654818127545535e-09 -1.978907215524926589e-09 -4.033506988664859451e-10
1.013699103815393299e+00 -1.271561694920698757e-08 7.883068255110315738e-11 1.665354918915186841e-10 6.693114326463255199e-10 8.157061792980493737e-10 -5.438562490652366678e-11 -2.611460647319516210e-12 1.006981452531059741e-08 -1.976873461113489459e-09 2.993270485449135946e-10 -4.477787760577444654e-11 5.005375752010305136e-09 -7.659801175939742648e-10 7.722575553895771963e-10
1.017885842421875964e+00 -5.922282285835940548e-09 -1.618556411208849322e-10 1.055829168112033134e-09 8.311762161572676679e-10 -1.056213658679575004e-08 2.544028506955570992e-10 2.602083322262346396e-10 -8.227691185617145345e-10 -9.102460807192789408e-09 2.565446336399134610e-11 2.116414737519552658e-11 -4.369465512492088663e-09 -1.653122458910965824e-09 -1.890594329530118231e-09
1.022076284359184406e+00 7.805407423774557401e-09 2.280718505196332474e-10 -3.283311202858344504e-10 4.006512823525632706e-11 -5.911108942362384924e-09 2.009901356643064259e-10 -3.600846261507796263e-11 -8.574365760496818911e-09 -6.976069263394963778e-09 1.259744111156127845e-10 -2.489730197953488789e-10 -5.830557816751245232e-09 -2.713769495147458750e-09 -1.985726405079463456e-09
1.026273875264014812e+00 3.164827292964708625e-09 8.411890141971138102e-10 3.127378086616515989e-11 4.223933351482444706e-09 -9.821254310849897208e-09 3.262264551292903424e-10 -1.037723206331894421e-10 8.256912300693727517e-09 -3.550389874210082779e-09 7.969791758658894009e-11 -6.378213983097655621e-11 8.480260891046472263e-09 -2.788025208893944854e-10 4.005887456476553007e-09
1.030463237552156075e+00 3.698538335191818279e-09 9.849684195588195542e-11 -4.956274155121257532e-10 -8.083939095886527000e-09 -1.645319003139390920e-08 -1.376906787839088128e-10 2.641344771299896911e-10 -8.007343859312837500e-09 -1.075295374797726684e-08 1.051487698153010747e-11 -1.662652989580632211e-11 -1.795853069803326781e-10 -1.295686866590264957e-09 -6.540648912703897555e-10
1.034646639530784062e+00 7.748811189316310378e-09 -1.615529274707044556e-09 -1.945216698484416533e-10 5.181735972964569380e-09 1.535279597334802201e-08 -4.918538357399599329e-10 -1.799394331303982027e-10 1.221522086214626613e-08 8.810733752894161643e-09 -6.428112957571864559e-11 5.302751438080214269e-11 5.183011608701114069e-09 9.876889287852440339e-10 6.844774603285271414e-10
1.038830480088573260e+00 -1.197236913277333739e-08 -3.471371726750788470e-10 -1.253160213505499771e-10 -1.191065131776695242e-08 -1.448772572811867880e-08 -4.669072844480379868e-10 -1.115541465365412638e-10 -9.804245350632135661e-09 -4.957170099353440670e-09 -3.167937386643383459e-10 1.987713325089367745e-10 -3.597620158638685002e-09 -6.561531512246471263e-10 -5.756413893132104228e-10
1.043023229532383578e+00 -1.170055071991908560e-08 -3.308936367652066248e-10 2.404636832161318534e-10 -9.269819153451800589e-09 -1.007241500153656151e-08 8.257289092907117587e-11 2.398232947310835838e-10 -9.195144477376858752e-09 -8.939231853544158034e-09 -1.394407340140952699e-10 1.506307543353301895e-11 -7.823902019103618432e-09 -2.125894628519087935e-09 -1.463087824718479098e-09
1.047211320931656031e+00 1.235015234788294157e-08 -1.468827294186265859e-09 1.211151781456998380e-09 1.987953831355822484e-08 1.739756817633863028e-08 -5.345136799438458126e-10 2.234793264493952832e-10 1.849247904061166458e-08 4.339631618116619776e-09 -1.109612619064871950e-10 1.460604282253382410e-10 4.768890871484620050e-10 -8.841142805678135818e-10 -1.610616487767361198e-10
1.051395396220772938e+00 8.374487586946738546e-09 -1.393271950511543472e-09 1.283192710822402370e-10 6.597789545668592472e-09 8.329183790549561123e-09 1.049962972698378066e-10 1.941141218776591380e-10 2.001174824698052519e-09 7.393466708257736912e-09 -1.061837518089803926e-10 6.833890564664336567e-11 -1.767747791980179913e-09 1.813661364566379207e-09 -5.289753273037459060e-10
1.055587561333155788e+00 4.676716867698031496e-09 -4.162436633729882526e-10 5.176292251334595548e-10 2.969154393122956340e-10 1.471336314866127758e-08 -7.635855667962755513e-11 1.316301257233576064e-11 -2.894799319059495894e-09 8.274035323826831510e-09 -1.084925572114049800e-10 -2.890003605867126797e-11 -3.525627896722506210e-09 6.920350917216136631e-10 -1.207376879512625576e-09
1.059780855230085139e+00 -1.767767707560030193e-08 -1.680792650658991592e-09 6.350031035990988637e-10 5.138771496397815056e-09 -3.785673220885364177e-09 -1.441484779356495890e-10 5.154782612797670729e-10 -2.261254409050997420e-09 1.356617799753322527e-10 5.222518558354693477e-11 1.396091868759319028e-10 -7.155289389276637153e-09 5.552610985407874759e-10 -1.587303841789511404e-09
1.063968553353427993e+00 -8.217126202843951754e-09 -6.807755516280257625e-11 -1.173025833125406266e-09 -4.056330003384110235e-09 -6.555375460675408894e-09 -5.915805170088536973e-11 -2.484255405106664903e-10 -8.624793663570330438e-09 -5.091575775798229505e-09 3.456394704357070213e-10 7.276749876135979733e-11 -5.781355575504741697e-09 -6.485454366324336303e-10 -1.829603646549004340e-10
1.068144877931138659e+00 -1.053205047941854777e-08 -5.333671973035105512e-10 2.105793928646893462e-10 -5.458499541139425307e-09 1.861712633677573562e-09 -1.886150809466775736e-10 4.669129776329052510e-10 -1.704643812583482412e-08 -4.159954745877317926e-09 -2.347258713201463244e-10 -1.572801576549521559e-12 2.065601019934833704e-10 -1.423592898429006314e-09 2.327813953550961457e-11
