# Columns: ('k', 'S1', 'S2', 'S3', 'S4', 'S5', 'S6', 'S7', 'S8', 'S9', 'S10', 'S11', 'S12', 'S13', 'S14')
5.345493089407682419e-03 -3.315109252929687500e+01 7.882758789062500000e+02 7.116451687282985006e+01 -1.593975999620225537e+01 -2.946124945746527501e+01 2.190619303385416572e+02 3.091753133138020715e+01 -3.484118991427951340e+00 -3.797112358940971877e+00 1.559540473090277715e+02 1.157336341010199554e+01 1.262363009982638751e+01 1.570059882269965179e+00 4.737048678927950895e+00
9.344366739594166943e-03 -2.251410108996975623e+01 1.516404107862903174e+03 -6.453794417842742348e+01 -1.659990076864919217e+01 -6.162646484375000000e+01 7.912283896169354875e+02 -2.336961709299395196e+01 -6.101406565020160855e+01 -4.881125960811491638e+01 6.161955645161290249e+02 -1.716914220010080427e+01 -5.103675497731854449e+01 -1.374426860194052402e+01 -1.473478255733366815e+01
1.312833575873958818e-02 -1.432171008051658134e+01 1.004271922831632537e+03 -4.515910993303570820e+01 -6.603503168845662685e+00 -4.128476263552295933e+01 4.995404974489795791e+02 -2.505728834502550839e+01 -4.645332429846938282e+01 -4.385647022480866752e+01 3.971529815051019909e+02 -1.811471869021045933e+01 -4.982126415019132537e+01 -1.381127431441326436e+01 -1.509228391063456520e+01
1.700891779646987109e-02 -6.114348028273810343e+01 1.299054166666666788e+03 -6.004797712053571956e+01 -2.524799107142857224e+01 -7.688792782738096321e+01 5.605718750000000909e+02 -2.893518880208333499e+01 -6.100592447916667282e+01 -4.383145461309523938e+01 3.549659970238095639e+02 -1.315448404947916750e+01 -4.605160900297619264e+01 -8.666244652157738315e+00 -9.912899925595239026e+00
2.135270783943789275e-02 -3.091458147321428740e+01 1.535966071428571468e+03 -2.253504464285714164e+02 1.001937848772321438e+01 -9.578121651785714619e+01 6.890393749999999500e+02 -8.696820312500000227e+01 -8.027194196428571615e+01 -8.482094866071427930e+01 4.363417410714285438e+02 -4.681739397321428697e+01 -9.656715401785714903e+01 -2.575314174107142762e+01 -3.029704799107143032e+01
2.564347439342075027e-02 -9.095681423611111427e+01 1.204480138888888860e+03 -8.496090277777777544e+01 -6.515750434027778226e+01 -1.272025868055555549e+02 5.516888194444444480e+02 -3.340859592013888602e+01 -1.131735850694444423e+02 -5.641407986111111228e+01 3.818558333333333508e+02 -4.309958333333333513e+01 -6.782482638888889426e+01 -1.204466579861111164e+01 -1.902067057291666785e+01
2.962205054058980949e-02 2.751692924626246040e+01 1.076073401162790788e+03 -2.945971760797342540e+02 2.705168805803571530e+01 -2.932210340531561599e+01 4.471230793189369024e+02 -1.087202683762458548e+02 -5.979000986295681486e+01 -5.962385797342192717e+01 2.614580564784052967e+02 -5.089461884862956964e+01 -8.010195182724253016e+01 -2.047067716985050012e+01 -2.531083724823504966e+01
3.361537140302770649e-02 3.611586234826115316e+01 1.080048720472440891e+03 -3.377361179461942129e+02 2.998899637057086665e+01 -5.078782705872703218e+01 4.595884596456692748e+02 -1.270207513123359604e+02 -6.504841289370078528e+01 -7.308384596456693316e+01 2.571619914698162574e+02 -5.976472789534120977e+01 -8.502770259186351609e+01 -2.215792630413385922e+01 -2.546617402805118147e+01
3.793950633336700545e-02 5.547522849168126413e+01 7.628108581436076747e+02 -2.450263517950963319e+02 4.131212032070928331e+01 5.154521946147110611e+01 3.622081600262696952e+02 -1.094693109676007055e+02 2.320996264776707463e+01 2.437715493651488785e+01 2.150015871278458803e+02 -5.734089043345008463e+01 1.833399463660245088e+00 5.541327748741243120e+00 1.186497783493870445e-01
4.227894994616508695e-02 1.499137625000000185e+02 7.363790000000000191e+02 -3.248583250000000362e+02 6.143565000000000254e+01 1.283308624999999950e+02 3.092830999999999904e+02 -1.258694125000000099e+02 5.005359375000000455e+01 4.645883750000000134e+01 1.592215250000000140e+02 -5.133868125000000049e+01 1.214778125000000131e+01 8.342002343749999937e+00 2.429797656250000326e+00
4.633325468672155889e-02 2.053478223593964174e+02 7.270666152263373760e+02 -3.761003943758573200e+02 1.407555941358024540e+02 2.118009687928669393e+02 3.072576303155006485e+02 -1.502146776406035542e+02 1.438622685185185048e+02 7.290585883916322985e+01 1.423355838477366149e+02 -5.363575424382715795e+01 4.038381451474622708e+01 7.457859787594307122e+00 2.955461583183298657e+00
5.038752484052157893e-02 1.789982772877618515e+02 7.096669652701212954e+02 -3.743957414553473200e+02 1.105594163450937231e+02 1.892016951488423331e+02 3.074556918412348523e+02 -1.474509888368247061e+02 1.110863767916207365e+02 8.077646947353913731e+01 1.465886679988974777e+02 -5.273768260749724135e+01 3.900137386300992404e+01 1.661889513850606548e+01 9.187202832138920527e+00
5.464179025701254577e-02 1.619791810146923865e+02 5.477477043158861534e+02 -2.908924758953168066e+02 1.174030647382920165e+02 1.850796889348025616e+02 2.376596648301193682e+02 -1.156651027318640956e+02 1.417904183884297424e+02 8.386419593663912053e+01 1.139863908976124804e+02 -4.153630050505050519e+01 6.039972164830119539e+01 1.548692177456381991e+01 1.105849600407483990e+01
5.886817576171304162e-02 1.786551115892713995e+02 4.754138310648518768e+02 -2.798178542834266977e+02 9.641765287229783610e+01 1.759789331465171927e+02 1.985831915532425853e+02 -1.134523869095276183e+02 1.001611414131304940e+02 6.170490142113690268e+01 8.664741793434747308e+01 -4.117207203262609738e+01 2.950464434047237461e+01 7.769685279473578454e+00 3.290447201511208952e+00
6.290140616743733482e-02 1.967136489321129034e+02 4.322164378337147355e+02 -2.627061403508772059e+02 1.095913544050343233e+02 2.097295003813882772e+02 1.805979333524027481e+02 -1.036511012585812352e+02 1.243870852402746010e+02 8.456217820366133253e+01 7.894430539664378443e+01 -3.766754564740656264e+01 5.099194913234172333e+01 1.390956331045003935e+01 9.441619291094584199e+00
6.703999982739437813e-02 1.913606575793888567e+02 3.782103430197723242e+02 -2.251148517076093469e+02 1.160596727082085096e+02 2.491852531455961639e+02 1.599884661473936660e+02 -9.074747228879569150e+01 1.723042615338526105e+02 1.337852381665668133e+02 7.310658983672858824e+01 -3.494596783253444983e+01 9.853194278010785467e+01 2.864525913720790840e+01 2.263425423157579530e+01
7.134254604642074893e-02 1.812472293121977600e+02 3.399686324556690238e+02 -2.073141624126813554e+02 1.033829510343901177e+02 2.266691966684578290e+02 1.458371003492746070e+02 -8.232084564750134348e+01 1.445250369425040446e+02 1.161561408516926406e+02 6.371232704191295682e+01 -2.760575211579795862e+01 7.846570224341752464e+01 2.451665771090811674e+01 1.831767195056421471e+01
7.561818311969153994e-02 1.762363159472422183e+02 2.831941247002397972e+02 -1.721046912470023926e+02 1.037971822541966418e+02 2.173216876498800900e+02 1.208740107913669135e+02 -6.930334982014389311e+01 1.461465077937649824e+02 1.076337529976019169e+02 5.387710206834532300e+01 -2.531972796762590150e+01 7.486432853717026603e+01 2.068938286870503518e+01 1.495569544364508374e+01
7.973924982214039558e-02 2.294944642037631866e+02 3.033619492886645048e+02 -1.930639484855438184e+02 1.434525011473152745e+02 3.064579508949059345e+02 1.343307996787517311e+02 -8.158371099128041237e+01 2.199454451583295054e+02 1.630046322854520326e+02 5.902748537173015109e+01 -2.956441816773749665e+01 1.225375745754933519e+02 3.331482331344653858e+01 2.653031959901331049e+01
8.385356877962653332e-02 2.011461313071116308e+02 2.444584326579260960e+02 -1.622321960667461269e+02 1.135718613428684876e+02 2.505128128724672081e+02 1.021597325685339683e+02 -6.432094259038538553e+01 1.700396305125148899e+02 1.277592868494239156e+02 4.196699630015891813e+01 -2.167751011869289002e+01 9.406979414978148668e+01 2.571558558055224353e+01 2.072414767083829901e+01
8.809929214337092196e-02 1.978329541477073690e+02 2.175341704585229081e+02 -1.428601242562127993e+02 1.083142719635981734e+02 2.456682709135456832e+02 9.194346123556177020e+01 -5.762782201610080079e+01 1.657844001575078607e+02 1.275035111130556515e+02 3.833594023451172461e+01 -1.960043314665733405e+01 9.373846036051801889e+01 2.601778799877493853e+01 2.057680969985999297e+01
9.230415729057904473e-02 1.802656302240053492e+02 1.886400451354062113e+02 -1.229035857572718129e+02 1.052712825977933733e+02 2.459567034436643098e+02 8.275655090270811343e+01 -5.015360142928786047e+01 1.730942619525242208e+02 1.371316658308257956e+02 3.573287048645937602e+01 -1.704383462888666045e+01 1.060407890337679646e+02 2.981551163908391544e+01 2.494784614259445021e+01
9.643309047658384092e-02 1.735865078764011002e+02 1.680857694637988402e+02 -1.116342964253256582e+02 9.852090275674038367e+01 2.272460617994547079e+02 7.274227506816116318e+01 -4.608090351408664276e+01 1.596978377764313848e+02 1.225781392002423473e+02 3.121238355801272490e+01 -1.642427010754316896e+01 9.474852317479552255e+01 2.550981000075734784e+01 2.128217774916691951e+01
1.005689403076158450e-01 1.662197755960729353e+02 1.497871493688639646e+02 -9.761095722300140665e+01 9.490883590462833297e+01 2.200152699859747543e+02 6.483003593969144163e+01 -4.011606328892005990e+01 1.566150596072931478e+02 1.211890164796633940e+02 2.778325298036465796e+01 -1.395746844319775626e+01 9.391050140252454526e+01 2.548050490883590413e+01 2.108575561009817889e+01
1.047818677762802908e-01 1.422580906148867257e+02 1.253324231391585784e+02 -8.178513971869554666e+01 7.571047267861588637e+01 1.783104151107791893e+02 5.274436768732885383e+01 -3.309061488673139451e+01 1.207903908389345276e+02 9.292925379636544392e+01 2.209123724172267700e+01 -1.158197193178989259e+01 6.965142674881752782e+01 1.858762369305451756e+01 1.502388092793129282e+01
1.090277847809041356e-01 1.440720572856146759e+02 1.188389205205670436e+02 -7.682658900766907095e+01 8.524584592145015449e+01 2.022235359051824446e+02 5.295840111550081275e+01 -3.194177753892633120e+01 1.462009063444108676e+02 1.151200034859400461e+02 2.374200594062282121e+01 -1.153989222635370737e+01 9.074446607018359146e+01 2.475257451196839398e+01 2.078092682430862226e+01
1.132170039508717807e-01 1.227381149349216827e+02 9.837464841164791096e+01 -6.193102663798808294e+01 6.702669313920141292e+01 1.623353049856607129e+02 4.235328424884182397e+01 -2.523288764339289614e+01 1.123050821751599386e+02 8.976302945069490136e+01 1.839551276748290221e+01 -8.798395964317228035e+00 6.868525259210235845e+01 1.904804696117361473e+01 1.565370443139201306e+01
1.174008294871188018e-01 1.114737000602288788e+02 8.618164023288495912e+01 -5.387794243123870785e+01 6.296598951013852741e+01 1.522881324031318968e+02 3.808251982533627711e+01 -2.241582544920698794e+01 1.083364284280265082e+02 8.629213511343104415e+01 1.708812707036739553e+01 -8.118305812085926831e+00 6.728455004015258112e+01 1.844677901023890954e+01 1.530054362828749248e+01
1.215998224695146873e-01 9.740168246445497857e+01 7.234970971563980413e+01 -4.454102191943128020e+01 5.380351895734597178e+01 1.324819075829383905e+02 3.164042654028435919e+01 -1.824971712085308084e+01 9.393862559241705412e+01 7.575708530805687246e+01 1.443331457345971458e+01 -6.776300355450236346e+00 5.991581753554502399e+01 1.655039691943127877e+01 1.400384626777251107e+01
1.257670529567683493e-01 8.328752449670407998e+01 6.117568034028148816e+01 -3.713693379208979195e+01 4.492543537324069547e+01 1.113230669873507992e+02 2.673467842508462411e+01 -1.524187711562444392e+01 7.799532335649385573e+01 6.332158048280776796e+01 1.222090459647247407e+01 -5.634205054115446032e+00 4.931524474434348804e+01 1.376299717174416593e+01 1.143791268595225397e+01
1.299386816717305049e-01 7.604162378560843649e+01 5.431696649102585184e+01 -3.247489914375103126e+01 4.139194487897250241e+01 1.021585707228717297e+02 2.378324139634447576e+01 -1.342440669767824879e+01 7.226513872879961298e+01 5.824798287502058258e+01 1.091316842993578184e+01 -4.979449252840441709e+00 4.581017927712827742e+01 1.266273618886876307e+01 1.060428458957681563e+01
1.340949335765710126e-01 6.319318181818182012e+01 4.409057194986515071e+01 -2.597908733936220926e+01 3.360541607171188616e+01 8.412028002538474425e+01 1.916728145327621746e+01 -1.058162779628748318e+01 5.871064374107568540e+01 4.794419324131366267e+01 8.807742220966206403e+00 -3.865937785082500522e+00 3.735331885610027314e+01 1.044049956369982546e+01 8.697699756068539401e+00
1.382635144665005922e-01 5.694194681930155610e+01 3.866241305607883305e+01 -2.234144281625851391e+01 3.088839932618461148e+01 7.685764744239965296e+01 1.708902242428633755e+01 -9.260812518113317182e+00 5.445065026807709074e+01 4.421763150268077425e+01 8.156386981959137472e+00 -3.594158681712795289e+00 3.481230075351398767e+01 9.660079834444283975e+00 8.084775983553107892e+00
1.424925284902303357e-01 4.885897044869187766e+01 3.248495958723057697e+01 -1.841537888030364556e+01 2.666281813406533630e+01 6.705743357733496168e+01 1.453404585197234589e+01 -7.682727989019926262e+00 4.763415006100040472e+01 3.907610647959874939e+01 6.993590191642943488e+00 -2.975591629812254002e+00 3.087982919886132294e+01 8.640293522095701562e+00 7.252077826352175016e+00
1.466886314558672189e-01 4.127758490193497209e+01 2.687433567526655054e+01 -1.499101824733447330e+01 2.141500345531130378e+01 5.467568612610240564e+01 1.168180696327497614e+01 -6.070626151770435186e+00 3.803047255495589951e+01 3.149032924180597348e+01 5.559000468935105133e+00 -2.298635049197051305e+00 2.472687409503751255e+01 6.979051146834276409e+00 5.870182617316045182e+00
1.508619291163366127e-01 3.781592242008022708e+01 2.398919905494104654e+01 -1.288373362860094851e+01 2.064912407317369514e+01 5.251541418500060843e+01 1.084528363163972386e+01 -5.415029210222438216e+00 3.738530904339370409e+01 3.100293241764920538e+01 5.345075665491673789e+00 -2.140073035052266981e+00 2.449007080345204912e+01 6.899928873678133456e+00 5.795555507019569674e+00
1.550655720814744509e-01 3.064021875364346315e+01 1.910552203567680962e+01 -1.008579995919319039e+01 1.612044931211379151e+01 4.145219045120671097e+01 8.447335533986242595e+00 -4.164250593884808005e+00 2.914768421359449491e+01 2.432288387548093667e+01 4.147066646263262157e+00 -1.641478481695231251e+00 1.910508481986708418e+01 5.401484803107146959e+00 4.510592008423691013e+00
1.592593054631499527e-01 2.690606865214058985e+01 1.659182360670097367e+01 -8.692162008649951588e+00 1.428319521241651202e+01 3.659784572429650495e+01 7.401360451111354877e+00 -3.644713453273842330e+00 2.567174326617759661e+01 2.136160763166538956e+01 3.627588484068761776e+00 -1.455626873357604323e+00 1.671513501861381812e+01 4.709985851445308569e+00 3.918850254571334624e+00
1.634144798183441161e-01 2.205974333333333348e+01 1.352539750000000041e+01 -7.049873333333333214e+00 1.164412833333333275e+01 2.982612999999999914e+01 6.002305833333333673e+00 -2.941720833333333118e+00 2.102976166666666558e+01 1.749122666666666603e+01 2.972614166666666780e+00 -1.193236249999999998e+00 1.379226166666666664e+01 3.887640833333333212e+00 3.259496250000000206e+00
1.675823816150099899e-01 1.825539778343382480e+01 1.104460005436394177e+01 -5.591357677671246584e+00 9.461155264653553942e+00 2.442248968320648217e+01 4.868784054685183271e+00 -2.320688954853217467e+00 1.708594136107541672e+01 1.429573675496688701e+01 2.407925706731244286e+00 -9.264682318436788799e-01 1.118951162029257596e+01 3.170320531036868505e+00 2.638546583102698406e+00
1.718045808093531246e-01 1.551681963869463843e+01 9.302411130536130557e+00 -4.593240457459207171e+00 8.216047494172494581e+00 2.130778263403263395e+01 4.199237689393939377e+00 -1.936897763694638730e+00 1.523801864801864880e+01 1.284760780885780918e+01 2.170312500000000089e+00 -8.105313956876456505e-01 1.028626238344988408e+01 2.940446168414918571e+00 2.494340217074591859e+00
1.760135070798979073e-01 1.304405194199071083e+01 7.681476100764958126e+00 -3.706594415922957797e+00 6.869641312266642430e+00 1.793938109006465709e+01 3.475497450141153077e+00 -1.562274112671887760e+00 1.265707386622347741e+01 1.072492828521992614e+01 1.789337833530643795e+00 -6.540984231997313270e-01 8.470308800428012930e+00 2.427068629906201647e+00 2.033735827793461404e+00
1.801930856696074279e-01 1.054285253814679102e+01 6.214656945273207889e+00 -2.988589594344045697e+00 5.450191066938027795e+00 1.421352612735487320e+01 2.766538711533543804e+00 -1.255556774651564345e+00 9.925538503750745534e+00 8.378150040491007644e+00 1.398079707345921241e+00 -5.197739130029409571e-01 6.577098073480522444e+00 1.876926985657659364e+00 1.567260690158554404e+00
1.843742315857553882e-01 8.556912772439897452e+00 4.993271540429248923e+00 -2.335691998637800637e+00 4.334043028866150671e+00 1.138046179602362606e+01 2.199043275829797750e+00 -9.731586260502453900e-01 7.837616852799268230e+00 6.637669235088595521e+00 1.107724649181640375e+00 -4.050229806172531699e-01 5.148840765639297601e+00 1.468853009836952106e+00 1.214302054737542713e+00
1.885797910080431738e-01 7.108475294843135117e+00 4.088249995182301255e+00 -1.834053177753796282e+00 3.636665454212595350e+00 9.591694047251984045e+00 1.824346720110999742e+00 -7.732511905736915159e-01 6.633764597625837922e+00 5.660696133315346934e+00 9.380152678881137351e-01 -3.292804948257920250e-01 4.404813121483080351e+00 1.266266958298003509e+00 1.049094905043166603e+00
1.927656394953895236e-01 5.936632542690865044e+00 3.406043305861857995e+00 -1.520192013170993395e+00 3.172440941113408464e+00 8.369461434642776254e+00 1.577255747951604503e+00 -6.533261454025959258e-01 5.979697909487709850e+00 5.134137615820507428e+00 8.495431192089747396e-01 -2.898955020543782513e-01 4.094043140745846188e+00 1.186347104367677652e+00 1.001361160167317577e+00
1.969014248243030341e-01 4.772059391587290200e+00 2.720229222715043971e+00 -1.177028563086235602e+00 2.461562363666109032e+00 6.541587517268959040e+00 1.229756973478513649e+00 -4.973491579110012051e-01 4.601010347742310991e+00 3.967617292590707390e+00 6.564819096288082578e-01 -2.193577864261433696e-01 3.129944375772558463e+00 9.093997389205991100e-01 7.607800343561404999e-01
2.010715633173454087e-01 3.909020634074176215e+00 2.205177575388770350e+00 -9.209505145616871946e-01 1.993246781032822046e+00 5.336430451386499740e+00 9.928450820976398861e-01 -3.854117837421729975e-01 3.741376307369435494e+00 3.253708961931466526e+00 5.356142593580128786e-01 -1.699705082559949954e-01 2.570407381046583950e+00 7.533174768199959459e-01 6.321883144180485692e-01
2.052920281681521186e-01 3.058519601806239496e+00 1.729474291871921254e+00 -7.296432419950739101e-01 1.580005772783251272e+00 4.204703407224958944e+00 7.864183087027915020e-01 -3.120833012623152602e-01 2.968125769704433647e+00 2.562789408866994911e+00 4.247023168103448154e-01 -1.408330126231527035e-01 2.028548080870279158e+00 5.896319529967158912e-01 4.942844635160098532e-01
2.095172134954577381e-01 2.511993671633797387e+00 1.404530693757482185e+00 -5.700810194300925948e-01 1.280354228033835362e+00 3.429980388759372278e+00 6.344140354262490789e-01 -2.412063841873542946e-01 2.412376051446033731e+00 2.098392163773548980e+00 3.456003678092117726e-01 -1.090217875394784430e-01 1.656604912261357088e+00 4.852472670279125433e-01 4.060107049610925389e-01
2.136973926115405542e-01 1.988934714147286842e+00 1.108902616279069830e+00 -4.414956698158915005e-01 1.012107315891472847e+00 2.717831879844961218e+00 5.015288275193798828e-01 -1.868078972868217058e-01 1.912254360465116321e+00 1.668332606589147282e+00 2.747040939922480440e-01 -8.476869852228682833e-02 1.321324249031007758e+00 3.882439135174418632e-01 3.260641048934108666e-01
2.178750580088065492e-01 1.621205862226277494e+00 9.018247604927007721e-01 -3.558637659671533005e-01 8.211622376824817549e-01 2.208905565693430884e+00 4.064459968065693429e-01 -1.506326841925182403e-01 1.546589073905109579e+00 1.350497947080292027e+00 2.218917084854014621e-01 -6.881619240419707684e-02 1.062217837591240999e+00 3.119514142335766405e-01 2.600096943430657004e-01
2.220823861956562617e-01 1.268537775180515581e+00 7.012637083439103858e-01 -2.688016514356630915e-01 6.350373789805099367e-01 1.717598860495289648e+00 3.142349450608535322e-01 -1.128268622502044960e-01 1.200911744796073766e+00 1.054585695549162372e+00 1.732695502006120769e-01 -5.204802473473549990e-02 8.300337783642184331e-01 2.449634892219495763e-01 2.041818133840681004e-01
2.262696194198526023e-01 1.006493548265356530e+00 5.560303069420047262e-01 -2.101862485933468638e-01 5.050095935458637220e-01 1.370044120876104721e+00 2.506026254237113671e-01 -8.843671492244538357e-02 9.556099084989295722e-01 8.414422097148268609e-01 1.383966689982228104e-01 -4.088235748202228431e-02 6.605009443445682971e-01 1.953889974851786837e-01 1.624520724760868950e-01
2.304259489101245229e-01 7.823949121098933146e-01 4.309012187931240412e-01 -1.594788605136404636e-01 3.907403775343665231e-01 1.060201157051111842e+00 1.937658786647139253e-01 -6.745718462022649853e-02 7.341955065581710071e-01 6.465134526265856607e-01 1.065482568869918073e-01 -3.128213570139589533e-02 5.039094635701395486e-01 1.489950025874422768e-01 1.231962412217703362e-01
2.345870463846415066e-01 6.343866708339696014e-01 3.483145735115412145e-01 -1.264044268049829556e-01 3.150826939227363011e-01 8.576005163001985121e-01 1.560337068397847082e-01 -5.320112137428742449e-02 5.946857543454471262e-01 5.257754444062706645e-01 8.641193828892451689e-02 -2.476955104518581072e-02 4.107164301483687274e-01 1.219123983623453950e-01 1.009918630726860389e-01
2.388019837064606632e-01 4.751405367402115054e-01 2.603597991373171605e-01 -9.273102848301792434e-02 2.300662768777458622e-01 6.278813614939893206e-01 1.143398134814186812e-01 -3.846183721236361153e-02 4.321435926410949757e-01 3.824384802871385602e-01 6.294787599424274405e-02 -1.785538072594807651e-02 2.983530214267610114e-01 8.867119607854970220e-02 7.355269976886497085e-02
2.430077036534963875e-01 3.700723128907549841e-01 2.022957599367660453e-01 -7.097669877209325517e-02 1.839289166688952981e-01 5.014405376372842449e-01 9.100508074365283584e-02 -3.003821143782983705e-02 3.487140650257927743e-01 3.091947401107782989e-01 5.098893725967824225e-02 -1.422667885361693536e-02 2.418647649675509936e-01 7.202124061742262717e-02 5.969149483846811904e-02
2.471758823520590620e-01 2.899209274042883755e-01 1.582810658700276041e-01 -5.469707700405265771e-02 1.408520412379282716e-01 3.848636629828696143e-01 6.989565893380662864e-02 -2.298944946485542706e-02 2.661748300615083829e-01 2.360208075850770415e-01 3.896650260386726877e-02 -1.099049210082418335e-02 1.845814950275925515e-01 5.491663515499253106e-02 4.554984521854880258e-02
2.513692271335918882e-01 2.293733384206380621e-01 1.246454613583650728e-01 -4.119902160839514910e-02 1.138731342275775688e-01 3.125392317349350302e-01 5.640622820459170739e-02 -1.753531144612790679e-02 2.181893451736247880e-01 1.950199714317754351e-01 3.223108718402641071e-02 -8.516109734154141131e-03 1.532230024123670820e-01 4.596582697933077749e-02 3.825167608826610804e-02
2.555723892733414715e-01 1.753171451321728913e-01 9.506747147668546949e-02 -3.089960475122764672e-02 8.611565030510197338e-02 2.369829500069691730e-01 4.270305847044941067e-02 -1.309807856710635057e-02 1.641800522921849081e-01 1.469965289877021297e-01 2.426695460678501837e-02 -6.361102988330671199e-03 1.149319869891066714e-01 3.451447123477505846e-02 2.863028900503790386e-02
2.597674079539822323e-01 1.324981049611000106e-01 7.161674211959880021e-02 -2.289397611341882285e-02 6.306898432351093486e-02 1.739138261330168411e-01 3.130122256759226840e-02 -9.551245204678681863e-03 1.192707153375623108e-01 1.067950157620896345e-01 1.760957405752486965e-02 -4.628909568631060269e-03 8.294997278320272172e-02 2.489427847087778700e-02 2.051823853258099434e-02
2.639178238801485610e-01 1.014759542216595034e-01 5.486827996310363748e-02 -1.726775867016446669e-02 4.832527624309392034e-02 1.336828535847656985e-01 2.404266101391446669e-02 -7.135428781277175850e-03 9.176758012328625758e-02 8.252908305836913205e-02 1.363207163536550928e-02 -3.458190505822206478e-03 6.412026546034120533e-02 1.933281018198792708e-02 1.593274357910655706e-02
2.680749044740857179e-01 7.908767763534352291e-02 4.264789691846170711e-02 -1.302624536817584451e-02 3.847065527620310149e-02 1.064915322404662995e-01 1.907168442123489266e-02 -5.491089264980347773e-03 7.365659293532024476e-02 6.644452335475908855e-02 1.097273923716515602e-02 -2.715674947627729711e-03 5.176497750689810357e-02 1.565307162567101951e-02 1.291984051689126778e-02
2.723023151079725368e-01 5.884274274501987562e-02 3.174071859400998119e-02 -9.679954614849094544e-03 2.794588681046635339e-02 7.742548226913477383e-02 1.389675835052112292e-02 -4.025612998788910546e-03 5.342554708443104233e-02 4.815398272843871008e-02 7.965038241024796281e-03 -1.988860017646370756e-03 3.757999904672767316e-02 1.135407255810628145e-02 9.381263748425655580e-03
2.765128983200950685e-01 4.580820966250644111e-02 2.464857486674706250e-02 -7.313594290656816842e-03 2.184187016123835187e-02 6.068850299301284390e-02 1.086768973368399359e-02 -3.053674080869026464e-03 4.187881947880610356e-02 3.789281046179391460e-02 6.266175653664340234e-03 -1.511193368266080476e-03 2.963632054825298193e-02 8.990117006441996836e-03 7.455812250474382584e-03
2.807027537381580062e-01 3.457902751809326103e-02 1.860496562554911359e-02 -5.450373495259785116e-03 1.633718621644921973e-02 4.542847001433183984e-02 8.141432410069078182e-03 -2.272720350320132487e-03 3.122078549189509847e-02 2.825457342185028892e-02 4.681810463821714334e-03 -1.133443416474134080e-03 2.200088621631194133e-02 6.670937733372869424e-03 5.508046945355056338e-03
2.848857026249724811e-01 2.591495481397981110e-02 1.391009495363766148e-02 -3.971312614370042099e-03 1.222125954918496307e-02 3.404841338919140092e-02 6.088066240437223567e-03 -1.656432311232347836e-03 2.332657235702589524e-02 2.116492207614992585e-02 3.507197705810351663e-03 -8.291131888255168832e-04 1.640849828363389815e-02 4.986095086695617982e-03 4.098143036216772041e-03
2.890807262117984777e-01 1.922254858425015422e-02 1.027546376329101750e-02 -2.853537519774158350e-03 9.022370507290600194e-03 2.521107335471785976e-02 4.490077757093697067e-03 -1.180917920264974979e-03 1.724981211650116961e-02 1.570848162878241139e-02 2.599712474137024464e-03 -5.907660185341015013e-04 1.220323983380170937e-02 3.723162149355010477e-03 3.070749122952610988e-03
2.932785946948970324e-01 1.428676785096130372e-02 7.647846382599081567e-03 -2.116583462763046205e-03 6.761404126663440525e-03 1.889635912558613670e-02 3.369059900954997442e-03 -8.832707582873948081e-04 1.307517921356260091e-02 1.191476333828076634e-02 1.979259222593003197e-03 -4.517542428917048622e-04 9.328253249017662285e-03 2.847746361767790595e-03 2.359584278208529638e-03
2.974321087309398370e-01 1.035727680310552165e-02 5.543940688772325438e-03 -1.518556418959203166e-03 4.793740385767940489e-03 1.341441140610016847e-02 2.395454542084740363e-03 -6.270434388875085639e-04 9.088342540729384134e-03 8.277574819327353575e-03 1.372058631247065905e-03 -3.130363316815635514e-04 6.377080326284561250e-03 1.944321139620499997e-03 1.593014529781332537e-03
3.016123743882810904e-01 8.024413542498668589e-03 4.286678795326287830e-03 -1.145112226130156046e-03 3.695713300311763080e-03 1.035985002121605526e-02 1.846503834192672827e-03 -4.710187727723440221e-04 7.024217446282376640e-03 6.413025988775102743e-03 1.064544519876828169e-03 -2.375081850298822479e-04 4.947745344799511780e-03 1.511977924234914582e-03 1.240719694099559883e-03
3.058101292111336522e-01 5.925626233919506838e-03 3.160820651439793551e-03 -8.277116237853522195e-04 2.726009689123747807e-03 7.657927363906263767e-03 1.361928267731068965e-03 -3.394675563007626515e-04 5.216078584769010852e-03 4.776371200008247553e-03 7.926983935278886532e-04 -1.726147080463120900e-04 3.699174965700376821e-03 1.134091775311429256e-03 9.325672325045268390e-04
3.100168993294901143e-01 4.313388504719692720e-03 2.298228288949512570e-03 -5.916771804856420366e-04 1.966551806123606645e-03 5.524993452499982541e-03 9.821807196665100111e-04 -2.424090475552926737e-04 3.753479086222883104e-03 3.438235280188725075e-03 5.708878521064203199e-04 -1.234268402587379348e-04 2.659565906633574658e-03 8.155796811031219059e-04 6.705081091025915426e-04
3.142092030053749707e-01 3.149945219844682738e-03 1.678687749265674566e-03 -4.250723329705913918e-04 1.432173738230933975e-03 4.034566684522757768e-03 7.173457965682501465e-04 -1.734294863574946789e-04 2.739783496152321893e-03 2.515788325218044040e-03 4.181514187936110250e-04 -8.862826796473851200e-05 1.944570394570521287e-03 5.975433511728289564e-04 4.907550887488441567e-04
3.183867557675504334e-01 2.330416629906519824e-03 1.240206712597922067e-03 -3.091805683843173048e-04 1.061071473955075726e-03 2.992048932928335469e-03 5.313049061344975350e-04 -1.264192802834654471e-04 2.030367454428336476e-03 1.867251993585772795e-03 3.104677783172249406e-04 -6.464847624162620805e-05 1.442050689998472914e-03 4.438416472077288109e-04 3.641314592136751294e-04
3.225872781332082551e-01 1.710358704859894340e-03 9.085129042872279893e-04 -2.212563116103908082e-04 7.761771808461820701e-04 2.191864856968987925e-03 3.885602460908819727e-04 -9.062150469642347300e-05 1.493174051700582507e-03 1.375444071297014705e-03 2.286992997961486134e-04 -4.698923060292794118e-05 1.069402993879113237e-03 3.296313975207749124e-04 2.724990366043418934e-04
3.267666109043823597e-01 1.252699287482862949e-03 6.651422061266767851e-04 -1.592219233251544242e-04 5.679653600267209205e-04 1.604803673788609674e-03 2.843402354641247657e-04 -6.507181749111882617e-05 1.087005446771475764e-03 1.002325635966305967e-03 1.668403984983272135e-04 -3.374982146559872125e-05 7.736390638438342014e-04 2.386843212646877791e-04 1.957749467792653519e-04
3.309328770241455886e-01 9.083579828832310122e-04 4.816039966640780806e-04 -1.129789653444099198e-04 4.101886373044532665e-04 1.160520481410500394e-03 2.054201190489718203e-04 -4.628147582844279557e-05 7.884388096027325401e-04 7.282811826555881394e-04 1.212818502312112479e-04 -2.419628265084163932e-05 5.636586809307987016e-04 1.741908685529967339e-04 1.432217132647010894e-04
3.351106074107195187e-01 6.566514436206295552e-04 3.474815270460710815e-04 -7.918859651263587807e-05 2.985795199923197535e-04 8.470639428183181045e-04 1.494509301214803248e-04 -3.230922090758476476e-05 5.793610915651503440e-04 5.372786364018521978e-04 8.943702643414846727e-05 -1.701986612446022246e-05 4.177792763748750383e-04 1.296271596210503158e-04 1.068880271125134711e-04
3.393095620710060434e-01 4.838943435587869549e-04 2.560611297737290081e-04 -5.775803432602630646e-05 2.155269561995764780e-04 6.121995257439372205e-04 1.081102979423088792e-04 -2.326757368526578533e-05 4.135104138041839151e-04 3.834331588482812895e-04 6.384505961447065037e-05 -1.218047491806456293e-05 2.956684785644378768e-04 9.168698203981279378e-05 7.513879631962747812e-05
3.435164896197421824e-01 3.418584167640506847e-04 1.806565264611573695e-04 -4.004088338648681384e-05 1.485132887792984808e-04 4.225547901725142325e-04 7.458045503868059858e-05 -1.582318097067862562e-05 2.826173162515520539e-04 2.623558877966527939e-04 4.368185943505473661e-05 -8.202706790619765224e-06 2.012530126277215197e-04 6.248546976377789442e-05 5.104167082982575160e-05
3.477107812306902690e-01 2.496044451695688554e-04 1.318991987264404604e-04 -2.887671692371974390e-05 1.094719073975901406e-04 3.115711931055811291e-04 5.497651001756551032e-05 -1.150494712954945156e-05 2.098035231662050701e-04 1.950514224823359942e-04 3.248760715818106807e-05 -6.002524367783301028e-06 1.501215561266055359e-04 4.667467514840994421e-05 3.817916547296458968e-05
3.518857617074659383e-01 1.752850558523134288e-04 9.242848860662124428e-05 -1.973795631651595073e-05 7.775769807310568956e-05 2.214406355618645785e-04 3.901108919155319403e-05 -7.985428370949435863e-06 1.489974205496145249e-04 1.386607223754165140e-04 2.311384453086273700e-05 -4.220003642620805394e-06 1.064315210020771719e-04 3.311547876597343052e-05 2.705122183554480904e-05
3.560773577310688554e-01 1.224779301847800177e-04 6.456879786623686060e-05 -1.362648078806605679e-05 5.324767377628732021e-05 1.519086771466217302e-04 2.674897421507820591e-05 -5.390242498440708993e-06 1.020029162133314845e-04 9.510609791525700507e-05 1.585060826742708072e-05 -2.832571104591811326e-06 7.290869216103813453e-05 2.272102648337419740e-05 1.850706443977485015e-05
3.602869550449780967e-01 8.834877449128535618e-05 4.655848088234054342e-05 -9.733413277376011947e-06 3.875596422580721451e-05 1.105133316638673402e-04 1.944940938869513055e-05 -3.901590147806659111e-06 7.430640194449784366e-05 6.926432179934675177e-05 1.154972624345110280e-05 -2.070268347176864669e-06 5.327757506274396343e-05 1.659357011985045704e-05 1.357943277167122992e-05
3.644651285618699665e-01 6.281313331613856124e-05 3.304188069649399451e-05 -6.753951074530005690e-06 2.706615892382539836e-05 7.731363531540783604e-05 1.359116998543805268e-05 -2.676863535996095620e-06 5.186690982162969158e-05 4.840306977913395880e-05 8.072121061225222917e-06 -1.423418447436808857e-06 3.728087763648127282e-05 1.162176130788968761e-05 9.533514300496797597e-06
3.686396944457170921e-01 4.334629377350249436e-05 2.282584240741605691e-05 -4.607934633348300074e-06 1.840833638489245197e-05 5.266270673885048491e-05 9.267674829305110027e-06 -1.796760582758691908e-06 3.504779828693540731e-05 3.275943434297012841e-05 5.469998533544315876e-06 -9.473384812706789672e-07 2.509670130900676968e-05 7.841984471798894946e-06 6.409896391405784225e-06
3.728293470315630076e-01 3.142524045381136052e-05 1.651369732544790287e-05 -3.246647482447357112e-06 1.361435138183128594e-05 3.892274304203505034e-05 6.833212439496583211e-06 -1.285692785458024819e-06 2.626487849791629665e-05 2.457780576850002741e-05 4.100113171418555779e-06 -6.927451783430015823e-07 1.893312333878333586e-05 5.923214115629178565e-06 4.841494146494942403e-06
3.770363921861874523e-01 2.170569576683977861e-05 1.141747625172283493e-05 -2.214536237860762701e-06 9.361201413763767265e-06 2.681630805101366168e-05 4.705920044192214211e-06 -8.758614664945073968e-07 1.798237331058328715e-05 1.687270784624395409e-05 2.817892519304517471e-06 -4.678046637104784455e-07 1.295376084261975326e-05 4.059652078801259584e-06 3.321523589225224157e-06
3.812363453093803867e-01 1.487227158014790776e-05 7.815191921981483298e-06 -1.495601561782423785e-06 6.256311904996923595e-06 1.793398245504231706e-05 3.155423196349815470e-06 -5.894460748291272796e-07 1.193165629771882415e-05 1.120035205145177198e-05 1.875569540790088541e-06 -3.138327140207061935e-07 8.583991321006055928e-06 2.690541143418277754e-06 2.199701747304271991e-06
3.854150971210312249e-01 1.044052368589344577e-05 5.497920081136261147e-06 -1.036921344799622503e-06 4.420760865070066469e-06 1.273051882589179135e-05 2.232849734687658008e-06 -4.047010202309909786e-07 8.470551671194989919e-06 7.948923314527698040e-06 1.328423681763675474e-06 -2.164835530630572234e-07 6.083258587468451223e-06 1.907336722644731779e-06 1.556311851003078259e-06
3.896036578152083374e-01 7.257571393568040274e-06 3.813891159287315518e-06 -7.183336852265570415e-07 3.092105301704875480e-06 8.886355923953530869e-06 1.558703935212445586e-06 -2.823636267176556721e-07 5.969522740581595785e-06 5.582535688379779280e-06 9.352004512889975877e-07 -1.509451448874557672e-07 4.290253329764216662e-06 1.349760678277808022e-06 1.106914760544861685e-06
3.937795161075864914e-01 4.993807258989748907e-06 2.619280859136539361e-06 -4.793667327960856502e-07 2.075715631991046271e-06 5.969699682330769864e-06 1.048166406095849276e-06 -1.859435658523970722e-07 3.956853799723654110e-06 3.708689431093560770e-06 6.202864379480416760e-07 -1.009220138872866689e-07 2.831072053939791566e-06 8.904896570897512422e-07 7.231743763398480696e-07
3.979440095093054186e-01 3.461848509086464843e-06 1.808401749146417704e-06 -3.189956842478590970e-07 1.476686474723406415e-06 4.227865994845812260e-06 7.378373869705764501e-07 -1.240999560699497596e-07 2.806739219074178723e-06 2.670348262632337651e-06 4.441546858045820560e-07 -6.608043024326878049e-08 2.024873346368912879e-06 6.462467593202241433e-07 5.189187567223978503e-07
4.021139069446590386e-01 2.397469413096360402e-06 1.272951592772810710e-06 -2.252963412640185028e-07 1.005170178460708583e-06 2.886498290188761885e-06 5.074528468900867403e-07 -8.729262624168346691e-08 1.926526371979489152e-06 1.817559010927584020e-06 3.048190097255840440e-07 -4.751276038731746145e-08 1.394795362362428332e-06 4.390630553142927198e-07 3.541712467145216517e-07
4.063125452039867413e-01 1.637170327556295039e-06 8.499615268656847176e-07 -1.463305327499362220e-07 6.762575317689424245e-07 1.977267381431595314e-06 3.438915703469825157e-07 -5.442810632879277593e-08 1.322757281778179125e-06 1.249096367608608934e-06 2.100300138862252175e-07 -3.201425075029139359e-08 9.566513868877649933e-07 3.000662899361814688e-07 2.434623817717553216e-07
4.105412315868290918e-01 1.077161271717661843e-06 5.842204223496129765e-07 -9.207112634871509812e-08 4.742523797638514024e-07 1.301307277914629743e-06 2.291533442862915157e-07 -3.355878166110285856e-08 8.940917252227095175e-07 8.237047016783418396e-07 1.373624112588932031e-07 -1.785173531147785889e-08 6.275129634249436583e-07 1.995458641641615648e-07 1.586702018067262412e-07
4.147348487769681458e-01 7.427964005269917900e-07 3.909348138027611387e-07 -6.366655833452259472e-08 3.177302506058073149e-07 9.173441771959456591e-07 1.541234126293314727e-07 -2.389590345394485497e-08 6.210393651383780063e-07 5.773366967078674317e-07 9.389675208377706156e-08 -1.330200046635306780e-08 4.463732603854087919e-07 1.396118828096029734e-07 1.173959223426758306e-07
4.189107045044477284e-01 5.361028818056660929e-07 2.635246846437283813e-07 -4.311071544608481271e-08 2.098251772262306894e-07 6.044770156945856996e-07 1.023518771830939994e-07 -1.892379589669608251e-08 3.742069354185039571e-07 3.668417513498431033e-07 6.540999492792776295e-08 -1.072703759506428883e-08 2.822903348459423022e-07 8.843087359307045550e-08 7.488062240609152285e-08
4.230974437456921922e-01 3.485545098702540170e-07 1.786518483082323068e-07 -2.633940656040637038e-08 1.243214723853520379e-07 3.959482871516184493e-07 7.032423372229246951e-08 -1.083199934190721357e-08 2.397672858864257303e-07 2.448026903687963839e-07 4.395085157860979754e-08 -6.547417834299999329e-09 1.790228516516702936e-07 5.817581039340254315e-08 4.444599857204965574e-08
4.272931011032126136e-01 1.735977202511464142e-07 1.245399975624878370e-07 -2.319455089741652736e-08 9.215128103361760213e-08 2.367004306468861227e-07 4.747267059151073326e-08 -9.352411516383306748e-09 1.826890677822027995e-07 1.603905631125110684e-07 2.736339500081472171e-08 -4.578258218058724354e-09 1.215438027189842927e-07 4.090044916996579315e-08 3.150640793832576628e-08
4.314914587673138180e-01 1.534998203616189854e-07 7.669270977769469831e-08 -9.044204338500470186e-09 6.680986189955976258e-08 1.869664090696815189e-07 2.973081317803000354e-08 -5.268345258601692832e-09 1.185034812891886786e-07 1.190681724720144102e-07 1.980345442977370570e-08 -3.225017038871869721e-09 8.580687282790073042e-08 2.836863673296627327e-08 2.284206827077751280e-08
4.356511643511531418e-01 7.269244469166792335e-08 4.548258611896030292e-08 -4.432027800259045845e-09 5.341274017585541499e-08 1.051094555901809407e-07 1.800301051580302174e-08 -2.428690805280971317e-09 6.840719639958478324e-08 6.802557159125116102e-08 1.086955093865829569e-08 -1.465884114417106437e-09 5.599569154278441490e-08 1.713580044988589090e-08 1.274549786397718185e-08
4.398424702607344750e-01 1.107035639091150752e-07 4.028303796510894902e-08 1.196070762770793105e-09 3.221249678227239821e-08 8.919798982321701670e-08 1.373637014241000684e-08 -2.581969374153100472e-10 2.858317635335168725e-08 4.282517921385283231e-08 6.503573953206247726e-09 -9.571378366590220135e-10 2.776354913511771454e-08 1.222080315424239264e-08 7.465910130186925736e-09
4.440501074980069407e-01 5.212644127040424837e-08 2.457503480728244637e-08 -4.439498968570265446e-09 3.807517137807543247e-08 5.707940753938151341e-08 1.017966015559274765e-08 -2.368147471868755310e-09 6.800255863488849146e-08 4.249049781801649849e-08 5.142465545670064513e-09 -7.535231334031574053e-10 4.684480214067405729e-08 1.254100726660446736e-08 1.173131574216982050e-08
4.482267968899237842e-01 4.859830956004138175e-08 2.287265564443401017e-08 -2.976912804157443129e-09 8.381762105296998769e-09 5.034879893938266469e-08 5.502510109269383346e-09 -6.142160493293363904e-11 1.942658732593236530e-08 2.196994519524101480e-08 2.066365476623848988e-09 4.218474754793635910e-10 1.834738679310221994e-08 3.026092225563237750e-09 6.224826831395860710e-09
4.524052929840755577e-01 3.680183439092295116e-08 1.792469888204478915e-08 -3.858006629777389649e-09 1.123319456051936045e-08 4.098017928980157733e-08 4.958432982158541713e-09 -3.151719960599921505e-10 1.304566757843243490e-08 2.662163396097893008e-08 3.198436571510591230e-09 -1.295109116944935273e-09 9.552495395972856742e-10 6.219578678884881596e-09 6.984501579837131529e-11
4.566090347930675253e-01 1.709075682322685362e-08 2.851568386848883551e-09 -4.200867945659093518e-10 1.076856795593309805e-09 3.327143561234713359e-08 3.823434828616458311e-11 -7.431524494459491714e-10 7.044308510702628540e-09 1.263906737221383345e-08 1.033148599261219624e-09 -4.578577805065679346e-10 1.200715743235247153e-08 2.389102049080430533e-09 1.721895431838200183e-09
4.608167319022857811e-01 2.326407332765828026e-08 5.360900894502277073e-09 8.500080463485589855e-10 -1.846537404999739061e-09 8.627599626363657026e-10 1.551710491092926159e-09 1.975995941969157948e-09 -1.126879839111372949e-08 -1.877390752813206623e-09 6.193567319425569800e-10 -1.124056759510669299e-09 -1.165130760134518554e-09 3.800056302032249761e-10 2.670713823744501081e-10
4.649806979855051203e-01 4.499328713905615830e-09 4.669432006368828210e-09 -1.216312838430103579e-09 -8.741313981545790281e-09 1.977526713346499293e-09 1.839425340038872783e-09 -2.376681276181673516e-10 -2.723313934052788895e-09 8.715906423693379344e-10 1.450502405835562813e-09 8.098784759973643424e-11 -1.230298511712694583e-09 1.408622130791631717e-09 6.660700023882100736e-10
4.691538386770017222e-01 2.392866772704658292e-08 -4.626856600321580253e-10 -6.834896295968618344e-10 -2.299322438660205624e-09 4.057153903216256683e-09 7.747856463725421416e-10 1.291941942276212806e-09 -1.909480698469183289e-09 -8.025172278863645467e-09 -8.840924996581144294e-10 1.174800066309501456e-09 4.471171773888856271e-09 3.721339879251780887e-10 -7.835054943756449085e-10
4.733478629909182445e-01 -4.538379490260878910e-09 -1.533967946099670940e-09 -4.373287197708075502e-10 -6.466422662780589497e-09 2.032301760345063526e-08 -9.850584504026250246e-10 -1.672462854175395675e-09 -1.631829227289094525e-08 3.815736115384297422e-09 -1.022533857531431057e-09 3.625399024282940920e-10 -7.115811005476426965e-09 -1.707059634545044278e-09 1.114980610350624944e-09
4.775500538217637980e-01 1.915368374530939782e-08 4.036005815916203107e-09 -4.335681876017078655e-11 1.593056514203047838e-09 1.972574776561355576e-08 -4.596517121957575298e-10 -3.832564184858068606e-10 -1.565143602939967964e-09 5.853972430036921692e-09 2.735869710854260163e-10 -5.234901241858165995e-12 -1.048059754990833642e-08 2.195205476651101427e-09 -1.398362774317954609e-09
4.817339644282710998e-01 1.224011496804559043e-08 -2.254648136708866978e-09 -3.905929702703815486e-09 -3.330475602331081515e-09 -8.420172043287668924e-09 8.846841952031339098e-10 -2.020527529104004639e-10 -1.043536420528847743e-08 -7.390480589057502804e-09 -1.017523317592489298e-09 6.982281348329736663e-10 -5.992765753441831596e-09 -7.136552693467006273e-10 -3.010829837956278392e-09
4.859144464692263798e-01 -5.773582416516667020e-09 9.841262787845877146e-10 -2.910635273158988711e-09 3.551883902099155414e-10 2.020721597674316154e-08 1.262502575088659625e-09 6.183383369219015069e-10 -6.154117612828919175e-10 9.665544363315013661e-09 -7.217865614650931511e-11 -6.449028003405946979e-10 1.678018056762053402e-09 6.710450140436387949e-10 2.377513243109733350e-09
4.901252990058800885e-01 6.955609885175921813e-09 -6.336771322067410881e-09 3.902154289270504967e-09 5.354585940008799467e-10 -2.709878102183878214e-08 -1.968875829660909470e-09 -1.137792603769958007e-09 7.995341393333878262e-09 -1.649039057222706843e-09 2.715960453811592775e-11 -1.167169998725105826e-09 1.327894861834211746e-08 2.227225700325504510e-09 6.037449363352526331e-09
4.943123444065962158e-01 9.086414899468423306e-09 -3.335593131683711084e-10 -4.118838876711877439e-09 -4.871470821080884624e-09 -1.964966701743082995e-08 7.675798460193354781e-10 1.158646479787268958e-09 -3.540341877717913636e-09 -6.526922016490292452e-09 -2.601509870822724781e-10 -2.809637890671733356e-10 -1.404400155384744861e-09 -2.883566932208097614e-10 1.829498943436250305e-09
4.984736335014697817e-01 -1.042280512528623221e-08 3.137470565060347641e-09 -3.638741725273480305e-09 8.290417526612667636e-09 -1.474427729359518875e-08 1.009033875002677970e-09 1.069288771045683511e-09 1.643471695913215621e-08 -6.528262893449902542e-09 -5.317536845808866089e-11 3.334233980023551714e-10 7.679668101220627444e-09 -9.358538212958384903e-10 4.774094699863647808e-10
5.026590164608074618e-01 -7.624576685570278754e-09 4.810016227129986291e-09 -7.574982254950725730e-09 -3.191334374535936507e-09 -2.315677370064182846e-08 -1.494690653315082368e-09 -2.467662304190819321e-10 4.671452461617003507e-09 1.643164020003700040e-09 9.422983840110418693e-11 9.189091590689429406e-10 4.269872365433936829e-10 4.572631716559980482e-10 1.720112868756519168e-09
5.068609875937976073e-01 -7.709982313463372589e-10 -2.831402038550911040e-09 -8.448084679185837362e-10 6.060867721782178162e-09 -2.225368856682420955e-08 -3.365531100900165651e-09 1.477806601980994624e-09 8.613191121235875805e-09 -1.742258716019336637e-08 -3.440623733385260878e-10 3.985106645563324420e-10 -5.417540986564563772e-09 -2.791642005398941586e-09 9.995754203229266000e-10
5.110594965365916620e-01 1.510145881537018843e-08 2.668369032310542491e-09 -9.210888575789369138e-10 -3.039873812249246757e-09 2.420347420819704292e-08 -1.635782561217471247e-09 -7.069582044965668917e-10 -1.326405744102316118e-08 3.049957457462661458e-09 -1.758560897258136413e-09 2.352277709612181645e-10 3.941768631312810930e-09 1.497518616068040457e-09 -1.717155063162642933e-10
5.152492140965455603e-01 -8.385343925045919615e-09 2.674718660335503495e-09 -1.396593771160197401e-10 -5.681459325685137918e-10 1.793685301883775454e-08 1.780257215197155308e-09 8.183676638100761608e-10 1.876394089394580917e-09 5.144280174676129009e-09 1.586993248171311463e-10 3.286542979151049901e-10 3.969129456424995286e-09 6.693663778035619245e-10 1.887899778205681384e-09
5.194329442812991582e-01 1.355770045044377844e-08 -3.044398197506783539e-09 -1.967260701816008347e-09 -2.840796220805245506e-09 -1.575382045378917524e-08 -9.991829984070740806e-10 4.893600073293220711e-10 -1.093434703717160136e-10 -1.378079445197611060e-08 3.009811498289251251e-10 -8.347556510535010322e-10 -9.327142143872269157e-10 -2.757958289083584270e-09 1.941898792417997690e-09
5.236343964239100757e-01 -1.264775013716378389e-08 -1.190279489669750365e-09 -3.499820536640247479e-09 -4.697573210694983059e-10 1.293564514465898350e-08 -1.323474280889661514e-09 -1.050749733467469941e-09 2.354241720199006565e-09 5.196064424400284242e-09 9.179012451521531976e-11 -9.183550061856847235e-10 -5.008705010967808417e-09 8.792812046541223667e-10 -7.910171967953837730e-10
5.278273205415198177e-01 9.917956071398072147e-09 5.459013092896050794e-09 7.231122134385130020e-10 7.531027619705129905e-09 -1.660797858624723427e-08 -3.731735637450877294e-10 1.584299308502960696e-09 -4.707461485127329250e-09 -9.313600722049276768e-09 -1.567367648138547503e-09 1.648112653331302646e-09 2.588300792424036913e-09 -1.811510309499802042e-09 -1.373994107464016066e-09
5.319960279023402405e-01 -3.922569356440199606e-08 1.436629458437739447e-09 1.492891966535133032e-09 -1.977947597045970362e-09 -1.666569251238016546e-08 7.434400278808485719e-10 -6.121080026511758523e-10 -1.661120403435406600e-08 -2.962951722401140089e-09 -1.144015038488776151e-09 7.002910964865771357e-10 -9.365937313255300472e-09 8.662929067024498140e-10 -1.429044313136966697e-09
5.361714592099571242e-01 6.243233465901026114e-09 -3.449664694329491722e-10 1.292166197442354365e-09 -3.027816920841123206e-11 -7.482685420886114134e-09 -1.195222635741823831e-09 8.640516017444187799e-10 -1.189223452868112804e-08 -7.699051529335568200e-09 3.869327223372806551e-10 -2.029407695820251884e-10 -6.528287344721754294e-09 -6.362754865574293544e-10 -1.259653215703616206e-09
5.403746330902056139e-01 3.954970645121152513e-08 -2.034684698339254696e-09 -1.994214588810447958e-09 4.563031512618451825e-09 1.045783439101231064e-08 -1.449256118604807801e-09 -4.475846084520405478e-10 4.305254570685631900e-09 4.359499493080207285e-09 -1.065502231955171684e-10 4.488577093492732175e-10 -3.430276959889414400e-10 1.206983923010548853e-09 -1.944752886878137889e-10
5.445761264886261888e-01 2.092626925942997036e-08 5.684351596445745750e-09 1.172013030842394349e-09 3.154691032425643690e-09 -1.730220843658113477e-09 1.312624595509856820e-09 6.958545478903647011e-10 -6.388960064022036367e-09 -2.276515905406576405e-09 -1.906769732571631484e-10 -1.495033818111135929e-10 -2.241247859929509188e-09 -2.261774372610905404e-09 2.955384610262826140e-09
5.487504490749764985e-01 6.268138813385003083e-09 3.003387061142245788e-10 5.837284084483138705e-10 1.132560872760659474e-09 -5.103878386660078801e-09 8.230270688363694397e-10 -1.108608813347087639e-10 1.704923552301842884e-09 2.144158227412778024e-10 2.706023389670254927e-10 -5.998209775491060311e-11 4.091566082218554318e-09 2.851815120812738822e-09 -2.694232500326989027e-10
5.529407179677009454e-01 1.132983618223646701e-08 4.584458699383631853e-09 -4.505946812271727675e-09 5.324526251673733857e-09 -1.092789004559169231e-08 1.191731821740576989e-10 -2.922589865971815474e-10 1.540523636613988950e-09 -1.495124642678909958e-08 -4.521739460111343850e-11 -2.677569621155912581e-10 -5.038527392413768166e-10 -2.890970658800222539e-09 -5.836566212884187624e-10
5.571409157079509900e-01 2.617889983141220380e-08 2.640922792560127962e-09 -7.656345001450734787e-10 -4.153734176735234233e-09 7.517569253008909899e-09 1.918957241912692489e-09 1.309050280479738802e-10 -8.838802908095885297e-09 -1.361139649392684416e-10 8.057123410855968854e-10 -8.252268534191134064e-10 -9.181487169961107529e-09 2.509796781301329623e-10 -3.367993029101361449e-09
5.613298693710127019e-01 -2.546297745444987571e-08 8.148599282323603346e-10 -7.781690583641401813e-10 8.132550085009250227e-10 -1.231492152298392260e-08 2.168463890049317889e-10 4.476097340095476103e-10 -6.149668156039553934e-09 -7.736970292640850889e-09 3.183628667408811822e-10 1.837498706185718155e-10 5.600861224299122200e-11 -1.979842226430279182e-09 -2.179682253252182854e-10
5.655062246218995892e-01 -1.800258001357111648e-08 1.102286547179054027e-09 -4.590956586043881277e-09 1.666430472408893075e-09 -1.589909168496312709e-08 7.194893688061955173e-10 -8.332567867644403326e-12 -9.004431715691584188e-09 -5.426045246726812018e-09 -4.717220350925843283e-10 6.691549948208426367e-10 -1.545427302925334085e-10 -1.718755880084915175e-10 3.020209690720532134e-10
5.696867424029971039e-01 8.132526862473525124e-10 -7.962066156496402530e-10 9.948532324473296974e-10 9.749332707162577098e-09 -1.462906470285442223e-08 -7.145982817221995305e-10 7.221776306717259456e-10 8.365095653856907296e-09 -6.077328346308725576e-09 -6.893735128106173335e-10 -4.109479674876264698e-10 3.720324849825083691e-09 -1.056827393409904129e-09 -1.896745660704112053e-09
5.738956954203543459e-01 1.981894954904811359e-08 -2.599818013996746727e-09 2.656122932662187070e-09 -3.830485217294727190e-09 -2.890733205707026955e-09 -1.283733495075603511e-09 5.839893864267157614e-10 -2.980608773201531226e-09 -2.368653677163634426e-09 -1.171064426509319914e-09 7.681927767363742875e-10 -6.380800359167700877e-09 5.496133641261916556e-10 6.548041220870960097e-10
5.780928920821047923e-01 -1.698582355337089652e-08 -4.576238259760750842e-09 1.422291038988189922e-10 9.200863508544847163e-09 -2.874454895706693613e-09 -7.666378276236618646e-11 4.010667530897671109e-10 7.907574143887990062e-09 2.408991623537507529e-09 5.606501991670513373e-10 -6.394684037281960497e-10 5.277445268824348080e-09 1.036754160295202444e-09 2.126328553597364220e-09
5.822632071880226023e-01 2.160109351186233017e-08 -5.415366338149544564e-10 7.569327427093278318e-10 7.961047350447307956e-10 8.244476788388679484e-09 -6.204978533727135713e-10 -8.341490078977110577e-10 1.901350357683101645e-09 6.524178059458025210e-09 -7.769223526273260780e-10 4.319149041546597152e-10 -4.442341710930598613e-09 2.280499062916702309e-10 2.399184772365900677e-09
5.864430803127811398e-01 4.600897016429463373e-09 5.754589774344837188e-10 -2.812244256779494866e-09 -5.199698853513407662e-09 -1.922941435480153388e-08 4.034690035596570803e-11 -8.140445192134530704e-10 -1.591418174318251003e-08 -1.083795525776160341e-08 9.301598033745889397e-10 -1.336458205162127784e-10 -7.790140929129440745e-09 -4.209914390746316580e-09 -9.835462263075020773e-10
5.906376733072625784e-01 -1.126227610195840232e-09 2.362094572680382044e-10 -1.504378726890946395e-09 9.836627460424856541e-09 1.113385058498872593e-08 3.419797904318990052e-10 -4.957950821373145417e-10 6.274174016889112865e-09 1.173815504578079944e-08 1.377257086121895500e-10 2.856757992526652140e-10 8.474636300337512198e-11 2.276144168048816309e-09 1.373642661169893001e-09
5.948356627105599870e-01 -1.378903931968292601e-08 2.215098109967388393e-09 3.487603341177168921e-10 -1.090625933215504336e-08 -1.411009169928072649e-08 -3.946394001659598147e-11 6.403263200108746808e-10 -7.072591653655614273e-09 -4.197752253112127467e-09 2.341279935570825372e-10 4.194674035867371288e-10 -8.129327327993313586e-09 -3.282708041787342720e-11 -3.776615705963908118e-09
5.990145239901687457e-01 3.772091071663726935e-09 -1.300187126341143959e-10 1.595460344929593877e-09 -3.902343004566626052e-09 -8.021236133521180306e-09 -2.658219742966216249e-10 3.648635157374306508e-10 -7.656893395355125534e-09 -9.587556613961095318e-09 6.694478712420620677e-10 -7.101961280435004217e-10 -6.961250784052566567e-09 -2.433155176971463409e-09 -1.053054346223783542e-09
6.031829950841108845e-01 -2.272289147563057545e-08 1.903545435545956746e-11 6.143765019395509971e-10 1.168592001233220425e-09 -1.024231171430453534e-08 -1.015938579594830176e-09 1.497596163985378664e-09 1.298311151963559055e-09 7.992662103712727214e-10 1.545098452477642448e-10 4.101559317072729429e-10 6.424256798892093433e-09 2.106630431668773447e-09 -2.897717736168819172e-10
6.073740526175752663e-01 -8.904111830444641280e-09 -2.822858251719719837e-09 2.004859100000122180e-09 -8.313490157258878847e-10 -1.417140187203343861e-09 -4.018115973235469314e-10 4.654240952742894971e-10 2.342475791057405680e-09 3.434940010054581485e-09 -3.825411587513574775e-10 9.286913851006345528e-11 8.099635535300300916e-09 -2.646206917378615252e-10 1.904672128690530053e-09
6.115768023320514724e-01 -9.873246338793405116e-09 -1.755456730046645508e-09 -3.995756576250890137e-10 -3.403543738997767526e-10 8.417690479260593778e-09 -5.260651490309715907e-10 5.791261208932291529e-10 -2.688683516252876896e-11 3.349859744886857669e-09 -1.069681925975390456e-09 2.313910859009752445e-10 -3.123139863738587978e-10 7.856735651086662995e-10 4.591095084446404227e-10
6.157710000000914397e-01 -4.827564144637851625e-09 3.463279678677249257e-10 -1.296964027295384921e-09 -1.616740813124697131e-09 -9.084495930188871054e-09 7.839569567182887734e-10 -9.631364622995099843e-10 -1.060552232763587669e-08 -6.713669663516627033e-09 5.750798880493681354e-11 -4.217180260602337960e-10 -5.990475025604284227e-09 -1.749357105052321731e-09 -1.127583253564198372e-09
6.199632023912512446e-01 -6.903827441125565238e-09 9.774016857744806412e-10 -2.552684078960943584e-09 -1.689466976838244950e-09 1.109890298304442567e-09 1.759968885001647712e-09 -1.479492977315722258e-09 3.029941656381867265e-09 3.984666758082219898e-09 6.598543165016525601e-10 -4.320504374510373256e-10 2.019180808804272519e-10 -1.531963217238814892e-09 -2.181636800816116802e-09
6.241630060990407403e-01 -2.600270145261239645e-09 -3.045078240454115964e-10 -6.863706670220204085e-10 -8.495277958996243689e-09 -2.001496274192437275e-08 -7.331095864375609881e-10 2.574582241741227769e-10 -4.184027909253989040e-09 -8.753130064911656000e-09 -7.879977653501680311e-10 6.750018501641570076e-10 -1.265075027298087452e-09 -5.775418793932499437e-10 -1.107253302905151829e-10
6.283593402461892241e-01 1.152042108808440925e-09 1.745898486992082021e-09 -1.795238161352442958e-09 2.224025788444200947e-09 1.856143056700001975e-09 7.479787533931109516e-10 1.847877373956270920e-10 1.039465190722559643e-09 1.691177823761663138e-09 3.716408214506187341e-10 1.001268432675296729e-09 5.473964224457365061e-09 7.756309115326254257e-10 -1.030512928455981427e-10
6.325410955997395890e-01 8.247928188271603706e-09 2.239765760703015161e-09 -5.993671440862797198e-10 -4.461917565201427210e-09 4.319439123808202574e-09 1.113865142654516949e-09 6.589146711783466194e-11 -1.238183516412153066e-08 1.894437999307124680e-09 -6.063422862560923112e-10 1.566382887228700437e-11 -4.862816221498651175e-09 -1.314575840897457568e-09 2.464956763677047238e-10
6.367142920629192959e-01 -1.998604089880121600e-08 2.680058524480954394e-09 -3.527099604356576887e-09 -4.272870727271867449e-09 -1.015387652498595801e-08 1.192141431676499413e-09 -8.823240754287064794e-10 4.365404896730556067e-10 1.634724445444782012e-09 2.044391836772755498e-10 -5.769374617684015474e-10 4.714350272088390051e-09 8.548379499323687671e-10 7.314715568098653460e-10
6.409035099394975177e-01 -5.513984831728050845e-09 -1.339625178860505859e-09 -1.032013225547333656e-09 -1.880350537833486126e-09 -7.101382071416057992e-09 5.255697700877549551e-10 -2.116575165641472686e-10 -8.008669183693829496e-09 1.171884451374742809e-09 2.626581313659270619e-10 -1.037777083437694877e-10 -4.272454645441496462e-09 5.102816951945043063e-10 9.571820050830681762e-11
6.451032402190634008e-01 -1.363799015548537422e-08 6.936271373391973606e-11 -1.009011080127213209e-09 6.729795080135061913e-10 -8.723961268883349811e-09 5.984121783708584742e-10 -9.071098723077767543e-10 -4.152106701373848386e-09 2.530086049571917778e-09 2.646430433375114637e-10 -2.600891015927495182e-11 -1.227953807889976510e-09 9.245410938968972797e-10 -6.052957904085470176e-10
6.492879941711476866e-01 -9.515731385687179100e-09 -7.966331156230666504e-10 1.641036379382636392e-09 -7.930255594286063923e-09 -3.745581613482942136e-09 -2.423417488230992463e-11 1.196842184556281767e-11 -8.494993206234665865e-09 -8.039783597551264179e-09 -8.513010854238951893e-11 3.189481772510313720e-10 -4.563962797774138954e-09 -2.056504382442061905e-09 -1.593839656985734496e-09
6.534659541563927476e-01 -1.809342828000091138e-08 1.202736075851769089e-09 -4.342085151632298716e-10 4.295007832747990041e-09 5.289619329994431723e-09 7.696744604541003451e-10 -3.953805390380323849e-10 8.429054235326818967e-09 7.893971304083012295e-10 5.745552831965903442e-11 2.784116546635034473e-10 6.742336449653181170e-09 -5.014656748242427240e-10 2.073812490119812174e-09
6.576591076962554627e-01 9.692157442651722595e-09 1.049968109465050667e-10 1.485945257695747164e-09 2.247324307706287325e-09 5.470124838074649215e-09 -4.732180348844847235e-10 1.050197301872377880e-10 1.538663257120044536e-09 -2.180513433372609050e-09 4.102605252052435946e-11 -7.483717370958238050e-12 -8.001033429664618385e-10 2.907698053109901626e-10 1.554829679516839790e-09
6.618529307405217610e-01 5.872488923325099387e-09 -3.466164305598264374e-10 -1.343263710069576183e-09 -3.945359512697610720e-09 2.208533059086017956e-09 -1.445149055022913055e-09 2.758549412061009015e-10 -5.297460475455619531e-09 -6.514724591438117388e-10 -9.585144216786152716e-10 5.723503882824449407e-10 -2.592603002152182554e-09 -1.214510480622466692e-09 -1.094208258677072667e-09
6.660240791386257131e-01 -3.933058824317162922e-09 -1.210387961555340060e-09 -1.258432681198023789e-09 -2.748010071318891104e-09 -6.234423824945442107e-09 -1.918357243659237019e-09 4.311606216630553164e-11 4.184416240460160690e-10 -2.744757731203620130e-09 -6.204973285713183317e-10 5.769217449019135715e-10 1.318449213420293117e-09 -4.152855612281718116e-10 6.423192617814592040e-10
6.702067828716186115e-01 -2.322222106719460959e-08 1.784848507149042687e-10 -1.227059864576806973e-09 6.447181562161724017e-10 -1.040332821505057703e-08 1.554889041662131665e-10 -2.957314641009964146e-10 2.292652893894128291e-09 -4.577236293802803656e-09 -3.210420949602421177e-10 1.281882113535173031e-10 1.326196316922914567e-09 -1.349225175066310743e-09 2.220466600473646811e-10
6.744172070879622671e-01 -3.655366769518883060e-09 -1.539497160265411728e-09 6.993471209444569992e-10 7.079709915493700352e-10 -3.092261745631138030e-09 3.724870786342305026e-11 -2.629348014684471823e-10 1.933597971001238724e-09 -1.269903401112920205e-09 3.439168395139646322e-11 -2.328709251438173213e-10 2.575605996507066007e-09 -1.799696252869828850e-11 1.067710251944271594e-09
6.786118453466847278e-01 -1.277308385780466155e-08 -1.997253404229279091e-09 -1.176002831437501833e-09 -7.408368551722068783e-11 -8.459126506305264092e-09 -7.939203554426662362e-10 2.199423336859084662e-10 -4.650679060002900780e-09 -2.404240112864279792e-09 -5.222528821454322223e-11 1.706766314622145669e-10 2.231997860546006750e-09 -7.129388296243928764e-10 -1.326897926793279797e-09
6.827984616056306244e-01 2.127333984814757661e-08 7.475689358474564078e-10 7.124537957621876934e-10 3.582436203660253858e-09 1.007489990366659262e-08 4.803244419069352217e-10 -3.096924699838952424e-10 7.030033102676777686e-09 -1.303427167452223457e-09 -1.089896489534167042e-10 -4.445203707475297634e-11 4.064370469797942443e-09 -7.444563167610826777e-10 1.686545456247446319e-09
6.869817177358829019e-01 -5.954274510252946440e-09 -2.353747707982093204e-10 -5.664797644337818216e-10 -5.188272988698303295e-09 -9.362396900302991808e-09 -9.882005221690896641e-10 4.511322847297751039e-10 -8.411922295244263570e-09 -5.685931250879224350e-09 -1.388818252438954731e-10 5.436085647048402078e-10 -7.076926118480161056e-09 -1.066217793598422963e-09 -2.405289996598442319e-09
6.911718524128840357e-01 -9.786906645856489599e-09 -1.243757057528566090e-09 -2.102394070440282132e-09 -4.331730938027127857e-09 -7.377230681623932456e-09 6.320353503515384867e-11 -3.263218753694625928e-10 -6.290035561363502184e-09 3.934688732313587482e-09 -3.311446350072444737e-10 2.069073748468250299e-11 -2.672980593620747332e-09 5.829902856521980997e-10 -5.287494179737023481e-10
6.953555746427921846e-01 -1.246353982244686206e-09 -8.561780826745171423e-10 8.625705139127156171e-10 2.315947058756278253e-10 -3.861807464724550204e-09 3.018203407334786400e-10 1.769605342607841074e-10 7.817266439117087572e-10 -2.632517239190198486e-09 -7.314714824442440926e-11 1.166334409456790795e-10 -5.158240699093071091e-10 -5.403695833479974580e-10 -7.041446115472803907e-10
6.995344561305086861e-01 -5.652398439172502289e-09 -1.794980469786953806e-09 1.401212593890643723e-09 -3.322259817072731152e-09 -1.133978725075216374e-08 -3.604472365885998171e-10 6.626530301004585377e-10 -4.210838019216718461e-09 5.307989284598048419e-11 3.939360001181900507e-10 -4.924427596382518927e-10 -3.515833268618912092e-09 -5.913827257226458891e-10 -1.564452477997395732e-09
7.037287066792784485e-01 -7.055187975961653803e-09 9.978424369076351711e-10 1.355288690590073839e-11 2.064854771169383898e-09 2.639443132506987112e-11 -2.909255292564896776e-10 2.195909576385601857e-10 -1.567230940911196752e-10 -5.187615034189150445e-10 -4.166102672956472259e-10 3.424185021816379733e-10 4.118632354725798126e-10 6.103492605075288951e-11 -4.561171788476535753e-10
7.079143033440539190e-01 1.080517793457006679e-08 1.900594753271454462e-09 -3.275603788973826066e-10 1.036648171963119054e-09 7.193938067777661371e-09 3.295607061723919143e-10 -1.251111084049442151e-10 -1.855253081808625703e-09 3.996128661935822001e-09 2.658843077912569101e-11 -5.353578940156881904e-10 8.531805519810114515e-10 5.299957393455209233e-10 -1.256197898980574359e-09
7.121186686741065586e-01 -4.472510608637707899e-09 -5.715668307536140276e-10 -8.248038683543999188e-10 2.906555338941317450e-09 1.088963169180751210e-09 -4.857050379976438929e-10 5.811101036457708424e-10 3.423094155637850981e-09 3.880131814911032630e-10 -1.492345862690922535e-10 6.519884182092540962e-10 5.172930383586394450e-10 3.461756600974598568e-10 -4.234855664978406572e-10
7.163134555705721329e-01 1.346677651105461771e-08 -1.485682719946885183e-09 -2.361427249581364031e-10 -1.167040131125620651e-09 1.069552124751125495e-09 -1.369676336335274111e-09 4.991147405601868397e-10 -4.529288607216928073e-09 7.766080408044367905e-10 -5.592230492353232211e-10 4.979386056113283786e-10 -5.642068445046453366e-10 4.981811043818161757e-10 4.168303648597443223e-11
7.204913713645887396e-01 -4.484278901096820201e-09 2.304782128545809197e-09 -1.154701141951250476e-09 3.101545987235210459e-09 5.333133809287200250e-09 -4.449131919337517243e-10 -3.011266370666837488e-10 4.945234355691522946e-09 5.036520681196950431e-10 -4.916076056677807206e-12 3.372356290874161309e-10 2.394808198093005584e-09 2.117479347381509777e-11 -1.519771417549396458e-10
7.246803275165087932e-01 6.597655514466514538e-09 1.387339608030079720e-09 -4.726839702434653821e-10 2.566168205192873918e-09 9.128017863466045235e-10 -8.816702877351678670e-11 2.065979626637212407e-12 4.427053435997974000e-09 -8.198263703133849353e-10 -2.189977397853805008e-10 2.801999751271692135e-10 2.591181866331245117e-10 4.762146053279561152e-10 -5.456831974869205657e-10
7.288763115175647123e-01 4.471583426114490875e-10 1.752977694084060477e-09 1.021518975469095845e-10 2.950933606004117125e-09 -1.183928241841398427e-09 -3.921260811761050982e-11 3.773003917883537415e-10 4.376631541458413974e-09 1.810858044472622695e-09 -3.329310436663931113e-10 3.079782044297395371e-10 1.085193019149655294e-09 3.885422670062490200e-10 -2.990397827424260575e-10
7.330585840505703388e-01 -3.959605182739990876e-09 -1.190463045024340266e-09 4.564358537237319897e-10 2.398616085713468061e-09 7.796404393800257154e-09 3.166775856787819620e-10 -3.699010885224231750e-10 1.009008119155173054e-08 4.471683138064866727e-09 2.845091169508609310e-10 -4.875488819317739880e-11 9.153255218565886671e-10 8.777505740246169224e-10 7.310045145363860605e-10
7.372316440474646626e-01 -2.863125610013708764e-09 5.994528899886917007e-10 3.774282127402142398e-10 -1.013431110264406490e-09 3.448013585789246640e-09 9.354688025217265890e-10 1.456584431292757189e-10 -1.405970792233308306e-09 -2.967860073993628646e-09 -9.062795074753577988e-11 1.314348456502959782e-10 -1.193769537436655916e-09 -6.276607616836301385e-10 8.757014128474186706e-10
7.414228560306842519e-01 9.616052603458672202e-09 -5.493452047094223200e-10 -1.542041523578069912e-10 1.412385240739863647e-09 2.790765620914584445e-09 2.348150662945245378e-10 4.263144754286964119e-10 2.610557513030881583e-09 -1.952856984733308829e-10 3.123268260618684170e-10 8.178586600982772000e-13 1.534704449087930294e-10 -1.027048420129991307e-09 5.518663543871236595e-10
7.456189213758863676e-01 -4.034202200973580688e-09 -2.758865469621739292e-10 1.287843149831932349e-09 1.872426813039916433e-09 9.148517903627361847e-10 -2.368783593207339606e-10 3.884382660441639733e-10 6.236114934468712695e-09 9.574543693338090674e-10 1.654484835673025568e-10 -6.440735117915293829e-11 3.423102634094215050e-09 7.834455820551331020e-10 4.910142996665925176e-10
7.498104337627916616e-01 3.207047011219843789e-09 -7.643564762298146515e-10 -5.612988625692010664e-10 -1.372273007869289475e-09 7.687454584914711076e-09 7.445862011188228231e-10 2.086113873348316969e-10 4.132310936801198502e-09 3.752603277588277354e-09 3.855585333139068844e-10 -2.791412405115589577e-11 -1.379523676491959348e-09 -2.359274235710420147e-10 4.494760794872600456e-10
7.539974189770904944e-01 -8.644846819515528052e-09 -1.613380062686289847e-09 -2.438205184416804742e-10 -4.509440849919564082e-09 -9.758218923824645320e-09 2.780121345240614038e-11 -2.987316460501436813e-10 -6.307214500717050164e-09 -2.711581372854271862e-09 -7.983356487935089343e-11 -1.890220065188856274e-11 -4.297519773803667079e-09 -1.028334722948212365e-09 3.785245239144128654e-10
7.581896411468850294e-01 1.541724030172929437e-08 -1.183394899367307226e-09 4.238646698528211931e-10 -4.367164400902254490e-09 -7.353178971184371468e-09 -3.204459432033322970e-11 3.064979300600687272e-10 -7.633248334598080807e-09 -3.151966509024625626e-09 -2.549048129189210742e-10 4.493797807869634069e-10 -1.188697489509043311e-09 -8.103863255398861008e-10 1.353936005769774556e-09
7.623808615479977790e-01 -4.333449964695712421e-09 -2.008889959804846075e-09 1.282613080226840685e-09 -4.895871997115717350e-10 -9.781338407508979711e-10 1.063361096604155735e-10 -3.206354369131352951e-10 5.246050331195369577e-09 2.026910474011989141e-09 1.359462927841738235e-10 -2.609169688931166493e-10 1.502737416387580884e-09 6.453438376904419473e-10 -1.721799822132302010e-10
7.665651159623174671e-01 3.929397301874142353e-09 5.253481452112776020e-10 -2.711942341393779920e-10 3.400300772745601310e-09 1.582632775503490362e-09 9.607882491400656808e-11 3.373387026571798186e-11 1.852372412383181240e-09 -1.626633953919460724e-09 3.995598769556552234e-10 -4.839093120263032606e-10 1.553685111874475300e-10 -6.705531326798031861e-10 3.220021786827132503e-11
7.707536355579491794e-01 -1.567846241204418522e-09 -7.807694261429513377e-10 7.650503940247008718e-10 2.004716499625066534e-09 -3.664598028933535944e-09 -3.155841546214140758e-10 4.980681941467114384e-10 3.007944540492240930e-09 8.727154206290481387e-10 5.958768042599008253e-11 2.787139877762843646e-10 3.337627808157420182e-09 1.153910610304374163e-09 4.467857189471441215e-10
7.749462413082437440e-01 -1.773428810949028886e-09 -3.573799750155690412e-10 3.359892961989525522e-10 -4.468232977663000142e-10 1.521176532335944571e-09 -2.244721979517733511e-11 5.208893593829929427e-10 -1.090289603172191293e-10 1.262841947519712536e-09 1.328177595800340046e-10 -2.410343517653001402e-10 -1.927454227296298979e-10 -1.037949684853219966e-10 7.154851527518370431e-10
7.791369682448587852e-01 -1.167445035414017592e-08 -1.073783889055463549e-10 -3.430893524608385934e-10 1.874731779429890027e-09 -1.347219824010737909e-08 2.379167554764505124e-10 -1.518304863106793350e-10 3.576937961159774186e-10 -3.085398383601497999e-09 -2.690213059382169848e-10 -9.819388728522251267e-11 -4.256733792223208546e-09 -2.672638649097265403e-10 -4.740816142194557281e-11
7.833258353347896108e-01 -7.976678450101812829e-09 5.977680735431123275e-10 -7.060847758209100437e-10 -8.679046000472523715e-10 -8.159571557555882813e-09 4.357789955713890586e-10 -2.788230975420245179e-10 -1.972970912007526590e-09 -2.046693367144504294e-09 4.207225306900758095e-10 -1.438680343203648855e-10 -1.270482844494174400e-09 -3.293370963710957643e-10 -1.023356351430947543e-09
7.875159900600451346e-01 -1.409141116771982978e-08 4.144499571999936043e-10 7.859074725600932126e-10 1.804789295881798099e-09 -9.915844880610736997e-09 4.964028290934132070e-10 3.044805470152020326e-10 3.595018627366626015e-09 -5.817282044709132387e-10 1.986098610096062845e-11 5.196596420442870485e-11 2.600379329307790637e-09 -3.139761446721673096e-11 2.698587169993071217e-10
7.917084457625156446e-01 4.057333164871560796e-09 8.870260921314562974e-10 1.075561290616772969e-10 -2.292716791110383152e-10 -9.639448494795253212e-10 2.682484999156397440e-10 -4.764619294301055591e-11 1.401777945028859441e-09 -2.485909665717133132e-09 -6.018520965930938140e-11 3.418242326270808424e-10 5.096356833385546136e-11 -1.639381147492383448e-10 8.038324838453698199e-10
7.958821468706197555e-01 -4.959414442424978264e-09 -1.533074809025528592e-09 -4.975999798390509518e-10 7.485684769720975947e-10 -7.243928532873317626e-10 -3.272414809086208094e-10 4.780295013531587062e-10 1.775052319153759060e-09 9.018717210015606453e-10 1.097795615493974200e-10 1.434847750425431675e-10 -8.277063555354622638e-10 2.827211806018809799e-10 -1.050844312372264228e-10
8.000624692379799674e-01 1.022166013536069864e-08 6.961701045120409230e-10 -1.516422333261815168e-09 1.840528077204457279e-09 3.795357247492399455e-09 6.954278698824806613e-10 -3.321513583360955870e-10 1.264561097692900590e-09 1.885001357602270443e-09 -2.512319668967331949e-10 9.062238346201797525e-11 -9.084911334233269812e-10 -1.367765688068559847e-10 -3.060927797703519293e-11
8.042564613727184453e-01 -6.249646043368231852e-09 -1.215192511964226102e-11 6.271217917684816612e-10 1.648879498538391134e-09 -2.671102257251872477e-09 2.312779986109117303e-10 -1.893903144281716055e-10 -6.319729119885095474e-11 1.673529639652279387e-10 -3.596989427298353801e-11 1.341027712287639695e-10 -3.170563268438991739e-10 -3.262314874662874560e-10 -7.374006903551274863e-10
8.084384822996342201e-01 -2.758513805875908699e-09 1.464332772705677987e-09 -3.897400325381537889e-10 -1.820489974199492425e-09 -4.345778226451729802e-09 5.216535300831830129e-11 9.317032471400139851e-11 -3.026567452961319969e-10 -3.409931820430836476e-09 2.112721023080600993e-11 1.523956514225597700e-11 9.112062794654937479e-10 -2.184294054583954758e-10 -4.737281552566787226e-10
8.126333810499198895e-01 -9.443039646999831621e-09 -6.153176448886379717e-10 -2.405240506383474396e-10 1.373673859212470397e-09 -2.515574754118024065e-09 2.313768707449890221e-10 -3.710650447552035947e-10 2.759401341110090007e-09 4.586883860788603819e-10 -4.427709859786420417e-10 2.770224599604734218e-10 3.195001126302104993e-10 6.092617871955154103e-10 1.100506413738524970e-09
8.168271958201180905e-01 1.301648577467664341e-09 -2.485721945568292252e-11 1.002112400369768662e-09 3.149082442773210436e-09 -3.138766259358831416e-09 2.783622142993154152e-10 1.317756818727556963e-10 -4.767794230968933063e-09 -2.380705358694741410e-09 -2.865948389838426787e-10 2.543462449462519006e-10 -1.881115523499098184e-09 8.062482432588554272e-11 -4.742872094710279274e-10
8.210214995694952167e-01 -4.464742206316055346e-09 -1.434415013634450456e-09 9.113248377267630902e-10 1.660115588126268462e-09 2.323204694248882603e-10 2.692806887690320993e-10 -1.810141069261960792e-10 2.119130198755866140e-09 1.340051036094646257e-09 1.815600552014245833e-10 -1.320359998226001656e-10 1.735095346915010572e-09 3.059917057767502444e-10 -9.586371322966758067e-10
8.252154145000215602e-01 -2.250685544826003506e-09 -1.305555607709330786e-09 5.357254379574470741e-10 4.832767510557135635e-10 -6.625205741944772926e-09 -3.547051522900451450e-10 -6.698493000932816768e-11 5.260324478906696348e-10 -4.590212084393206044e-09 -3.028005524181330653e-10 2.163653253258463288e-10 -3.207433946675920088e-09 -1.142237587526496698e-09 -4.075207371345090907e-10
8.294030907808404018e-01 -1.122836745301908101e-10 -7.472877521940138749e-10 1.601447660184766098e-09 -3.749563372350907627e-09 -7.517799864835282233e-09 -6.658779819988439799e-10 5.696024938569587406e-10 -3.804868638353325407e-09 -3.537517453811729756e-09 -3.436686074088903609e-10 1.791236240401375134e-10 -2.782205697083566224e-09 -8.954208061958903360e-10 -2.817181455451040034e-10
8.335906150371191758e-01 -1.575771621672011613e-09 5.362669353538276910e-10 -6.546459016907875395e-11 2.430784849068555082e-10 2.618340841263956271e-09 9.033067470001498451e-11 -2.214076473316581505e-10 1.980948178050656685e-09 2.552312847491917584e-09 -2.997378414143534107e-10 2.739850837511412469e-10 -1.249118093758694533e-09 -1.093059942880283439e-10 -4.742628676894407779e-10
8.377685032221774408e-01 5.890194548106318164e-09 -1.548637940306009538e-09 1.895453858751257888e-09 1.180388647343952086e-09 6.887594910663667631e-09 -9.794690634651411460e-10 6.212388851760845358e-10 -3.412813514480677367e-09 2.697066799311764520e-09 -1.635330578924353177e-10 5.106207540975685890e-10 -1.272487604022111628e-09 1.812816828830689363e-10 9.929846265739041003e-10
8.419567297582307708e-01 1.803859259698491866e-10 -1.054497445653916384e-10 -1.021875371032618588e-10 -2.169066029003378607e-09 6.883848334894724404e-10 -3.341770266520479739e-10 3.431939937833993426e-10 -1.885500516703337009e-09 2.372981121313391001e-09 -3.925881677845795896e-11 1.143458503839921521e-11 -1.648989445600437605e-09 5.794400720497715681e-10 -5.884939510436777871e-10
8.461556544987137718e-01 1.779689050882253006e-08 -5.460122000005613844e-10 2.304789553144235901e-10 -4.447414058465476092e-10 8.039411097633646777e-09 -3.741063079653495229e-11 -8.846604144840820095e-11 4.527135741365675594e-10 -1.570772852018891680e-09 4.212544332224953377e-11 -1.889344657447620678e-10 -1.205851718593927518e-09 -1.674012154056248625e-10 4.622919536273009966e-10
8.503430790983292908e-01 4.159767242880306697e-09 -4.933523788897611918e-10 9.914682054001828008e-10 -6.480997072764370431e-09 -2.877882439511572433e-11 2.974207210540985312e-10 -2.283145733482392715e-10 -4.589103633408070195e-09 -1.991102610989818926e-09 2.019033763867354281e-10 -3.511906452273593625e-10 -2.077800515274224352e-09 -8.384761127340689370e-10 -5.050184838763500518e-10
8.545245840949285965e-01 8.945148014862510814e-09 4.617716303865346981e-10 7.096152209151025522e-10 -2.364582612919331273e-09 8.610128009639248285e-09 1.210873152303116393e-10 -2.040018742504893559e-11 2.434287189601988370e-09 7.138458413266331436e-10 -8.459003467695835359e-11 1.105814838441602564e-10 2.406786012852825091e-09 5.241412734915528193e-10 5.685671594964113021e-10
8.587196449246210506e-01 3.088142273303773044e-09 8.888131400391829073e-10 2.665143163332868137e-10 -1.625799427654816254e-10 3.101904149226732011e-09 -1.032395036969482672e-11 2.192790289726400314e-11 2.968679335779308532e-09 2.109990139427028609e-10 -4.997694450072211764e-11 -1.749973567547147784e-11 -1.958057546234244341e-09 1.688142468553478363e-10 -3.300220687702549148e-10
8.629074348139629258e-01 7.475314915869991327e-09 1.232888135963545456e-10 -4.445977962005763469e-10 7.548772873686445941e-10 5.118293071861137704e-09 4.571335797889781876e-10 -1.589969329956154779e-10 2.235811469514157214e-09 1.829922956041764763e-09 1.644600852801664198e-10 -1.683871712585998479e-10 -7.031739269528987449e-10 1.336121675271194576e-10 3.928121827972857281e-10
8.670852844200982457e-01 5.425590688995821399e-09 -3.555072170453419422e-10 5.193069296291508523e-10 -3.086441134287265961e-10 -6.300916266314188989e-10 -5.291373400527408650e-10 1.022602250923681295e-10 -1.252014297076274732e-09 3.200704337385954394e-09 2.000473662194702369e-11 5.416609908560522110e-11 -2.164786891489086742e-09 1.191783408002342417e-10 -2.539768655102003146e-11
8.712764316473343706e-01 1.154275769843462361e-08 1.440366236028981807e-09 -8.628513112056543278e-10 1.873240691469313900e-09 4.789828218301563824e-09 1.758626755167809330e-10 7.304437386158080352e-11 6.347739419623648686e-10 -1.552550529600813197e-10 -1.385478828326019618e-10 2.087638423327850997e-11 3.690199143686861585e-10 -6.692139471371742487e-10 -1.648935673514076593e-10
8.754762476624626810e-01 -2.318210881308390651e-09 -1.409282723708706500e-10 -3.428834864121737260e-10 3.650832726905993637e-10 1.975502353960903468e-09 7.076480912077881287e-11 -7.647502701288467799e-11 2.476794031027626790e-09 2.425591069884768060e-09 9.562431776677397047e-11 -2.032117586369523706e-10 1.014508242898537090e-09 2.655325682712705172e-10 -8.566122022618959998e-10
8.796707865602606535e-01 3.388217484388178315e-09 1.281849728137317588e-10 -1.537487221078181389e-09 5.908658312310807379e-11 2.296625940290328677e-09 4.244535606264150942e-11 -1.732526022199046595e-10 -7.849427825447010660e-10 1.105302415354062463e-09 -1.403233587233568566e-10 5.713806695878104541e-11 6.662052778420617468e-10 6.002497574167362069e-11 -2.587850641510373890e-11
8.838562222970675064e-01 6.899323365705608752e-10 2.182349352003716508e-12 -3.446832588374540916e-10 -8.297048792907713759e-10 1.216294161997565769e-09 -1.754871169148648550e-10 -5.730412587008472129e-11 1.147520134286207693e-10 -7.998999401536048962e-10 -2.156505614349244903e-10 -1.367159564486162536e-13 3.959864225284754150e-10 -2.978819083529341336e-10 1.057225698667074288e-09
8.880381764417510926e-01 -5.424339984703452174e-09 6.412137123952742258e-10 3.284096301269434403e-10 -8.055245712164726069e-10 -1.034992684337300518e-08 2.944234048413279634e-10 -1.532083235510301533e-11 -1.105076792453008494e-09 -4.024155323154699482e-09 6.731793839422728150e-12 -1.840085899241655742e-10 -1.380154093785201599e-10 -4.982845126368488133e-10 1.159484302876900812e-09
8.922270316229049536e-01 -6.591305682191601227e-09 2.268507766499008204e-10 -1.819814573412038430e-11 -2.137043131842762342e-09 6.094324568838428514e-11 -1.214142825004874139e-10 -1.706257425737976463e-11 1.375507917014012589e-09 1.388701248087430787e-09 -5.121532515054554789e-11 -1.013283598253675005e-10 -2.334577727521680173e-10 3.114064047276081056e-10 1.231584212173619449e-09
8.964225585562245469e-01 -3.689442189852555537e-09 -5.055554380171007443e-10 -1.069926588721197131e-09 9.430084718703118634e-10 4.708103807395774581e-09 -1.011280108701045451e-10 -2.790346119545610284e-11 3.275160015889742200e-09 3.074019516850316704e-09 1.302616573095505738e-11 1.521664701472616146e-10 1.809624649322601568e-09 1.282070150442892916e-09 3.990283500066640334e-10
9.006049913569987853e-01 -1.318734575170077873e-08 1.664874506000925216e-10 -8.246254580279737249e-10 1.853787877488973201e-11 -2.154393138821035572e-09 3.205248867797755491e-10 8.008706141857312073e-11 2.105773574226162363e-09 -1.416831185063472425e-09 1.475284322754708279e-11 -4.204077499675817503e-11 5.240986647065820051e-10 -5.864509868174023703e-10 -5.178112580632607399e-10
9.047836582182254839e-01 7.659399310780349644e-09 -3.913402400191908477e-10 9.196824537299833345e-10 1.279022374567071996e-09 2.881934076994098210e-09 -1.402723505757118968e-11 -1.191084893379699617e-10 1.543173082214724626e-09 -2.819122307438817350e-10 5.701805912448506451e-11 -2.086750994585199055e-10 6.798296623365990670e-10 8.382366166468780027e-12 2.081232275910438148e-11
9.089780964569278421e-01 -7.513109430956656366e-09 -8.670505834589060013e-10 5.713193066710480985e-10 2.907383781394058890e-10 2.756762942260361360e-09 -5.084250199234817124e-11 9.870277152159730406e-11 2.818944554904536235e-09 2.960247797180181524e-09 -3.768067182846625701e-11 2.122296735734382410e-10 3.215970181015114379e-09 8.922226163890537064e-11 2.930858189616063758e-10
9.131704587403689510e-01 1.334498414643819093e-09 3.307234370319821206e-10 -4.934073953487601623e-10 3.199722791534168997e-09 -2.336893105509400010e-09 2.193472338179325874e-11 -5.449012633966941331e-11 2.793850379548919657e-09 1.694699643740679887e-09 -1.066744250097929592e-10 1.140039820765395054e-10 3.070323518760962197e-09 2.067100963876408556e-10 1.285523158591592696e-10
9.173547920329833127e-01 -6.450980681658797518e-09 1.216535477909439498e-10 2.734764632269884436e-10 -1.950128253271923280e-09 -1.578849497457914981e-09 -5.080446489976779872e-11 -9.902539461299847469e-11 1.090576239111365009e-09 2.195559839439212879e-10 1.924617291799253379e-10 -2.606512618285986558e-10 -1.269692213281536444e-09 -2.814967208629057586e-11 -1.910663151060804767e-10
9.215425617950214754e-01 -2.415263822408445799e-09 6.048844533767487041e-10 -4.759540177433271238e-10 -2.384628377849353347e-10 1.661367557759136402e-09 -5.262566566939909201e-11 4.574390797752145487e-12 1.186310830895573340e-09 3.722555636078115581e-10 -9.504501893704852886e-11 8.311015419114609423e-11 8.208305417660563270e-10 1.955194479080164869e-10 -6.681026352463347494e-10
9.257400405750663142e-01 3.672678595523301158e-09 -1.251976730643435483e-10 5.783408133255732362e-10 -2.706850097637539854e-10 7.784633194054952452e-09 -3.811624445271956478e-10 1.653728787360623130e-10 -7.550652283777337018e-10 3.714894220225476987e-09 -2.292278648167594884e-11 -6.470509778453551853e-11 -6.524841904983619020e-10 1.313019492656726112e-10 8.473619788801072986e-11
9.299303352268617484e-01 3.120085322434475740e-10 7.561613311167159878e-10 -5.324998535469651753e-10 -1.431328550571241637e-09 -2.563721222576263913e-09 -4.956159090363609248e-12 -2.412158468871602167e-10 -1.952239447558987223e-09 9.720110676252066957e-10 -9.295613360566454466e-11 -8.779853666694967402e-12 -1.157017618034470746e-09 -9.995646674608821829e-11 -1.559156255646465829e-10
9.341108300097852313e-01 2.317583300880600341e-09 1.053265493428507295e-09 -3.514244925612402312e-10 8.185438922751345625e-11 1.127177537391934716e-09 5.272536324059224887e-10 -2.427418249930172969e-10 2.021965498486596566e-09 1.405236964482299318e-09 -5.221671726540166205e-11 3.512075692251615810e-11 1.178990560165846499e-09 1.357778317228257459e-10 -5.196873799847436913e-10
9.382896253999645220e-01 1.095732882183111934e-09 3.591192762240266875e-10 -6.941412914863797659e-10 1.349096290226035003e-10 5.399339742187391469e-11 -1.317690425751275167e-10 -8.644763199747478482e-11 3.931728876036337760e-10 -1.104985225760615584e-09 -2.573481771210082223e-10 9.727240618989742683e-11 -1.586877618415309872e-09 -1.867447363276532457e-11 -4.516998712840849302e-10
9.424819561228944265e-01 2.449197187479436614e-10 -1.016144211692433770e-09 8.984617960880252470e-10 -1.247701662331593529e-09 -8.148513810444582679e-11 -1.763337846476360848e-11 3.171970454978555257e-10 5.038746471936167586e-10 -1.025969536679611762e-09 8.065222239855043464e-11 2.188606138645151180e-10 -1.316542660615948664e-10 -2.947755439087784204e-10 -1.089110479149862275e-09
9.466849863120379016e-01 2.720000320226932756e-09 -5.915234921288842159e-10 4.629418535343290618e-10 -1.001013989221358584e-09 -6.033438604543943163e-09 -3.801186930695075377e-10 3.001604506757099502e-10 -4.090266674407044631e-09 -3.140746159759250108e-09 -1.705444997509122393e-10 -2.108510624655034248e-11 -3.231598251873306573e-09 -5.696563512004037296e-10 9.305447722863257653e-11
9.508714331057195324e-01 -9.384157609276996468e-09 -5.992219782676578273e-10 7.580783399665427987e-10 -1.371828760233508812e-09 -2.833567286539357860e-09 4.020254534379954291e-11 2.375380397992422256e-10 -3.052661450613101234e-10 3.695805399729981945e-10 6.582811407024202301e-11 -1.836454319467897267e-10 -1.663870421444103053e-09 -5.028178320112597545e-10 -5.274804013783784580e-10
9.550563230073290111e-01 -5.965606069634685720e-09 7.998229096835295608e-10 -2.006101839367612881e-10 3.430059597560976610e-10 -1.575390623199793462e-09 4.795945529640017521e-10 -1.325401928953967982e-10 1.552138555890211416e-09 6.370508673965021018e-10 -8.769180097280630385e-11 8.300710369830576417e-11 6.353382355272865875e-10 9.411347460736913991e-11 1.645477816678455885e-10
9.592513211539739348e-01 3.244198844259544879e-09 -1.820735313592574653e-10 5.474022079381513174e-10 -5.372832634804386051e-10 -4.749221359727271236e-09 4.531278555186254284e-11 1.583178787107232810e-10 -1.354033968234299056e-09 -2.398584540985747996e-09 4.321080290474607808e-11 -9.561354415923969681e-11 4.599732434151379680e-10 -3.598857648436560807e-10 -1.808598953833575079e-10
9.634451052878124644e-01 -6.308287282761762733e-09 -3.000755657513323943e-10 -5.404640771798023451e-10 1.726831360689929616e-09 -5.580052122125897924e-09 -1.790090656381498164e-10 -3.027911568894473866e-11 -9.212228519252273359e-10 -2.117801431143428540e-09 -2.228693363126519438e-10 2.602825979236559782e-11 2.875453860093787973e-10 -1.618324367645500726e-10 8.589269244356238729e-10
9.676230540453005791e-01 -5.266734602991587905e-09 -1.958468537305643533e-10 4.312884636906305312e-10 -2.678436215684286712e-09 6.057496261853216382e-09 -4.480425857667268646e-10 2.705941819338196476e-10 6.044844519835160747e-10 4.282053130428572821e-09 -1.285344924026647523e-10 1.617869892997799003e-10 1.657684468654389383e-09 6.943798683811845610e-10 -8.562481341695318670e-11
9.718094297475188270e-01 -2.254021235987616696e-09 -3.416074711601846800e-10 1.691435501978782667e-10 -1.681865664449706856e-09 -2.659800211534353202e-09 -2.400014641230641739e-10 2.470568823244713349e-10 -3.513563204298886802e-09 -7.383728116770379797e-10 7.065218286283511073e-11 1.297606672352521341e-10 -1.914120775456649857e-09 -3.962635710279072225e-10 1.798863923098780812e-11
9.760091362076940280e-01 -6.461143292852189329e-09 4.408799632308378733e-10 -3.910437640855028707e-10 1.533718945294131683e-09 8.427987966476159123e-10 2.539938860602380330e-10 6.989035469794500391e-11 1.773726114165776769e-09 6.127263415949801460e-10 -2.881634507524400988e-11 -4.129892080102793947e-11 9.851592172232348967e-10 1.695988118860689507e-10 1.737145990597788557e-10
9.802075838006468755e-01 -5.800467285567607337e-09 -1.135839173171213654e-10 -2.802747949314300496e-10 -2.188864985316644007e-11 -1.660335132990685665e-09 -2.452385429940506748e-10 2.309969336667860628e-10 -1.818156798499140355e-10 -2.196002105249839187e-09 8.495446121740855052e-11 -1.204331832653284438e-10 -2.302054220474073037e-10 -2.837944511932608503e-10 5.926938707994171438e-10
9.843901124947946890e-01 -1.174723955761658180e-08 -3.701588201016925071e-10 4.352529446261687599e-10 -7.157146199466471679e-10 -6.589690608994073357e-09 -5.144144995698977959e-10 1.858720074184913018e-10 -2.965402396715047884e-09 -7.070643492996140548e-10 -1.475320275374463798e-10 4.142494736369006281e-10 -9.492734912251382461e-10 1.622111818409103160e-10 -5.413136134966983326e-10
9.885650797815361823e-01 3.385920663731598967e-09 6.519955940157653388e-10 -5.058663969143968245e-10 -1.802251625892407482e-09 -1.809313029622952553e-09 3.238081763080556292e-10 -7.065548733837588850e-11 -3.966436239190483939e-10 -1.813891397292237149e-09 -7.800234345596423978e-11 7.647167186440522364e-11 5.880379803821657824e-10 -2.883987083316224570e-10 3.624487223676166920e-10
9.927561705083151056e-01 -1.878728716938374462e-09 3.961608805617099157e-10 -3.780528441684355468e-10 1.432831714516079275e-09 1.342651256623334319e-09 -7.582104577302895453e-11 -3.181433506040760373e-12 3.127736233175202010e-09 1.069853296959727281e-11 7.049761306105972214e-12 -1.550379309314272084e-10 -4.209988338820795932e-10 -1.346009781131884885e-10 -7.093183800300772255e-10
9.969400597939003239e-01 -2.244583483917271690e-09 -2.560488426627472923e-10 -4.718976408936275415e-10 -7.015067805943357505e-11 -3.227092554886969261e-09 2.238387215203534265e-10 -3.467417676089452173e-10 -1.095038373473140264e-09 -2.938249819267875040e-10 1.479379853626111669e-10 -1.028608098226826427e-11 -1.085384313190750363e-09 -6.700611615764770345e-11 -4.214033258491071933e-10
1.001125867816581083e+00 -5.097650177061449193e-09 4.994191843225165447e-10 -1.242864704629969188e-09 9.874039086931875681e-10 -2.891110047076788768e-09 6.850369506052806542e-11 -9.033141614399733591e-11 5.169379693499607667e-10 -1.176498475521745361e-09 -8.382317736879519946e-11 3.174357343943560281e-11 -2.656922313016951979e-10 -8.355859046970136046e-11 -7.653121423020193068e-11
1.005315482813002204e+00 5.241402857812806699e-09 8.603512167971865374e-10 -7.846030026581428145e-10 -5.454931043245752066e-10 2.164562423312156330e-09 3.206378974693586275e-10 -1.900972143736274295e-10 -3.615536721530939235e-10 -1.007943279079270086e-09 6.061312423386491496e-11 -1.168075737641081649e-10 1.569339627056395782e-09 -3.771789938691125338e-10 4.918576763312929934e-10
1.009503724426713545e+00 2.725582335934296956e-09 4.129316761925340430e-10 -5.708219556650006062e-10 1.200193890676914288e-09 4.449435582374562620e-09 2.144383086875673794e-10 -3.704070753007483968e-11 -4.930832059263190623e-10 -1.278408957975475919e-10 5.303536749113272056e-12 7.161577941199731822e-11 -1.442025869948688373e-09 -6.530006996176780876e-10 -7.564171911032729801e-10
1.013699103815393299e+00 -3.627346081657281123e-11 -1.129461802665900105e-10 -5.564984924236016307e-12 -1.415927620341526783e-09 -4.704053363167362847e-09 -3.641214664956687355e-10 2.479732175491869869e-10 -3.579576473048753181e-09 -1.878462755957144453e-09 -1.861793187532702194e-10 3.803007163010251848e-10 -9.219284698112859276e-10 -4.157733141518713325e-10 1.402846838808233024e-10
1.017885842421875964e+00 1.834017493136681525e-09 -1.614068952973301091e-10 1.748911598046244635e-10 -1.333927723101032020e-09 9.645836798723832441e-10 -3.363528434365559939e-10 -1.917989439594790622e-11 9.844121271282366306e-10 -9.304472968441295618e-10 -2.467625000809160272e-11 9.457521269384620639e-11 2.136706788951757568e-09 3.153810591906260870e-12 3.288373059315433154e-10
1.022076284359184406e+00 -1.263963917884006992e-09 -1.305867167260914928e-10 -2.125848903836099428e-10 -1.718827940850407610e-10 -2.394015717433277099e-09 2.187675212984265586e-11 -1.021275555240805473e-10 -1.968428404061758730e-10 6.523201653061158545e-10 6.672759372195269060e-11 -9.282780434109236181e-11 5.908679943915077533e-11 2.845581496644870932e-10 5.122191600509462569e-10
1.026273875264014812e+00 -2.790443491817984342e-09 4.023514939632690530e-10 5.254766708873892584e-12 1.038698608332679907e-09 -2.724608579747894835e-09 -1.859223820397892563e-10 4.422742903294617822e-11 4.438908112381274711e-09 1.372372532827625715e-09 -5.987733658530284699e-11 -1.767487877175676151e-10 1.541076249258032082e-09 7.966033613671875829e-10 5.301633928730202232e-10
1.030463237552156075e+00 -4.301912344539480934e-09 7.898773603197890506e-10 -1.706222608773902306e-10 -2.303982922838824222e-09 -1.019029035229937649e-08 8.559089330700577440e-11 -6.533283500592204174e-11 -2.745163094338612329e-09 -4.658492469480935636e-09 5.560822548818215688e-11 -2.180751510665377335e-11 -2.199468090289450790e-09 -7.108214652013595877e-10 -7.145335303877773297e-10
1.034646639530784062e+00 9.227882942258787115e-10 -6.850154001240205955e-10 2.123822271761472783e-10 2.062016562319247201e-09 -3.587457034334080794e-09 -4.319480571276326258e-10 1.573076979805049814e-10 2.243053682895958372e-09 -2.039165586800216100e-09 -2.765188439987747616e-10 1.409362172021960941e-10 1.253326281499467340e-09 -5.222796221988748276e-10 1.024746741172113850e-09
1.038830480088573260e+00 4.668072586709676682e-09 -1.064487362497969761e-10 -1.686060538997536293e-10 3.211820029423184324e-09 3.563810272577798451e-09 -1.949150033276437606e-10 -9.528305236827812492e-11 1.126230225318886622e-09 2.396109855024371104e-10 9.526757612851860666e-11 2.050964228065223492e-11 -1.823488419782144936e-12 2.468630423866881303e-11 -1.727687486924222305e-10
1.043023229532383578e+00 5.856607093092507950e-09 2.343544147683234024e-10 -4.678164326083377305e-10 6.377454851445162524e-10 2.952665370537944661e-09 2.041677859807666348e-10 7.415528542295142314e-11 9.582009370422788572e-11 2.741263600355487912e-10 1.073448095314405165e-10 1.656528781635440100e-10 -9.542356160082322643e-10 1.402681831987512760e-10 -9.830195601643297424e-12
1.047211320931656031e+00 2.797086078862745376e-10 -6.995128289482897811e-10 3.882308208608213710e-10 -2.520135958710328479e-10 -2.566076813399419858e-09 6.535625211564756797e-11 5.959977176123654786e-12 1.818825500288835161e-09 -1.831934198542936856e-09 -1.862340646145804930e-10 -7.087948481377115644e-12 6.616630880424138847e-10 -3.526271891121785648e-10 2.976698184720595707e-10
1.051395396220772938e+00 -2.452333000939236365e-09 -2.246533169366323199e-10 -3.569651141665079609e-10 6.246570818138384538e-10 -3.303354597911829683e-09 7.954931263979581106e-11 -7.346117734291481707e-11 -3.646945606406871650e-10 -1.889824102354698714e-09 1.583558857927190073e-11 3.379625223423339670e-11 -7.430448714676491196e-10 -4.040240214980938165e-10 -5.506796082956805035e-10
1.055587561333155788e+00 -1.869515834282279503e-09 -1.897814143427679600e-11 -1.687181442074052777e-10 3.003412147479483826e-09 -1.988912243881731513e-09 6.703292830069117467e-11 -3.143849893531916026e-10 4.774066741113471329e-10 8.166438907709118002e-10 1.251251597977030643e-10 -9.233576081388665319e-11 3.610134133823771644e-10 2.552036003575216444e-10 1.088092668434506475e-11
1.059780855230085139e+00 -4.297373228927426885e-09 5.671337079683882383e-11 1.946331542202831109e-10 4.890544958900002729e-10 -6.559232013874323492e-10 -4.131984062089006277e-11 2.478503753285776386e-10 -3.407760256102064440e-10 2.397875467637839638e-10 1.840766604408381366e-10 1.446177225255590805e-10 -9.159525681334318942e-10 6.871174724728509624e-11 1.833773943475958974e-10
1.063968553353427993e+00 -6.810635844601377904e-09 7.164926977336800179e-10 -2.864705256947025773e-10 -3.627384157180528476e-10 -1.331176094563112797e-09 8.285524931924786558e-11 6.281269362380278600e-11 -2.174222586523127265e-10 2.300971880261565538e-09 -9.567010213021188174e-12 4.875352668300014259e-11 1.489028972410506191e-09 5.899772628268407938e-10 7.937244240791166669e-10
1.068144877931138659e+00 3.245463246952805880e-09 8.243597240297428617e-11 3.228764978879018875e-10 -5.784501597604045945e-11 -3.202015406726603225e-09 2.578132161841816456e-10 -1.251234782874516294e-10 -2.506383132884041480e-10 4.822791266306053538e-11 -6.099405828113340058e-11 -6.217370977623726541e-11 -5.057965935780805399e-10 -6.605813669465046553e-10 3.422772864819615176e-10
