# Columns: ('k', 'S1', 'S2', 'S3', 'S4', 'S5', 'S6', 'S7', 'S8', 'S9', 'S10', 'S11', 'S12', 'S13', 'S14')
5.345493089407682419e-03 -2.226498074001735858e+02 1.783892187500000000e+04 3.946858995225694002e+02 -9.108530002170138573e+01 -2.041863335503472001e+02 3.407985243055555202e+03 1.736741943359375000e+02 -5.272647433810763573e+01 -4.551962619357638573e+01 1.589771701388888914e+03 6.153653293185763573e+01 4.021409098307291430e+01 2.342580583360459823e+00 1.720893012152777857e+01
9.344366739594166943e-03 -1.353467899445564342e+02 3.448505645161290158e+04 -7.156806325604839003e+02 -6.200593025453628826e+01 -4.095198462701612812e+02 1.532867338709677460e+04 -2.451324187247983843e+02 -4.086580141129032313e+02 -3.284070060483870748e+02 1.087404737903225760e+04 -1.638299521169354875e+02 -3.578298891129032313e+02 -9.342297757056451246e+01 -1.038420567666330641e+02
1.312833575873958818e-02 -1.084792729591836604e+02 3.391378826530611695e+04 -7.960286989795918089e+02 -1.181909179687499822e+01 -2.865148278061224119e+02 1.584717857142857065e+04 -3.872879464285713880e+02 -3.486954719387754835e+02 -3.033929767219387372e+02 1.151146938775510171e+04 -2.855008769132653015e+02 -3.828134964923469283e+02 -1.020165617028061149e+02 -1.193267697704081485e+02
1.700891779646987109e-02 -4.664274925595238415e+02 3.949070476190476620e+04 -1.322032886904762108e+03 -8.074866071428571956e+01 -6.735592261904762381e+02 1.601848571428571631e+04 -5.353625000000000682e+02 -5.373101562500000909e+02 -4.190409598214286007e+02 1.011780833333333430e+04 -2.911670200892857565e+02 -4.604521205357143003e+02 -9.715991443452381304e+01 -1.147725446428571558e+02
2.135270783943789275e-02 -2.742337499999999864e+02 4.179919999999999709e+04 -3.163817142857142699e+03 1.630633258928571365e+02 -9.658988392857143026e+02 1.765529714285714363e+04 -1.182099821428571431e+03 -8.428559821428571013e+02 -8.146728571428571968e+02 1.118394214285714224e+04 -6.501900000000000546e+02 -9.503939285714285461e+02 -2.382682142857142935e+02 -2.867871875000000159e+02
2.564347439342075027e-02 -7.581416666666666515e+02 3.904708888888888760e+04 -2.811403333333333194e+03 -3.737484027777777555e+02 -1.387175694444444389e+03 1.646687666666666701e+04 -1.035855138888888860e+03 -1.255475277777777819e+03 -8.151322222222222535e+02 1.056898666666666577e+04 -7.161830555555555975e+02 -9.439138194444444707e+02 -1.979530381944444457e+02 -2.588797916666666765e+02
2.962205054058980949e-02 1.585718568313953654e+02 3.385534219269103050e+04 -4.451614617940199423e+03 3.728065562707641334e+02 -4.563780627076412202e+02 1.412818936877076521e+04 -1.682092711794020033e+03 -7.277052014119601608e+02 -6.588266196013289573e+02 8.746634551495017149e+03 -8.610384136212625208e+02 -9.296860465116279784e+02 -2.162251868770764247e+02 -2.822759032392026484e+02
3.361537140302770649e-02 1.220259288877952741e+02 3.279857217847769061e+04 -5.311513779527558654e+03 3.582328576115485248e+02 -9.080223097112860842e+02 1.380128215223097141e+04 -2.014135170603674624e+03 -1.014444635826771673e+03 -1.002848015091863545e+03 8.351228346456693544e+03 -1.002244176509186332e+03 -1.195514353674540644e+03 -2.927731709317585000e+02 -3.427232406496062822e+02
3.793950633336700545e-02 1.927439798598949210e+02 2.517490718038528939e+04 -4.383635726795096161e+03 3.472793345008756773e+02 -4.311590958844133183e+02 1.097176532399299504e+04 -1.817442863397548081e+03 -6.156632005253940179e+02 -5.164409478984238149e+02 6.612406742556917379e+03 -9.487586471103327312e+02 -7.716658274956216701e+02 -1.516084719789842268e+02 -2.153810611865148985e+02
4.227894994616508695e-02 1.057175600000000031e+03 2.426488960000000225e+04 -5.574523600000000442e+03 5.345536000000000740e+02 3.280468999999999937e+02 1.014419840000000113e+04 -2.152159400000000005e+03 -3.645181000000000040e+02 -2.850336500000000228e+02 5.866420799999999872e+03 -9.956346000000000913e+02 -6.744864000000000033e+02 -1.227027874999999995e+02 -1.935549500000000194e+02
4.633325468672155889e-02 1.480780178326474470e+03 2.154080521262002731e+04 -6.038877914951988714e+03 1.201430898491083553e+03 8.795930212620027078e+02 8.852235939643345773e+03 -2.325894204389574497e+03 3.191909293552811846e+02 -1.231986025377229055e+02 4.880878257887517066e+03 -9.695171467764059798e+02 -5.019146090534978839e+02 -1.266661522633744710e+02 -1.928576174554183638e+02
5.038752484052157893e-02 1.309726571113561249e+03 2.188046968026461036e+04 -6.740972987872106387e+03 9.495384509371555168e+02 4.946093577728776154e+02 8.997502756339581538e+03 -2.565128996692392775e+03 -1.641731670341786185e+02 -3.308901598676957292e+02 4.825598125689084554e+03 -1.048099986218302092e+03 -7.746216923925027231e+02 -1.379392485529217254e+02 -2.219656491179713385e+02
5.464179025701254577e-02 1.044428030303030255e+03 1.910253443526170668e+04 -5.905247933884297709e+03 9.725297291092745127e+02 3.348784722222222285e+02 7.965526170798898420e+03 -2.264846189164371026e+03 5.460571625344352142e+00 -3.912003845270890565e+02 4.352253902662993823e+03 -9.453766069788797495e+02 -6.896669536271808738e+02 -1.678583275941230397e+02 -2.327102846648301124e+02
5.886817576171304162e-02 1.561322257806244806e+03 1.776152121697357870e+04 -6.189786228983186447e+03 1.007636909527622038e+03 9.242359887910328098e+02 7.287127301841473127e+03 -2.441068254603682817e+03 1.311021066853482751e+02 -1.140723203562850188e+02 3.812368694955964656e+03 -1.029975180144115257e+03 -5.624623198558846298e+02 -1.160979908927141651e+02 -1.878901371096877426e+02
6.290140616743733482e-02 1.823314263920671237e+03 1.651210221205186826e+04 -6.267875667429443638e+03 1.165571605644546253e+03 1.196241323417238846e+03 6.857036613272311115e+03 -2.470180778032036869e+03 2.686972015636918627e+02 -1.069614380720823910e+01 3.544540045766590538e+03 -1.033200800915331911e+03 -4.912751716247140052e+02 -9.272375572082380302e+01 -1.685600090579710297e+02
6.703999982739437813e-02 1.571444427801078518e+03 1.569202396644697546e+04 -5.980991012582384428e+03 1.138204763331336153e+03 1.334909526662672306e+03 6.389823846614739523e+03 -2.313645596165368715e+03 5.883127621330138481e+02 3.568232849011384360e+02 3.275065608148592219e+03 -9.739661473936489529e+02 -9.425337028160575414e+01 3.552860994607549827e+01 -4.759631515877771335e+01
7.134254604642074893e-02 1.764558704997313498e+03 1.468997528210639575e+04 -6.197228371843095374e+03 1.149410397635679828e+03 1.395025389575497229e+03 6.029916711445459441e+03 -2.426969102632993327e+03 4.379956004836109855e+02 2.252477498656636499e+02 2.967951370231058718e+03 -9.493931354110693519e+02 -3.032112775389575745e+02 -1.555275221655024254e+01 -1.026138836646964023e+02
7.561818311969153994e-02 1.785944604316546702e+03 1.301690359712230202e+04 -5.608215827338129202e+03 1.238923621103117512e+03 1.343772422062350188e+03 5.237526618705036526e+03 -2.135715587529975892e+03 5.717522781774580380e+02 1.714204436450839353e+02 2.557415587529976165e+03 -8.305947242206235615e+02 -2.748494604316546770e+02 -4.301672661870503589e+01 -1.240226618705035975e+02
7.973924982214039558e-02 2.693147085819183303e+03 1.352178614043139169e+04 -6.351137218907755596e+03 1.822882973841211651e+03 2.673820100963745062e+03 5.582677374942634742e+03 -2.537050022946305489e+03 1.521486232216613189e+03 9.005573657641119780e+02 2.651433685176686595e+03 -9.789259981642956063e+02 2.511869263423588734e+02 1.079811194928866485e+02 -5.898706402019275430e+00
8.385356877962653332e-02 2.671380015891934818e+03 1.185402145411203855e+04 -5.856793404847039710e+03 1.610324791418355289e+03 2.411886968613428508e+03 4.755098132697656183e+03 -2.243894318633293551e+03 1.273072308303535920e+03 7.421391537544695893e+02 2.180596344854986000e+03 -8.298510131108462247e+02 1.926238081048867627e+02 8.560257126539531214e+01 2.146311332936035043e+00
8.809929214337092196e-02 2.881525726286314239e+03 1.056860343017150808e+04 -5.485601680084004329e+03 1.694192159607980329e+03 2.752982324116205746e+03 4.256148057402870108e+03 -2.140760763038151708e+03 1.501401120056002810e+03 9.521755337766887806e+02 1.899888169408470276e+03 -7.771458697934896236e+02 3.449186865593279663e+02 1.279144425971298489e+02 2.913865068253412716e+01
9.230415729057904473e-02 2.797501504513540567e+03 9.845848211300568437e+03 -5.308740889334670101e+03 1.730066198595787228e+03 2.972370444667335050e+03 3.994954864593781167e+03 -2.067984286191909177e+03 1.721232363757940448e+03 1.161800234035439644e+03 1.758993981945837504e+03 -7.270016716817117413e+02 5.721530424607154828e+02 1.920157764961551266e+02 1.035108972751588112e+02
9.643309047658384092e-02 3.093390790669493981e+03 9.056786428355044336e+03 -5.103320205998182246e+03 1.821515146925174122e+03 3.217851863071796288e+03 3.689817631020902809e+03 -2.012247349288094483e+03 1.901986064828839744e+03 1.256440851257194709e+03 1.606761890336261786e+03 -7.241968342926386413e+02 6.496149651620720533e+02 1.944884694032111554e+02 1.028905255983035403e+02
1.005689403076158450e-01 3.268876297335203617e+03 8.462920617110799867e+03 -4.923906872370266683e+03 1.952245161290322585e+03 3.453125385694249871e+03 3.392049088359046436e+03 -1.911056942496493775e+03 2.178025946704067337e+03 1.416395792426367507e+03 1.421684852734922970e+03 -6.506114305750351150e+02 8.319029453015427862e+02 2.310514375876578015e+02 1.450911202664796633e+02
1.047818677762802908e-01 2.984156833457804169e+03 7.766230520288772823e+03 -4.567290515309932744e+03 1.636826985312422266e+03 2.962911127707244304e+03 3.077249190938511219e+03 -1.763757903908389380e+03 1.684239731142643677e+03 1.076011077918844876e+03 1.290474981329350157e+03 -6.184271844660194120e+02 5.206901294498381958e+02 1.434420587503111904e+02 6.157311504232013988e+01
1.090277847809041356e-01 3.461052986288636021e+03 7.515696955612363126e+03 -4.612349058796188729e+03 2.140770625145247323e+03 4.062949570067394689e+03 2.949749941900999147e+03 -1.752438298861259682e+03 2.709146177085754061e+03 1.849221938182663280e+03 1.190525447362305385e+03 -5.847096792935161602e+02 1.251563095514757151e+03 3.315321577968858833e+02 2.448548977457587625e+02
1.132170039508717807e-01 3.122318773439223150e+03 6.855436135009927057e+03 -4.246570924332670984e+03 1.802245973968674207e+03 3.448416501213324409e+03 2.685227443194352418e+03 -1.627895984998896893e+03 2.134262739907346258e+03 1.513553717185087180e+03 1.069200970659607265e+03 -5.429949260975071184e+02 9.263637767482903200e+02 2.728868299139642772e+02 1.848018696227663611e+02
1.174008294871188018e-01 3.230678177072877133e+03 6.503956635213812660e+03 -4.109429833366793900e+03 1.895966071070066391e+03 3.704724352539650681e+03 2.592118249347520759e+03 -1.590710600281068082e+03 2.392091748644850668e+03 1.676629291306966479e+03 1.051800943585625419e+03 -5.360551596065047306e+02 1.092538446095161589e+03 2.985807568761292714e+02 2.106289148765308141e+02
1.215998224695146873e-01 3.004771563981042618e+03 5.918553933649289320e+03 -3.753891563981042509e+03 1.672243791469194321e+03 3.362438672985781977e+03 2.336649668246445344e+03 -1.429830805687203792e+03 2.088162654028436009e+03 1.509561611374407448e+03 9.464042654028435209e+02 -4.826193838862558891e+02 9.723315639810426774e+02 2.757837440758293610e+02 1.973813507109004775e+02
1.257670529567683493e-01 2.740530019597363207e+03 5.581006591840370675e+03 -3.585634776411900930e+03 1.425249420986994437e+03 2.855990735791911902e+03 2.208651879565295076e+03 -1.376692143238909694e+03 1.627278104400498933e+03 1.177123997862105853e+03 8.811355781222163159e+02 -4.589867272403349716e+02 6.462640744699804145e+02 1.973571174060217288e+02 1.181202008729734558e+02
1.299386816717305049e-01 2.918649761238267729e+03 5.362320764037543086e+03 -3.494812448542730181e+03 1.643067347274823078e+03 3.268617157912070070e+03 2.139123991437510540e+03 -1.352715461880454541e+03 2.100441462209781093e+03 1.484364893792195062e+03 8.444931664745595299e+02 -4.440161369998353393e+02 9.876261320599375040e+02 2.761851226741314349e+02 2.013901901860695034e+02
1.340949335765710126e-01 2.667896557194986599e+03 4.806744407425036115e+03 -3.187116611137553718e+03 1.411343169919086222e+03 2.842494685070601463e+03 1.876126606377915323e+03 -1.210216722195779994e+03 1.713904489925432472e+03 1.214674440742503748e+03 7.170774234491512971e+02 -3.878564175789306887e+02 7.503115183246073912e+02 2.119414366174837596e+02 1.451977332222751329e+02
1.382635144665005922e-01 2.863028546587451274e+03 4.688247500362266692e+03 -3.114372989421823149e+03 1.590074481959136392e+03 3.210883929865236951e+03 1.860150992609766718e+03 -1.193137298942182269e+03 2.074948268366903449e+03 1.474002318504564528e+03 7.421585277496014896e+02 -3.987697072887987702e+02 9.977167077235184252e+02 2.726893203883495289e+02 2.013516338211853451e+02
1.424925284902303357e-01 2.650651484343228731e+03 4.381725633726447086e+03 -2.951168225565947978e+03 1.484825538836925489e+03 3.021012335637793058e+03 1.758756540599159507e+03 -1.146681848990104299e+03 1.950132031991324311e+03 1.393724820387691352e+03 6.898573946048528569e+02 -3.775115222990374946e+02 9.434142605395146575e+02 2.626639555374813426e+02 1.945657448827436440e+02
1.466886314558672189e-01 2.595119125970777532e+03 3.997421087271291071e+03 -2.738043174937475214e+03 1.319142951164933493e+03 2.738365407397656782e+03 1.549495590364617556e+03 -1.026362116624983400e+03 1.645180860866131297e+03 1.166261945504804544e+03 5.751685533763327385e+02 -3.151335395550875091e+02 7.390038172963011220e+02 2.040632486507831800e+02 1.449750230354086966e+02
1.508619291163366127e-01 2.654756290263765550e+03 3.773302540415704243e+03 -2.568723957700255141e+03 1.492030387747660143e+03 3.082193266075118572e+03 1.498361371095174491e+03 -9.902215266804424800e+02 2.054556217333171389e+03 1.453691746687735531e+03 5.723977148413760005e+02 -3.171757627324662963e+02 1.039094080466755713e+03 2.724701592317977656e+02 2.154460921356509004e+02
1.550655720814744509e-01 2.511123936108196176e+03 3.388603474408301281e+03 -2.352242275854028321e+03 1.308686370525824714e+03 2.825188760638917756e+03 1.311164509735338697e+03 -8.886826979130231621e+02 1.788409000816136086e+03 1.311296024250903429e+03 4.810760464031712331e+02 -2.746870700711204449e+02 9.008461000349772121e+02 2.435622595313046475e+02 1.867038591582138167e+02
1.592593054631499527e-01 2.534128544837402842e+03 3.186775210774115749e+03 -2.212671411365378390e+03 1.387573634074236224e+03 3.010798204314025952e+03 1.259046206065914930e+03 -8.492749370414978785e+02 2.005076097667798194e+03 1.485155589620059118e+03 4.721324865871017096e+02 -2.671906547684221778e+02 1.080295740720464210e+03 2.934900087594437537e+02 2.350121263549764592e+02
1.634144798183441161e-01 2.462699093333333167e+03 3.014448853333333318e+03 -2.115552000000000135e+03 1.338821973333333290e+03 2.874585599999999886e+03 1.195061546666666572e+03 -8.153649599999999964e+02 1.930935040000000072e+03 1.412068479999999909e+03 4.479293333333333180e+02 -2.583990933333333260e+02 1.042261760000000095e+03 2.792064266666666867e+02 2.279096266666666679e+02
1.675823816150099899e-01 2.283194029850746119e+03 2.755179796382326458e+03 -1.946944548779282286e+03 1.209930216467332230e+03 2.616649204309577726e+03 1.082938519323910214e+03 -7.485031135712167725e+02 1.701827419195413540e+03 1.242403083918157563e+03 3.945053622615399718e+02 -2.313202036176732292e+02 8.828700207571414467e+02 2.371009192448354099e+02 1.869282766630423964e+02
1.718045808093531246e-01 2.211284475524475511e+03 2.526769230769230944e+03 -1.778818088578088464e+03 1.204662750582750505e+03 2.650637016317016332e+03 1.002743403263403252e+03 -6.865674592074592510e+02 1.793442983682983595e+03 1.329503030303030300e+03 3.760063403263403075e+02 -2.145036829836829781e+02 9.938345920745920239e+02 2.668145454545454527e+02 2.200284848484848510e+02
1.760135070798979073e-01 2.158578817958291438e+03 2.362012567161460538e+03 -1.665525544121664780e+03 1.133812312175575926e+03 2.534481376923777589e+03 9.295720790456242639e+02 -6.350012293962298600e+02 1.662744012385028782e+03 1.240682997905473030e+03 3.395132956925598933e+02 -1.933649940806848235e+02 9.051161096439304856e+02 2.440740597395501368e+02 1.973766050450778664e+02
1.801930856696074279e-01 1.898021311056176046e+03 2.111478816810161334e+03 -1.500747250873753273e+03 1.003583496718097422e+03 2.200138436620919038e+03 8.287774273292984617e+02 -5.761729179098116447e+02 1.448132980990538044e+03 1.052463984315062817e+03 3.010878867956695899e+02 -1.776797054812036549e+02 7.643657829682039164e+02 2.006663754155655965e+02 1.610491326400136529e+02
1.843742315857553882e-01 1.789942267698194883e+03 2.045666084352383450e+03 -1.442341735296564366e+03 9.097888694784128347e+02 1.999468596622577252e+03 8.019669744613593139e+02 -5.509651027368771565e+02 1.238366192496464464e+03 8.922078030113967770e+02 2.881110972464853148e+02 -1.672729806172531539e+02 5.985350636386324368e+02 1.556338490974128774e+02 1.155705224190999161e+02
1.885797910080431738e-01 1.674504740615123637e+03 1.848184691281893038e+03 -1.299498342711785881e+03 8.555236259924457727e+02 1.926987127110151732e+03 7.257245047406150888e+02 -4.961896246049487331e+02 1.224094658136128828e+03 9.171607184151699812e+02 2.628228821398288915e+02 -1.500796461882370920e+02 6.454494719802667078e+02 1.751950975102135146e+02 1.377217875587759011e+02
1.927656394953895236e-01 1.640238303085994403e+03 1.748310284095260158e+03 -1.253284171835515735e+03 8.931189218163718806e+02 1.977800597289226062e+03 6.917378819205146101e+02 -4.807800750440309798e+02 1.358611532276590879e+03 1.012364346427751116e+03 2.575498889654644472e+02 -1.503875583888506071e+02 7.736005053985757058e+02 2.082948924113638327e+02 1.744672830997779442e+02
1.969014248243030341e-01 1.560915582054824426e+03 1.603062749945466294e+03 -1.131151167018105070e+03 8.212481640369373963e+02 1.886283429070020929e+03 6.336357158438158876e+02 -4.313344724787318683e+02 1.253146658910783117e+03 9.593224750963426004e+02 2.336267723405802315e+02 -1.292950810732203877e+02 7.089858212753580347e+02 1.928774449211081219e+02 1.576007780120700943e+02
2.010715633173454087e-01 1.436143260166517621e+03 1.448279639441271684e+03 -1.019115598981628068e+03 7.172922314731989673e+02 1.655204844147801623e+03 5.626823780361935405e+02 -3.841057937108649298e+02 1.063817449941512450e+03 8.146267116218261890e+02 2.055830867680451490e+02 -1.153440101837198171e+02 5.910063992293401043e+02 1.625985859767425836e+02 1.316704396889836914e+02
2.052920281681521186e-01 1.302036124794745547e+03 1.286016026272578074e+03 -9.140884729064039220e+02 6.725884400656814250e+02 1.533197635467980263e+03 5.053013793103448279e+02 -3.485680788177339764e+02 1.027206765188834197e+03 7.684171428571428351e+02 1.864047454844006495e+02 -1.068190722495894960e+02 5.835894909688013286e+02 1.545961247947454922e+02 1.303632348111658530e+02
2.095172134954577381e-01 1.218170499653455863e+03 1.200873038875937254e+03 -8.478356121227395761e+02 5.899380001260159361e+02 1.389431793837817395e+03 4.685945120030243629e+02 -3.212214101190851352e+02 8.832250645832020837e+02 6.845367021611745031e+02 1.729560834225946735e+02 -9.778650526116815911e+01 4.923983365887467585e+02 1.361920011341440215e+02 1.093990296767689472e+02
2.136973926115405542e-01 1.183751813953488409e+03 1.116746294573643354e+03 -7.909377364341085013e+02 5.996542635658914833e+02 1.367877953488372214e+03 4.327238759689922745e+02 -2.975890232558139701e+02 9.119192558139535549e+02 6.822514108527132066e+02 1.596733798449612323e+02 -9.104862790697674768e+01 5.151568372093023527e+02 1.366447441860465233e+02 1.134975658914728740e+02
2.178750580088065492e-01 1.160917605839416183e+03 1.061671591240875841e+03 -7.496891678832116668e+02 5.822083503649635077e+02 1.353075036496350322e+03 4.131024233576642359e+02 -2.840337226277372338e+02 8.803542773722627999e+02 6.680353284671533629e+02 1.484213284671533017e+02 -8.460774452554744585e+01 4.909776934306569274e+02 1.310833868613138691e+02 1.069218832116788320e+02
2.220823861956562617e-01 1.036263214305861084e+03 9.365527161956338205e+02 -6.649877023749083946e+02 4.999502453883906128e+02 1.173412760196310728e+03 3.602705477520166824e+02 -2.488871495458904519e+02 7.455475263722006503e+02 5.673998420488520651e+02 1.284223077790940408e+02 -7.361100298978958278e+01 4.088518643876572582e+02 1.099114063293281447e+02 8.764925678343769277e+01
2.262696194198526023e-01 9.715031014986002447e+02 8.596202448262612279e+02 -6.114404128012296269e+02 4.719844101663281322e+02 1.107696986331448670e+03 3.315734478783554096e+02 -2.311925673821156124e+02 7.011264203765713319e+02 5.315840698248888430e+02 1.152889059669539478e+02 -6.723195366964922925e+01 3.815544271834000938e+02 1.015970384805401494e+02 8.166595076027886080e+01
2.304259489101245229e-01 9.141899049944270246e+02 7.909402897935353849e+02 -5.604423332094899024e+02 4.596890823204713001e+02 1.077705854254020551e+03 3.098526086725757978e+02 -2.138934769916671144e+02 7.113171275410010139e+02 5.412282787537816375e+02 1.117492702085876601e+02 -6.377571519558409818e+01 4.052244573005679058e+02 1.079022610264847941e+02 8.917991348654530270e+01
2.345870463846415066e-01 8.567203135338728544e+02 7.247311039853412922e+02 -5.098208886852954720e+02 4.186299689520028551e+02 9.961824197078434509e+02 2.805330839313890010e+02 -1.923420496767954546e+02 6.479297602687432800e+02 4.960691199674250811e+02 1.002299905838041525e+02 -5.630904845523489399e+01 3.698797017356339438e+02 9.844501705094926081e+01 8.167706265587621317e+01
2.388019837064606632e-01 7.664252401873220606e+02 6.512042678511080567e+02 -4.605017621783421191e+02 3.546620479891855666e+02 8.507040023173852887e+02 2.503339931444020863e+02 -1.743028412108337761e+02 5.318873654226814551e+02 4.046567373147299236e+02 8.811465021966881750e+01 -5.158174817747308794e+01 2.903590498720610640e+02 7.659807850142422581e+01 6.145111162072129218e+01
2.430077036534963875e-01 6.740230590025198580e+02 5.795753339989540791e+02 -4.168264631769124549e+02 3.267834355536537601e+02 7.659323919554984741e+02 2.230095326391860340e+02 -1.577161840916654683e+02 4.899247848618837224e+02 3.682308039747064186e+02 7.625284671706366169e+01 -4.528062152332049806e+01 2.673674701659297170e+02 7.026951694955546657e+01 5.691050373223030334e+01
2.471758823520590620e-01 6.056875143711198461e+02 5.201367210853069309e+02 -3.747275465624281310e+02 2.841096803862957358e+02 6.608533455966888823e+02 1.948467233846861291e+02 -1.391920096573925036e+02 4.223328581283053609e+02 3.112169464244653909e+02 6.553265693262818559e+01 -3.945944469993101933e+01 2.316590020694412715e+02 5.962695447229248202e+01 5.007055644975856978e+01
2.513692271335918882e-01 5.661681764474202510e+02 4.719802634458010857e+02 -3.309260426239551975e+02 2.709414905255787858e+02 6.462099689291497953e+02 1.813430156229486840e+02 -1.243868867883243752e+02 4.168622817382171775e+02 3.195448339241171425e+02 6.451871909325632259e+01 -3.596826725307426642e+01 2.375734103540326601e+02 6.360198678394819183e+01 5.299019189532187113e+01
2.555723892733414715e-01 5.284540464039113203e+02 4.317534845820646296e+02 -3.034418664493717301e+02 2.578985718574430734e+02 6.106968735257537446e+02 1.668386370459321597e+02 -1.153236050949950737e+02 3.951411845434661814e+02 2.996762019127675103e+02 5.901854869837458040e+01 -3.403955804777630334e+01 2.207212334348329819e+02 5.784095295278123672e+01 4.732522944632671624e+01
2.597674079539822323e-01 4.262045969436092037e+02 3.626969147753017069e+02 -2.619491699962927669e+02 1.757241627878238717e+02 4.159755735881698797e+02 1.287754561931045885e+02 -9.539984347324627834e+01 2.269856242534085879e+02 1.620485026980269367e+02 3.714734882810891037e+01 -2.535785414178028674e+01 9.846339127569304139e+01 2.342221804588705325e+01 1.610433486427482919e+01
2.639178238801485610e-01 4.102938817270308505e+02 3.448401473296500512e+02 -2.478570083896050562e+02 1.745047063638223790e+02 4.148792306118272677e+02 1.238717515858399736e+02 -9.001498874565172059e+01 2.430236136689175339e+02 1.775852670349907783e+02 3.808116942909760638e+01 -2.407642725598526567e+01 1.216524043380396876e+02 3.058515704931450685e+01 2.409633722119909649e+01
2.680749044740857179e-01 3.948585172828489931e+02 3.116904216937579690e+02 -2.184390154013267420e+02 1.819865383869340860e+02 4.418193738604181817e+02 1.175498700391822098e+02 -8.178146215618573933e+01 2.742747410482212445e+02 2.110618574698374346e+02 4.023899212476238318e+01 -2.354809035186406163e+01 1.509923187337548995e+02 3.994457753035651848e+01 3.216961341505993488e+01
2.723023151079725368e-01 3.527394712516176583e+02 2.814833425771861926e+02 -2.013650767239785466e+02 1.567428175263449930e+02 3.769966352375670340e+02 1.033327232390460324e+02 -7.443377703826955383e+01 2.307218339804030336e+02 1.728643557034571927e+02 3.322093270475134119e+01 -2.052454474024773390e+01 1.239147439452763848e+02 3.173208541320022036e+01 2.599619153263079951e+01
2.765128983200950685e-01 3.175020804948999853e+02 2.479852524211068783e+02 -1.728781345509445089e+02 1.392837389991530586e+02 3.403180763707331380e+02 9.089620539823985723e+01 -6.342860496372941981e+01 2.078110984276613635e+02 1.583811356188091395e+02 3.025327723975401994e+01 -1.781461386566999039e+01 1.136891685384983504e+02 2.958440963655779044e+01 2.404369499576536384e+01
2.807027537381580062e-01 2.779138112809699805e+02 2.200359163591635934e+02 -1.573032331751888933e+02 1.135920576348620585e+02 2.745775962045334495e+02 7.711014760147601521e+01 -5.611287120014057450e+01 1.546690915480583328e+02 1.134229660868037257e+02 2.257463319276049774e+01 -1.430057107713934350e+01 7.435795993674221904e+01 1.838228782287822938e+01 1.394274512387980991e+01
2.848857026249724811e-01 2.468321561532305850e+02 1.912247660137086314e+02 -1.376805434744789807e+02 1.028503705507811219e+02 2.519298389060923569e+02 6.713967850805470050e+01 -4.952459900490588751e+01 1.463453080964475816e+02 1.096451236908945361e+02 1.946028321909467351e+01 -1.270412368219616539e+01 7.576008141679135122e+01 1.923799189311436564e+01 1.558971286663651235e+01
2.890807262117984777e-01 2.248875564939134790e+02 1.752772902715006751e+02 -1.253767360538382718e+02 9.069927093986078148e+01 2.211655725266387265e+02 6.143406294329165007e+01 -4.488129680335169525e+01 1.259166529211889127e+02 9.327931085672813083e+01 1.854226322040048558e+01 -1.190043257018440848e+01 6.275431333091412256e+01 1.583626455646092346e+01 1.228843957213076798e+01
2.932785946948970324e-01 2.018830016665033042e+02 1.533933274515570417e+02 -1.094915694539751030e+02 8.221006110512041687e+01 2.021439074600529580e+02 5.369431918439369156e+01 -3.901287455478221489e+01 1.168154592686991577e+02 8.745969349410188443e+01 1.593176322582753457e+01 -9.943097898898800580e+00 6.043851909943469991e+01 1.536363060811031644e+01 1.230277464627650907e+01
2.974321087309398370e-01 1.716752277449256781e+02 1.325498561610995694e+02 -9.745301262585904567e+01 6.605942943902829256e+01 1.629153747802461396e+02 4.473977944701933751e+01 -3.438714240051142923e+01 8.566321719673965163e+01 6.234951254594854220e+01 1.112443463321080372e+01 -8.223302900751159328e+00 3.830492248681476752e+01 9.162753715838261925e+00 6.734790035160620469e+00
3.016123743882810904e-01 1.528241137988741798e+02 1.183033013844515438e+02 -8.490115624524570137e+01 5.554005781226229033e+01 1.347608397991784557e+02 3.857383995131598908e+01 -2.952903354632588062e+01 6.999447740757645420e+01 4.881980830670926963e+01 9.487789061311426408e+00 -7.073716815000761216e+00 2.987786208732694604e+01 6.587610299710939366e+00 4.822658508291495671e+00
3.058101292111336522e-01 1.302828479740875025e+02 1.014077392556158657e+02 -7.407951444081216152e+01 4.535245778724169696e+01 1.124061347209309361e+02 3.303050115466514569e+01 -2.573193398914314756e+01 5.071310320007197703e+01 3.496240590228833867e+01 7.253523978046366949e+00 -5.848402400803767165e+00 1.566568882524068052e+01 3.007350680802567400e+00 1.042973084680442586e+00
3.100168993294901143e-01 1.148291557863927324e+02 8.824398834973743533e+01 -6.489828976441218344e+01 3.932433857499498231e+01 9.652634221928893510e+01 2.777568940285230781e+01 -2.200637392751585608e+01 4.680823337828919506e+01 3.247402005796435986e+01 6.234367826193004447e+00 -5.004447760337455975e+00 1.825480645068725138e+01 4.017816149674309223e+00 2.706159968722201548e+00
3.142092030053749707e-01 1.083694199297403884e+02 8.239608145545940943e+01 -6.104574729386228427e+01 3.901528360894525349e+01 9.370400993916545929e+01 2.631470275326307373e+01 -2.146152143489561226e+01 4.734150886813469583e+01 3.125757575757575779e+01 5.748716994402079727e+00 -5.263933217662011721e+00 1.842211285808128451e+01 3.455416559563590617e+00 2.463659926313083837e+00
3.183867557675504334e-01 9.420295961289967579e+01 7.166059989552690013e+01 -5.087660146262337690e+01 3.005691721881615663e+01 7.806964644104144213e+01 2.223113126494927627e+01 -1.665897781321309878e+01 3.530670071206664318e+01 2.698018963241965196e+01 5.126230308195640184e+00 -3.390984341063426388e+00 1.455300291424958203e+01 3.838666387155307724e+00 2.623778712918923617e+00
3.225872781332082551e-01 7.574518755840341555e+01 5.799326525163530022e+01 -4.331237151248164707e+01 2.198272760646108637e+01 5.388870978507542731e+01 1.662816546522493866e+01 -1.433005272994259904e+01 2.185911093311974440e+01 1.327363169136296861e+01 2.517460535976505209e+00 -2.884364153651048035e+00 5.903684421305566588e+00 7.628682544052863834e-01 4.641603257242024050e-01
3.267666109043823597e-01 6.535275085180001042e+01 5.144912310821161583e+01 -3.978661419402551758e+01 1.662986648530149836e+01 4.053506576688413077e+01 1.376056331053062642e+01 -1.289685296215102639e+01 9.382558899659279916e+00 2.574657133990121860e+00 7.663789915744433356e-01 -2.361088711008689778e+00 -5.446030380866854870e+00 -2.736806798222445547e+00 -3.201359908613084837e+00
3.309328770241455886e-01 5.927542167444946841e+01 4.605346206843757528e+01 -3.465877223200388357e+01 1.630011291433820730e+01 4.026105858786904435e+01 1.298081492893414080e+01 -1.127874371634897521e+01 1.225690483936819142e+01 6.092248462578785606e+00 1.499771639522570199e+00 -2.135720482788537655e+00 -1.370015342315445750e+00 -1.278510870397305377e+00 -1.779779960575671893e+00
3.351106074107195187e-01 4.320849056603773164e+01 3.468219417718355402e+01 -2.694739472697738236e+01 7.427004716981131516e+00 1.811227352242908850e+01 8.034624515806571665e+00 -8.123516962389103924e+00 -3.468044795701611616e+00 -6.683689710108708937e+00 -6.271966371985505662e-01 -1.066492545764088362e+00 -1.128050106210171144e+01 -3.991974103461201739e+00 -3.990792905785330191e+00
3.393095620710060434e-01 4.238883946817974646e+01 3.229009088067704170e+01 -2.496502867068977949e+01 7.825218486283749719e+00 2.093345334551487014e+01 7.465698855576659909e+00 -7.334658175654557688e+00 1.374114183877094719e+00 -1.246162966124107374e+00 -3.254700873644603698e-01 -8.079053454006683843e-01 -5.182568656384487937e+00 -1.964195071887096411e+00 -1.931412549888202435e+00
3.435164896197421824e-01 2.846989936928637022e+01 2.445904790588902245e+01 -2.081634008929204072e+01 3.488619989133772692e-01 1.388308175654926258e+00 4.101493663335931572e+00 -5.895040512130016452e+00 -1.358673936408948002e+01 -1.411985921148985312e+01 -2.067387587697540940e+00 -3.629224873325773704e-01 -1.653683739635745198e+01 -5.278433048685422513e+00 -5.056100958472113938e+00
3.477107812306902690e-01 2.336743177038800212e+01 2.036284172578744389e+01 -1.820257146488572531e+01 -5.085034259237861676e-01 -2.115947010838167053e+00 2.769668369999768842e+00 -5.123392473366764399e+00 -1.345405478011693212e+01 -1.449817726989115663e+01 -2.330300685473621236e+00 -4.051425235568368310e-01 -1.527760670626025430e+01 -5.032244052295888892e+00 -4.544893033762392065e+00
3.518857617074659383e-01 2.535404043842330779e+01 1.955721117843284063e+01 -1.600985289445616644e+01 2.033733788889645400e+00 6.207469591758004057e+00 3.390771438945242355e+00 -4.367743294301858370e+00 -6.837403839607869571e+00 -7.619231794767058474e+00 -1.493790705062745250e+00 -1.595417737479292719e-01 -1.013645556765833788e+01 -3.322924821862164091e+00 -3.266606105475752475e+00
3.560773577310688554e-01 1.852803480521750501e+01 1.498786296401494411e+01 -1.310161899975966193e+01 -3.105062924687014836e-01 -7.504151281435031962e-01 1.842758949835040960e+00 -3.469888188511874638e+00 -1.008531634403198574e+01 -1.051521499268063486e+01 -1.896987453298083715e+00 -5.050135428729052300e-02 -1.168863067796980459e+01 -3.765134425047520939e+00 -3.528903638379689234e+00
3.602869550449780967e-01 1.074459135905860130e+01 1.091668411389550997e+01 -1.125843774828748600e+01 -4.954295977474284740e+00 -1.263161384182610725e+01 -1.093840591380531996e-01 -2.648734438413966163e+00 -1.905197261053490365e+01 -1.805846700594816312e+01 -2.946089404968970538e+00 3.208789058305954178e-01 -1.774616160965448941e+01 -5.488179837982348097e+00 -4.964205667933603294e+00
3.644651285618699665e-01 6.739043084104236137e+00 7.686117402993289716e+00 -8.688658338449164020e+00 -5.749515760282817745e+00 -1.420785791401172915e+01 -8.675314954275069601e-01 -1.818746493892758220e+00 -1.918849758673977135e+01 -1.774848377400029875e+01 -3.002168494252630548e+00 5.108619450427612785e-01 -1.710865227883740403e+01 -5.235966971146722493e+00 -4.685605709794873341e+00
3.686396944457170921e-01 6.879456483746942297e+00 7.289189557332894864e+00 -7.874677457491211285e+00 -4.427260881633324985e+00 -1.117985278697288187e+01 -5.581339502333614311e-01 -1.748887003464440815e+00 -1.543876703949668006e+01 -1.457197452556695616e+01 -2.464788895285482617e+00 3.033320143036680183e-01 -1.394613668606205259e+01 -4.335791809733330560e+00 -3.851667390566852589e+00
3.728293470315630076e-01 4.225878347878423646e+00 5.570961229812419369e+00 -6.599509730163507726e+00 -6.050022569966897912e+00 -1.526271566857257689e+01 -1.278572010733273201e+00 -1.236491012764570296e+00 -1.884665713712508861e+01 -1.724234878122178927e+01 -2.780962859865583336e+00 5.139344467850336384e-01 -1.659255818035911290e+01 -5.034341458521416790e+00 -4.578828430634969138e+00
3.770363921861874523e-01 2.296857027975436338e+00 3.815275611658056398e+00 -5.313761697046496479e+00 -5.090623781557656713e+00 -1.301515376742372609e+01 -1.288538874402963330e+00 -9.840629264548201860e-01 -1.470154985866068920e+01 -1.362459913246905252e+01 -2.340158793498391621e+00 4.133171178964811787e-01 -1.239718661662930188e+01 -3.800320145725704535e+00 -3.302026269616921805e+00
3.812363453093803867e-01 1.164109328322251224e+00 2.944801604509974080e+00 -4.586598968873470739e+00 -5.841342632745495145e+00 -1.493576780379685864e+01 -1.650584074154380021e+00 -7.536694733545341585e-01 -1.649836296617519693e+01 -1.515470752625999928e+01 -2.513732744290257504e+00 4.601260223932736038e-01 -1.387122964247855883e+01 -4.235948491856992071e+00 -3.724650669750409815e+00
3.854150971210312249e-01 -3.252441029751941493e+00 4.672074231752957330e-01 -3.466510552818159674e+00 -7.307113102514433578e+00 -1.931339801214902252e+01 -2.486961192710586133e+00 -4.274453714173546692e-01 -1.837922206759069255e+01 -1.690474841554924268e+01 -2.760015068737893262e+00 5.025665046170048056e-01 -1.486186010757339204e+01 -4.557756051003328146e+00 -3.960652022643070591e+00
3.896036578152083374e-01 -1.832353909863099484e-01 1.573489148609805932e+00 -3.278115384261050647e+00 -5.364798104029627979e+00 -1.376155846369281122e+01 -1.758747011635619861e+00 -4.168021578984946185e-01 -1.485431291802553666e+01 -1.359532939951725439e+01 -2.302047346286367091e+00 4.470631978608147206e-01 -1.258318477880345654e+01 -3.854146513920365447e+00 -3.444719865310559292e+00
3.937795161075864914e-01 -3.054442949262142548e+00 -2.163804120080198012e-01 -2.197192986516265378e+00 -6.222247936347379493e+00 -1.595521264201723177e+01 -2.275886817459313871e+00 -9.952283677727002259e-03 -1.520165769557285529e+01 -1.359754032476563701e+01 -2.319253720896627513e+00 5.971772381825406484e-01 -1.181663633654245515e+01 -3.522017186568646707e+00 -2.994423170709679560e+00
3.979440095093054186e-01 -5.749474724452912966e+00 -1.662663480885312017e+00 -1.621763629342426460e+00 -7.912818726518403345e+00 -2.067106176884314905e+01 -3.040541924111038075e+00 1.896764644838055125e-01 -1.909531525435800958e+01 -1.722261333487651669e+01 -2.831549863339328343e+00 6.454639062249604153e-01 -1.506417932372999147e+01 -4.549831622478232696e+00 -3.949672036644646944e+00
4.021139069446590386e-01 -5.834114246268012671e+00 -1.985516977306066133e+00 -1.231078501164897698e+00 -7.944140995771852509e+00 -2.087160238156872794e+01 -3.214974598757442514e+00 3.266032174907239627e-01 -1.932369919751488396e+01 -1.748966368970575758e+01 -2.943755662697385311e+00 6.839298715376650462e-01 -1.541067607213737212e+01 -4.674699607386314959e+00 -4.093301837949780086e+00
4.063125452039867413e-01 -5.772807979556437985e+00 -2.083051046806324802e+00 -8.690356062551570782e-01 -7.150391315696411176e+00 -1.867487328023171500e+01 -2.872568222386878034e+00 3.775249558480541223e-01 -1.691635127056564869e+01 -1.518351948369061688e+01 -2.519252142869170985e+00 6.235327634802889651e-01 -1.324137379384672286e+01 -3.984023731539329205e+00 -3.467818283431284954e+00
4.105412315868290918e-01 -6.211256009910218978e+00 -2.573924961978118819e+00 -3.647132669790184578e-01 -7.075521472141817370e+00 -1.833685955616608609e+01 -2.923150828304633020e+00 5.331470376150877488e-01 -1.657317270110713281e+01 -1.471002080982518123e+01 -2.472004856988666788e+00 6.750210679038086692e-01 -1.295486843611506345e+01 -3.857885298614858627e+00 -3.401587975682349718e+00
4.147348487769681458e-01 -6.295394790728151335e+00 -2.652764098206241261e+00 -2.681272524367270260e-01 -6.832294823490867586e+00 -1.780558809075272464e+01 -2.822806433778360269e+00 4.922066649090834911e-01 -1.573395753132934871e+01 -1.405631603734949664e+01 -2.326677041526742595e+00 5.860702785854697838e-01 -1.220184495044639306e+01 -3.662348472438365476e+00 -3.202015674911950160e+00
4.189107045044477284e-01 -7.209615690326683257e+00 -3.185607513313727157e+00 -3.264458806931086476e-02 -7.212833339957078316e+00 -1.907775017884111080e+01 -3.072494734122883653e+00 5.672382958429377231e-01 -1.672098601065098222e+01 -1.506577676655273912e+01 -2.498844736110007236e+00 6.179593732612670420e-01 -1.306163758842699352e+01 -3.948914782211271124e+00 -3.442117578093951025e+00
4.230974437456921922e-01 -6.040733481550822681e+00 -2.719818726109680895e+00 -1.166901913175754681e-02 -5.895753373898119598e+00 -1.545402234963725618e+01 -2.526221331617130694e+00 4.887787415164989158e-01 -1.339404984788204978e+01 -1.196446680708323562e+01 -2.015788331773149089e+00 5.223453711287932011e-01 -1.026862079725407462e+01 -3.077315654497230657e+00 -2.664092362898821786e+00
4.272931011032126136e-01 -6.279921217765698671e+00 -2.853121135319174773e+00 1.441926729468525348e-01 -6.065666175550025407e+00 -1.600190466738934703e+01 -2.596993230605981751e+00 5.241210952410033652e-01 -1.390773623219384092e+01 -1.248387139869001672e+01 -2.061087721575034060e+00 5.104317755011680280e-01 -1.077573209459975168e+01 -3.250939928546345392e+00 -2.828849746934973819e+00
4.314914587673138180e-01 -5.510933129926264940e+00 -2.579404473459864455e+00 2.680689987904009697e-01 -5.205657072134727059e+00 -1.351570048309178773e+01 -2.238584993493965225e+00 5.309547279056550106e-01 -1.169166816230687544e+01 -1.033416154409895071e+01 -1.731053510267569928e+00 4.854524743965091815e-01 -8.935687471021971362e+00 -2.657415664587726489e+00 -2.324965927446493552e+00
4.356511643511531418e-01 -5.464671903709125367e+00 -2.547939104910147634e+00 2.188636840530376604e-01 -4.915374366998790379e+00 -1.298840244685777456e+01 -2.124582667343859921e+00 4.351538750784249565e-01 -1.092659613402446794e+01 -9.809151068819742747e+00 -1.622351524804684697e+00 3.991852210089180120e-01 -8.273165230121147573e+00 -2.496472978877552595e+00 -2.132561470205996290e+00
4.398424702607344750e-01 -5.281905071937838869e+00 -2.535350759225262873e+00 3.318700391531115845e-01 -4.636578274203418282e+00 -1.221663535840840176e+01 -2.037055147006503475e+00 4.587520368156655093e-01 -1.025755311730635100e+01 -9.163612332607550925e+00 -1.532535684298908407e+00 3.949431993037470501e-01 -7.772666467432295612e+00 -2.333463636169577082e+00 -2.009514330643669133e+00
4.440501074980069407e-01 -4.719027839025847548e+00 -2.265760363173392911e+00 3.018291476698863329e-01 -4.190109464130759243e+00 -1.101798618717726264e+01 -1.829732243196722452e+00 4.171647672109051741e-01 -9.339847361907336776e+00 -8.333483292316884672e+00 -1.390330935175043026e+00 3.656560790734312838e-01 -7.110371441882299415e+00 -2.131484096049617971e+00 -1.842122752393416496e+00
4.482267968899237842e-01 -4.950027943368107586e+00 -2.440292813418388107e+00 4.124659304184019049e-01 -4.201964392662645764e+00 -1.112527856317116282e+01 -1.875939280192765679e+00 4.430279555552460446e-01 -9.246798264551443935e+00 -8.273032821705642803e+00 -1.383013043720489721e+00 3.558384990842235474e-01 -6.956863622435477623e+00 -2.089475361087510752e+00 -1.784276110074237032e+00
4.524052929840755577e-01 -4.113077540837946522e+00 -2.003927875743284570e+00 3.339318057549039431e-01 -3.525361176611304437e+00 -9.281258116328343633e+00 -1.549285763105734404e+00 3.661878032943749472e-01 -7.775964561547398901e+00 -6.940303977855238671e+00 -1.151017424475428763e+00 2.954512785353017312e-01 -5.879492601325951640e+00 -1.766659831863850671e+00 -1.519851150809923945e+00
4.566090347930675253e-01 -4.035272153999335920e+00 -1.968737968801858695e+00 3.213448234732824149e-01 -3.383017756388980946e+00 -8.988144706272818141e+00 -1.498097722369731155e+00 3.452175468801858549e-01 -7.448422668436774252e+00 -6.680633504812479195e+00 -1.105237719880517666e+00 2.796106973946232976e-01 -5.633208181214736321e+00 -1.694617076003982703e+00 -1.454256866080318567e+00
4.608167319022857811e-01 -3.837048428716247628e+00 -1.893407001658833355e+00 3.566089407493713836e-01 -3.121235534578775006e+00 -8.243502902958253387e+00 -1.382602883045670694e+00 3.415670986133602094e-01 -6.788409066972103112e+00 -6.051021054675672417e+00 -1.000554898659768099e+00 2.637594553908790829e-01 -5.093859025501270565e+00 -1.525809627486604425e+00 -1.310775237140750837e+00
4.649806979855051203e-01 -3.694956094603580432e+00 -1.837682042790649284e+00 3.611797161224396535e-01 -2.933788250172753465e+00 -7.842103547634258653e+00 -1.317653261450605573e+00 3.136792496072308700e-01 -6.437617749253575994e+00 -5.796902094551428242e+00 -9.539030006910129700e-01 2.322960534035646007e-01 -4.903405683255322778e+00 -1.484574644063155979e+00 -1.285961396172049298e+00
4.691538386770017222e-01 -3.549358712452332920e+00 -1.792699583824256093e+00 3.878575223607363398e-01 -2.807690541345191360e+00 -7.462065929332472258e+00 -1.272356579314101843e+00 3.248580382254570575e-01 -6.127252701658368217e+00 -5.474416989725463090e+00 -9.133983687114388683e-01 2.394080709668326423e-01 -4.616175664804328171e+00 -1.385196642247222387e+00 -1.192064195266872018e+00
4.733478629909182445e-01 -3.303557868266753239e+00 -1.673913102677737852e+00 3.694860063769000447e-01 -2.522128138654782248e+00 -6.713087739172652668e+00 -1.143709774801130452e+00 2.894174611208281123e-01 -5.453994665687361021e+00 -4.879813797009797227e+00 -8.103094967259645287e-01 2.081887456584795015e-01 -4.111752138082137797e+00 -1.237399378649055803e+00 -1.069297144399905530e+00
4.775500538217637980e-01 -2.954624638944071346e+00 -1.498706787546769670e+00 3.220437736514484839e-01 -2.298880421932700369e+00 -6.171931938672289064e+00 -1.050597913188139110e+00 2.547659001718443617e-01 -5.001056507537994911e+00 -4.513776873529877776e+00 -7.474879857497166435e-01 1.811647395750813350e-01 -3.773240118950409006e+00 -1.143842320629852027e+00 -9.799305462456276983e-01
4.817339644282710998e-01 -2.378429291368171050e+00 -1.211512805011091265e+00 2.807739883723044394e-01 -1.829349665745421127e+00 -4.850388498975720886e+00 -8.323420094064026831e-01 2.179090603294665252e-01 -3.936540495411954499e+00 -3.509337460756148719e+00 -5.867515447531426176e-01 1.546770379718353516e-01 -2.948498316605452363e+00 -8.844350021818975227e-01 -7.622649346339867016e-01
4.859144464692263798e-01 -2.432382249043273159e+00 -1.241209339122755217e+00 2.811656194804239006e-01 -1.864609949955843282e+00 -4.981415955254636430e+00 -8.534984913158668585e-01 2.154386453120400169e-01 -4.005265675596113795e+00 -3.592901825139829253e+00 -5.984925117750956591e-01 1.516012750220782912e-01 -2.976140160435678528e+00 -8.966916580806593151e-01 -7.591833787165145342e-01
4.901252990058800885e-01 -2.270818339345380465e+00 -1.156224889586440430e+00 2.682207664204039332e-01 -1.731922489392205167e+00 -4.641834454811371913e+00 -7.895096098817244723e-01 1.980060434803972425e-01 -3.746234521868821776e+00 -3.372284462326430976e+00 -5.567137658538841016e-01 1.383163436094539400e-01 -2.817716101302995657e+00 -8.522888051634236461e-01 -7.303119905657105004e-01
4.943123444065962158e-01 -2.111604447249473715e+00 -1.073595300872945524e+00 2.381673156491885823e-01 -1.574412429411020664e+00 -4.227334611890001703e+00 -7.212836016481305457e-01 1.770280696322184821e-01 -3.385936260020472321e+00 -3.048365311626623164e+00 -5.057189113770458322e-01 1.239003605465111013e-01 -2.537860887954731304e+00 -7.672775872082993054e-01 -6.563886890145721464e-01
4.984736335014697817e-01 -2.031294193847650753e+00 -1.047630803182522774e+00 2.556782686123273418e-01 -1.507170716944416178e+00 -4.029840393035332369e+00 -6.945243469209969600e-01 1.829771574375770593e-01 -3.233155426580230696e+00 -2.895669462546244244e+00 -4.822602360022174572e-01 1.257360153872371100e-01 -2.418773829322653057e+00 -7.277525077356911121e-01 -6.242668240674744684e-01
5.026590164608074618e-01 -1.721537373076203803e+00 -8.846072066038878079e-01 2.131353752984015693e-01 -1.263725268423889769e+00 -3.388884610730355185e+00 -5.821663987469885004e-01 1.507354584245498008e-01 -2.702340664569146789e+00 -2.426616421986556915e+00 -4.032281255844270551e-01 1.032537931032112000e-01 -2.015950732115158406e+00 -6.078772768588904807e-01 -5.189926747230504400e-01
5.068609875937976073e-01 -1.668103582660088069e+00 -8.531385552784255255e-01 1.999678062137396350e-01 -1.240219188852139220e+00 -3.343002087512877640e+00 -5.696853989318441114e-01 1.411861249864447276e-01 -2.687985278967630176e+00 -2.427401148132082742e+00 -4.002151053245133761e-01 9.690181403513528635e-02 -2.029654882611288791e+00 -6.154815682101610896e-01 -5.282003165157512781e-01
5.110594965365916620e-01 -1.506555353499748895e+00 -7.792757000299078696e-01 1.881750121500518069e-01 -1.095915479700067197e+00 -2.956972126980057958e+00 -5.101438746381687928e-01 1.283252943550325376e-01 -2.354898840804947824e+00 -2.124886510505121784e+00 -3.544325324980506786e-01 8.688094401229425057e-02 -1.767119556509757494e+00 -5.352545102060435322e-01 -4.575427872085322534e-01
5.152492140965455603e-01 -1.292855371222076277e+00 -6.682986202365309714e-01 1.645937705321944833e-01 -9.316337877792378874e-01 -2.502380584756898951e+00 -4.320445959264126445e-01 1.126316318988173498e-01 -1.984299605781866038e+00 -1.781518396846255126e+00 -2.964483204664914995e-01 7.574089397174769978e-02 -1.478109724047306228e+00 -4.453724540078843885e-01 -3.804518725361367149e-01
5.194329442812991582e-01 -1.173762625279119343e+00 -6.036980464895881360e-01 1.410219741522563131e-01 -8.495220893700992093e-01 -2.298393116788699952e+00 -3.945352663966349982e-01 9.653737926468297648e-02 -1.825683842239185672e+00 -1.652230033234667772e+00 -2.739916815963026608e-01 6.481447391695227545e-02 -1.368313794983642362e+00 -4.157368099911720183e-01 -3.535425835410500039e-01
5.236343964239100757e-01 -1.079527241568896567e+00 -5.600960841269281287e-01 1.378017692108355896e-01 -7.614742325501628883e-01 -2.053730000403522826e+00 -3.557330101158110436e-01 9.143174404740887773e-02 -1.612199816901550564e+00 -1.451397418210981893e+00 -2.423154726701605144e-01 6.053584117470517389e-02 -1.195607970078787829e+00 -3.612388101248902861e-01 -3.062634060977332262e-01
5.278273205415198177e-01 -9.590652514969153497e-01 -4.978993804083322594e-01 1.235510465785514544e-01 -6.918171996324605777e-01 -1.868133563718610279e+00 -3.226487086265739102e-01 8.180213443744509261e-02 -1.491486767571715610e+00 -1.347594838292759389e+00 -2.241269164239122758e-01 5.411164691762927054e-02 -1.127625439229782867e+00 -3.423682957505780888e-01 -2.950629010496077509e-01
5.319960279023402405e-01 -8.799405314278644363e-01 -4.570562670131155802e-01 1.128033651169264989e-01 -6.364645199208116555e-01 -1.718881774313288924e+00 -2.973232182628062215e-01 7.548197383073497468e-02 -1.369533840633506472e+00 -1.236059994432071374e+00 -2.061577811804009008e-01 5.051092512682504171e-02 -1.028633846820093956e+00 -3.116399870081663082e-01 -2.666233218881465250e-01
5.361714592099571242e-01 -8.023146520471819976e-01 -4.168515543644343846e-01 1.007406272962063504e-01 -5.713357184479955775e-01 -1.551308959280201627e+00 -2.680303712068495270e-01 6.588524115641210266e-02 -1.217825130655662669e+00 -1.104598510598436834e+00 -1.834405238452667120e-01 4.277396212993060665e-02 -9.102691975017274117e-01 -2.771867411874336939e-01 -2.357612395499800451e-01
5.403746330902056139e-01 -7.049092224184253519e-01 -3.672063390627818280e-01 9.106657391024179649e-02 -4.869127849296991384e-01 -1.318973517321257338e+00 -2.286899419578859449e-01 5.807940279280946611e-02 -1.029126748621039811e+00 -9.305690049652055595e-01 -1.549313397748094123e-01 3.740510517463069284e-02 -7.650363163728366445e-01 -2.323187607990848114e-01 -1.972033782148044645e-01
5.445761264886261888e-01 -6.722502041887528090e-01 -3.483798475704480979e-01 8.297310372200202011e-02 -4.696867968139493699e-01 -1.277688024300226877e+00 -2.203647167131142226e-01 5.342993891107962467e-02 -1.002916530344684753e+00 -9.111294933294418197e-01 -1.514695117358515475e-01 3.503204084525317341e-02 -7.536703958084227661e-01 -2.298551171937521787e-01 -1.962235525547720294e-01
5.487504490749764985e-01 -5.542149182163258470e-01 -2.887207729714189597e-01 7.136838611933077337e-02 -3.799284363634664041e-01 -1.029501228274385616e+00 -1.786213058274666032e-01 4.534530864338204292e-02 -7.979408289624996264e-01 -7.210037841602857656e-01 -1.201257608055423115e-01 2.919262579586570650e-02 -5.890642822249647637e-01 -1.785732989685299976e-01 -1.507341050367430602e-01
5.529407179677009454e-01 -5.000235088396064453e-01 -2.598829040607437135e-01 6.259393814142012735e-02 -3.469827659348217463e-01 -9.442193566341167132e-01 -1.633125503407332202e-01 3.991716121252160410e-02 -7.440081800863370676e-01 -6.758201014507180249e-01 -1.125593165142492469e-01 2.599664930099911814e-02 -5.604250002262504138e-01 -1.709352650694136444e-01 -1.461378228877254493e-01
5.571409157079509900e-01 -4.747568102716659966e-01 -2.466074193533825121e-01 5.792446775179214968e-02 -3.341058182144436839e-01 -9.126880597638157289e-01 -1.576459886038407143e-01 3.724897209701519274e-02 -7.204798648666949079e-01 -6.569837025216457294e-01 -1.093694542048870982e-01 2.443032516945269420e-02 -5.448339710615649478e-01 -1.667771358488095990e-01 -1.424380694270772074e-01
5.613298693710127019e-01 -3.985535928510829939e-01 -2.080034370111879805e-01 5.045887917340508705e-02 -2.730266355594439531e-01 -7.430186875314827022e-01 -1.290769199541345058e-01 3.201591982337040343e-02 -5.813033136482939067e-01 -5.274434110351104987e-01 -8.802128555347879524e-02 2.073524945913089723e-02 -4.355466851365801251e-01 -1.325979025546364654e-01 -1.130279031566761155e-01
5.655062246218995892e-01 -3.614815090807499964e-01 -1.882137300698654425e-01 4.483555456396780964e-02 -2.523216420693022988e-01 -6.896786210810668116e-01 -1.193243078072892260e-01 2.827338212705790554e-02 -5.478469652740503015e-01 -5.000260538113632247e-01 -8.336359482377449226e-02 1.850279470091599140e-02 -4.188133334469893443e-01 -1.283765808270345699e-01 -1.108622498559134750e-01
5.696867424029971039e-01 -3.423664589074613129e-01 -1.772458464255973198e-01 3.959889632617122346e-02 -2.354478848750010955e-01 -6.484617126398296572e-01 -1.115560407249894942e-01 2.487681484131532353e-02 -5.091923521861935198e-01 -4.676181764622556747e-01 -7.752098350535710503e-02 1.619256758478850727e-02 -3.869144967848833772e-01 -1.191879939110241232e-01 -1.017299428125617161e-01
5.738956954203543459e-01 -2.559561040375413210e-01 -1.334522848091818370e-01 3.322884303201398271e-02 -1.711122712536477519e-01 -4.652466644661043538e-01 -8.069456935030150380e-02 2.047010394371956768e-02 -3.572745886560311224e-01 -3.232270843670370097e-01 -5.363490032950618547e-02 1.298553143678937358e-02 -2.629950016924707534e-01 -7.976458100312004695e-02 -6.730328083082441626e-02
5.780928920821047923e-01 -2.491706030985998133e-01 -1.298394976572790072e-01 3.063412962514366553e-02 -1.704474371639023711e-01 -4.665225012374265012e-01 -8.089197214322267626e-02 1.916657621917968943e-02 -3.642854465012290155e-01 -3.324410164409936086e-01 -5.548025501865577747e-02 1.241320482187350561e-02 -2.740643895659778950e-01 -8.390737174546346322e-02 -7.137222667031602186e-02
5.822632071880226023e-01 -2.260667797916891264e-01 -1.178756703880820961e-01 2.816683291531700550e-02 -1.550786492463279709e-01 -4.242174749811530865e-01 -7.346649697050344763e-02 1.756226209895803136e-02 -3.325098351199993751e-01 -3.032755946118351198e-01 -5.050870663123711163e-02 1.135582874865896652e-02 -2.509778488451565592e-01 -7.681177103871708600e-02 -6.560478820060021421e-02
5.864430803127811398e-01 -2.048229236725035984e-01 -1.073408831988550138e-01 2.608454312742587364e-02 -1.409367808466157057e-01 -3.850678308510724346e-01 -6.705515773515302591e-02 1.624114206083784179e-02 -3.030327508528551372e-01 -2.760500652302506075e-01 -4.627678434869012675e-02 1.057420468820902300e-02 -2.291222998829096635e-01 -7.004608564053269038e-02 -5.996361533346433043e-02
5.906376733072625784e-01 -1.696849890558849994e-01 -8.862698780991652703e-02 2.092514519834457604e-02 -1.139353631340383893e-01 -3.123086155394428354e-01 -5.420662387807815424e-02 1.289081765056161039e-02 -2.419886752418909381e-01 -2.207966132765920020e-01 -3.683481473409001838e-02 8.326804706694716784e-03 -1.811731679861627864e-01 -5.540008043024177015e-02 -4.701577558787103928e-02
5.948356627105599870e-01 -1.534810472139990778e-01 -8.018431527333903797e-02 1.903346392303554430e-02 -1.018942602531585778e-01 -2.793111226551027726e-01 -4.849381121123901017e-02 1.153580412722514902e-02 -2.160061071369678842e-01 -1.971014625670391152e-01 -3.287685906593783985e-02 7.372213525205435422e-03 -1.622917265814559640e-01 -4.967129785494420191e-02 -4.239928855584172707e-02
5.990145239901687457e-01 -1.463985786923487908e-01 -7.626938615781901631e-02 1.708201337832818134e-02 -9.828267973374524291e-02 -2.710224905470524637e-01 -4.689723211407997167e-02 1.048455675674480475e-02 -2.095768884768373086e-01 -1.923947346247120715e-01 -3.205743798714123793e-02 6.746633838370810418e-03 -1.579086109031200558e-01 -4.860008461714579453e-02 -4.132189616964011825e-02
6.031829950841108845e-01 -1.242624225093526547e-01 -6.491978229641180709e-02 1.484802865461544788e-02 -8.186585019819170306e-02 -2.252899837816972339e-01 -3.915815551854398557e-02 8.965112052064209622e-03 -1.735740088494895639e-01 -1.589874987516996241e-01 -2.660517852015909304e-02 5.736872864836194477e-03 -1.299683555850880134e-01 -3.991168934892493081e-02 -3.374712590837859738e-02
6.073740526175752663e-01 -1.114489431628197524e-01 -5.805365426183323879e-02 1.299044113909525108e-02 -7.391171810724825320e-02 -2.040479089457833684e-01 -3.531680525730826470e-02 7.849026099907443696e-03 -1.572724027876319930e-01 -1.445513581049461538e-01 -2.410407299100572262e-02 5.031007501266633770e-03 -1.183201582985500544e-01 -3.645235667579649341e-02 -3.088212413647187932e-02
6.115768023320514724e-01 -9.453531437693973860e-02 -4.918980512388267806e-02 1.092165750640997079e-02 -6.287985062164616612e-02 -1.738288082107159183e-01 -3.004895735358009690e-02 6.608469215222888618e-03 -1.354195739463088244e-01 -1.246869586645306394e-01 -2.076976202985799519e-02 4.255816761548645265e-03 -1.030757027127477549e-01 -3.183291683645179948e-02 -2.720421329652484774e-02
6.157710000000914397e-01 -7.765248043034371495e-02 -4.056017249283773440e-02 9.454275174729897049e-03 -5.120161182114950360e-02 -1.405571632813132910e-01 -2.442546931041530284e-02 5.773423406907308812e-03 -1.081031837918228627e-01 -9.865172076266193191e-02 -1.651124479918490012e-02 3.744983161073714602e-03 -8.057160260594266321e-02 -2.462884281490046456e-02 -2.080480851575791310e-02
6.199632023912512446e-01 -7.317826122108887776e-02 -3.834116777521354158e-02 8.925548117522752109e-03 -4.856789826950570765e-02 -1.334026345224358368e-01 -2.324697204887947802e-02 5.469024273502645292e-03 -1.025513729153512826e-01 -9.368362156005748120e-02 -1.571134299955367908e-02 3.524446844207660898e-03 -7.626084733985034891e-02 -2.333834516777430479e-02 -1.964909547291952482e-02
6.241630060990407403e-01 -6.488922695313893707e-02 -3.381166156224348074e-02 7.380402723375209875e-03 -4.320988101823762528e-02 -1.195633292364110117e-01 -2.070578781362646809e-02 4.504282128449668514e-03 -9.299051257628751510e-02 -8.565794639351868855e-02 -1.432110486132178243e-02 2.936743171904556034e-03 -7.059580385185053319e-02 -2.179595904787822586e-02 -1.856033726556086810e-02
6.283593402461892241e-01 -5.778873177928572913e-02 -3.023176249142606534e-02 6.776046075861856706e-03 -3.847593547584448465e-02 -1.063590069064362792e-01 -1.848780377248668630e-02 4.101327538580491934e-03 -8.218394557408231771e-02 -7.557410276434232965e-02 -1.264961845994470174e-02 2.635712524699779409e-03 -6.193305415013753562e-02 -1.908540336933501474e-02 -1.617108417614218988e-02
6.325410955997395890e-01 -4.928770557912823952e-02 -2.580208461181050100e-02 5.821301065345890237e-03 -3.272606581162113698e-02 -9.046061066644457693e-02 -1.572578281156853872e-02 3.518283690293290064e-03 -7.029896640600344360e-02 -6.468366867789389352e-02 -1.082387020516271080e-02 2.263492739802135546e-03 -5.320926990917698024e-02 -1.641068471766840911e-02 -1.393482807404355407e-02
6.367142920629192959e-01 -4.349401709853183834e-02 -2.267104669755955551e-02 4.958066860496453294e-03 -2.859483447803619349e-02 -7.925484878107255660e-02 -1.372458800345221878e-02 2.979494929687877096e-03 -6.115248079201823783e-02 -5.637325831318173303e-02 -9.405909914802714974e-03 1.919440978118337748e-03 -4.624981148300538747e-02 -1.428307633755165722e-02 -1.212921156263798567e-02
6.409035099394975177e-01 -3.914654816724057185e-02 -2.040753438758599950e-02 4.330045074809236311e-03 -2.605596818660136510e-02 -7.235852104090684245e-02 -1.253396979922251180e-02 2.644653233259769854e-03 -5.617794885966163193e-02 -5.191812880763666677e-02 -8.686428989433277875e-03 1.729478453066420974e-03 -4.269056927033456489e-02 -1.321417993396700567e-02 -1.122659448897653060e-02
6.451032402190634008e-01 -3.325431417217310226e-02 -1.737226620670254823e-02 3.770276214021045166e-03 -2.180872960232622601e-02 -6.049306099289477462e-02 -1.050342697144471781e-02 2.258796198464284484e-03 -4.632085006619409556e-02 -4.272715432365157412e-02 -7.149420231677256453e-03 1.444826938144202913e-03 -3.477573371211994946e-02 -1.074562342522946724e-02 -9.057980099460179874e-03
6.492879941711476866e-01 -2.878962625080011203e-02 -1.504367838059828336e-02 3.289124621327194162e-03 -1.892044508627041197e-02 -5.243734122777188311e-02 -9.103744413540811389e-03 1.978038155810563341e-03 -4.051609543044359246e-02 -3.735530135677327807e-02 -6.247884388059119984e-03 1.275025915737578158e-03 -3.067821096516011939e-02 -9.478613789784736191e-03 -8.055112904608727892e-03
6.534659541563927476e-01 -2.581586956814927239e-02 -1.348451464302879120e-02 2.898949813925089276e-03 -1.721122679887398740e-02 -4.776025302182712595e-02 -8.287184445580138281e-03 1.771175147875505076e-03 -3.687315107725643720e-02 -3.403552018522484207e-02 -5.702091406592274883e-03 1.155202551166002733e-03 -2.789032014550052799e-02 -8.621559352348557442e-03 -7.313314326777050310e-03
6.576591076962554627e-01 -2.140728383139233609e-02 -1.117980937785558945e-02 2.394118408716866975e-03 -1.389593254997683290e-02 -3.859430025394634117e-02 -6.700092771457943040e-03 1.432368021000244565e-03 -2.968630409632264447e-02 -2.740392852661248380e-02 -4.589307462926608440e-03 9.283662817365058917e-04 -2.247458701543466122e-02 -6.947923855914206644e-03 -5.901233592553467751e-03
6.618529307405217610e-01 -1.871025558250314497e-02 -9.776735557697344842e-03 2.087623143470101073e-03 -1.225231098352428348e-02 -3.405780199955602688e-02 -5.909933184187768362e-03 1.249647656205083541e-03 -2.620601579119048730e-02 -2.422254106452143355e-02 -4.052582548386884399e-03 8.075938376274277098e-04 -1.983352766308027829e-02 -6.139777777866501154e-03 -5.208495401289638289e-03
6.660240791386257131e-01 -1.654935027505885156e-02 -8.658507990628738077e-03 1.815033359710690889e-03 -1.085634061922552407e-02 -3.022433220757421435e-02 -5.256929043507511425e-03 1.093251878842893803e-03 -2.324754607023186634e-02 -2.151805223270504899e-02 -3.614365586442519571e-03 7.090813534721309829e-04 -1.762745740285828755e-02 -5.463657859659867833e-03 -4.638773842949285575e-03
6.702067828716186115e-01 -1.485060525550636543e-02 -7.738342071109466022e-03 1.559722354666037356e-03 -9.672774914809228672e-03 -2.703940199259507321e-02 -4.679896149016348969e-03 9.282617067179187728e-04 -2.076419281259116525e-02 -1.929903386449546496e-02 -3.230833519057749702e-03 6.026261784044497282e-04 -1.578355979589128946e-02 -4.911666764135616189e-03 -4.158633509815171971e-03
6.744172070879622671e-01 -1.162956074738177338e-02 -6.085278752326425504e-03 1.306996494799212176e-03 -7.551570722382685424e-03 -2.098750697166744741e-02 -3.651592875022446373e-03 7.822218084148691627e-04 -1.617681568185760921e-02 -1.493784521880573563e-02 -2.505138706816559778e-03 5.061546744257458064e-04 -1.228813157315057809e-02 -3.800857624474224001e-03 -3.240027162871847877e-03
6.786118453466847278e-01 -1.079401239367053927e-02 -5.636019712395957254e-03 1.154760071524665432e-03 -7.129995239708146644e-03 -1.989134755918625652e-02 -3.449646217539025644e-03 6.979317733284075460e-04 -1.552266027546571683e-02 -1.441334077449007642e-02 -2.417700812381856287e-03 4.583429187502620502e-04 -1.194721304384280085e-02 -3.716368677994184508e-03 -3.182649462683694811e-03
6.827984616056306244e-01 -9.131371420643666706e-03 -4.772436153675302210e-03 9.935036233258496673e-04 -5.949305928829127545e-03 -1.659293520081603010e-02 -2.880916645179002530e-03 5.911908556553000958e-04 -1.281050820652465672e-02 -1.187741570202471321e-02 -1.992018842417539719e-03 3.836574073513117290e-04 -9.781306761919817197e-03 -3.038059754142129025e-03 -2.591739195592255088e-03
6.869817177358829019e-01 -7.853849924053859025e-03 -4.098000344617823074e-03 8.291487091016310753e-04 -5.052854915663972449e-03 -1.412555349296440096e-02 -2.448837217143643493e-03 4.886845085888202270e-04 -1.086190992917894504e-02 -1.009365503825676406e-02 -1.691173234752172804e-03 3.163056774260327103e-04 -8.290368013234067704e-03 -2.579959524555298662e-03 -2.196201047759100550e-03
6.911718524128840357e-01 -6.835108716423593522e-03 -3.574251220151075832e-03 7.323236875621701777e-04 -4.450293909362593170e-03 -1.242400508732336220e-02 -2.160003536691997451e-03 4.394075436772350708e-04 -9.577508157955159571e-03 -8.887124343058454626e-03 -1.492769782905024141e-03 2.865844511206494007e-04 -7.288707360560910294e-03 -2.264348311409094053e-03 -1.920951806053380895e-03
6.953555746427921846e-01 -5.806802989546481011e-03 -3.038009018407713223e-03 6.287608579141822042e-04 -3.742665879760079077e-03 -1.044186195719492422e-02 -1.815069534654862368e-03 3.717852978640352139e-04 -7.946550831186467018e-03 -7.367648219025115831e-03 -1.236088435073410445e-03 2.385326366830648435e-04 -5.980737860278992866e-03 -1.856367768349526191e-03 -1.563354340895006973e-03
6.995344561305086861e-01 -4.970933181096513949e-03 -2.598453118421015316e-03 5.285853458470069930e-04 -3.247661462623009556e-03 -9.076459672245646565e-03 -1.576650373899709341e-03 3.168479530864040531e-04 -7.039981879786656564e-03 -6.541746720242718957e-03 -1.098723801415655210e-03 2.073550132192030718e-04 -5.403212489940376582e-03 -1.681340067079862633e-03 -1.437004267382922633e-03
7.037287066792784485e-01 -4.177315742340241382e-03 -2.182363361367919193e-03 4.438520771308985700e-04 -2.696950522985974014e-03 -7.532687890737407160e-03 -1.308054352250037416e-03 2.634305362981121919e-04 -5.773000278770686576e-03 -5.358302571505297630e-03 -8.997543005469794530e-04 1.711893100767690338e-04 -4.384427314136124867e-03 -1.362322929617410623e-03 -1.155828238939362890e-03
7.079143033440539190e-01 -3.761685095434836104e-03 -1.964823038974606619e-03 3.900269485451249014e-04 -2.442017850978358846e-03 -6.837933841851988326e-03 -1.186998855554137824e-03 2.328137510499723312e-04 -5.260822417020158057e-03 -4.896613949297339702e-03 -8.228508159825353085e-04 1.522466949845715796e-04 -4.015173189437231012e-03 -1.250945372041644722e-03 -1.063084633341342643e-03
7.121186686741065586e-01 -3.251304274087598971e-03 -1.695059993343236504e-03 3.315335574643877062e-04 -2.099365515776674147e-03 -5.889874407045328671e-03 -1.019698642652756403e-03 1.956427635406964569e-04 -4.530712989582365811e-03 -4.224202550865899589e-03 -7.078857495226146580e-04 1.271811370413669976e-04 -3.463416454035471524e-03 -1.081125727419326651e-03 -9.186346817272913589e-04
7.163134555705721329e-01 -2.724216544919152126e-03 -1.422606173841953507e-03 2.804298971295079513e-04 -1.760759059305035254e-03 -4.933096886020065137e-03 -8.557541524662307412e-04 1.669470489144061348e-04 -3.766366518500895155e-03 -3.506535048078236998e-03 -5.885175330222869967e-04 1.088114838808589913e-04 -2.858535267304919240e-03 -8.903412693641336514e-04 -7.525578370548833586e-04
7.204913713645887396e-01 -2.293956604320889544e-03 -1.195382096981694418e-03 2.316803604762324186e-04 -1.488915076698399311e-03 -4.176173659827728084e-03 -7.234951085208895377e-04 1.375614804762866528e-04 -3.234947372073471595e-03 -3.017943118591438680e-03 -5.063254654700374748e-04 9.004345190959328832e-05 -2.492450036806553686e-03 -7.790712593206269247e-04 -6.659913973169267554e-04
7.246803275165087932e-01 -1.952499691020742698e-03 -1.019178475738208951e-03 1.995409531135820943e-04 -1.263447181938788912e-03 -3.543497092582070969e-03 -6.146409840507275789e-04 1.185359247566835039e-04 -2.717809863858378343e-03 -2.534349046885223111e-03 -4.257815607064865796e-04 7.748083719205032778e-05 -2.068016271924021272e-03 -6.452596960007736396e-04 -5.449947208987460058e-04
7.288763115175647123e-01 -1.710703778648082042e-03 -8.915087951952419595e-04 1.687607217578032941e-04 -1.086373716825954350e-03 -3.054522657006371236e-03 -5.290492910959127514e-04 9.871099378068414994e-05 -2.318027619212327094e-03 -2.163924909378515862e-03 -3.629051659867500159e-04 6.379336294157275514e-05 -1.753215179415410722e-03 -5.477687672892217604e-04 -4.599092531781912930e-04
7.330585840505703388e-01 -1.418302561077856459e-03 -7.400948697252355754e-04 1.423512664368590998e-04 -9.194525601141282202e-04 -2.581331141663452747e-03 -4.478484442588852527e-04 8.492686364867390474e-05 -1.979386463863345817e-03 -1.847480011541820753e-03 -3.102300667988924700e-04 5.551350239804870874e-05 -1.508224304511573575e-03 -4.711317870809848731e-04 -3.984341584107971485e-04
7.372316440474646626e-01 -1.216177197721100486e-03 -6.341523186123656803e-04 1.201640311920139885e-04 -7.818641210796118931e-04 -2.197928972275645879e-03 -3.811798058885314624e-04 7.155254571427198417e-05 -1.681651615821464505e-03 -1.570194389717197549e-03 -2.639794713564527990e-04 4.684786339358223571e-05 -1.281053548309940733e-03 -4.001424666901779088e-04 -3.381701796585821697e-04
7.414228560306842519e-01 -1.060435958814322840e-03 -5.541754463893088303e-04 1.050277824760944531e-04 -6.833837458276235911e-04 -1.921156492412966123e-03 -3.335349099501116478e-04 6.210531168436648347e-05 -1.467462833484517188e-03 -1.370481709846443127e-03 -2.304986866792368429e-04 4.041151131796790239e-05 -1.116470222114055279e-03 -3.490400035518579237e-04 -2.948816661618546128e-04
7.456189213758863676e-01 -9.213994056184411164e-04 -4.805434856662418115e-04 8.962952371875023013e-05 -5.997947317492155397e-04 -1.687916704771684397e-03 -2.923746604016606333e-04 5.319908747959931251e-05 -1.305945276063910426e-03 -1.222065291780910024e-03 -2.054544772424447699e-04 3.514934149193788205e-05 -1.006585251751474864e-03 -3.154470955789137111e-04 -2.688472210289278089e-04
7.498104337627916616e-01 -7.404888640234357812e-04 -3.865521580234104596e-04 7.260170621946066948e-05 -4.666864265295346840e-04 -1.310839016800734473e-03 -2.274653347893661702e-04 4.268425090941596546e-05 -9.941591475952646709e-04 -9.281371212650057351e-04 -1.560604504544394486e-04 2.788148860818630994e-05 -7.535038005481115107e-04 -2.353844104252828656e-04 -1.983041478451945600e-04
7.539974189770904944e-01 -6.582446956588118006e-04 -3.427369215808327577e-04 6.280911487835814304e-05 -4.153873295617388191e-04 -1.169118381985675536e-03 -2.025810093694342283e-04 3.680774319870951903e-05 -8.857664766489340433e-04 -8.283210855001849754e-04 -1.389931158537830987e-04 2.374170994349760074e-05 -6.702922251243020792e-04 -2.100539807076049175e-04 -1.763432170546505411e-04
7.581896411468850294e-01 -5.582767063949026611e-04 -2.901102948718123505e-04 5.132748065969018245e-05 -3.568573052009001178e-04 -1.007211804849070681e-03 -1.739982326927678286e-04 3.037697398439245867e-05 -7.714570420743589946e-04 -7.244052467740004454e-04 -1.214776716029433728e-04 2.003700827052579602e-05 -5.928045575319977264e-04 -1.861759506810224966e-04 -1.581379137665616644e-04
7.623808615479977790e-01 -4.675778109969233706e-04 -2.434526962500184542e-04 4.365702459715533224e-05 -2.978598130160701389e-04 -8.423141348192230999e-04 -1.458806082736403928e-04 2.568315245135748137e-05 -6.451190858607943734e-04 -6.058725219831779564e-04 -1.018928264460628228e-04 1.682038351343868995e-05 -4.968657102818719272e-04 -1.558719325367434623e-04 -1.323654378257167730e-04
7.665651159623174671e-01 -3.916081615924239530e-04 -2.037093734145252097e-04 3.691778970907831479e-05 -2.486863226794807616e-04 -7.009764851739049224e-04 -1.210399832213503022e-04 2.147681208475307342e-05 -5.350913610015978813e-04 -5.013446286261602708e-04 -8.404341012607542954e-05 1.410189667632746701e-05 -4.090337405819366489e-04 -1.283386025560394642e-04 -1.086593214852412374e-04
7.707536355579491794e-01 -3.390628599342042490e-04 -1.763257553163557285e-04 3.106661098110384870e-05 -2.173501803515068113e-04 -6.141852696165220902e-04 -1.063755893213180878e-04 1.835733978454007740e-05 -4.689176255981732100e-04 -4.399036028189174025e-04 -7.401817535786259802e-05 1.218480507234698236e-05 -3.581437958261841437e-04 -1.124119888636747875e-04 -9.469092148882150340e-05
7.749462413082437440e-01 -2.833091491954323562e-04 -1.478972352114173974e-04 2.688486153844003775e-05 -1.791103967123599411e-04 -5.054388140097399113e-04 -8.774228413628401460e-05 1.587791268212111989e-05 -3.815399440740623819e-04 -3.575164240118593119e-04 -6.012953527347473441e-05 1.027210038940661214e-05 -2.892824509754018513e-04 -9.051247822147251649e-05 -7.608984912560352594e-05
7.791369682448587852e-01 -2.374616774386153584e-04 -1.233550247525462453e-04 2.204286469311123834e-05 -1.528033280817093088e-04 -4.322497015718055886e-04 -7.482331155351345500e-05 1.310560005127884813e-05 -3.309783246343727704e-04 -3.118560636594777040e-04 -5.248433891301409543e-05 8.662179454173610471e-06 -2.553268276580470796e-04 -8.038955784655880119e-05 -6.829112263625885528e-05
7.833258353347896108e-01 -2.009437442405755841e-04 -1.042912735953759095e-04 1.826485702360572500e-05 -1.283048828873785050e-04 -3.623707750119307589e-04 -6.257883130215989088e-05 1.084160038687118695e-05 -2.766504271532732855e-04 -2.602008308244660646e-04 -4.369483261425368510e-05 7.068326962024711255e-06 -2.134526538119377380e-04 -6.689345931515584039e-05 -5.688202062330538603e-05
7.875159900600451346e-01 -1.658814936230713390e-04 -8.665465100895341089e-05 1.513171911875424092e-05 -1.061497252951632464e-04 -2.983728710077618827e-04 -5.189851893702505519e-05 9.028335800202806662e-06 -2.290913475947232471e-04 -2.142015241200033026e-04 -3.612713566559526868e-05 5.920039174972404072e-06 -1.748995697765453965e-04 -5.493389905533434828e-05 -4.656289793113621008e-05
7.917084457625156446e-01 -1.401012514383798884e-04 -7.306314120700870690e-05 1.281774099006286503e-05 -8.882878338729505358e-05 -2.492856183774047520e-04 -4.315810194948336312e-05 7.522424037308174326e-06 -1.892668366371112612e-04 -1.778388054711690252e-04 -2.992818483609843504e-05 4.845440835182230054e-06 -1.452725196680831703e-04 -4.563658871225492470e-05 -3.871116817484816840e-05
7.958821468706197555e-01 -1.266728326480461703e-04 -6.547218051418370532e-05 1.118321112713973519e-05 -8.123996920639578977e-05 -2.290131524494555364e-04 -3.933289739204123337e-05 6.515638004872180650e-06 -1.750839870882876575e-04 -1.653429126549452058e-04 -2.761400132866467010e-05 4.293982270022048422e-06 -1.350929367900938617e-04 -4.266838504894251093e-05 -3.626376756985944661e-05
8.000624692379799674e-01 -1.022146436456809504e-04 -5.366402248609564049e-05 9.237656650827019000e-06 -6.561834790986715584e-05 -1.856280196407566509e-04 -3.221927066858212244e-05 5.302112230559815217e-06 -1.422624072487264826e-04 -1.341746719692319735e-04 -2.258946439394015257e-05 3.401369273159586493e-06 -1.103020717930455367e-04 -3.483609659670112730e-05 -2.972092303479254737e-05
8.042564613727184453e-01 -8.660990299167638392e-05 -4.502237498224033073e-05 7.565222615861619264e-06 -5.534696112959838261e-05 -1.573113982910871083e-04 -2.727069378543731153e-05 4.637373828016031994e-06 -1.201597184099430384e-04 -1.130946792395818283e-04 -1.920117530141207999e-05 3.048806680748340925e-06 -9.315837904209396799e-05 -2.936427112065393788e-05 -2.516977504471527155e-05
8.084384822996342201e-01 -7.216892321568637149e-05 -3.795376078046020944e-05 6.579213300281087046e-06 -4.548701488556271250e-05 -1.293834612173093304e-04 -2.231612274086684886e-05 3.767987857725125069e-06 -9.858753973485444918e-05 -9.223428440755918783e-05 -1.553658217690258070e-05 2.486258429365198780e-06 -7.537495162127513468e-05 -2.365796035275086217e-05 -1.993632868567868070e-05
8.126333810499198895e-01 -6.238007281519919196e-05 -3.195835649082419356e-05 5.169604120383469747e-06 -3.944280171457700184e-05 -1.117631006953884632e-04 -1.914229638643705111e-05 3.105427368866250976e-06 -8.388713163283943990e-05 -7.959700481525845239e-05 -1.336842206454057069e-05 2.087993107859131799e-06 -6.438951205688007529e-05 -2.039877672576432060e-05 -1.722856232157621672e-05
8.168271958201180905e-01 -5.122215119203141366e-05 -2.602635978478763326e-05 4.320779528861700650e-06 -3.237763335644817117e-05 -8.989019064921586447e-05 -1.544337002781467463e-05 2.504827032986856855e-06 -6.781242217661359465e-05 -6.441282923134761555e-05 -1.082847016981864152e-05 1.695891329535204257e-06 -5.273441685737821963e-05 -1.659151207663116031e-05 -1.422624844265227510e-05
8.210214995694952167e-01 -4.220741318095019910e-05 -2.174387673329920557e-05 3.852059774402543003e-06 -2.625816210310865810e-05 -7.482789954759005578e-05 -1.284698986747899689e-05 2.062213347817887979e-06 -5.724095037920252829e-05 -5.321820662251708090e-05 -8.898424605887205607e-06 1.370138697679596871e-06 -4.323735468225319863e-05 -1.371132768417724711e-05 -1.147226697284343590e-05
8.252154145000215602e-01 -3.415425722928158155e-05 -1.732516892379648433e-05 3.029241671745974517e-06 -2.140093847446203356e-05 -5.948013114854787262e-05 -1.016281847615905079e-05 1.767522311916082391e-06 -4.580982539035028680e-05 -4.252971132903938481e-05 -6.903468435328246453e-06 1.115459785924349769e-06 -3.474387434047290953e-05 -1.089484052113107686e-05 -9.148294329753399606e-06
8.294030907808404018e-01 -2.927510702038320695e-05 -1.488299636922169427e-05 2.403153135032073815e-06 -1.817850781113803689e-05 -5.045857607339404897e-05 -8.888439920707098303e-06 1.365279648928669930e-06 -4.017209179497854750e-05 -3.654996051908265890e-05 -6.185085812702298806e-06 9.523201706566459620e-07 -3.045945455259566810e-05 -9.447179970224933753e-06 -8.246028102446559998e-06
8.335906150371191758e-01 -2.384328365058841498e-05 -1.253245439001049454e-05 1.843123181550548653e-06 -1.538635824448372476e-05 -4.340883104721849028e-05 -7.428349758450111578e-06 1.049123507151172382e-06 -3.202391324272756286e-05 -3.048233043970666808e-05 -5.194015627749226679e-06 7.339470838851061097e-07 -2.501866444716258390e-05 -7.758134857160148536e-06 -6.823261291776171699e-06
8.377685032221774408e-01 -2.064071465428945362e-05 -1.055700428790932786e-05 1.513555846544724057e-06 -1.235630511182561422e-05 -3.663681629247712759e-05 -6.356306172728462280e-06 1.010553696091003810e-06 -2.589007871392790750e-05 -2.579234887105425785e-05 -4.406200139634352321e-06 6.969607365706821335e-07 -1.967958319331678516e-05 -6.476508195837696877e-06 -5.503313762798115152e-06
8.419567297582307708e-01 -1.860336251864382829e-05 -9.129509180304282457e-06 1.725447472252302604e-06 -1.085990481718109902e-05 -3.134245928398376183e-05 -5.376783811854917721e-06 8.429180095697406289e-07 -2.380442817817574730e-05 -2.241114203470589888e-05 -3.650023790853712120e-06 6.060019641730568027e-07 -1.745745577462969617e-05 -5.624056322797459314e-06 -4.802182106460532284e-06
8.461556544987137718e-01 -1.637142764355090099e-05 -7.583799658943606089e-06 1.213400453152558841e-06 -9.315684787503474262e-06 -2.753529339139402775e-05 -4.496611436706956406e-06 6.770881771098759902e-07 -2.028542170703243614e-05 -1.952963255803338402e-05 -3.124934515632101603e-06 4.611425503522366370e-07 -1.554204354981325234e-05 -4.892798112240379386e-06 -4.034762544388756329e-06
8.503430790983292908e-01 -1.237752151863220252e-05 -6.319329803275115039e-06 9.427294727204662822e-07 -7.768728780741101787e-06 -2.109368513452283852e-05 -3.767289587263897712e-06 5.832351986822092011e-07 -1.517416436579302076e-05 -1.530949108349679294e-05 -2.632767084573038164e-06 3.853119291872006441e-07 -1.230943227869365035e-05 -3.996838569157031483e-06 -3.434105768682976256e-06
8.545245840949285965e-01 -9.667292575963994249e-06 -4.926584012754720334e-06 6.766380403075243508e-07 -6.391023699099229044e-06 -1.850501028766162210e-05 -3.051917670039996359e-06 5.031396885363404919e-07 -1.360304816826764490e-05 -1.321871396247532334e-05 -2.262577041614355738e-06 4.103948854451980782e-07 -1.054744063583184240e-05 -3.540344956107299415e-06 -2.811477148537566288e-06
8.587196449246210506e-01 -7.942005930663999778e-06 -4.049123466407765165e-06 6.781286070418349845e-07 -5.435241185750195768e-06 -1.479276717898628453e-05 -2.420911538093629868e-06 3.776752093180744399e-07 -1.146949187743710978e-05 -1.044370404826505601e-05 -1.720312043545806673e-06 2.492357632674357867e-07 -7.682789783210295672e-06 -2.667079895905628854e-06 -2.394821350273173711e-06
8.629074348139629258e-01 -7.354549829399252233e-06 -3.393289384093397885e-06 5.866606970557857760e-07 -4.867446893483758236e-06 -1.237866265156605931e-05 -2.018189418631699756e-06 3.683595092818174072e-07 -9.489976342434800361e-06 -8.363745633676734334e-06 -1.370486819064581167e-06 2.247648274023062615e-07 -7.605126342729680224e-06 -2.092690895172658770e-06 -2.051200128505833238e-06
8.670852844200982457e-01 -5.694147706409196833e-06 -3.005854544287533121e-06 6.534291831096359705e-07 -3.226786979414872136e-06 -1.034003907568386017e-05 -1.656100982327584568e-06 2.801930312542902026e-07 -6.426834946944712316e-06 -7.266601231997388850e-06 -1.231074752177023167e-06 2.045978945941155029e-07 -4.883740976748650833e-06 -1.722730944545715433e-06 -1.499278951738644251e-06
8.712764316473343706e-01 -3.683119023674134059e-06 -2.146212168205900132e-06 3.991323114788823786e-07 -2.920605466674851652e-06 -6.628026859399193103e-06 -1.314456533010281977e-06 2.239092878029666461e-07 -6.115868365304763814e-06 -5.839430670017614924e-06 -9.648301001869100852e-07 1.547701509348570194e-07 -4.836803274543928796e-06 -1.638860669915191826e-06 -1.244677483927046089e-06
8.754762476624626810e-01 -3.989503207067613528e-06 -1.797669277012646626e-06 2.104243716695642465e-07 -2.148836639245148806e-06 -5.524469089120084920e-06 -1.198637546200507611e-06 2.129107916705510678e-07 -4.471314611282413098e-06 -4.381832692986823586e-06 -7.780520781778236910e-07 1.437195942151339564e-07 -4.108617320577120895e-06 -1.171221222274795925e-06 -1.052108190311212095e-06
8.796707865602606535e-01 -1.459446919331450772e-06 -1.869674260728259745e-06 3.379332193414937598e-07 -2.585829691596297330e-06 -5.656188157451301138e-06 -1.035862431627287286e-06 1.924728255029852962e-07 -5.759052762883972064e-06 -4.426462635984885841e-06 -6.556191911729786008e-07 1.085077226952766239e-07 -3.642552167276293560e-06 -1.220490589879538536e-06 -9.166303323377556149e-07
8.838562222970675064e-01 -2.395906372889228780e-06 -1.736072485158073099e-06 4.012156376592391164e-07 -2.228292186358940527e-06 -3.436228132731901059e-06 -9.199254853714303922e-07 1.049719168679879550e-07 -4.706659897549070345e-06 -2.627538947348817247e-06 -5.971799398754871612e-07 4.285880283033914208e-08 -3.819619884386620939e-06 -7.243069644509377396e-07 -1.018593006291953321e-06
8.880381764417510926e-01 -1.509383585338559454e-06 -1.178805890842659530e-06 1.047503096900754964e-07 -8.892052942395810804e-07 -3.479309989645752089e-06 -7.541624156319722847e-07 8.322187245671509743e-08 -2.490782730721435931e-06 -2.977706981494237485e-06 -4.977505074107257001e-07 4.466637228744372484e-08 -2.235507916774581503e-06 -7.788261171392775642e-07 -6.976627139362900594e-07
8.922270316229049536e-01 -1.436385702117204306e-06 -1.134420276470092233e-06 2.456568844825815271e-07 -8.982655484221659917e-07 -2.855464248302298785e-06 -5.932184623194268648e-07 6.298486704415910828e-08 -3.306574078701676182e-06 -2.299037701483117732e-06 -3.672884413764616342e-07 3.382949823760596134e-08 -2.023528867086051329e-06 -6.324737837705047478e-07 -6.409584191874674750e-07
8.964225585562245469e-01 -2.208373574056661808e-06 -9.358928148694926496e-07 1.360194648624338435e-07 -2.275726093047240906e-06 -4.224242050795946700e-06 -5.196091504401409965e-07 -6.073727739709192804e-10 -2.080209150692684437e-06 -2.929847287349444289e-06 -3.136706031620791648e-07 -3.495212630658502584e-08 -1.581699192125256760e-06 -6.535219049331873314e-07 -5.477276443515362211e-07
9.006049913569987853e-01 -1.789567420387446808e-06 -6.296058478865515944e-07 1.749932172629385652e-07 -1.157349306691728021e-06 -2.448129712150525490e-06 -3.863124377332083642e-07 3.584147013696198575e-08 -2.870537278560795739e-06 -1.798275454126963151e-06 -2.750688219941093647e-07 2.500451823299846787e-08 -1.622793081277875876e-06 -4.986169836583384268e-07 -3.280069679292421465e-07
9.047836582182254839e-01 -1.305427982882283807e-06 -6.127133095083645825e-07 5.166445297892873269e-08 -1.383499538163711761e-06 -2.893865315495087804e-06 -3.068793578914080001e-07 -2.791170254515343203e-08 -1.556702962647793230e-06 -1.590530078837642641e-06 -2.453726120726054722e-07 -2.196464085894575713e-08 -8.630054730362986303e-07 -2.224201585864534452e-07 -4.054609558500912150e-07
9.089780964569278421e-01 -9.534127139760561888e-07 -4.716221052343264204e-07 1.886452449349788606e-07 -8.324904248402112233e-07 -1.989685716590941901e-06 -2.273481538388531016e-07 5.975871471948593935e-08 -1.669198975795176563e-06 -1.523796254108726092e-06 -1.686430995590896805e-07 8.116951748946686898e-08 -9.450426394406560147e-07 -4.436135994338934401e-07 -3.049482182191937918e-07
9.131704587403689510e-01 -7.934959081980621218e-09 -5.138653859727675465e-07 1.410616390447764746e-07 -7.004024400675010700e-07 -5.903103831233922223e-07 -3.072151562988332488e-07 -1.140910442112774793e-08 -3.948325572119996481e-07 -8.674985668530037274e-07 -1.639273175668536070e-07 2.379274071639748428e-08 -8.346471702386631041e-07 -3.002714780337266709e-07 -4.006640994213349225e-07
9.173547920329833127e-01 -7.494289948657913769e-08 -1.981343345957936179e-07 3.832493598750200257e-08 -9.365544848666334141e-07 -5.613381676750369687e-07 -9.493002202412756552e-08 -6.095234464234855316e-08 -3.711265867913148741e-07 -5.651559540196696936e-07 -1.005475670725035974e-07 -4.315401428907902563e-08 3.147252859296997190e-07 -1.336692701639744124e-07 -1.436743270700447162e-07
9.215425617950214754e-01 -4.079823079189535969e-07 -2.510378127668970203e-07 -9.906384487031764087e-08 -3.085599622316288615e-07 -1.318580761807642474e-06 -1.104086222685785815e-07 4.096311442628456162e-08 -1.963954949494294083e-07 -8.543914677776925974e-07 -1.139474585314035382e-07 -7.503361195728886406e-09 -7.658363379564972991e-08 -1.937399969471473697e-07 7.533427522310987767e-08
9.257400405750663142e-01 -6.593299533008545655e-07 -9.305044730685966462e-08 -2.103092620168786716e-07 -4.342763640811378558e-07 -6.220216729923387867e-07 -1.299704946584190491e-07 -1.199841539780866889e-08 -3.321542755092701579e-07 -5.265287548384267455e-07 -1.485843636885610722e-07 2.549302833775558650e-08 -2.112980599986937129e-07 -1.717261440299789625e-07 -2.380376033996566337e-07
9.299303352268617484e-01 5.170015204718129212e-08 -1.717267032873951765e-07 1.033102126350500661e-07 -4.578598235492908226e-09 -1.774499945691913925e-06 -9.302326104999289608e-08 -1.515443319460871506e-08 -1.703232310405050627e-07 -1.163254737764323113e-06 -4.251516590039118246e-08 9.839228862656795391e-09 -1.015320840981924127e-07 -1.811268132948941909e-07 -1.392581061623817012e-08
9.341108300097852313e-01 9.725200948374403514e-07 1.384012970989085816e-07 -1.324800302605796364e-07 -9.976326298258101940e-07 -2.586658269770199723e-07 -1.589650789100832338e-07 6.353385987355849511e-08 -7.943931805914732631e-07 -8.594047812070864909e-07 -1.177548935144444880e-07 7.043731271939545086e-09 -3.608043466839166797e-07 -5.628702518970677734e-08 -1.687707616705751555e-07
9.382896253999645220e-01 -4.710899111394986632e-07 -9.542093766188462208e-08 1.497490872895867452e-07 4.878836176968786657e-07 -7.721158971052515203e-07 -1.240078439192640994e-07 1.260927803462915920e-07 3.464630183080732243e-07 -5.531360517312129017e-07 -4.461558608586116329e-08 1.571973516727266468e-08 6.456174323595637214e-07 -1.612452540731442667e-07 8.026269156653642462e-08
9.424819561228944265e-01 -3.975266535220498926e-08 5.140513756376561160e-08 -1.601459890857106518e-07 1.177393784747255853e-07 -8.103803355525911976e-07 -4.926283200944797939e-08 -2.118038382575851841e-08 -7.885466771738721932e-08 -6.817403012449886582e-07 -2.369140957281841996e-08 -7.072102352870763336e-09 3.116454314630712289e-07 -1.252139977131649630e-07 -6.704699886678368842e-08
9.466849863120379016e-01 -1.008190232966230678e-06 -1.165764622990925014e-07 2.108037321775571575e-07 -4.910229197824875143e-07 -1.047805869023867648e-06 -5.076616389618599963e-08 3.130253980687188036e-08 -1.243749902036549490e-06 -3.712896187867305827e-07 -3.958631250696237584e-08 -2.552099128481692076e-08 -5.327363630030356402e-07 4.064060452985783305e-08 2.468126352364569308e-08
9.508714331057195324e-01 4.328211394512796027e-07 8.328070560088920117e-08 -3.912880920169696888e-08 2.105554233283123734e-07 7.993425681971213297e-08 -1.061963844660723322e-07 6.506569611142148408e-08 1.030256818864259229e-06 7.672061479280578410e-08 -7.301580864872181027e-08 2.091649863797499531e-08 2.890414527402781282e-07 1.211828270999371707e-07 9.429490046362133254e-08
9.550563230073290111e-01 6.718833684851945475e-07 -5.536083857772979657e-08 7.335648359516353503e-08 -1.371745275253344534e-07 9.472858046779023649e-07 -5.224350671742357467e-09 -1.802962919181174994e-08 1.490798482158068823e-07 3.359319932090582609e-07 -1.900485214835878644e-08 -6.524077886341998783e-08 4.952335901640829686e-08 3.593954561637732608e-08 5.165800297403848256e-08
9.592513211539739348e-01 4.005945304775946409e-07 -2.324410292088707902e-08 1.115101292435615070e-07 -1.344527905044195274e-07 1.248774887878076358e-06 -1.043095716866191523e-07 4.145233272278973715e-08 1.269003694669645720e-06 5.853766781575548362e-07 -9.682934504157411793e-09 -1.525194950650464341e-09 4.032643295634346758e-07 5.501059968038102470e-08 2.140534149514796906e-07
9.634451052878124644e-01 6.973026725882523465e-07 -4.032657154797571365e-07 3.497413594885540060e-07 3.085788650954173614e-08 6.835104343924669424e-07 -8.973246751785054526e-08 3.491158331584787036e-08 -1.558177159573748948e-07 1.637717980845741230e-07 -1.495554857361241246e-08 -1.719919543601221466e-08 -3.023182546971945552e-07 5.328288465663055921e-08 -2.179125836142456319e-07
9.676230540453005791e-01 -7.450939565537460296e-08 -1.917880760771058138e-07 -5.775481195848139760e-09 -7.865644336991933094e-08 4.402717554802735819e-07 4.405231563295599827e-08 -2.622589520093668516e-08 -6.281973516055517946e-07 -2.407300466721467631e-07 3.760962734657738812e-08 -4.474745025831848792e-08 -4.390494087323396311e-07 -2.847339601607761849e-08 1.296188545708682746e-07
9.718094297475188270e-01 -1.401548622734657540e-07 9.322524790173043101e-10 9.168808026546177264e-09 8.635172812206413652e-07 -9.714043619998463402e-07 1.182177865258069068e-08 -3.109935798490725697e-08 5.883263649514645595e-07 -5.756197562012787753e-07 2.360974609083423442e-08 -4.226424284156346842e-08 1.935374974946749943e-07 -1.011161258890549603e-07 -9.615494600819260101e-08
9.760091362076940280e-01 -2.613260134934151555e-08 -1.394371441001972208e-07 1.645951444394806281e-07 2.313795624297088575e-08 -6.224090198452466220e-07 -2.827021720994605024e-08 1.146065516865095754e-09 4.597777882197992476e-09 -8.861628381614688189e-08 4.086633450144156988e-08 -3.699397991601637938e-08 4.687526820754391100e-08 -9.402628740966991339e-08 1.196521848477623724e-07
9.802075838006468755e-01 2.397800892307524732e-07 -3.522048943479121083e-08 3.701066464075600468e-08 -1.252107946404985372e-07 6.189194643860904293e-07 1.200535317845553076e-08 2.946534281027468788e-08 1.791726807552216859e-06 2.969214996587620598e-07 2.500135975664866405e-08 -1.793809212266894702e-08 5.283548751650308092e-07 -6.923839386547430758e-08 6.073787485275729239e-08
9.843901124947946890e-01 -9.548389666620623924e-07 -1.574414335866084812e-07 1.485608671873906573e-07 9.380130380647683235e-09 -1.229779004242545057e-06 -3.251087809816955678e-08 1.750819140717538664e-08 8.759652677992028611e-07 -6.637906604821257558e-07 1.617607669266428938e-08 -3.484927541119308547e-08 -5.171791109715969015e-07 -1.963629328537467034e-07 -2.627659367710224321e-08
9.885650797815361823e-01 2.347224712873956489e-07 -2.880894052270741408e-08 8.267683778499864715e-08 7.542929498700392788e-07 4.715976212195759939e-07 -9.688931361176699059e-08 8.127396294161460310e-08 1.043359819485011779e-06 4.309412007059514356e-07 -7.062113890818653421e-08 2.029960849863915793e-08 -1.826334484345816708e-08 1.131450204782864096e-07 -1.388815583573188872e-07
9.927561705083151056e-01 3.918646707919713218e-07 -7.966997936435097209e-08 1.879113328869716170e-07 1.098634841042204286e-06 5.596217155378158458e-07 6.156683871590989714e-08 -4.951647785515799963e-08 8.987147258212976704e-07 4.505912041101983910e-07 2.570056323529331788e-08 -2.558109359954795833e-08 -1.109358173278905363e-07 -8.273696586449598770e-08 -1.703875042266948729e-07
9.969400597939003239e-01 -3.782357253757991186e-07 9.375642859666915896e-08 -5.160873941305431503e-08 6.291423439078032301e-07 9.571278807833133395e-08 -1.321622597237849210e-08 -4.791057370325346127e-09 1.517279603979355250e-06 4.688762402943510096e-07 -2.026956466655494120e-08 -1.235089900011527932e-08 2.159543360431061194e-07 1.288692158320486695e-07 2.470202883663133048e-08
1.001125867816581083e+00 -8.154981947180306533e-07 -4.927432270766615474e-08 1.036429693570908698e-07 -3.870022365829101502e-07 -4.767643060741783198e-07 -5.136664968173104962e-09 -2.628808259333433054e-08 -3.029001310413971913e-07 -2.333294144829290097e-07 -1.287498207769068947e-08 1.041439805548767349e-08 -4.939192419465784475e-07 -3.645762647716746227e-08 -1.879426624701726057e-07
1.005315482813002204e+00 2.320671873795775654e-07 -1.540371768406081971e-07 -1.766011454152086926e-08 -5.025596881086086173e-08 -9.263257082460164369e-08 1.008357103512996032e-08 1.863230054623612641e-08 8.971857009523258871e-07 1.750571292838904991e-07 8.898353614828585493e-09 -2.902484953135262362e-08 -5.327064547830900047e-08 8.900794202211035254e-08 -1.119114858297874237e-08
1.009503724426713545e+00 1.184684909445558664e-06 -5.081146550118883588e-08 -2.452970311717666840e-08 -2.305166919931081626e-07 6.348460966074951763e-07 -7.128911397033125216e-09 -5.149963408852387692e-08 -2.579576760455916034e-07 5.124598781049974680e-07 3.142270984784070509e-08 -5.425468159103910232e-08 1.386485816537702589e-07 1.409790282568793679e-07 8.370742221971824738e-08
1.013699103815393299e+00 -9.201433549944938889e-07 -2.393366054144907130e-08 6.467834344522314081e-08 1.998486658419368604e-07 -4.710576827330661926e-07 -4.366415954786172505e-08 -3.535073832067184337e-08 4.772716224693595303e-07 -7.795782609502738868e-08 9.921142743259947055e-09 -8.605578250179812557e-10 -5.638959301806180961e-07 -1.265816253024401327e-08 -3.464830771679554577e-08
1.017885842421875964e+00 -1.977865989123093300e-08 1.319815238009859734e-07 2.949955437108974280e-08 -1.248969065743010303e-07 3.423382183147538182e-07 -6.898611154788199886e-09 1.011729404171808983e-08 -6.262343631144648175e-07 -2.062229335037282983e-07 -4.577534837894412064e-08 2.314455851275059508e-08 -7.241730474411481467e-08 -4.230065731070733787e-08 -2.227789747827593172e-07
1.022076284359184406e+00 2.818625242538952221e-07 4.418355252212833050e-08 -1.655487647305537937e-08 5.955754318689480052e-07 7.544164016172112788e-08 5.207990554608600897e-09 9.774932229192707374e-09 -5.890877204096583039e-07 2.919332697591110273e-07 -1.646653864759169060e-08 1.175779759316722854e-08 -4.715004878398960328e-07 1.835970934868720692e-07 -1.864478599221748491e-07
1.026273875264014812e+00 -5.285583013517106788e-07 -6.346897475621850411e-08 4.947221798736380159e-08 6.582291549296653393e-07 -4.893516574026836982e-07 -4.110167526690728346e-09 1.497734333258136149e-08 1.682311974181529955e-06 -1.237027476918766959e-07 5.454952040552274886e-08 -5.576255206327649509e-08 6.797007430585284681e-07 7.508146795790247517e-08 1.130910697632974527e-08
1.030463237552156075e+00 -4.025792655522955278e-07 -2.312484041753338252e-08 1.307061962463485764e-07 7.640374321865148085e-07 2.636151742055619171e-07 -8.823263988717539448e-08 1.876937426462144489e-08 5.049667218059678553e-07 -2.810803913318484524e-08 -3.025784695223018022e-08 -5.345960821535278594e-09 6.848552736036563054e-07 4.632112875618822304e-08 2.135029380623896572e-07
1.034646639530784062e+00 -3.433605247185626334e-07 -5.885591912582331489e-09 8.163133044519424788e-08 6.755814838783637411e-07 -1.312727640037477017e-07 4.970624292390518374e-08 -2.881794848147363135e-08 7.653725874422826917e-07 2.512658509589093038e-07 6.879315808213632670e-09 -2.248214065226464689e-08 2.654483166627744992e-07 2.099083288309866241e-09 1.685983946812337241e-07
1.038830480088573260e+00 -7.376181661629925130e-07 -1.665025673193383658e-07 4.534081792609468497e-08 -5.062111506264656941e-07 -9.213730302775870740e-07 -6.400569472158127899e-08 2.389577031466761850e-08 -2.820853015964836267e-07 -4.991099312300132146e-07 -1.060776179008302421e-08 6.578845163400158159e-08 -7.691131660001854800e-07 -1.008973844515544124e-07 2.679696976342862323e-08
1.043023229532383578e+00 1.137880551034598340e-07 1.261217791366754249e-07 -7.690075625602291785e-08 9.957574825235836644e-07 2.340759346698857570e-07 3.234781766233369157e-08 -4.087927921324383126e-08 1.078510666522721258e-06 6.901013394243254915e-09 -2.758144041498975219e-08 1.276778637692162648e-08 4.804264064195434197e-07 7.646002176342407981e-08 8.028456057527673234e-08
1.047211320931656031e+00 -7.093321992327670320e-08 -4.474292070155883698e-08 1.391459577787741324e-07 -4.888354661789910774e-07 -7.366414382709632316e-07 -9.999145699874189990e-09 2.075500865473197918e-08 -3.824667471137922739e-07 -2.150204118278406210e-07 2.021986693253658757e-08 -8.547204931152989534e-09 -2.360813443347395711e-07 -2.421649582610228888e-08 -4.985723547932725598e-08
1.051395396220772938e+00 -3.387874585377632934e-07 1.600947156477133417e-09 -2.497242750989281394e-07 -3.342615722644911877e-07 -2.563505430315148669e-07 -2.927333382037781343e-08 -6.206976351050121172e-08 -3.166852739413553773e-07 -6.185659858292151395e-07 1.574193619706446417e-08 -3.161521686124278677e-09 5.667589253463442073e-08 -1.013005715543112719e-07 1.528604003776789436e-07
1.055587561333155788e+00 2.341804624901398980e-09 -2.027667544042208905e-07 6.175718352759749046e-08 8.106514407010505828e-07 -3.628645925853787419e-07 -5.936477380193870611e-08 1.879345531446373557e-08 1.888231572789956426e-07 -2.150628992124506092e-07 3.180172712275761786e-08 -5.956384849020361684e-08 -3.330682347031133974e-08 -4.015335809935490397e-08 1.576226616231185129e-07
1.059780855230085139e+00 1.416347446645094522e-07 -1.783613804320675560e-07 6.035815154442440536e-09 6.051679068649933142e-07 -2.513947896171129851e-07 -6.500837559013226746e-08 7.011569813586757247e-08 1.241644390678792917e-06 6.614478993610307859e-07 -5.336376700541496494e-08 2.303942350649818502e-08 2.808189563640849568e-07 1.254849738188707657e-07 3.025453196542418223e-07
1.063968553353427993e+00 8.113981655371298370e-07 1.803793799523021442e-08 -1.197785266090238933e-07 -1.734295265971012777e-07 1.177178960049412140e-06 7.899201171775573190e-08 1.917470028663858141e-08 2.316871491041614016e-07 3.321718149148072348e-07 1.081188488504309470e-08 3.237640572024219169e-08 2.988496672546846645e-07 -6.041880626836322946e-08 5.521773408469567120e-08
1.068144877931138659e+00 -4.298024521419316445e-07 -7.185124731705950203e-08 1.830474106819836901e-08 9.309089292632682643e-07 -1.057626373802807081e-07 -5.843614840457154496e-08 1.730058725427909017e-08 -1.282363973142288633e-07 -1.443079508221201745e-07 -4.378475368780123884e-09 -2.793525795051339330e-09 6.537940573569984794e-07 -6.957754427436675946e-08 1.422924990603919915e-07
