# Columns: ('k', 'S1', 'S2', 'S3', 'S4', 'S5', 'S6', 'S7', 'S8', 'S9', 'S10', 'S11', 'S12', 'S13', 'S14')
5.345493089407682419e-03 -1.867414050632052902e+00 1.028452256944444343e+04 -1.042259453667534643e+02 -2.075579494900173572e+01 -4.373575846354166430e+01 5.482840277777777374e+03 -5.728817409939235716e+01 -6.313045925564235716e+01 -3.932225545247395360e+01 3.973005642361110858e+03 -4.558877224392360716e+01 -4.544291517469617503e+01 -1.098065694173176965e+01 -1.145155843098958215e+01
9.344366739594166943e-03 -8.466955960181451246e+01 8.444524193548386393e+03 -3.859704589843750000e+01 -2.677102365801411210e+01 -1.239566689768145125e+02 3.898627772177419047e+03 -8.796363092237902137e+00 -6.102798560357862812e+01 -6.571339859501007652e+01 2.675503276209677551e+03 -1.028815681703629004e+01 -3.727932050151209609e+01 -1.306693390877016014e+01 -8.177596553679435942e+00
1.312833575873958818e-02 2.786977339764030503e+01 5.169779336734693061e+03 -1.831645408163265074e+02 4.091251295440050484e+01 4.989192542251274887e+01 2.150083705357142662e+03 -9.683990353954081343e+01 2.424633290816326436e+01 3.348675163424744738e+01 1.388843431122448919e+03 -6.305667051977039961e+01 9.815947863520406713e+00 7.181954520089284699e+00 3.155782894212372014e+00
1.700891779646987109e-02 2.142379092261904816e+01 5.704929166666666788e+03 -3.375350446428572013e+02 -8.534026227678571885e+00 -9.065021391369047876e+01 2.832412500000000364e+03 -1.700913876488095298e+02 -1.794107328869047819e+02 -1.392563988095238301e+02 1.908418898809524080e+03 -9.292598586309524933e+01 -1.997771391369047933e+02 -4.642912946428571530e+01 -6.001309523809524649e+01
2.135270783943789275e-02 -5.650333077566964235e+00 5.827859642857142717e+03 -4.808758482142857247e+02 4.989346540178571132e+01 -3.543501953124999915e+01 2.769605714285714384e+03 -2.343811830357142867e+02 -6.095229910714285637e+01 -5.804257812499999858e+01 1.815341071428571468e+03 -1.294474330357142833e+02 -9.868285714285714505e+01 -2.123821289062500028e+01 -2.941666852678571331e+01
2.564347439342075027e-02 9.884369791666667027e+01 6.408843333333333248e+03 -7.108846527777777737e+02 1.352089583333333280e+02 1.046711111111111165e+02 3.261258055555555529e+03 -3.506029861111111359e+02 3.905101562499999801e+01 -7.684418402777777324e-01 2.176123888888888814e+03 -1.920881597222222297e+02 -7.001837239583333883e+01 -1.753772569444444329e+01 -3.268439019097222342e+01
2.962205054058980949e-02 -1.692458212209302246e+02 6.308313122923587798e+03 -5.974106104651162923e+02 -9.546786752491694017e+01 -4.142725290697674723e+02 3.137666528239202762e+03 -2.645859634551495105e+02 -3.686319040697674723e+02 -3.248810475498339088e+02 2.087433970099667931e+03 -1.483104365656146229e+02 -3.218145764119601608e+02 -8.502850524294019863e+01 -8.809152434593023884e+01
3.361537140302770649e-02 -4.022153871391076052e+01 5.449648293963254218e+03 -8.198599081364828862e+02 -8.418721036335302443e+00 -2.943735646325459356e+02 2.640412565616798020e+03 -3.395025836614173045e+02 -2.749511975065616980e+02 -2.713589648950131163e+02 1.710844488188976356e+03 -1.664422572178477537e+02 -2.660332185039370074e+02 -7.005381602690287934e+01 -7.031226931594487439e+01
3.793950633336700545e-02 7.243499616900174942e+01 4.286655866900175170e+03 -7.732078590192644469e+02 9.949361044220665917e+01 -2.177733006786339942e+01 1.922981611208406321e+03 -3.033862193520139954e+02 -4.842322269045534000e+01 -6.754074540280210215e+01 1.158723730297723250e+03 -1.371279279772329289e+02 -1.125706545534150678e+02 -2.221356275996059537e+01 -3.400182314470227851e+01
4.227894994616508695e-02 8.332167499999999905e+01 3.835139599999999973e+03 -7.573696500000000924e+02 9.425643125000000566e+01 4.921405625000000583e+01 1.763709000000000060e+03 -3.258352000000000430e+02 -3.004018750000000182e+01 -1.861355625000000202e+01 1.090702800000000025e+03 -1.729042000000000030e+02 -8.973976875000001030e+01 -1.595778750000000024e+01 -3.206646250000000009e+01
4.633325468672155889e-02 1.518321116255143863e+02 3.668426954732510239e+03 -8.644332133058984482e+02 1.113541881001371650e+02 8.183988661694101552e+01 1.716471193415637799e+03 -3.669356567215363043e+02 -4.266293992198216500e+01 -3.003336387602880464e+01 1.041023834019204287e+03 -1.788791152263374329e+02 -1.173593964334704935e+02 -1.877342946244855781e+01 -3.622552029749656555e+01
5.038752484052157893e-02 3.461614095231532673e+01 3.448866317530319975e+03 -9.223014746416758953e+02 4.332543756890849096e+01 -1.794340373484013185e+02 1.569371003307607452e+03 -3.786143191841234739e+02 -2.430902356670341931e+02 -2.288485219128996846e+02 9.073864388092613353e+02 -1.671610563671444254e+02 -2.885546616593164231e+02 -6.714528493660418462e+01 -8.038344128996692461e+01
5.464179025701254577e-02 7.718440082644627864e+01 2.942542699724517661e+03 -8.373646694214876334e+02 4.964067521808998862e+01 -1.147810347796143304e+02 1.338936753902662986e+03 -3.409694387052341540e+02 -1.939586346418732887e+02 -1.740467171717171766e+02 7.763419421487602676e+02 -1.499377869605142450e+02 -2.335589990817263413e+02 -5.123316976584021631e+01 -6.421305383379247189e+01
5.886817576171304162e-02 1.386663956164931903e+02 2.841938951160928355e+03 -8.686053843074458882e+02 9.643853833066452808e+01 6.911451035828662937e-01 1.329382305844675557e+03 -3.748803042433946757e+02 -8.856356335068053909e+01 -8.492448959167333555e+01 7.707459467574058181e+02 -1.758446507205764533e+02 -1.565195406325059935e+02 -2.793700272718174205e+01 -4.459731847978382291e+01
6.290140616743733482e-02 3.137129099923722606e+02 2.715623951182303699e+03 -9.722942410373760822e+02 2.451699561403508767e+02 3.518145499618611893e+02 1.237434687261632462e+03 -4.156938882532418233e+02 1.999140088672768911e+02 1.228565980167810920e+02 6.776024027459955050e+02 -1.802393330472921491e+02 2.258211169908467042e+01 1.336561874284897122e+01 -6.517321879767353110e+00
6.703999982739437813e-02 2.949649865188735589e+02 2.630629418813660777e+03 -1.002276138406231325e+03 2.174732811563810628e+02 2.633895109346914296e+02 1.184989140203714896e+03 -4.237307893948472497e+02 1.072629194128220576e+02 5.060872902935889783e+01 6.402738915518274325e+02 -1.826540593169562783e+02 -5.002802014679448916e+01 -5.731733775838825373e+00 -2.428107212402636250e+01
7.134254604642074893e-02 3.012257522837184638e+02 2.375983879634605273e+03 -9.384237641053198331e+02 2.339758866200967304e+02 2.790882590005373913e+02 1.067364185921547687e+03 -3.949853237506716823e+02 1.608046749059645606e+02 7.257451470983342290e+01 5.751718162278344835e+02 -1.733443209296077612e+02 -4.894058973670070145e+00 3.265581970378828913e+00 -1.208763349677592736e+01
7.561818311969153994e-02 2.526024880095923209e+02 2.305139088729016748e+03 -9.583173261390887774e+02 1.509678956834532357e+02 1.534275179856115017e+02 1.060711031175060043e+03 -4.164642685851318902e+02 -2.153911870503597115e+01 -3.805972721822541871e+01 5.653291366906474877e+02 -1.808711630695443660e+02 -1.456293015587530135e+02 -2.656345548561151304e+01 -4.741647556954436737e+01
7.973924982214039558e-02 3.796046351537402757e+02 2.039464203763194064e+03 -9.061227627351996716e+02 2.200538377696190935e+02 3.342071764570904406e+02 9.053698370812298890e+02 -3.748873910050481868e+02 1.272239846259752198e+02 7.472827271684259642e+01 4.621252294630564847e+02 -1.497066458237723623e+02 -3.676895938503901107e+01 -1.090063577400757211e+00 -2.095040371156493819e+01
8.385356877962653332e-02 3.925399284862932063e+02 1.919680572109654349e+03 -9.085530393325387877e+02 2.269314163686928794e+02 3.539088696861342669e+02 8.484011720301946298e+02 -3.832233313468414622e+02 1.573519194477552503e+02 8.496306366706396318e+01 4.218572705601907273e+02 -1.536580254270957369e+02 -1.618619636471990475e+01 -7.815192627632101541e-01 -1.769845364024632417e+01
8.809929214337092196e-02 4.790483899194959463e+02 1.777816065803290030e+03 -8.622058102905144779e+02 3.049430346517326029e+02 5.244764613230661325e+02 7.829576478823940988e+02 -3.565899982499124690e+02 3.153270694784739021e+02 2.124860211760587845e+02 3.905991424571228663e+02 -1.424603605180259080e+02 1.056456510325516263e+02 3.463117999649982437e+01 1.571736360255512821e+01
9.230415729057904473e-02 4.919590855901035980e+02 1.562894015379471739e+03 -8.107583584085589337e+02 3.562318622534269252e+02 6.312480357739885903e+02 6.908692744901370588e+02 -3.391035815780675193e+02 4.425875125376128381e+02 3.028940571715145325e+02 3.366672935473085886e+02 -1.341421033935138780e+02 1.967115931126713235e+02 5.543632459879638930e+01 3.696009643513874465e+01
9.643309047658384092e-02 4.499882232656770498e+02 1.402739624356255717e+03 -7.546923659497122117e+02 2.980774954559224739e+02 5.322880945168130893e+02 6.156502574977279210e+02 -3.153221182974855878e+02 3.493413738261132835e+02 2.332889654650105911e+02 2.936835049984853185e+02 -1.239268214177521941e+02 1.428092150106028555e+02 3.990269047258406232e+01 2.484053601181460280e+01
1.005689403076158450e-01 5.174470546984572366e+02 1.325451472650771393e+03 -7.348004207573633266e+02 3.127915147265077280e+02 5.749126577840112304e+02 5.780150771388499606e+02 -3.064096774193548640e+02 3.512441093969144390e+02 2.321210378681627162e+02 2.662789621318373179e+02 -1.159677769985974862e+02 1.237232468443197888e+02 3.387430750350631570e+01 1.610823435308555318e+01
1.047818677762802908e-01 5.669110032362459606e+02 1.265001244709982529e+03 -7.170695792880259205e+02 3.724055887478217528e+02 7.181982823002240366e+02 5.598783918347024837e+02 -3.032050659696290609e+02 5.000720687079910363e+02 3.554429300472990008e+02 2.604684466019417641e+02 -1.152679316031864545e+02 2.461701674134926634e+02 6.860371545929798742e+01 5.045914628454070083e+01
1.090277847809041356e-01 5.140120264931442762e+02 1.131034627004415597e+03 -6.472959563095514568e+02 2.940925517081106477e+02 6.164057634208691070e+02 4.946777248431326939e+02 -2.681057111317685440e+02 3.742161282825935587e+02 2.916754008831048282e+02 2.268350278875203401e+02 -9.890969962816639338e+01 1.748031170113873998e+02 5.581129444573553400e+01 3.663064286544271653e+01
1.132170039508717807e-01 4.751763732627399008e+02 1.100208030002205987e+03 -6.480429627178468763e+02 2.965155250386057446e+02 5.668306309287447675e+02 4.714280277961614729e+02 -2.636350926538715953e+02 3.800919920582395548e+02 2.730175656298256968e+02 2.132439609530112534e+02 -9.830249007279947193e+01 1.851258410544892854e+02 5.462415205162144360e+01 4.008653209794837835e+01
1.174008294871188018e-01 4.982679180887371899e+02 1.009540654487050801e+03 -6.043223248343706473e+02 3.162088436057016452e+02 6.342505520979723315e+02 4.396641236699458091e+02 -2.522365990764906769e+02 4.375768921903232354e+02 3.173813491266814140e+02 1.952285811082112161e+02 -9.213214590443686802e+01 2.223629793214213919e+02 6.220369905641437924e+01 4.678361523790403709e+01
1.215998224695146873e-01 5.026901895734596906e+02 9.884855924170616390e+02 -6.066225118483412189e+02 3.231394549763032842e+02 6.308193364928910114e+02 4.278389573459715507e+02 -2.506276303317535508e+02 4.434021800947867291e+02 3.159123222748814896e+02 1.876338507109004752e+02 -8.941075829383885321e+01 2.272300236966824514e+02 6.358093601895734537e+01 4.906418246445497289e+01
1.257670529567683493e-01 4.782662569036166360e+02 9.046394975948691126e+02 -5.650885889898449932e+02 2.950661411010154893e+02 5.823193479422768633e+02 3.889146623908783340e+02 -2.321818546231961591e+02 3.920812399786210563e+02 2.762785943345804185e+02 1.684768840192410551e+02 -8.312540642259041590e+01 1.882979244610725118e+02 5.193912569036166360e+01 3.797600993230001620e+01
1.299386816717305049e-01 5.262814095175366447e+02 8.792614029310061596e+02 -5.520287749053186417e+02 3.330224765354849410e+02 6.979461551127943721e+02 3.778324962950765666e+02 -2.282849909435205120e+02 5.028843240573028197e+02 3.738936275316976889e+02 1.624597398320434820e+02 -8.107066112300346106e+01 2.821475794500246934e+02 7.772116334595752107e+01 6.302209060596081258e+01
1.340949335765710126e-01 4.859989687450420774e+02 8.045179279708075910e+02 -5.038152070442646959e+02 2.868679993653815927e+02 6.046492939869904149e+02 3.487264001269236928e+02 -2.077236633349199053e+02 4.031945898778359947e+02 2.989040536252578590e+02 1.522444768364271113e+02 -7.442342931937173489e+01 2.087885927336189411e+02 5.818736117721720547e+01 4.395697485324448905e+01
1.382635144665005922e-01 4.580319518910303032e+02 7.593122011302709780e+02 -4.850135487610491509e+02 2.801600492682219965e+02 5.830883929865236723e+02 3.280225691928706055e+02 -1.996404144326909318e+02 3.955711491088248408e+02 2.953284125489059875e+02 1.397980727430807235e+02 -6.983642316330967503e+01 2.082483698014780487e+02 5.961704825387625561e+01 4.564926278800174231e+01
1.424925284902303357e-01 4.571012606750711029e+02 6.758502778907414950e+02 -4.456575843838958804e+02 2.743220821472143029e+02 5.775774705164700435e+02 2.894437440694048860e+02 -1.839497254981699825e+02 3.946306764267317249e+02 2.906298630879761049e+02 1.214117019113460714e+02 -6.473048834214449698e+01 2.078675443947404062e+02 5.732588620035244276e+01 4.425937881252541217e+01
1.466886314558672189e-01 4.472050480452809893e+02 6.555919441884954040e+02 -4.253960773989732616e+02 2.681967882058706891e+02 5.709400421218902011e+02 2.809323417138343757e+02 -1.725285803606686841e+02 3.918838357246281134e+02 2.946269251020139563e+02 1.175633309201000287e+02 -5.798948598130840537e+01 2.142394037119915708e+02 6.081788864025272545e+01 4.799601405159931033e+01
1.508619291163366127e-01 4.146213686641546019e+02 5.832691138932782451e+02 -3.842682326485960971e+02 2.471686519995137985e+02 5.245107572626717456e+02 2.484442992585389618e+02 -1.569389510149507885e+02 3.645269843199222350e+02 2.674020906770390411e+02 1.019768065515984006e+02 -5.284116324298042855e+01 1.974453628297070793e+02 5.349202701470767352e+01 4.290973319557554788e+01
1.550655720814744509e-01 4.671384225253585214e+02 5.758648128716333758e+02 -3.841431153083828463e+02 2.876553864987757834e+02 6.275278069254983393e+02 2.488741984376821677e+02 -1.581945464614667003e+02 4.495494636819400398e+02 3.380647079398390815e+02 1.047415107263611986e+02 -5.521305526407834918e+01 2.582137110877929445e+02 7.009407426839220534e+01 5.726757971901596989e+01
1.592593054631499527e-01 4.487614693966933146e+02 5.329993430417168838e+02 -3.650971203328588786e+02 2.628733712909230462e+02 5.722452096791853364e+02 2.248640370086499445e+02 -1.496021296397678668e+02 3.920625479032081557e+02 2.889741048943392343e+02 8.848452042045330757e+01 -4.994077110478484371e+01 2.116133937369976934e+02 5.614454108726595649e+01 4.486947402277455410e+01
1.634144798183441161e-01 3.725801599999999780e+02 4.544210666666666611e+02 -3.010808000000000106e+02 2.032366933333333350e+02 4.521048000000000116e+02 1.905337066666666601e+02 -1.207635999999999967e+02 2.916452266666666446e+02 2.208670400000000029e+02 7.723786666666666179e+01 -4.040688333333333304e+01 1.526877599999999973e+02 4.220260666666666793e+01 3.175938666666666776e+01
1.675823816150099899e-01 4.196503904319462208e+02 4.494634773154097047e+02 -3.015183107640604590e+02 2.444886082830878706e+02 5.527187901551843652e+02 1.905979045171493453e+02 -1.224244217653454569e+02 3.829373332015419464e+02 2.947228921617079891e+02 7.753681921518236209e+01 -4.105661263220321899e+01 2.205167045566867614e+02 6.043738262330730038e+01 4.902425373134327913e+01
1.718045808093531246e-01 3.812642890442890575e+02 4.188762703962703995e+02 -2.832059673659673535e+02 2.221824708624708649e+02 5.034886713286713302e+02 1.788020979020978984e+02 -1.147767482517482449e+02 3.528357575757575546e+02 2.719700233100232936e+02 7.417276223776224242e+01 -3.907091783216782943e+01 2.064905128205128335e+02 5.679575757575757677e+01 4.638419871794872051e+01
1.760135070798979073e-01 3.559230033694563531e+02 3.813746015845551369e+02 -2.601393315727165145e+02 1.975134778253346610e+02 4.500670248611237412e+02 1.595949594754576140e+02 -1.045229601129223198e+02 3.055216738002003467e+02 2.352700801384209228e+02 6.395930470813222968e+01 -3.477212344048811588e+01 1.759077952827611284e+02 4.848871915126127163e+01 3.969434989982697459e+01
1.801930856696074279e-01 3.314624072969056670e+02 3.551671213025317684e+02 -2.389981033160003392e+02 1.920253601568493877e+02 4.345355894638138352e+02 1.532719930099735848e+02 -9.803441735572415894e+01 3.053043218821924825e+02 2.348677009632597503e+02 6.332371494331259498e+01 -3.272705332026255576e+01 1.802294774529025858e+02 5.004565893785696318e+01 4.158442108515897928e+01
1.843742315857553882e-01 3.208663172780966875e+02 3.290481033191913980e+02 -2.246240537392895931e+02 1.768446052741036567e+02 4.063921886698278172e+02 1.379370580650528382e+02 -9.021508193993844316e+01 2.771625280758672147e+02 2.124842567174111991e+02 5.538851801014890697e+01 -2.978507403710174017e+01 1.605754200981615440e+02 4.351101197903668805e+01 3.609135835205057674e+01
1.885797910080431738e-01 3.094678177753796149e+02 3.074865297155631083e+02 -2.105624180991289620e+02 1.771301934787635730e+02 4.072219224543281939e+02 1.318634664302782653e+02 -8.642625067447775677e+01 2.868914668927773164e+02 2.201658637169505823e+02 5.409412818931627243e+01 -2.912874816927464749e+01 1.703810992060433023e+02 4.610526670777768743e+01 3.863645648654898679e+01
1.927656394953895236e-01 2.768342522398345977e+02 2.738583352477219250e+02 -1.885863580672333342e+02 1.588434700206753973e+02 3.584635883298874433e+02 1.146982349337621656e+02 -7.565931541465656096e+01 2.478257906424688031e+02 1.881528830691477197e+02 4.521766597748679573e+01 -2.441194291293361118e+01 1.414906673558465684e+02 3.815018856727161989e+01 3.114557249789417526e+01
1.969014248243030341e-01 2.735988511597469710e+02 2.609455391550933996e+02 -1.770923616665454858e+02 1.524801770522794868e+02 3.515576965025812228e+02 1.103699283792627028e+02 -7.162327310405002834e+01 2.427150803461063049e+02 1.864608085508616284e+02 4.462787210063258669e+01 -2.361019413946047862e+01 1.416331709445211970e+02 3.853576037955355105e+01 3.170736839235075877e+01
2.010715633173454087e-01 2.410991880547719006e+02 2.304551709901603260e+02 -1.562569841051400488e+02 1.315399779811463645e+02 3.035968141471134913e+02 9.591949356636619939e+01 -6.261620105965733529e+01 2.058662526663455594e+02 1.580050230509874041e+02 3.776248451799353489e+01 -2.030174860661941949e+01 1.185898214408587421e+02 3.226976321131218839e+01 2.647374509736462045e+01
2.052920281681521186e-01 2.274149425287356223e+02 2.206911658456486123e+02 -1.517711822660098449e+02 1.209499343185550089e+02 2.789799343185550242e+02 9.215756978653530496e+01 -6.110754515599342795e+01 1.836723481116584651e+02 1.397770935960591032e+02 3.629173234811165827e+01 -1.991715311986863668e+01 1.007160755336617370e+02 2.715956280788177324e+01 2.135842364532019744e+01
2.095172134954577381e-01 2.194632348308234953e+02 2.033507025392224818e+02 -1.394519563984626132e+02 1.232348780795160934e+02 2.865281330729002320e+02 8.698431100749795064e+01 -5.735950396950412511e+01 2.002995085375842734e+02 1.548206162182597154e+02 3.557599552643185348e+01 -1.949773958792766493e+01 1.200307085249826713e+02 3.268059077877890672e+01 2.751742565055761958e+01
2.136973926115405542e-01 2.022332713178294625e+02 1.826726821705426289e+02 -1.252814651162790653e+02 1.127862945736434170e+02 2.603901395348837013e+02 7.725623255813952994e+01 -5.069524806201550149e+01 1.820875038759689915e+02 1.396031937984496096e+02 3.105017829457364442e+01 -1.651963178294573709e+01 1.080790620155038795e+02 2.918625968992247977e+01 2.455731782945736441e+01
2.178750580088065492e-01 1.901183649635036659e+02 1.669537956204379725e+02 -1.143978686131386837e+02 1.046274014598540134e+02 2.431442627737226303e+02 7.032172262773723048e+01 -4.652704014598540283e+01 1.679378686131387042e+02 1.279681167883211685e+02 2.795224635036496608e+01 -1.529324817518248203e+01 9.774557664233577725e+01 2.599765145985401560e+01 2.151086131386861311e+01
2.220823861956562617e-01 1.722073672928301562e+02 1.504128589157782017e+02 -1.008811770181079766e+02 9.126399701021041722e+01 2.149359733739493379e+02 6.274429542505782109e+01 -4.036277641450894293e+01 1.439793253229536845e+02 1.111514004061600929e+02 2.469366996671743664e+01 -1.283118971061093205e+01 8.296467253342359527e+01 2.238929493146048344e+01 1.827202149263834841e+01
2.262696194198526023e-01 1.663740462205632014e+02 1.379559614645660588e+02 -9.324477822912663783e+01 9.026965197343140801e+01 2.137122468024372779e+02 5.778284020420486655e+01 -3.713514848767634646e+01 1.490313717955755521e+02 1.163989679969259470e+02 2.342297030246473000e+01 -1.189036168139649696e+01 9.094020694955261774e+01 2.483273693528023429e+01 2.111335737223472719e+01
2.304259489101245229e-01 1.584962316225253574e+02 1.278182686693912160e+02 -8.618879040390638124e+01 8.713349875272012923e+01 2.064179714452523910e+02 5.350394087362666795e+01 -3.474403229658722836e+01 1.442268987845655772e+02 1.122558781381030713e+02 2.123309869433681740e+01 -1.122858725651504663e+01 8.753151372007855002e+01 2.370508797303752502e+01 2.011120528368982718e+01
2.345870463846415066e-01 1.446043034559983766e+02 1.167671018476103200e+02 -7.784904820074311260e+01 7.810752277701431012e+01 1.888227973736448462e+02 4.958108744337557994e+01 -3.132660520690181727e+01 1.309007482058329686e+02 1.044200068712780620e+02 2.058006947625591820e+01 -1.025858909757214832e+01 8.087606886547564500e+01 2.250812146892655363e+01 1.894941975874179363e+01
2.388019837064606632e-01 1.214290300777289673e+02 9.992371336841597440e+01 -6.842159513349105282e+01 6.280126007821175449e+01 1.472050644522763605e+02 4.028411203109158834e+01 -2.685570354366823054e+01 9.893372519673636134e+01 7.556398155747598366e+01 1.530149543764785491e+01 -8.430456567131754397e+00 5.748112296625308204e+01 1.537806570752667490e+01 1.292615295949403809e+01
2.430077036534963875e-01 1.233463842533162165e+02 9.583226358579375415e+01 -6.462680074169162481e+01 6.656523082774687339e+01 1.604532401464365421e+02 4.009557897114058989e+01 -2.599690367517710143e+01 1.104519683354728272e+02 8.688695145723387725e+01 1.584816716588218455e+01 -8.249425753577710907e+00 6.679427566205487210e+01 1.812852422383873119e+01 1.521560464508153920e+01
2.471758823520590620e-01 1.136167049896528027e+02 8.702730512761554849e+01 -5.791696366980915656e+01 6.240643826166935071e+01 1.502111174982754846e+02 3.678864681535985426e+01 -2.335519947114279304e+01 1.044168774430903710e+02 8.226704989652793643e+01 1.492059237755806045e+01 -7.540302368360542573e+00 6.325786387675327660e+01 1.712630489767762754e+01 1.418134916072660445e+01
2.513692271335918882e-01 1.003811977593978497e+02 7.977610389042055772e+01 -5.387022996805391983e+01 5.095425801934270282e+01 1.230597457441687510e+02 3.250663537700757644e+01 -2.130980318148002439e+01 8.000067830729508955e+01 6.222930068705964857e+01 1.206680232812568399e+01 -6.466786874753840841e+00 4.542071462955669858e+01 1.220715997111723894e+01 9.799665496039560608e+00
2.555723892733414715e-01 9.086126002487456788e+01 7.071389436891539049e+01 -4.805126088261783934e+01 4.598923532186817198e+01 1.107245357464510960e+02 2.841981172535060551e+01 -1.872337109190719318e+01 7.260680512072737258e+01 5.639048226615774695e+01 1.048960254320881802e+01 -5.596241476176181173e+00 4.136076682249003511e+01 1.109670988441909500e+01 8.917509220740233999e+00
2.597674079539822323e-01 8.103294270296989055e+01 6.378343184907525654e+01 -4.351258907608023918e+01 4.035345955019153763e+01 9.754021295876755460e+01 2.563103194381513461e+01 -1.713019009762326661e+01 6.319008217654570103e+01 4.910463092639123772e+01 9.429471567739012627e+00 -5.186571266013099368e+00 3.585765333443176672e+01 9.616074370803641358e+00 7.751818851176010661e+00
2.639178238801485610e-01 7.468204931450787853e+01 5.654552895436872717e+01 -3.774134438305708983e+01 3.926098066298342104e+01 9.536935747902597882e+01 2.341967720482913862e+01 -1.496281588909351257e+01 6.568712911806834143e+01 5.195363208512379316e+01 9.366741482504602700e+00 -4.691666027215060097e+00 4.064650859422958717e+01 1.111066349498669936e+01 9.495650450173929613e+00
2.680749044740857179e-01 6.405342941381852029e+01 4.909355239166698937e+01 -3.346673391007487197e+01 3.085447540443030334e+01 7.520839314117235119e+01 1.929635915738836616e+01 -1.298952797067152787e+01 4.746806261395817472e+01 3.671102872715987075e+01 6.821717277029909710e+00 -3.852770274857430621e+00 2.627235762501454630e+01 6.925352542964657410e+00 5.535177920238972149e+00
2.723023151079725368e-01 6.299972268441486278e+01 4.597203734516546803e+01 -3.061300841190608324e+01 3.145946108337955138e+01 7.814693104085783659e+01 1.867045664633019086e+01 -1.207344934368644829e+01 5.173341652800887402e+01 4.131990201515991856e+01 7.160833795525975098e+00 -3.715371949528563533e+00 3.119325660935477984e+01 8.545087469957477921e+00 7.098504229062672977e+00
2.765128983200950685e-01 5.130940917627130915e+01 3.874644658835659072e+01 -2.660003406119968972e+01 2.446010466914607306e+01 5.958169164487976843e+01 1.511273336524652855e+01 -1.027756425599292989e+01 3.758667654748315101e+01 2.894289455757263241e+01 5.296379616673417168e+00 -3.021416554663622467e+00 2.086392780866811236e+01 5.463004473984607756e+00 4.421109773723165048e+00
2.807027537381580062e-01 4.854558952732384824e+01 3.575762168335969449e+01 -2.416805043050430513e+01 2.303764935863644325e+01 5.672812335266209516e+01 1.380612699876998839e+01 -9.157786417149885949e+00 3.624918292040063506e+01 2.841233087330873275e+01 4.880793138288526123e+00 -2.561753755930416432e+00 2.093311149182920516e+01 5.610914162713055653e+00 4.624251010367246728e+00
2.848857026249724811e-01 4.084549946070074355e+01 3.046932518005636581e+01 -2.094919713997425248e+01 1.807902256358512361e+01 4.454754531853449606e+01 1.131868454472704499e+01 -7.825136564489753255e+00 2.655685257993806658e+01 2.048945322013847914e+01 3.621941433840158542e+00 -2.095800098291638935e+00 1.402595377683448774e+01 3.682998047214780524e+00 2.844544814028739488e+00
2.890807262117984777e-01 3.651657704615181643e+01 2.652975208656351924e+01 -1.817047553854781583e+01 1.583098629300959814e+01 3.959021706858442968e+01 9.682267096625210456e+00 -6.614521822320456046e+00 2.433176566159733412e+01 1.914480998251574917e+01 3.201209567677234080e+00 -1.715318871028931325e+00 1.406215155213934587e+01 3.831475717926302149e+00 3.202698202916240522e+00
2.932785946948970324e-01 2.777252434401856362e+01 2.137371948828546309e+01 -1.528508642943502416e+01 1.047315826879717804e+01 2.561739862105022425e+01 7.258881380093455071e+00 -5.493901231088456072e+00 1.357460563506845830e+01 9.830240295069112122e+00 1.929724261101852800e+00 -1.355087991781851464e+00 6.209407063849949893e+00 1.512043855994510411e+00 1.159829867578342055e+00
2.974321087309398370e-01 2.881074996004475253e+01 2.125872622662618028e+01 -1.469802221511906737e+01 1.265200575355601842e+01 3.098787358158862304e+01 7.794719913696660285e+00 -5.476898873261946576e+00 1.898786758830110344e+01 1.434535320441105988e+01 2.502631802381332982e+00 -1.532951344494166479e+00 1.035382971072398917e+01 2.628153967556337012e+00 2.156908262745724780e+00
3.016123743882810904e-01 2.230787311729803690e+01 1.690310360565951697e+01 -1.204347139814392342e+01 7.634932679141944512e+00 1.909651224707135242e+01 5.479088696181348084e+00 -4.172660885440437895e+00 9.102073824737562546e+00 6.501521375323292773e+00 1.219514253385060032e+00 -8.605560864521527575e-01 3.711344943328769297e+00 8.758145300851970516e-01 6.671138083827780063e-01
3.058101292111336522e-01 2.037831403892871052e+01 1.516561103529976329e+01 -1.098535018594607493e+01 7.015622656929490830e+00 1.739503793899769235e+01 4.834778851633026342e+00 -3.918102656479621082e+00 7.908747713163182702e+00 5.330983077407552173e+00 9.170814877747953675e-01 -8.863991551824971227e-01 2.462981360405482434e+00 4.193542075922982448e-01 1.621976501814473837e-01
3.100168993294901143e-01 1.837828381015237156e+01 1.374315798157766366e+01 -9.813007546844959350e+00 6.994299513615885644e+00 1.721298315590117411e+01 4.653160779362392141e+00 -3.523897296192143536e+00 9.187950156388993150e+00 6.641534728399666854e+00 1.206216014089356969e+00 -8.591981208212574606e-01 4.248642357026026772e+00 1.015483429402565418e+00 7.910516621710809160e-01
3.142092030053749707e-01 1.636708686773484089e+01 1.206611740639191233e+01 -8.448660140519235640e+00 5.142050363436437621e+00 1.305098284922743090e+01 3.646670076114586045e+00 -2.786442937266158548e+00 5.219041409619284089e+00 3.587103807871362182e+00 6.157162830591494940e-01 -4.807745515951218351e-01 1.396217119355667835e+00 2.533481146734784528e-01 9.577673047332418976e-02
3.183867557675504334e-01 1.273064326560910686e+01 9.710937714788443031e+00 -7.265203585076842607e+00 3.505320309707750326e+00 8.638777389822120512e+00 2.715956676312099916e+00 -2.425774698952519959e+00 2.583351232370164841e+00 1.291628147939405613e+00 2.299664672284386924e-01 -4.407030863380804742e-01 -3.555430668009237904e-01 -2.707801910929810707e-01 -3.819460971221785295e-01
3.225872781332082551e-01 9.846721899612868256e+00 7.703650213589640749e+00 -6.032531120678147118e+00 1.482907196969696972e+00 3.898919536777466277e+00 1.693374758042984984e+00 -1.844081856561206934e+00 -1.530652407889467437e+00 -2.083084493058336761e+00 -3.617208619092911470e-01 -1.859372914163663071e-01 -3.364719747029769170e+00 -1.146692072153250530e+00 -1.173440524462688650e+00
3.267666109043823597e-01 1.055350987823882214e+01 7.611508214257415972e+00 -5.527544009666939928e+00 2.912590627558701684e+00 7.503869417078259829e+00 2.096241226129790469e+00 -1.819826965743112979e+00 2.172058648741449272e+00 1.236018140368717155e+00 1.366511713900847858e-01 -3.152489534085206602e-01 -2.983695190136287922e-01 -2.231921329006101296e-01 -3.467429586183671808e-01
3.309328770241455886e-01 5.777825888642221130e+00 4.835753495878945429e+00 -4.095817703947536081e+00 -3.497449858378626764e-01 -8.783427747582229772e-01 5.483616855176197680e-01 -1.092083397126744737e+00 -4.592203807190793796e+00 -4.494172870575926737e+00 -8.091370406076960897e-01 7.064239417071754845e-02 -5.183358212763786277e+00 -1.608516679584832465e+00 -1.553614973270560640e+00
3.351106074107195187e-01 5.143037767087341727e+00 4.360119642634011861e+00 -3.774003108209421420e+00 -3.456990737848306683e-01 -9.070223666125202255e-01 5.412771968324378014e-01 -1.047877846588779249e+00 -3.963857303511183261e+00 -3.974224900037485853e+00 -6.435472928120704594e-01 8.296278543983506490e-03 -4.450941443833562161e+00 -1.405817056884918204e+00 -1.339756770898413052e+00
3.393095620710060434e-01 2.853931062618709991e+00 2.790347271475969837e+00 -2.859134950592647773e+00 -1.663461625153271006e+00 -4.343688015411247605e+00 -2.344213945255211318e-01 -6.556300601964273334e-01 -6.681259466737191843e+00 -6.315502308080686689e+00 -1.090445564007164636e+00 1.654963279766126505e-01 -6.485838211958743216e+00 -2.009979518789219544e+00 -1.887715856634530009e+00
3.435164896197421824e-01 2.896865698745659135e+00 2.681719196607847078e+00 -2.575023290045590940e+00 -1.113601534264049286e+00 -2.717791454066567081e+00 -4.868366950724021397e-02 -5.578543556445325624e-01 -4.529932322301750247e+00 -4.205986981196701890e+00 -7.515474869634799493e-01 1.446617259289443014e-01 -4.225145719651335341e+00 -1.286947295106654288e+00 -1.164251846963361814e+00
3.477107812306902690e-01 2.227394788609525556e+00 2.152123581679107112e+00 -2.167981297518082773e+00 -1.378083078651815230e+00 -3.329953146303699985e+00 -1.975329142161393881e-01 -4.460347947189933770e-01 -4.954629618930972867e+00 -4.544578533381092633e+00 -8.024658671400179966e-01 1.624885537748711750e-01 -4.553372628428812519e+00 -1.386589754292514964e+00 -1.272075417263651698e+00
3.518857617074659383e-01 2.237383203417523170e+00 2.066198913018812089e+00 -1.909789354846029852e+00 -7.817024360632672808e-01 -2.008192425738080544e+00 2.190556425443075054e-03 -4.269989447886173295e-01 -3.411184247849864626e+00 -3.251993058864909969e+00 -5.322327010574806616e-01 8.347397167416943653e-02 -3.304330621553543068e+00 -1.026977652636893668e+00 -9.491782399527990410e-01
3.560773577310688554e-01 5.687922980073848445e-01 1.092173895677204909e+00 -1.546462944350979862e+00 -2.222454745570145551e+00 -5.679530632087220532e+00 -6.487453468777993892e-01 -2.332145785766566726e-01 -6.779134075465925946e+00 -6.180822445323252978e+00 -1.038030141853656385e+00 2.203195752720181755e-01 -6.011123112805610624e+00 -1.826182842098363457e+00 -1.682086606108938343e+00
3.602869550449780967e-01 -1.202590510854860406e-01 5.691780107206509953e-01 -1.138678711293993784e+00 -2.324391796312997638e+00 -5.868879377912344708e+00 -7.801216340269276905e-01 -7.878818342808520392e-02 -6.484461229573320828e+00 -5.810168781807639959e+00 -9.984275685005045142e-01 2.481941279338186201e-01 -5.485398347076380965e+00 -1.645647453241426694e+00 -1.490909490487233979e+00
3.644651285618699665e-01 4.595507684328626885e-01 7.603669141228646122e-01 -1.091987519581278265e+00 -1.585533966902347824e+00 -3.995701380215500365e+00 -4.997425409222253090e-01 -1.376816271049874085e-01 -4.723421722517412213e+00 -4.293958646457376460e+00 -7.475862436228540853e-01 1.640982846204936674e-01 -4.159426996231927021e+00 -1.268056452295772685e+00 -1.167799729169753942e+00
3.686396944457170921e-01 -1.708590232230606520e-01 3.175644635257108828e-01 -8.328444329934001633e-01 -1.818658023983798389e+00 -4.641471192199354334e+00 -6.572585476977405028e-01 -6.050993038992948103e-02 -5.162959783703764849e+00 -4.677188277443098841e+00 -8.258265633673952388e-01 1.875365631168143810e-01 -4.453549381129593421e+00 -1.353805037831280922e+00 -1.235167140628533833e+00
3.728293470315630076e-01 -6.051417205838098834e-01 9.699905644999498588e-02 -7.400289334436754851e-01 -2.166178591132510878e+00 -5.581474445781924310e+00 -8.028544738689938898e-01 -1.455451352317183381e-02 -5.966847226401846171e+00 -5.398978082054369132e+00 -9.269283215467951642e-01 2.102914934735179153e-01 -5.105802048851439956e+00 -1.548644234627344796e+00 -1.418793886046745056e+00
3.770363921861874523e-01 -6.632537588946291196e-01 -1.576070401598596293e-02 -5.128076566916853762e-01 -1.873802271176528089e+00 -4.725537942294570470e+00 -7.010475558046593836e-01 5.377922738571010858e-02 -4.932404778730870909e+00 -4.365965250024369304e+00 -7.577017740520518574e-01 2.117211488083634019e-01 -4.058024356662443211e+00 -1.206177654985866043e+00 -1.085582019446339919e+00
3.812363453093803867e-01 -8.227932717789342432e-01 -1.472788754577430970e-01 -4.471622940156114723e-01 -1.867402067071407989e+00 -4.805155030355594548e+00 -7.239725625180688517e-01 5.612307604859304716e-02 -4.869489315312710787e+00 -4.370052158620024940e+00 -7.446984617423147990e-01 1.920529626818926472e-01 -4.009521357328708291e+00 -1.205919114989881580e+00 -1.078185681073527968e+00
3.854150971210312249e-01 -1.489668158651947349e+00 -5.223046632571981540e-01 -2.809693528376713823e-01 -2.238722248603614684e+00 -5.797544101329622279e+00 -8.972919908835310654e-01 1.128404350539747580e-01 -5.623813425046545689e+00 -5.042071399018298372e+00 -8.523693445216556919e-01 2.135942355906663148e-01 -4.572825082748763315e+00 -1.376743130912305046e+00 -1.228484439941323503e+00
3.896036578152083374e-01 -1.275688129917269986e+00 -4.118141372666887512e-01 -2.685189523623625063e-01 -1.893857068662133880e+00 -4.871618944963425513e+00 -7.395703779964254432e-01 8.055349589690084799e-02 -4.605206836272179416e+00 -4.116520300149245415e+00 -6.893108682033423085e-01 1.651726284248152821e-01 -3.649421673760433027e+00 -1.099420263068192183e+00 -9.609947194046762897e-01
3.937795161075864914e-01 -1.009212351886639158e+00 -3.681972066745841099e-01 -1.876248507012806266e-01 -1.510301047179524181e+00 -3.837301085562559777e+00 -6.131567168054476991e-01 9.450902629294384572e-02 -3.646168808590574795e+00 -3.220896063255242581e+00 -5.608087474938135975e-01 1.558863842390224574e-01 -2.880916914274876728e+00 -8.564696723217671837e-01 -7.592788166284341056e-01
3.979440095093054186e-01 -1.614576006926514928e+00 -7.059092664393440408e-01 -1.472338246848346917e-02 -1.907781868200352671e+00 -4.893158174711989439e+00 -7.966337850109507235e-01 1.699100159585833769e-01 -4.490565628282972455e+00 -3.963390687042609883e+00 -6.687524900509250747e-01 1.846693407124161135e-01 -3.517735005163725948e+00 -1.045964809876960944e+00 -9.258672193559588370e-01
4.021139069446590386e-01 -1.735792292259901615e+00 -7.694103783760463111e-01 3.739569513655190136e-02 -1.993398912762102126e+00 -5.125281516955734418e+00 -8.248987455777030409e-01 1.895199819063335955e-01 -4.729964837345758788e+00 -4.177587313400638713e+00 -6.915592102424713561e-01 1.948531642344033254e-01 -3.733646399603071764e+00 -1.111596934593148678e+00 -9.890754433083096542e-01
4.063125452039867413e-01 -1.730270158336560726e+00 -8.010418727792465443e-01 6.630614013322415345e-02 -1.835530844265193640e+00 -4.772308046915783919e+00 -7.828843192706665954e-01 1.773229172806190246e-01 -4.269790228263980580e+00 -3.796630033006078708e+00 -6.320301711979858794e-01 1.697050621074213117e-01 -3.335578469427276982e+00 -9.989558643677483030e-01 -8.820076742291563798e-01
4.105412315868290918e-01 -1.522028544007260953e+00 -6.970923481986622816e-01 4.047237427993507358e-02 -1.636876216291353936e+00 -4.270109435559044542e+00 -6.978789769660992404e-01 1.477491519178563695e-01 -3.811165656838214844e+00 -3.400014207100688246e+00 -5.690339886997334284e-01 1.475442381263389335e-01 -2.970251966508037800e+00 -8.921552018430390918e-01 -7.812201676437880993e-01
4.147348487769681458e-01 -1.556108838766483871e+00 -7.409538429642067436e-01 8.139559251883857205e-02 -1.601113420427553447e+00 -4.187299328364321838e+00 -6.983768377836022667e-01 1.552884590773200291e-01 -3.725478642804488594e+00 -3.328615416905561730e+00 -5.604302538086657348e-01 1.420145358956507453e-01 -2.914180624948808251e+00 -8.780548033213203540e-01 -7.711455176509133258e-01
4.189107045044477284e-01 -1.510500705428821311e+00 -7.370427753159526363e-01 1.247525798451037254e-01 -1.515278743740561262e+00 -3.934763979413401280e+00 -6.598364473213575998e-01 1.702157519275097342e-01 -3.469242309832286875e+00 -3.073354661791590559e+00 -5.142987503477466360e-01 1.462743608914235660e-01 -2.674599097845958173e+00 -7.980265380335426206e-01 -6.976549459502424666e-01
4.230974437456921922e-01 -1.554104990638895289e+00 -7.631175525587018393e-01 1.352632688782276216e-01 -1.516259799906388928e+00 -3.968791686168967825e+00 -6.688088725719634198e-01 1.665089722774787395e-01 -3.492116682268507244e+00 -3.110387900772290770e+00 -5.218281944769482816e-01 1.389056588364926959e-01 -2.711820101021920504e+00 -8.139543841173257910e-01 -7.131099954169591859e-01
4.272931011032126136e-01 -1.503072182695390557e+00 -7.365959986716948960e-01 1.184106893731773913e-01 -1.396164137288730789e+00 -3.697752377971510018e+00 -6.194331896880772570e-01 1.426157877460036416e-01 -3.199109787471181576e+00 -2.875175342000396927e+00 -4.813104512420415815e-01 1.213533336927645478e-01 -2.488631158679023514e+00 -7.523418892277509151e-01 -6.571234894346306143e-01
4.314914587673138180e-01 -1.498633125065434113e+00 -7.438241744066047545e-01 1.554533671067588052e-01 -1.391642736423325921e+00 -3.648674348648688781e+00 -6.151574021103483059e-01 1.595345661147754279e-01 -3.168466576180434036e+00 -2.815603920820807460e+00 -4.699906218685033221e-01 1.285473255616128851e-01 -2.445267981334410035e+00 -7.312872040501936510e-01 -6.404057952318989999e-01
4.356511643511531418e-01 -1.194934729919483685e+00 -5.967545967278131691e-01 1.274113331490970003e-01 -1.068010518276742982e+00 -2.791491922232347100e+00 -4.741319107300240310e-01 1.269834971542954383e-01 -2.387076038570126624e+00 -2.115586207669211127e+00 -3.563069164251677079e-01 1.012899675376813108e-01 -1.816366745776257341e+00 -5.424133567923457022e-01 -4.698842438716520076e-01
4.398424702607344750e-01 -1.308893768945053937e+00 -6.538062103310137152e-01 1.374839734182214113e-01 -1.136616853626777113e+00 -3.001093120721797458e+00 -5.065672851826552581e-01 1.287675252867551690e-01 -2.526415898191236575e+00 -2.252070614353413269e+00 -3.727512754557485986e-01 9.807377219595411755e-02 -1.915307158917872732e+00 -5.742567179339396199e-01 -4.954075476917275123e-01
4.440501074980069407e-01 -1.090882923524474801e+00 -5.416021709674666562e-01 1.082023248236055613e-01 -9.764312488441896365e-01 -2.578376611021807374e+00 -4.341949380841287898e-01 1.079512694798497874e-01 -2.220833348151414643e+00 -1.986120940438425686e+00 -3.317003159363131060e-01 8.685181961223452374e-02 -1.720702430402435423e+00 -5.178175944563779831e-01 -4.530584853372121024e-01
4.482267968899237842e-01 -1.175902958166775703e+00 -6.029741950394863492e-01 1.530915996228951192e-01 -1.024062090860342389e+00 -2.685183137874841641e+00 -4.607006124907725986e-01 1.289211574822067830e-01 -2.313748964093207405e+00 -2.051818190523281071e+00 -3.430190437100436029e-01 9.562598966095380015e-02 -1.788940737426354843e+00 -5.346383510104879555e-01 -4.720899288967505547e-01
4.524052929840755577e-01 -1.078100757808762244e+00 -5.552237116396692151e-01 1.372375676004715939e-01 -9.386768676098693476e-01 -2.469285677670698842e+00 -4.256398550167452277e-01 1.174594770948670513e-01 -2.128129912514523880e+00 -1.891311470507825776e+00 -3.189363017736313033e-01 8.900045948029867982e-02 -1.650061726812931395e+00 -4.937685287232588260e-01 -4.360089183497368182e-01
4.566090347930675253e-01 -9.787468884832393190e-01 -5.026099402588781739e-01 1.273864037089279810e-01 -8.275954717059409438e-01 -2.177749128775306797e+00 -3.741641169515433352e-01 1.040156846374045846e-01 -1.840466312645204106e+00 -1.633643586126783953e+00 -2.733126503899767634e-01 7.613970969548622403e-02 -1.401983488217723117e+00 -4.190405638068370187e-01 -3.648906561151676331e-01
4.608167319022857811e-01 -9.494545433600590778e-01 -4.891166836170465215e-01 1.212903301785878962e-01 -7.930193028621457252e-01 -2.103863658056531971e+00 -3.619275081213713108e-01 9.648661079418290043e-02 -1.773723331950972426e+00 -1.585801012414919109e+00 -2.656649074476348793e-01 7.007803088836447869e-02 -1.360940441631449449e+00 -4.093508755364877461e-01 -3.565825072080255898e-01
4.649806979855051203e-01 -8.176550949164917981e-01 -4.238017434630829694e-01 1.120909995974523898e-01 -6.840723355258869764e-01 -1.803429233106037977e+00 -3.119062626305427743e-01 8.779244544827834174e-02 -1.520777854013741992e+00 -1.350363820747336963e+00 -2.262019183757285057e-01 6.249758720982347138e-02 -1.159966231632746148e+00 -3.466276756378831592e-01 -3.024323369600646627e-01
4.691538386770017222e-01 -7.822757413724298337e-01 -4.049107510483574979e-01 1.018055859083019793e-01 -6.473009546070718212e-01 -1.717063047141246468e+00 -2.969026144008209411e-01 7.951821580485982088e-02 -1.443221228763635011e+00 -1.289097042745112942e+00 -2.170168004430973185e-01 5.730505940362395911e-02 -1.105739994679031613e+00 -3.323606432829108170e-01 -2.895728962775391824e-01
4.733478629909182445e-01 -6.778950180663272373e-01 -3.471168180233788481e-01 8.579801017534141594e-02 -5.601827717885197178e-01 -1.492439296518069503e+00 -2.550992442019693884e-01 6.640687000880753088e-02 -1.258284290231423297e+00 -1.128843276556411812e+00 -1.877410740128098166e-01 4.785735532738799591e-02 -9.705376677476378333e-01 -2.930415463282252109e-01 -2.557472385050853503e-01
4.775500538217637980e-01 -7.236342526294621269e-01 -3.704754702867728566e-01 9.100891590100973483e-02 -5.992682904534983868e-01 -1.604937973028969678e+00 -2.735003896204799556e-01 6.977380826787607515e-02 -1.355646373901597812e+00 -1.221195506453303326e+00 -2.022262163928532086e-01 4.998178771815699889e-02 -1.053833610346004201e+00 -3.192608484357289944e-01 -2.800717360620224028e-01
4.817339644282710998e-01 -6.340246652908591019e-01 -3.307319603288604304e-01 8.775162846830794616e-02 -5.126074660290677043e-01 -1.365963497157472561e+00 -2.367453513461095782e-01 6.444363128356182802e-02 -1.136583375759118608e+00 -1.017403473762682253e+00 -1.704507886461023025e-01 4.483538392873377687e-02 -8.665561323442064756e-01 -2.607333448489035921e-01 -2.261961988011685354e-01
4.859144464692263798e-01 -6.239180710921400363e-01 -3.235781341992934879e-01 8.228509875441565591e-02 -4.954729816750073068e-01 -1.323513026199587772e+00 -2.282733386075949111e-01 6.001611026273181992e-02 -1.092898513394171323e+00 -9.802683433912274813e-01 -1.637979628164556722e-01 4.180768991941418572e-02 -8.304149801295259703e-01 -2.504094605534294971e-01 -2.159851063438327778e-01
4.901252990058800885e-01 -4.863080502179367159e-01 -2.502535880793821388e-01 5.974939355641496752e-02 -3.854214539037841281e-01 -1.035629689685870547e+00 -1.774404567060340054e-01 4.402488620376070888e-02 -8.526338475367948311e-01 -7.701831723376457717e-01 -1.282263381321320783e-01 3.066933015442723648e-02 -6.514227939688760349e-01 -1.979050824560946997e-01 -1.707540752033401554e-01
4.943123444065962158e-01 -4.739792093171702470e-01 -2.465892476163639990e-01 6.229453292127675595e-02 -3.717158513232198813e-01 -9.954224089100256467e-01 -1.723604789411940785e-01 4.461785538172680088e-02 -8.225400603241055375e-01 -7.396982860248197955e-01 -1.243382507806479881e-01 3.113771670888587292e-02 -6.282020674232579038e-01 -1.900056571819614404e-01 -1.643273322217845278e-01
4.984736335014697817e-01 -4.331546841235900391e-01 -2.250310947912070592e-01 5.787891451424950762e-02 -3.395136219580490722e-01 -9.115674921370305883e-01 -1.573235679955933553e-01 4.099054499145821095e-02 -7.536999089253187956e-01 -6.789767745420810519e-01 -1.131974916102399670e-01 2.811950670473701425e-02 -5.780077095283350230e-01 -1.750801919462546263e-01 -1.520975129293520578e-01
5.026590164608074618e-01 -4.147306375892454988e-01 -2.156294175806647007e-01 5.391740460604119156e-02 -3.215001115568035805e-01 -8.652395531952344898e-01 -1.495085484483119065e-01 3.822248554144756783e-02 -7.021298840909341310e-01 -6.331253403427905546e-01 -1.057699662613722641e-01 2.606241525808297016e-02 -5.286963117842488069e-01 -1.600861617308940721e-01 -1.365031136208622597e-01
5.068609875937976073e-01 -3.770083839397061487e-01 -1.968568698151060281e-01 5.077127416228379569e-02 -2.970747709157946503e-01 -7.983207551645611355e-01 -1.384581040232066573e-01 3.595589228891042655e-02 -6.587382831562110796e-01 -5.934350092175894043e-01 -9.948321560009218412e-02 2.469096612705362626e-02 -5.041213976847584988e-01 -1.526009402279998040e-01 -1.323626659674402295e-01
5.110594965365916620e-01 -3.190296514670853956e-01 -1.659327296860479972e-01 4.300629645558955855e-02 -2.524555872213499197e-01 -6.767807085883509322e-01 -1.169872244208030321e-01 3.081354005611721888e-02 -5.626937248987941009e-01 -5.061093230952457001e-01 -8.472057551190438629e-02 2.146020893499455198e-02 -4.324853915654607306e-01 -1.307282779437839715e-01 -1.137944353096527472e-01
5.152492140965455603e-01 -2.955022585413929481e-01 -1.546927767739816051e-01 4.020471111202365833e-02 -2.247429369250985853e-01 -6.045759280551905590e-01 -1.049806792049934323e-01 2.758345567099211929e-02 -4.922130420499343240e-01 -4.432344365965834587e-01 -7.417882514783180614e-02 1.866488378777923784e-02 -3.746418774638633487e-01 -1.133481336235216963e-01 -9.815523365637320030e-02
5.194329442812991582e-01 -2.622187305265617496e-01 -1.362247940683907199e-01 3.425922432427169068e-02 -2.022951881134132934e-01 -5.470313554811236934e-01 -9.428627009009710180e-02 2.354771763190008707e-02 -4.485528801215142303e-01 -4.065328111206314432e-01 -6.762164610596146930e-02 1.589282570136833425e-02 -3.448345082307732179e-01 -1.050554769856415771e-01 -9.119567316430388093e-02
5.236343964239100757e-01 -2.396357899777558087e-01 -1.254150196055312805e-01 3.209993457729730382e-02 -1.790674384249498208e-01 -4.831221485442916963e-01 -8.391811293845269359e-02 2.158497491696258208e-02 -3.872508168183239619e-01 -3.496393830641500444e-01 -5.852495606961272134e-02 1.434792461824540774e-02 -2.906983237097359729e-01 -8.814167408034642714e-02 -7.511082984927164308e-02
5.278273205415198177e-01 -2.293225164584953291e-01 -1.197577002471298668e-01 3.039532908944384340e-02 -1.757051065826408243e-01 -4.750934704327675617e-01 -8.223240588113533978e-02 2.086772868820491525e-02 -3.894058375910013359e-01 -3.524967310197199000e-01 -5.887589084445712245e-02 1.422251457315195332e-02 -2.986550323363995618e-01 -9.080085757090784748e-02 -7.859250007257388704e-02
5.319960279023402405e-01 -2.041923410047018217e-01 -1.068045115689185837e-01 2.729514178885177056e-02 -1.561843351738431140e-01 -4.226252010640930701e-01 -7.324294632362039759e-02 1.859340683772581215e-02 -3.470316753278891442e-01 -3.143282719314526297e-01 -5.255896107863152616e-02 1.261416066374350387e-02 -2.675523346634496313e-01 -8.142515775798070399e-02 -7.092463383135362565e-02
5.361714592099571242e-01 -1.820076948764488833e-01 -9.495636371543828003e-02 2.400132273271671224e-02 -1.379997024055726884e-01 -3.732868171599302842e-01 -6.459406226885869295e-02 1.638404185429156307e-02 -3.058023005858823695e-01 -2.768656334549055020e-01 -4.628454421976428007e-02 1.117167004267294143e-02 -2.350433709282634676e-01 -7.146583997661823395e-02 -6.203544589894501721e-02
5.403746330902056139e-01 -1.514861276261950107e-01 -7.926467058637844121e-02 2.016628727093479692e-02 -1.149412384414191107e-01 -3.112720862051778781e-01 -5.395964650501267057e-02 1.363459437680676969e-02 -2.539325431014022305e-01 -2.301822330727312238e-01 -3.846185885254976844e-02 9.152737186952628057e-03 -1.944007524054664759e-01 -5.918518253568444409e-02 -5.111977831614972906e-02
5.445761264886261888e-01 -1.482519114744663968e-01 -7.761028950964100892e-02 1.947540334634178735e-02 -1.125513083085403904e-01 -3.060766418364512798e-01 -5.307663573138411001e-02 1.300726281409467396e-02 -2.503886463697946874e-01 -2.278551744195626005e-01 -3.809831773035080721e-02 8.705776373669536425e-03 -1.933785544730871053e-01 -5.912072579098133496e-02 -5.139046490748543083e-02
5.487504490749764985e-01 -1.272233621644742463e-01 -6.653626477201544931e-02 1.645176932209421392e-02 -9.502351477844314664e-02 -2.586404311465140826e-01 -4.480514474296225930e-02 1.089970829396369120e-02 -2.100074196070456922e-01 -1.912441515265195235e-01 -3.192783438776774368e-02 7.241897555189079350e-03 -1.614829484896081746e-01 -4.938931586811301511e-02 -4.274358888394150929e-02
5.529407179677009454e-01 -1.146466363340181149e-01 -6.002211527801658980e-02 1.521315783035964708e-02 -8.585551955030452931e-02 -2.334191093706163844e-01 -4.043703798943636130e-02 1.003408976176954973e-02 -1.883481565110364797e-01 -1.711241488739513039e-01 -2.855165804133822510e-02 6.670222275548204002e-03 -1.433667316759730803e-01 -4.371108138116871350e-02 -3.753750101812718815e-02
5.571409157079509900e-01 -1.048939093803324257e-01 -5.492542254550338010e-02 1.356372207634851113e-02 -7.883748037723115054e-02 -2.147847476774315811e-01 -3.726583872030769101e-02 9.107604617324972437e-03 -1.749576332994014216e-01 -1.593295650375583516e-01 -2.667265148185056153e-02 6.152149338581495291e-03 -1.349510873214624374e-01 -4.125627635883794692e-02 -3.579581948265860708e-02
5.613298693710127019e-01 -9.106663439678941430e-02 -4.788116393318574832e-02 1.207565978746619716e-02 -6.766031083334438090e-02 -1.839744779377325279e-01 -3.204101847295129368e-02 7.965315241282576106e-03 -1.481776632797794091e-01 -1.346540370900607131e-01 -2.259451073094240550e-02 5.298228268785293814e-03 -1.127145939933013319e-01 -3.437450894415502306e-02 -2.947912230766766215e-02
5.655062246218995892e-01 -8.254350986497663301e-02 -4.307540134555905287e-02 1.018704239126967670e-02 -6.133312093863013681e-02 -1.680251884673594487e-01 -2.905010708185213480e-02 6.726548227117191102e-03 -1.362786107282858150e-01 -1.248391228705992978e-01 -2.085058510398426698e-02 4.510968886593464192e-03 -1.055085439315379958e-01 -3.244679969829823707e-02 -2.812932139239266924e-02
5.696867424029971039e-01 -7.260025910878169231e-02 -3.812891745086108980e-02 9.564643531254560585e-03 -5.391817858170002559e-02 -1.468391304161193733e-01 -2.552588210469948146e-02 6.282418150881366979e-03 -1.189894469108695868e-01 -1.082936893275512763e-01 -1.814089491057017944e-02 4.181561359624906549e-03 -9.133903141928727265e-02 -2.791015012976902007e-02 -2.413057214333775430e-02
5.738956954203543459e-01 -6.174107372812403377e-02 -3.234132249372419915e-02 8.066454786985217257e-03 -4.446362754948111895e-02 -1.211050999346138801e-01 -2.101803805194518704e-02 5.225395534544799783e-03 -9.666854288258248940e-02 -8.781464942466508938e-02 -1.465114563381977181e-02 3.444333017889468496e-03 -7.346749437857942600e-02 -2.238700893711262699e-02 -1.928182656353808616e-02
5.780928920821047923e-01 -5.698046668543779725e-02 -2.990817384426463360e-02 7.386761876410455861e-03 -4.151966901856349312e-02 -1.131318150215186308e-01 -1.968526879813379399e-02 4.846878262335988646e-03 -9.025989855986626953e-02 -8.206717502086846583e-02 -1.376446897624979994e-02 3.232095170320482911e-03 -6.821483106768932991e-02 -2.079774626163495566e-02 -1.773962373976501264e-02
5.822632071880226023e-01 -4.945015783050560332e-02 -2.585331485807293092e-02 6.258751798941566448e-03 -3.647065608845447005e-02 -9.975789527914241672e-02 -1.727886165346515304e-02 4.091722364063575187e-03 -8.038780248365905157e-02 -7.344542194451118833e-02 -1.227109568841697890e-02 2.717185707207002161e-03 -6.164902604740533920e-02 -1.890721281721433403e-02 -1.627878391453050494e-02
5.864430803127811398e-01 -4.492919472799795227e-02 -2.350739351085617476e-02 5.613502369091293367e-03 -3.286290997756950022e-02 -8.999876996916755800e-02 -1.559236786126315562e-02 3.646509946568675907e-03 -7.249187977072174549e-02 -6.633255418719460894e-02 -1.108585268611385691e-02 2.421157805137540576e-03 -5.577728484399435693e-02 -1.713333876074678297e-02 -1.479188834232106169e-02
5.906376733072625784e-01 -3.963843530167342893e-02 -2.069838024722295625e-02 4.866393240420897708e-03 -2.917679860127407945e-02 -8.005969619576960850e-02 -1.384508856580074151e-02 3.176999727678857070e-03 -6.452216658463581778e-02 -5.914167086199410839e-02 -9.881909934072711024e-03 2.122069626695262390e-03 -4.965772599247316593e-02 -1.527200789997038878e-02 -1.315374072838887409e-02
5.948356627105599870e-01 -3.341469654365689795e-02 -1.747905663714360153e-02 4.140152039963614257e-03 -2.428745927839200125e-02 -6.661964275898893395e-02 -1.154141538751658758e-02 2.682102142052893764e-03 -5.318578334926698375e-02 -4.871557772661776892e-02 -8.133886994041075041e-03 1.767282915580020881e-03 -4.057416240351469083e-02 -1.246951630606551835e-02 -1.066283714798323123e-02
5.990145239901687457e-01 -3.203647638924918273e-02 -1.676499655893548893e-02 3.864811884225712729e-03 -2.350025236827288019e-02 -6.464756387618013356e-02 -1.120524362988516848e-02 2.525114938340889542e-03 -5.223580295271953305e-02 -4.798381517448647299e-02 -8.038838524501263141e-03 1.695977897348064766e-03 -4.039671088769269253e-02 -1.244790826053237057e-02 -1.074736552518886119e-02
6.031829950841108845e-01 -2.758819444811199534e-02 -1.445936012542058113e-02 3.437617618928819237e-03 -2.008791395561428106e-02 -5.505493091857625171e-02 -9.570834063008923018e-03 2.249279391592793210e-03 -4.426224876754342175e-02 -4.047525496535486766e-02 -6.797916475620694073e-03 1.511138913905742294e-03 -3.393503862769536861e-02 -1.040614600997584113e-02 -8.950151576975484691e-03
6.073740526175752663e-01 -2.419047408307041513e-02 -1.269515586611799640e-02 3.014461442443409564e-03 -1.774908074707329947e-02 -4.866720119238113901e-02 -8.463791973752613287e-03 1.979813340397902112e-03 -3.937532550363431749e-02 -3.604480268582955366e-02 -6.051124355597153025e-03 1.331248984459619230e-03 -3.042975074323329976e-02 -9.344893493677682017e-03 -8.094396761569059781e-03
6.115768023320514724e-01 -1.921744550362456533e-02 -1.007409645528185328e-02 2.380112618419314655e-03 -1.399534256708605956e-02 -3.842309835420062297e-02 -6.671186959565787895e-03 1.549715873741031686e-03 -3.094576772184636990e-02 -2.835647542464889495e-02 -4.752641779597037257e-03 1.038530370613322115e-03 -2.387228548753451626e-02 -7.338666112771750037e-03 -6.345835566124099179e-03
6.157710000000914397e-01 -1.870156996261443036e-02 -9.790233071775506293e-03 2.206218101207091126e-03 -1.350733571546276768e-02 -3.727129273195439740e-02 -6.466742703438809955e-03 1.420240383749555918e-03 -2.977045182131520668e-02 -2.741461822599443321e-02 -4.598618579159640014e-03 9.433025630067328436e-04 -2.291474479412160259e-02 -7.077387797117923839e-03 -6.083440879321526905e-03
6.199632023912512446e-01 -1.569316972231445118e-02 -8.208516919400840953e-03 1.848293122640822612e-03 -1.132542177594970251e-02 -3.122730687970361185e-02 -5.417757010147240294e-03 1.201762993753254481e-03 -2.495138165525008500e-02 -2.295692073266149269e-02 -3.852343651488328389e-03 8.056987896359938360e-04 -1.918359593284854614e-02 -5.917468537498276303e-03 -5.082636161273159509e-03
6.241630060990407403e-01 -1.437684096617473928e-02 -7.517528040403387117e-03 1.684663110160739127e-03 -1.042840593380830842e-02 -2.880780954441629002e-02 -4.987146260545299338e-03 1.090059049286310269e-03 -2.313661600164174451e-02 -2.133083277474660117e-02 -3.570052135032812830e-03 7.307619187224238940e-04 -1.790374807050572684e-02 -5.534543541464050954e-03 -4.773214977308924342e-03
6.283593402461892241e-01 -1.168528137722789698e-02 -6.121194702270147357e-03 1.401054141547029190e-03 -8.558549119415009496e-03 -2.361199985570157714e-02 -4.094281285577405435e-03 9.096279519371896485e-04 -1.908296053018289709e-02 -1.757469639324656802e-02 -2.948428953343104880e-03 6.143480430368939479e-04 -1.480302864820884183e-02 -4.571455386181691102e-03 -3.943169240973724322e-03
6.325410955997395890e-01 -1.076683870859925646e-02 -5.637271839768822311e-03 1.275168820626731416e-03 -7.689311590728775681e-03 -2.122814078006101529e-02 -3.681996686598125890e-03 8.153214521368284473e-04 -1.688970100345846270e-02 -1.554967486499281119e-02 -2.604323479881518171e-03 5.403930351577568205e-04 -1.295418614746247921e-02 -3.999117953490461883e-03 -3.423952836452269933e-03
6.367142920629192959e-01 -8.750826833651848685e-03 -4.579440279972126805e-03 1.029854512716852450e-03 -6.260606523313259203e-03 -1.728573163782486793e-02 -2.999523597072426689e-03 6.639192889012296645e-04 -1.375414400510028071e-02 -1.266074290976668300e-02 -2.120529632432555447e-03 4.406138122356045850e-04 -1.054105778866519863e-02 -3.252292933957227905e-03 -2.782548402378434965e-03
6.409035099394975177e-01 -8.350460999421851355e-03 -4.362588701591651671e-03 9.493844304139542091e-04 -6.001323181598799614e-03 -1.662032111971260481e-02 -2.877807803729064227e-03 6.144855308347468284e-04 -1.329954218289433089e-02 -1.228273562033490272e-02 -2.058024368768549862e-03 4.132857635182377270e-04 -1.027773548396887331e-02 -3.180823019126900741e-03 -2.732528404327504330e-03
6.451032402190634008e-01 -7.048695044238609091e-03 -3.686446159751066449e-03 8.029607474489082377e-04 -5.023294969832853112e-03 -1.391311852458113237e-02 -2.411693852217919407e-03 5.139312673832546665e-04 -1.101458015266379084e-02 -1.017498268065437743e-02 -1.706379511638015864e-03 3.415317320272954495e-04 -8.435188286680961670e-03 -2.611860544235165751e-03 -2.225273102825394301e-03
6.492879941711476866e-01 -6.379021318192880374e-03 -3.333772392197407401e-03 7.106732247202107462e-04 -4.575154681811703129e-03 -1.271240799232725878e-02 -2.201374883564428085e-03 4.567512112014692144e-04 -1.017083146848892124e-02 -9.422308706552249766e-03 -1.578852834644246025e-03 3.060748278115055796e-04 -7.902810495031803439e-03 -2.453669929805797796e-03 -2.117398079611353904e-03
6.534659541563927476e-01 -5.383199088583387124e-03 -2.809418760094553862e-03 6.030267371061489006e-04 -3.796715663396085880e-03 -1.053541453979460994e-02 -1.822078753150972123e-03 3.836976460609376133e-04 -8.360000864882559043e-03 -7.731691846175349145e-03 -1.294009848230735261e-03 2.567665498157795079e-04 -6.449362486278354539e-03 -1.998829428007134652e-03 -1.717477189361055721e-03
6.576591076962554627e-01 -4.546918631945517236e-03 -2.377015666426153528e-03 5.167594722169768827e-04 -3.238765050538901843e-03 -8.979665540116603742e-03 -1.555087777381782563e-03 3.300344879484833679e-04 -7.202732092539592193e-03 -6.661584107459442294e-03 -1.115586106107964654e-03 2.209558761079108023e-04 -5.610700247290005896e-03 -1.740065969704309747e-03 -1.507671696953005866e-03
6.618529307405217610e-01 -4.227661559361844783e-03 -2.207707701114943605e-03 4.570577600027708113e-04 -3.070589537170972938e-03 -8.564714700342082251e-03 -1.480044346658782647e-03 2.939206929218149021e-04 -6.891448959208370389e-03 -6.414742246540043775e-03 -1.073675386959326841e-03 1.971809635328913379e-04 -5.391933843659568217e-03 -1.682095390544649559e-03 -1.451404716356258055e-03
6.660240791386257131e-01 -3.534349714420527509e-03 -1.850084842277706452e-03 3.909183220071455302e-04 -2.513783023154659516e-03 -6.985220122723432429e-03 -1.213157496752846187e-03 2.513425459408252555e-04 -5.559445160746971822e-03 -5.149311529092086281e-03 -8.666393125797945077e-04 1.690726849527417522e-04 -4.293223002446637168e-03 -1.332182675494627362e-03 -1.141541717356067166e-03
6.702067828716186115e-01 -3.003134907221682946e-03 -1.569161344274053183e-03 3.270131940286253821e-04 -2.126599878857248545e-03 -5.920647312509504621e-03 -1.025092114976554987e-03 2.079931902633416882e-04 -4.697774548694516952e-03 -4.361565014553423110e-03 -7.306609140044065037e-04 1.381639313745614440e-04 -3.632753900430957944e-03 -1.130205754921987998e-03 -9.692418158632606570e-04
6.744172070879622671e-01 -2.728416677909629908e-03 -1.427614314659409866e-03 2.962590619416364960e-04 -1.963596544968111181e-03 -5.467272949293056072e-03 -9.485659319293238134e-04 1.918304674821944326e-04 -4.386540775718319844e-03 -4.072837289247349321e-03 -6.852304931609416597e-04 1.299546688100105434e-04 -3.422719491369779349e-03 -1.064863798299483903e-03 -9.198913234269711237e-04
6.786118453466847278e-01 -2.277064825718772088e-03 -1.188609656693277641e-03 2.450836748280006607e-04 -1.614644965833562148e-03 -4.501745003658648610e-03 -7.787264077786051376e-04 1.559481365934603568e-04 -3.581449701210403114e-03 -3.327671926687932914e-03 -5.574014849145077569e-04 1.042274524643710680e-04 -2.775626719159692522e-03 -8.640178700308127121e-04 -7.411672420670934076e-04
6.827984616056306244e-01 -1.970247436416397435e-03 -1.027338903333611725e-03 2.069879844368299618e-04 -1.407032089283004718e-03 -3.928433547403752807e-03 -6.790057824399964694e-04 1.327023523885129325e-04 -3.138066484425796904e-03 -2.921363481547809178e-03 -4.898485341898293913e-04 8.949050845522213827e-05 -2.445848056635906501e-03 -7.628374645115669483e-04 -6.564952434309262366e-04
6.869817177358829019e-01 -1.714634809457968572e-03 -8.959647377718806590e-04 1.833927093114363774e-04 -1.217739203893297662e-03 -3.394768959561121364e-03 -5.882777532452673807e-04 1.177619992897198733e-04 -2.698815213458418717e-03 -2.508023351694347539e-03 -4.211818639318847088e-04 7.913752808848899234e-05 -2.091209024894335848e-03 -6.510445733622049732e-04 -5.585616964149514845e-04
6.911718524128840357e-01 -1.446107245264625961e-03 -7.545025179183009051e-04 1.528298556931119315e-04 -1.025205727499638609e-03 -2.862561352123393823e-03 -4.950356055358473822e-04 9.718009636207039688e-05 -2.285542783874496778e-03 -2.128271520989068882e-03 -3.569427573786828939e-04 6.527401304690974278e-05 -1.786539855929712706e-03 -5.575339497426321173e-04 -4.819079362283054451e-04
6.953555746427921846e-01 -1.219887353036318940e-03 -6.386648782549166504e-04 1.314850072818710483e-04 -8.565799173600341810e-04 -2.388710293349126292e-03 -4.146648888183999829e-04 8.347706472359903943e-05 -1.889738772613923324e-03 -1.755768204581044595e-03 -2.951954043693476261e-04 5.591862437211199822e-05 -1.460657103158966800e-03 -4.545518583246976451e-04 -3.896305093395739574e-04
6.995344561305086861e-01 -1.090968211856824287e-03 -5.690430288999244251e-04 1.125278825287090494e-04 -7.738577757176961060e-04 -2.164155557350699952e-03 -3.741729017272591405e-04 7.226459277937191889e-05 -1.722068025413729274e-03 -1.605250065434227170e-03 -2.693042911731205490e-04 4.890563053912736044e-05 -1.338561814113051543e-03 -4.177782976972397406e-04 -3.578965214568032645e-04
7.037287066792784485e-01 -9.431040390804410877e-04 -4.913446911017798659e-04 9.689045644930957188e-05 -6.665034998747206485e-04 -1.865157494307329760e-03 -3.222123330147497796e-04 6.192781508319678354e-05 -1.481563682042371559e-03 -1.381768331117729388e-03 -2.316466084282860899e-04 4.174076255507032070e-05 -1.152350458635966780e-03 -3.599437180707498805e-04 -3.088677910637177820e-04
7.079143033440539190e-01 -7.788950383480656514e-04 -4.068184423416600797e-04 8.190549705978880538e-05 -5.449993255060827041e-04 -1.522694598011157738e-03 -2.638154565427917246e-04 5.199677511332140897e-05 -1.203367990617705378e-03 -1.119731854712373471e-03 -1.880166390749345162e-04 3.486346330895530272e-05 -9.320039728346734284e-04 -2.904022685412931950e-04 -2.492893162587440513e-04
7.121186686741065586e-01 -6.839969479201092432e-04 -3.567583085137945777e-04 6.951387683911063422e-05 -4.799701899203637516e-04 -1.345285547587706399e-03 -2.326754864250658666e-04 4.402064391988819001e-05 -1.064294306429533574e-03 -9.939618922598716932e-04 -1.668321937274590467e-04 2.956456282280772792e-05 -8.274501200995672007e-04 -2.587970177653384717e-04 -2.218378752505995196e-04
7.163134555705721329e-01 -5.833198007397111945e-04 -3.038195046955941676e-04 5.870657560781744925e-05 -4.093983035133078019e-04 -1.146692179176220239e-03 -1.981815994999752077e-04 3.753413503861721402e-05 -9.085114959460682598e-04 -8.479086463302329055e-04 -1.423364587506791414e-04 2.545937881517695497e-05 -7.064587832481342968e-04 -2.207796738076759366e-04 -1.894859334195325912e-04
7.204913713645887396e-01 -5.238374615778516570e-04 -2.732978451794809628e-04 5.247264305102551613e-05 -3.719186021431051246e-04 -1.043333241674335729e-03 -1.804300009485444983e-04 3.367487700380154705e-05 -8.338822985946994044e-04 -7.796234338294356046e-04 -1.310212633028529279e-04 2.295378716464895256e-05 -6.546198790212652292e-04 -2.049446521689251817e-04 -1.770500877306422163e-04
7.246803275165087932e-01 -4.308826907783800254e-04 -2.244664841062275328e-04 4.312523142113907899e-05 -3.056115657657881260e-04 -8.569164772965283568e-04 -1.480405412953478446e-04 2.779656535858408839e-05 -6.831929159056122046e-04 -6.383043511084438796e-04 -1.071397213681368743e-04 1.898523773159107114e-05 -5.338538479517230921e-04 -1.669914048897743917e-04 -1.436647481301923978e-04
7.288763115175647123e-01 -3.771720559031116753e-04 -1.964677792252752348e-04 3.689830486667827357e-05 -2.656352867164195547e-04 -7.458905901455830387e-04 -1.288998852838672371e-04 2.356522573070853806e-05 -5.924724636052427660e-04 -5.544832413626461613e-04 -9.316980587674088363e-05 1.599018641823542295e-05 -4.628870667320007727e-04 -1.450533419827992789e-04 -1.246744120898013214e-04
7.330585840505703388e-01 -3.195662830396083214e-04 -1.666303201968577388e-04 3.134043187769240300e-05 -2.252681351665133838e-04 -6.332192048474542898e-04 -1.095375746129679980e-04 2.010312878729428231e-05 -5.023386558988019194e-04 -4.702024355584049037e-04 -7.910041806484402623e-05 1.369488062637108659e-05 -3.919997129174600096e-04 -1.227981080387428544e-04 -1.053680912592077897e-04
7.372316440474646626e-01 -2.611658072744202689e-04 -1.360454133473357999e-04 2.533601229953388488e-05 -1.824273943501427168e-04 -5.136659553227531511e-04 -8.875577539529757080e-05 1.609178712971723281e-05 -4.069406012290427920e-04 -3.813100391013043815e-04 -6.403476006717132832e-05 1.089344398613571232e-05 -3.177531370053009760e-04 -9.972111815165411275e-05 -8.564283930710110497e-05
7.414228560306842519e-01 -2.389356732929848843e-04 -1.245962808538266431e-04 2.312110707207185872e-05 -1.680730628210542956e-04 -4.724645065477297819e-04 -8.175576300438605138e-05 1.484931866657764769e-05 -3.756573270122736492e-04 -3.515540927017067867e-04 -5.916268945594779153e-05 1.011860372513307465e-05 -2.938119370610729926e-04 -9.213349761155957671e-05 -7.929316816900709567e-05
7.456189213758863676e-01 -1.971439993207397580e-04 -1.027011011388937871e-04 1.907633810220624759e-05 -1.381913137901221334e-04 -3.881781878654561382e-04 -6.716673075354507780e-05 1.214723018018272209e-05 -3.083574109312160728e-04 -2.888606826532177495e-04 -4.863456820539682556e-05 8.292047630400093219e-06 -2.416640484135300164e-04 -7.577701142286568108e-05 -6.536037956797672416e-05
7.498104337627916616e-01 -1.624490739707526216e-04 -8.451968800313769165e-05 1.529633052539566186e-05 -1.123361112230786561e-04 -3.170708021263172159e-04 -5.477404590983415614e-05 9.616492246987661799e-06 -2.493313264809102745e-04 -2.340530761289008350e-04 -3.926742178293937387e-05 6.460119096706370437e-06 -1.939536771063888525e-04 -6.099234520670293944e-05 -5.209449569166716256e-05
7.539974189770904944e-01 -1.361716955522428716e-04 -7.095217670204417208e-05 1.332574253456412445e-05 -9.462926341160361006e-05 -2.658585501204872512e-04 -4.600433669542896539e-05 8.452520493711427712e-06 -2.092955822705848780e-04 -1.958543808392352551e-04 -3.293364664882533185e-05 5.736248291911979382e-06 -1.621645973556510971e-04 -5.082269320287666740e-05 -4.338319357817173609e-05
7.581896411468850294e-01 -1.188311989251581937e-04 -6.185927526350265700e-05 1.122123237444391741e-05 -8.288311822368163017e-05 -2.331412217779441228e-04 -4.030786936064618086e-05 7.117612507404727584e-06 -1.839628751879880783e-04 -1.725711007811024016e-04 -2.902975730173975653e-05 4.819433186029177605e-06 -1.431103856783909746e-04 -4.494839967648224201e-05 -3.835898652295872935e-05
7.623808615479977790e-01 -9.992971941639659762e-05 -5.200190562336460181e-05 9.248735798235110627e-06 -6.920311848217313669e-05 -1.950747052701994424e-04 -3.371175542893333225e-05 5.851112902421335556e-06 -1.532216957985264502e-04 -1.439143234470195525e-04 -2.419241208085491757e-05 3.975094213410084580e-06 -1.189966480941586317e-04 -3.743008095049867018e-05 -3.183413894407252263e-05
7.665651159623174671e-01 -8.629065447851596736e-05 -4.474477444016324718e-05 7.835214825727048884e-06 -5.975142677832768204e-05 -1.688085280575985436e-04 -2.912996571444994445e-05 4.962422710973920732e-06 -1.325584249426131481e-04 -1.248050746231828723e-04 -2.097280582121648470e-05 3.357880878265985237e-06 -1.033070507558842558e-04 -3.252188779028100343e-05 -2.768731543046539916e-05
7.707536355579491794e-01 -7.081985321051383780e-05 -3.688707863236247674e-05 6.399566902203834352e-06 -4.948405101958089662e-05 -1.394548121700415436e-04 -2.406667766945587620e-05 4.065028976321882806e-06 -1.102026905595303481e-04 -1.037368820008983397e-04 -1.744598774182316760e-05 2.751617296920199339e-06 -8.630061234975453172e-05 -2.719472260598098995e-05 -2.320897707148349698e-05
7.749462413082437440e-01 -6.286857122270468460e-05 -3.279586474243790747e-05 5.746610082721166503e-06 -4.393714794468632381e-05 -1.240041519631574852e-04 -2.146362680478597630e-05 3.688694945012972438e-06 -9.789016562458140495e-05 -9.199610628835596976e-05 -1.550313688932532179e-05 2.529766739778734619e-06 -7.651625947524161027e-05 -2.404279537078913946e-05 -2.054113495626327891e-05
7.791369682448587852e-01 -5.116563194357065595e-05 -2.668751473798753820e-05 4.606943879457108451e-06 -3.580402884126857770e-05 -1.007978395764071801e-04 -1.740752784825288423e-05 2.970615788927804396e-06 -7.995696168165167554e-05 -7.507109273079430253e-05 -1.262500863281389216e-05 2.042100916611760059e-06 -6.262805155603966755e-05 -1.967730091118382994e-05 -1.693459643800636591e-05
7.833258353347896108e-01 -4.478180877759563988e-05 -2.336720360929624759e-05 3.936598782062935985e-06 -3.153934196767578578e-05 -8.886005182179918438e-05 -1.536114359049309359e-05 2.534214107818749936e-06 -7.073422067859950297e-05 -6.650072725981229867e-05 -1.119968337910973191e-05 1.734985899021385782e-06 -5.539319474402763587e-05 -1.748443670207775274e-05 -1.501148282566739762e-05
7.875159900600451346e-01 -3.767782728461098582e-05 -1.944944893278787587e-05 3.246639957577825511e-06 -2.589580937877263066e-05 -7.358846928655624401e-05 -1.266811622116066708e-05 2.069071956697462320e-06 -5.767871534230547024e-05 -5.450798379719755447e-05 -9.157699127202069360e-06 1.414488884922441416e-06 -4.540018800339943456e-05 -1.426647675997570634e-05 -1.222239466623006007e-05
7.917084457625156446e-01 -2.994358477176399899e-05 -1.565705447003531682e-05 2.747614925265808676e-06 -2.090527988962478990e-05 -5.871808732579113211e-05 -1.017066433978296783e-05 1.743717677546865637e-06 -4.655738972137893572e-05 -4.366413079150226309e-05 -7.355220335207726438e-06 1.195784344426405081e-06 -3.634405211525382011e-05 -1.143221840186398519e-05 -9.774920621257861763e-06
7.958821468706197555e-01 -2.609676313694232655e-05 -1.350067941910395059e-05 2.321490452726389425e-06 -1.796351810364894261e-05 -5.092276473919177656e-05 -8.783297534122475872e-06 1.440799941736563686e-06 -4.004792561959483795e-05 -3.790168116629594365e-05 -6.367349794578282950e-06 9.797284156448474201e-07 -3.142441506185997274e-05 -9.967440286561035959e-06 -8.575343039783416362e-06
8.000624692379799674e-01 -2.203734043478457934e-05 -1.144808347695526715e-05 1.940762740851196600e-06 -1.523704182496364997e-05 -4.344249918536207468e-05 -7.480690699946774088e-06 1.213137153253576113e-06 -3.432248451637560975e-05 -3.241795195315963604e-05 -5.435153879650511301e-06 8.343806563104917141e-07 -2.683203822087004182e-05 -8.500368852439834616e-06 -7.222113980798576900e-06
8.042564613727184453e-01 -1.748151541490366266e-05 -9.188710090249169749e-06 1.524358421886768761e-06 -1.209245219416833241e-05 -3.393959153844671996e-05 -5.900097119421718100e-06 9.419188650994592095e-07 -2.679842621455999334e-05 -2.512001205340020236e-05 -4.252238855846574432e-06 6.519877903869805882e-07 -2.083829637331676015e-05 -6.557205939138151210e-06 -5.628521746479313378e-06
8.084384822996342201e-01 -1.550109813561328597e-05 -8.095650484931603050e-06 1.346903880358608832e-06 -1.069201469286633239e-05 -3.057231250624706741e-05 -5.285072267041984777e-06 8.721728820762233099e-07 -2.400877653909063011e-05 -2.260714925172022447e-05 -3.809073352869663535e-06 5.992210643251363331e-07 -1.855377104620620205e-05 -5.881478567626940969e-06 -5.013734555127761417e-06
8.126333810499198895e-01 -1.245063668744245915e-05 -6.526321184887717916e-06 1.070316255654107150e-06 -8.588568752807315112e-06 -2.433437150483778533e-05 -4.208102127724886754e-06 6.752096784233359157e-07 -1.895413698074862829e-05 -1.805524284412559247e-05 -3.034927580658389858e-06 4.628232181544365373e-07 -1.486411514598044308e-05 -4.700759294227635757e-06 -4.006607359642755716e-06
8.168271958201180905e-01 -1.034120064366750271e-05 -5.303326722613726043e-06 9.147930109689696541e-07 -6.957819838017295431e-06 -2.002152876466966024e-05 -3.459832875283023174e-06 5.871507056499598032e-07 -1.582464809459054316e-05 -1.500436119538166439e-05 -2.509530841801347622e-06 3.987471930625232364e-07 -1.238170186547164643e-05 -3.951909384768827630e-06 -3.398881215948828009e-06
8.210214995694952167e-01 -9.226605686903427951e-06 -4.795564886862856560e-06 7.695899575510292377e-07 -6.385326906932619343e-06 -1.829911860333126325e-05 -3.133357157811403199e-06 5.161236867621908143e-07 -1.413496769384383942e-05 -1.360771863478791154e-05 -2.275612290968537046e-06 3.353805060107936469e-07 -1.104407080562708955e-05 -3.574167122467908171e-06 -3.023249607092871842e-06
8.252154145000215602e-01 -7.349691709985782459e-06 -3.800539311357906842e-06 6.033911313078702498e-07 -4.994800449585254297e-06 -1.438398414665550242e-05 -2.475363603962689207e-06 3.998188905795642282e-07 -1.143319722169312288e-05 -1.069084848628852240e-05 -1.801159814584843140e-06 2.798810807765797004e-07 -8.964070558856394776e-06 -2.798553913350110675e-06 -2.396440352260918643e-06
8.294030907808404018e-01 -6.208964691380483920e-06 -3.272800215660571207e-06 5.077608570531960253e-07 -4.434205504291966641e-06 -1.224093724719567233e-05 -2.145348674249406930e-06 3.222144652853777566e-07 -9.786349167946337352e-06 -9.214728210993855626e-06 -1.555949532545932748e-06 2.281121646250169139e-07 -7.603668480569143193e-06 -2.447608021256506834e-06 -2.122699552023550572e-06
8.335906150371191758e-01 -5.019005989700864022e-06 -2.649464781843935177e-06 4.280991606543807550e-07 -3.380899406532499824e-06 -9.796745762401958988e-06 -1.741649300756732548e-06 2.880268883848001391e-07 -7.617229621983096380e-06 -7.325491329017275862e-06 -1.249509811724176297e-06 1.967612466370922742e-07 -6.092738410800630277e-06 -1.938245840267585522e-06 -1.606959102544425036e-06
8.377685032221774408e-01 -4.230521466031922267e-06 -2.204245348838656818e-06 3.226357630888098347e-07 -3.055596588187807880e-06 -8.259763708184994700e-06 -1.449054302318360361e-06 2.125514306794787725e-07 -6.813509636835129467e-06 -6.095845487048755728e-06 -1.036610813512604752e-06 1.543813251016629049e-07 -5.140213741476747531e-06 -1.570355032936998612e-06 -1.412133072851191356e-06
8.419567297582307708e-01 -3.709481932732761335e-06 -1.867645175880776191e-06 3.128810202134837231e-07 -2.547601450520083247e-06 -6.912225583321409849e-06 -1.201011405825499246e-06 1.830314011048931374e-07 -5.588791552017932982e-06 -5.118146895439688590e-06 -8.599417633269427524e-07 1.274701483667907798e-07 -4.219893804303217471e-06 -1.310786729268105879e-06 -1.196099456716960459e-06
8.461556544987137718e-01 -3.222518196610239382e-06 -1.630326042798561596e-06 2.911770153830860182e-07 -2.120720005895528884e-06 -6.220927787718836330e-06 -1.062084942418961738e-06 1.753785438553472455e-07 -4.780220138173144106e-06 -4.623808626311294185e-06 -7.770481412870964899e-07 1.312611479257400730e-07 -3.632305721991076235e-06 -1.199847820938528567e-06 -1.021898326780088732e-06
8.503430790983292908e-01 -2.510808737226925201e-06 -1.314982222604659340e-06 2.013588988740650481e-07 -1.571069208404498451e-06 -4.886052411152769127e-06 -8.452038009102446785e-07 1.262332673265505293e-07 -3.467342969845860384e-06 -3.535878645869296609e-06 -6.005145038833267189e-07 8.759554351046683650e-08 -2.869693232230978514e-06 -9.108932448068874908e-07 -7.867659987162592509e-07
8.545245840949285965e-01 -1.991796663059559545e-06 -1.118873443180732593e-06 1.957923824352157654e-07 -1.416292182923852389e-06 -3.874440371483121050e-06 -7.304342198516325097e-07 1.243879935168793200e-07 -2.993984823082290255e-06 -2.946907826846570379e-06 -5.239451199940027514e-07 7.214255813997531558e-08 -2.516030395714065253e-06 -8.012372753671161048e-07 -6.790696062492714785e-07
8.587196449246210506e-01 -1.704184829979158068e-06 -9.272793986066439537e-07 1.471269305884404344e-07 -1.263242234981679771e-06 -3.302756292116418126e-06 -6.010885888390633774e-07 8.524352221758544499e-08 -2.768774119467213100e-06 -2.583891195007086998e-06 -4.333707345645844487e-07 5.527208480045506922e-08 -2.045468029392301306e-06 -6.795974998919384561e-07 -5.840292137917795321e-07
8.629074348139629258e-01 -1.489381353556845704e-06 -7.477534380409313183e-07 1.021079635092579147e-07 -8.172719113117967014e-07 -2.864722417569976701e-06 -4.990586516743084770e-07 7.641658789490236510e-08 -2.165593519472821373e-06 -2.192955281290674495e-06 -3.635747038647551855e-07 5.083438275044543596e-08 -1.700241378646055540e-06 -6.085975165610401863e-07 -4.498005252037558033e-07
8.670852844200982457e-01 -1.117731268099333285e-06 -6.347156686716896270e-07 8.821849642900387286e-08 -9.003226078769899996e-07 -2.401179283428957712e-06 -4.164065422712569650e-07 6.434779865886609674e-08 -2.224365819720268147e-06 -1.725285675821397754e-06 -3.020699571519289717e-07 4.094005398888716463e-08 -1.544521266051861765e-06 -4.218853552322993809e-07 -4.399441209242439416e-07
8.712764316473343706e-01 -1.067786435555310135e-06 -5.020283444251612307e-07 8.681580467303691329e-08 -6.847490103294337673e-07 -2.013548373115666904e-06 -3.498249214498638061e-07 4.526165068766283748e-08 -1.550875437787005409e-06 -1.413219960455818775e-06 -2.517756751426107846e-07 2.900422927884733223e-08 -1.189288093476176825e-06 -3.602400698961596809e-07 -3.376851292079586198e-07
8.754762476624626810e-01 -9.618976345269152124e-07 -4.627440740460712682e-07 8.195963120393281593e-08 -5.455480951911817780e-07 -1.700873188099743457e-06 -2.942297285886862317e-07 5.872854525966633416e-08 -1.113169244827279522e-06 -1.230258163594905610e-06 -2.112948403868239749e-07 3.037299333460398547e-08 -8.368344235875255708e-07 -2.991057972691486198e-07 -2.834402805324673162e-07
8.796707865602606535e-01 -7.749114888060517394e-07 -3.505144310571847953e-07 7.254623287945685339e-08 -3.830006904050761329e-07 -1.305058019075692216e-06 -2.305759561198674560e-07 2.995037050335780486e-08 -1.012974365094837994e-06 -1.012019368674329033e-06 -1.615107301132879000e-07 3.324738643816089622e-08 -6.432654043878701704e-07 -2.493833657695388601e-07 -1.785946326751914629e-07
8.838562222970675064e-01 -5.055670620839290304e-07 -2.863768752736518811e-07 5.842885757405644051e-08 -2.831245718263663174e-07 -8.928938977760319440e-07 -1.759155268507193665e-07 3.155952346069052244e-08 -7.474815183801730776e-07 -6.615893270652653485e-07 -1.313495122882547069e-07 1.490064568502611362e-08 -5.557330039303624621e-07 -1.767297705318775916e-07 -1.746622631779531853e-07
8.880381764417510926e-01 -4.268522570832426084e-07 -2.230764639395626847e-07 1.509081218034467222e-08 -3.302776367495839947e-07 -6.257577603677364824e-07 -1.417480131391338178e-07 5.265143404436101513e-09 -6.027418953402431835e-07 -4.458691822094476952e-07 -1.067183036675949239e-07 1.541421955578045187e-08 -5.135587573193774173e-07 -1.050863371490754267e-07 -1.375356964942479108e-07
8.922270316229049536e-01 -3.049438086075148723e-07 -1.896577709475842047e-07 3.967707706953677268e-08 -3.647727175644926264e-07 -6.450185777528799556e-07 -1.272470029692525572e-07 5.484388592537014271e-10 -7.291762063296706463e-07 -6.023622035316574341e-07 -8.716910526163687201e-08 4.203048703545729007e-09 -6.929294100315824991e-07 -1.723898991208910847e-07 -2.050589033540862175e-07
8.964225585562245469e-01 -2.564722876046914253e-07 -1.817911463490749731e-07 3.032409116041326343e-08 -1.235220105434714755e-07 -5.706212423216651714e-07 -9.526241390363686257e-08 2.808173589493682064e-08 -4.911224950565748304e-07 -4.122361617940348779e-07 -6.542418608394508489e-08 4.183292858302516048e-09 -3.204846907043779756e-07 -1.121075064243869275e-07 -8.080112816135528766e-08
9.006049913569987853e-01 -1.337054346094602477e-07 -1.108205218627779990e-07 1.655389741834933190e-08 -8.466827967011892658e-08 -2.835158559297896403e-07 -7.986864583670244876e-08 5.321362049482551117e-09 -2.259263059076527681e-07 -1.644086676055879888e-07 -4.587589531885709881e-08 2.908280767373379501e-09 -2.451003596246475932e-07 -5.725265720662073357e-08 -8.220439822810102343e-08
9.047836582182254839e-01 -1.910931454447756233e-07 -1.382959940805150753e-07 2.069108626715104239e-08 -1.473616266167726914e-07 -1.956058234957552066e-07 -7.160666599287946383e-08 -9.273202550254983155e-10 -1.523872503744324564e-07 -1.208053609342169478e-07 -5.977618218539721210e-08 8.515422222764772523e-09 -1.508464414137992169e-07 -3.380407109802004459e-08 -6.038462222374564529e-08
9.089780964569278421e-01 -2.784089574971931377e-07 -7.484584400733517022e-08 -1.126452456486487411e-08 1.200638842278766601e-08 -3.050509941835282709e-07 -4.875088252578707917e-08 -2.599502203982683412e-09 6.264179985801643488e-08 -2.801240376688518668e-07 -3.808591157579075875e-08 1.771562496738029335e-10 -3.055537566539366852e-08 -7.823170414992827963e-08 -4.197473472725927730e-08
9.131704587403689510e-01 -4.330549055866111672e-08 -8.609724465361766384e-08 1.126466219613452889e-08 -2.019315119402491655e-08 -9.054507542337404163e-08 -4.292525435535410162e-08 5.596197268533286153e-09 -1.766486910900514871e-07 -1.382527983223675800e-07 -2.931490859680944735e-08 4.622148461749402596e-09 -2.301775673165735902e-07 -4.024903772258798549e-08 -5.754917321811949420e-08
9.173547920329833127e-01 -1.495749475564782602e-07 -6.081547741183456791e-08 -1.574535160702826385e-10 4.860280745666413182e-08 -5.428575169187018682e-08 -6.051092328303962310e-08 1.550977708995829339e-08 -2.995438336868496484e-08 -5.515276475741223103e-08 -4.825825320217564620e-08 1.481457811578658829e-08 -7.231791824836641163e-08 -3.852061186090746245e-08 -2.109952918172977642e-08
9.215425617950214754e-01 9.009900603640792726e-11 -4.954418608135145619e-08 8.005039085364556544e-09 -4.089065802003465409e-08 2.091512264622343336e-08 -2.104177338993676351e-08 -1.351683504626804966e-08 8.707642665146564113e-08 1.912058535352966550e-10 -1.062926846986923975e-08 3.996041951616913919e-09 -2.521794358669703963e-08 -2.621222353178305863e-08 4.898931052467311934e-09
9.257400405750663142e-01 -1.640251941714603039e-07 -4.849731328044918558e-08 7.684975746580175983e-09 -2.152664140025015361e-07 -3.843288676970314266e-07 -2.092824509919701036e-08 1.886256888156922543e-09 -8.093797391211491025e-08 -3.177848380573472054e-07 -5.889833031441662662e-09 5.034709370738480137e-09 -5.322787226936005475e-08 -1.027838753656221147e-07 7.294086525597524043e-08
9.299303352268617484e-01 5.596689708964496872e-08 -1.964705013692360043e-08 1.290970869269267083e-08 1.175561994552408266e-07 1.031164429144859266e-08 -2.008890205626338659e-08 7.315176141457689659e-09 1.340058876349736194e-07 -5.016820464401356439e-08 -1.314579711865189602e-08 8.182515569599933582e-09 -1.778009550417028406e-08 -8.077525890535016300e-09 5.139494352207081804e-09
9.341108300097852313e-01 7.538111615735012339e-08 -1.193960203635299335e-08 3.573251566905357274e-09 1.933373585039730704e-07 2.503367579727895323e-08 -9.648708248562947113e-09 1.645129139373537720e-08 -2.762985155151673102e-07 -8.375102498008951584e-08 -8.365400879566259443e-09 1.163838303257667478e-08 -1.287419793822361432e-07 -1.700909122325360502e-08 -4.124849396827860800e-08
9.382896253999645220e-01 2.064530316678030214e-08 -3.295468638189262488e-08 5.065201066098689757e-09 8.086069585256381164e-08 8.763618168830157971e-08 -1.609046431216949234e-08 2.210894638615226856e-09 6.055447630035869737e-08 5.303099873184910531e-08 -1.424907880251593705e-08 -4.649009552861648408e-09 -5.837511190037387492e-09 -1.476601708895784374e-08 1.355383060884773467e-08
9.424819561228944265e-01 -1.320579900499358981e-08 -1.688945864108291162e-08 -1.065830965086747141e-08 -3.813780581219751407e-08 -1.536828688070579004e-07 -8.275261558766520825e-09 -1.005245967152033131e-09 -6.376089443228801293e-08 -1.550166347122616013e-07 -1.090807614669184442e-08 -4.876864886815590924e-09 -4.108320066440809987e-08 -2.359607066594484782e-08 8.734244636467571736e-09
9.466849863120379016e-01 -5.900086122101174626e-08 2.907173084476338251e-08 -2.566759745014442591e-08 2.524292684803347384e-07 -3.026511418508571521e-08 -1.472690884751947065e-08 -1.273702405501796419e-08 2.154383480421112141e-07 -1.817911235440336243e-08 -1.131273875646576022e-08 1.998417623093192020e-10 3.706221009787611162e-08 3.277097990661048961e-09 3.184429255043795930e-08
9.508714331057195324e-01 -2.701966074061068938e-08 -2.921629795087726462e-08 -3.537647918509328222e-09 -1.844285764514898298e-07 -1.585065711184466886e-07 -1.180646220862066631e-08 4.853485953931215472e-09 -1.064943274142091653e-07 -1.425621251835504050e-07 -4.818074087389055176e-09 -3.859194933050688864e-09 -1.699983893341449086e-07 -4.879693503301384292e-08 3.655083627460488100e-09
9.550563230073290111e-01 -6.476064515764338235e-08 -1.191222697702092155e-08 1.413532726843009833e-08 1.134655849904692466e-07 2.384136480756735466e-08 -3.837657832346337318e-09 1.091566664486424358e-09 3.865558032874650729e-08 5.209956636632996464e-09 -6.946294840355305982e-09 -3.752343602419560160e-09 -4.968573513365781926e-08 -4.240171347507717497e-09 7.797847382577095492e-09
9.592513211539739348e-01 1.964384782204354958e-07 -2.629897221841912900e-08 1.572058484228553143e-08 1.010275414658044338e-07 2.307120781097701759e-07 -2.090939840400158888e-09 -1.641966876393847623e-09 -7.205026240960975181e-08 9.633547962632908882e-08 -3.898053267592658419e-09 -2.656029664259855368e-09 -5.108386904467341493e-08 8.595946567753085978e-09 2.026737921361487395e-09
9.634451052878124644e-01 -3.226105008039055919e-07 -2.545353754409801486e-08 2.478550907554109820e-08 -7.005695361550236890e-09 -3.575610579585944951e-07 -6.472554292694056770e-09 -5.851384740083912648e-09 8.756478559127767963e-08 2.694619745822758865e-10 -6.884600979129715636e-09 9.853806650968633958e-10 5.979087958421666981e-08 3.785198528339338042e-08 2.864869731849234565e-08
9.676230540453005791e-01 -6.301192126192430574e-08 -8.867142344646950061e-10 -8.321717310241904725e-09 2.664586614802474765e-08 -9.818682584271079437e-08 3.450705129092431481e-09 -6.503686432797065256e-09 3.822162696245442415e-08 -9.801218733304260266e-08 -9.285940223617757165e-09 1.492325304627005679e-09 1.758618166432072378e-07 -9.223032090621713654e-09 4.384848510337044740e-08
9.718094297475188270e-01 -2.309864320078253204e-07 -2.306405130565078384e-08 1.499704558430729177e-08 5.463524662435755246e-08 -1.490283118145777873e-07 -2.043324751581435944e-08 1.776082844668561808e-08 1.928037782339070623e-07 -1.835683407739675235e-08 -1.633281485439823457e-08 4.249037008143574019e-09 -5.792396463618771585e-09 -1.100263574010344887e-08 4.276476182853551392e-08
9.760091362076940280e-01 5.306574053145822646e-08 6.897342068381276202e-09 -2.688043186986077790e-08 2.249030481033016511e-07 2.747368446720614542e-08 4.213682449710556503e-09 4.203260144144446208e-09 1.578225590159144635e-07 -4.180057086090561329e-08 -5.114361174682750664e-09 1.131211761968559502e-08 7.808363911086969128e-08 -1.951523226248347741e-08 4.908107427274106041e-08
9.802075838006468755e-01 -3.029056619748175161e-08 -3.597290335270952146e-09 2.318267514339020127e-09 -1.853205247942564578e-07 -2.390508304486446123e-07 -7.705679162555305452e-09 1.101564644328785720e-09 -2.844587604661366793e-07 -1.415149851457271800e-07 5.988710886897776289e-09 2.137528684384165683e-09 -1.643875598551518021e-07 1.245552561197082893e-09 -1.060674578932111846e-08
9.843901124947946890e-01 2.402966479681816024e-08 -1.951471100469787326e-08 2.967633588101862367e-08 4.957425674518016683e-08 -6.443920926120288775e-08 -1.559776302966283143e-08 2.568744121445604530e-09 -5.606312988193588638e-09 -9.949905547278144256e-08 8.036016435983337907e-09 -5.103265686513529597e-09 -1.167884854418562845e-07 -1.872789584046947783e-08 -4.048267863608297429e-08
9.885650797815361823e-01 -5.557803070876242147e-08 2.932437282933674273e-08 -7.687281640646427810e-09 -4.237974454930855653e-09 -5.336871465593329590e-08 1.469736486294971649e-08 4.167140818102192156e-09 1.756409743698099750e-08 -5.013804354620321966e-08 -2.480558340770249919e-09 8.674327345109795643e-09 1.962020013169025103e-08 -1.103666140882785456e-08 -2.614562155846856489e-08
9.927561705083151056e-01 -7.498110829064955829e-08 3.683590351366065830e-09 -2.108764978455706488e-08 5.072408171617525816e-08 -8.248375707066065769e-08 -1.371781895225889849e-09 -3.285863710115159927e-09 2.083068356100335496e-07 -1.066640618662839591e-07 -7.397160293447910449e-09 -1.233866407455260006e-08 1.133135642543063542e-07 -3.737371352257520219e-08 4.455567286895445779e-08
9.969400597939003239e-01 -6.387141956096128187e-08 2.482687198233471111e-08 -1.378394711494759958e-08 -7.793673788646238774e-08 -1.499519764798358637e-07 8.866117934559019664e-09 -7.706140756630893882e-09 9.426086908773597781e-08 -6.314320416447424764e-08 -2.972399015360638390e-09 -7.596924972945621466e-09 3.427815363499610618e-08 1.756042013899866379e-09 -1.432584343518044482e-08
1.001125867816581083e+00 -2.854235714606514379e-08 2.139574796493722744e-10 1.801631620739176424e-08 1.635048550826729939e-07 3.768758890801411888e-08 -2.469161526399519133e-09 -4.048670041485572655e-10 1.046273019047990667e-07 -4.402761225215944289e-08 6.347256788982278158e-10 7.563238768595995465e-10 1.381490611420292518e-07 -2.579313463622906291e-08 9.487262768872343121e-08
1.005315482813002204e+00 -2.903247548040942614e-07 -6.712938946768172113e-09 3.263251659324648708e-08 -2.049436697954948329e-07 -2.772820041269610494e-07 -5.429072254625890160e-09 5.089487995231551254e-09 -2.859936902662510165e-07 -1.107320297791826580e-07 4.918126253344765705e-10 -3.810408878162394541e-10 1.163325762822991910e-08 -2.525909553972153767e-08 2.886157891625720963e-08
1.009503724426713545e+00 1.440927936488743692e-08 1.956713299878654109e-08 3.809217675314215193e-09 -4.557311181251213223e-08 -6.389290200709169432e-08 -1.627790068418475835e-08 4.553917343043735210e-09 -1.427552468341493172e-08 -4.959989950887679958e-08 4.662253249608390681e-09 2.048011137945204161e-10 1.522750540364114675e-08 -1.345033832899168452e-08 3.639745701748769668e-09
1.013699103815393299e+00 -4.614217602314169984e-09 2.864585113077458739e-08 2.394379271271010587e-09 -5.562955067593835150e-08 -8.770366975568917173e-08 1.258403530225639160e-08 1.156485420714800798e-08 2.377852551665242753e-07 -5.451551768701285745e-08 -4.905281041292867087e-09 1.041100894294115342e-08 1.267354845740705036e-07 -4.337296458793805492e-09 -1.742361910228480890e-08
1.017885842421875964e+00 7.545124989092613676e-08 -1.714813852627536758e-08 1.160937010452062686e-08 -7.032164354098490907e-10 -1.443718808253406076e-08 -2.940500897330606900e-09 -3.802019971476423238e-09 -5.768007888939758074e-08 -1.230587833441272227e-07 -2.588486348359780355e-09 -2.490636248648628868e-09 -1.127066216600966599e-07 -4.775032071122543193e-08 -1.610192067958791918e-08
1.022076284359184406e+00 -3.168147553925397174e-07 5.437434381107216798e-09 1.503882451014229038e-09 -1.759655515744974376e-07 -2.161930334948809016e-07 -7.861545035474593551e-09 9.771790608660679455e-09 -1.167346981880745032e-07 5.954486397639509707e-09 -4.659800118803868394e-09 -4.782961451524263748e-09 -1.965659016833827668e-07 3.694976546819745285e-08 -6.111627264631956693e-08
1.026273875264014812e+00 9.652178770359426105e-08 -3.206934432307900388e-08 -9.145697493426500098e-10 6.646585879083666098e-08 -1.762801984121742768e-08 -1.671362937245123042e-08 -1.916797753389825384e-09 1.198888636410958402e-07 -8.342215124774371291e-08 -5.493274069567552591e-09 6.158759251200554336e-09 1.041260452973547475e-07 -4.708906973815340768e-09 4.872844895887159941e-08
1.030463237552156075e+00 -1.032183712902890840e-07 -3.726252926017593673e-08 1.037709322378273216e-08 9.504644676275561029e-08 -3.458549434391325722e-08 -1.222755190476525207e-09 -5.218129292636677073e-09 -1.391091905582545665e-07 -3.027707502146290944e-08 -4.243142059401345367e-09 -1.859370697665032062e-09 -1.475878436747910977e-07 -2.250473396068384403e-08 -6.692305259389115538e-08
1.034646639530784062e+00 1.246098619618828336e-07 1.157602313753975210e-08 -1.090320421380722500e-08 2.522616294021124574e-08 -5.553153316435482267e-08 -6.125026241475312495e-10 2.116886726198162336e-09 -2.683401249771889688e-09 -1.399764491848469642e-07 -7.435605742625261756e-09 5.932643550834238731e-09 -1.585677752883516992e-08 -4.244998803087044904e-08 4.114711110231411896e-08
1.038830480088573260e+00 2.953467200230854803e-07 1.207902197486317040e-09 -8.541303551849321242e-09 8.793694658185979821e-09 3.104374178038393687e-07 5.514896923142053603e-10 -3.585752158107666001e-09 -1.006243828300098458e-07 1.955779380430202404e-07 -3.198965160043344383e-09 -2.174273659967390418e-09 -3.579440710594947191e-08 6.005471955237996723e-08 2.424600766211697917e-08
1.043023229532383578e+00 -7.586224213362050523e-08 -1.339190821433025289e-08 3.757577240230858534e-09 1.205902643164620222e-08 3.492641807100588691e-10 1.497991548405495913e-08 -1.857624554271932009e-08 -1.154852701378227275e-09 -6.721344106195650884e-08 2.630804359884435049e-09 -8.017350142668155471e-09 -1.037901039591153724e-07 1.815774796310602607e-08 -2.436498209438920021e-08
1.047211320931656031e+00 -5.535541027495942815e-08 2.350277265527426066e-09 -1.663970504574334666e-08 8.984388656523215685e-08 -1.051503908666499264e-08 1.116224625624741479e-08 4.677691047153080624e-09 1.394973533000332363e-07 1.039466158820873700e-07 9.329431870868039579e-09 -1.762297912697734797e-09 4.448012689495421250e-08 5.119859628293108448e-08 -1.081617400998022021e-08
1.051395396220772938e+00 1.284772215041048035e-08 -1.752000649221262175e-08 1.136233265709152569e-08 -1.456063510142549190e-07 -2.497233712473225046e-08 -2.735770802055235491e-09 4.570550429893653683e-09 -1.436530900339988188e-08 4.096708344042848117e-08 2.288107548111418310e-10 -1.838586573126596490e-09 6.160517201630482670e-09 -9.261283701083684806e-09 3.958684084034137308e-09
1.055587561333155788e+00 -7.454490143842377210e-08 -2.383243259364593951e-08 -1.556261319660642627e-08 7.050986225758198118e-08 -1.124120646064719985e-07 -1.877375846723524095e-08 -9.590384780554971105e-09 7.843301341558408200e-08 1.296238006475713216e-08 -1.119339337749997328e-09 2.368647229221187895e-09 -1.203506722211234705e-09 1.558681371141153331e-08 -1.093166167618749468e-08
1.059780855230085139e+00 1.340568780784719924e-07 -1.165097658649960546e-08 1.536351584069503518e-08 -1.809521390176437088e-08 2.701286918836823296e-07 1.397900419156491205e-08 -7.209874410368047439e-09 -2.358604195018544351e-08 9.331311611681839715e-08 4.652941206352078569e-09 -3.583657215216474108e-09 3.775893004485250388e-09 1.072774128158948289e-08 4.423443235142597062e-09
1.063968553353427993e+00 -5.735899717191806862e-08 -8.931187343939040890e-09 1.559614434356959058e-09 -1.389575041575146340e-08 1.197922488197212082e-07 4.846363160838589105e-10 -1.015889494423957272e-08 -1.482800368021051450e-08 8.967715022106121730e-08 1.170726143388322164e-09 2.634747571735648219e-09 3.961613272348332982e-08 1.130601101635517123e-08 3.367582820740132567e-08
1.068144877931138659e+00 2.920968442453844868e-08 -1.198626068562700164e-08 8.132868281249691699e-09 4.118265289951500989e-08 8.715196709655043805e-08 -7.194608798423101204e-09 -3.603024858342896228e-09 -1.542399089384210464e-07 -2.580268818872512334e-10 4.531981224830743829e-09 -5.093164104571343223e-09 3.547613856797309598e-08 -1.161064639744654671e-08 -1.160783911919375710e-08
