# Columns: ('k', 'P')
5.345493089407682419e-03 2.859437847222221899e+04
9.344366739594166943e-03 4.006145161290322721e+04
1.312833575873958818e-02 4.320772448979591718e+04
1.700891779646987109e-02 4.079525714285714639e+04
2.135270783943789275e-02 3.271649142857142942e+04
2.564347439342075027e-02 2.520406666666666570e+04
2.962205054058980949e-02 3.077602657807309151e+04
3.361537140302770649e-02 2.600462992125984238e+04
3.793950633336700545e-02 1.999489667250437924e+04
4.227894994616508695e-02 2.718928320000000167e+04
4.633325468672155889e-02 2.088375720164608720e+04
5.038752484052157893e-02 1.837047960308710026e+04
5.464179025701254577e-02 1.554900826446280917e+04
5.886817576171304162e-02 1.941996477181745286e+04
6.290140616743733482e-02 1.766126620900076523e+04
6.703999982739437813e-02 1.591829239065308684e+04
7.134254604642074893e-02 1.725831380977969093e+04
7.561818311969153994e-02 1.689008345323741014e+04
7.973924982214039558e-02 1.493813033501606333e+04
8.385356877962653332e-02 1.602924116011124352e+04
8.809929214337092196e-02 1.441421491074553705e+04
9.230415729057904473e-02 1.401977131394182470e+04
9.643309047658384092e-02 1.271572735534686399e+04
1.005689403076158450e-01 1.389982945301542895e+04
1.047818677762802908e-01 1.517474035349763471e+04
1.090277847809041356e-01 1.293933906576806839e+04
1.132170039508717807e-01 1.353052900948599199e+04
1.174008294871188018e-01 1.384682433246336041e+04
1.215998224695146873e-01 1.391633137440758219e+04
1.257670529567683493e-01 1.346909246392303612e+04
1.299386816717305049e-01 1.355868928042153857e+04
1.340949335765710126e-01 1.393247659844518603e+04
1.382635144665005922e-01 1.360849847848138052e+04
1.424925284902303357e-01 1.276590267046224653e+04
1.466886314558672189e-01 1.365015664077925430e+04
1.508619291163366127e-01 1.362017940926218580e+04
1.550655720814744509e-01 1.386033718083245913e+04
1.592593054631499527e-01 1.260523902332201942e+04
1.634144798183441161e-01 1.268036437333333379e+04
1.675823816150099899e-01 1.310219788474844245e+04
1.718045808093531246e-01 1.228500662004662081e+04
1.760135070798979073e-01 1.289442200163919551e+04
1.801930856696074279e-01 1.348815548546586069e+04
1.843742315857553882e-01 1.288924249230513306e+04
1.885797910080431738e-01 1.344833978262545315e+04
1.927656394953895236e-01 1.312379079561987965e+04
1.969014248243030341e-01 1.324625259943284982e+04
2.010715633173454087e-01 1.325485997385261180e+04
2.052920281681521186e-01 1.325593116584564814e+04
2.095172134954577381e-01 1.344773637451956347e+04
2.136973926115405542e-01 1.342803646511627994e+04
2.178750580088065492e-01 1.336982143065693526e+04
2.220823861956562617e-01 1.387843177074519190e+04
2.262696194198526023e-01 1.359150683427567674e+04
2.304259489101245229e-01 1.304795117032004600e+04
2.345870463846415066e-01 1.317840688145772947e+04
2.388019837064606632e-01 1.363948978902138879e+04
2.430077036534963875e-01 1.355209813150763148e+04
2.471758823520590620e-01 1.350775700160956512e+04
2.513692271335918882e-01 1.324335915277230924e+04
2.555723892733414715e-01 1.356821820988978106e+04
2.597674079539822323e-01 1.404964896815916291e+04
2.639178238801485610e-01 1.331229858809085272e+04
2.680749044740857179e-01 1.373465523528727135e+04
2.723023151079725368e-01 1.353324666296912619e+04
2.765128983200950685e-01 1.283284015171042302e+04
2.807027537381580062e-01 1.332472240379546747e+04
2.848857026249724811e-01 1.377857917261055627e+04
2.890807262117984777e-01 1.364355517434763897e+04
2.932785946948970324e-01 1.336845250465640675e+04
2.974321087309398370e-01 1.352497874380693611e+04
3.016123743882810904e-01 1.331345857294994676e+04
3.058101292111336522e-01 1.348626146417538985e+04
3.100168993294901143e-01 1.367396022841401464e+04
3.142092030053749707e-01 1.317001388055865027e+04
3.183867557675504334e-01 1.347658273994446427e+04
3.225872781332082551e-01 1.287883337338139063e+04
3.267666109043823597e-01 1.348246522807110341e+04
3.309328770241455886e-01 1.305336824108806104e+04
3.351106074107195187e-01 1.350835836561289398e+04
3.393095620710060434e-01 1.331983978073233629e+04
3.435164896197421824e-01 1.339370193466090132e+04
3.477107812306902690e-01 1.368984891271693778e+04
3.518857617074659383e-01 1.323318474141647857e+04
3.560773577310688554e-01 1.330596202669929335e+04
3.602869550449780967e-01 1.293826605681891306e+04
3.644651285618699665e-01 1.341677444484430271e+04
3.686396944457170921e-01 1.300849180664925916e+04
3.728293470315630076e-01 1.326757813220985190e+04
3.770363921861874523e-01 1.324860637489034161e+04
3.812363453093803867e-01 1.322404795220198503e+04
3.854150971210312249e-01 1.315620243356590618e+04
3.896036578152083374e-01 1.325002472684391796e+04
3.937795161075864914e-01 1.290734678395318224e+04
3.979440095093054186e-01 1.322266141984651404e+04
4.021139069446590386e-01 1.304091590301147698e+04
4.063125452039867413e-01 1.333367138743411306e+04
4.105412315868290918e-01 1.319192922206413823e+04
4.147348487769681458e-01 1.284639724793185451e+04
4.189107045044477284e-01 1.313327004212701650e+04
4.230974437456921922e-01 1.294441962711599808e+04
4.272931011032126136e-01 1.316687946012794418e+04
4.314914587673138180e-01 1.313553551397675801e+04
4.356511643511531418e-01 1.291758301838877924e+04
4.398424702607344750e-01 1.253805985569739096e+04
4.440501074980069407e-01 1.280996184758951313e+04
4.482267968899237842e-01 1.291944967059904957e+04
4.524052929840755577e-01 1.280347492310846792e+04
4.566090347930675253e-01 1.297415986724195136e+04
4.608167319022857811e-01 1.274857385099464227e+04
4.649806979855051203e-01 1.268387895539707279e+04
4.691538386770017222e-01 1.265463073746088412e+04
4.733478629909182445e-01 1.242793252748073610e+04
4.775500538217637980e-01 1.286917531779015371e+04
4.817339644282710998e-01 1.278080085336436605e+04
4.859144464692263798e-01 1.274196479246393756e+04
4.901252990058800885e-01 1.263321508098921186e+04
4.943123444065962158e-01 1.264639470021967463e+04
4.984736335014697817e-01 1.246926128816934215e+04
5.026590164608074618e-01 1.280236987491886794e+04
5.068609875937976073e-01 1.269492381933525030e+04
5.110594965365916620e-01 1.260349297700302304e+04
5.152492140965455603e-01 1.247379746649146000e+04
5.194329442812991582e-01 1.270631545931349683e+04
5.236343964239100757e-01 1.249472502950760099e+04
5.278273205415198177e-01 1.250663667114310920e+04
5.319960279023402405e-01 1.247152684978965590e+04
5.361714592099571242e-01 1.239019968662105384e+04
5.403746330902056139e-01 1.243382932224469005e+04
5.445761264886261888e-01 1.236674531366216979e+04
5.487504490749764985e-01 1.228127562897932876e+04
5.529407179677009454e-01 1.231522014172330273e+04
5.571409157079509900e-01 1.245021160877926377e+04
5.613298693710127019e-01 1.231721024770893382e+04
5.655062246218995892e-01 1.206682840726107861e+04
5.696867424029971039e-01 1.228775604605043009e+04
5.738956954203543459e-01 1.219339373806860749e+04
5.780928920821047923e-01 1.222132454131326631e+04
5.822632071880226023e-01 1.221992964899054823e+04
5.864430803127811398e-01 1.216728219173641992e+04
5.906376733072625784e-01 1.214607143485950655e+04
5.948356627105599870e-01 1.212944708718423681e+04
5.990145239901687457e-01 1.206701437791351054e+04
6.031829950841108845e-01 1.221728077924671925e+04
6.073740526175752663e-01 1.204232312604255458e+04
6.115768023320514724e-01 1.205982140650933070e+04
6.157710000000914397e-01 1.208226164190866257e+04
6.199632023912512446e-01 1.194214185045684462e+04
6.241630060990407403e-01 1.191729840465398411e+04
6.283593402461892241e-01 1.203021871486454802e+04
6.325410955997395890e-01 1.199013618543324992e+04
6.367142920629192959e-01 1.189189791849209723e+04
6.409035099394975177e-01 1.187907669947092108e+04
6.451032402190634008e-01 1.182297695477098387e+04
6.492879941711476866e-01 1.183817403769861085e+04
6.534659541563927476e-01 1.177399875759339375e+04
6.576591076962554627e-01 1.178685549914090916e+04
6.618529307405217610e-01 1.163658604455062959e+04
6.660240791386257131e-01 1.165268752017111365e+04
6.702067828716186115e-01 1.166357683307574371e+04
6.744172070879622671e-01 1.168513052635423446e+04
6.786118453466847278e-01 1.172026132504039742e+04
6.827984616056306244e-01 1.167361969923825382e+04
6.869817177358829019e-01 1.152217314641188204e+04
6.911718524128840357e-01 1.154874016031807878e+04
6.953555746427921846e-01 1.151809332068730691e+04
6.995344561305086861e-01 1.153490999095300685e+04
7.037287066792784485e-01 1.152969520789487069e+04
7.079143033440539190e-01 1.173144635018378722e+04
7.121186686741065586e-01 1.145315032694020010e+04
7.163134555705721329e-01 1.142049724173751383e+04
7.204913713645887396e-01 1.151487685874356248e+04
7.246803275165087932e-01 1.135098536647641049e+04
7.288763115175647123e-01 1.138048847371588454e+04
7.330585840505703388e-01 1.137563433887349311e+04
7.372316440474646626e-01 1.132411144480894473e+04
7.414228560306842519e-01 1.153330920654918191e+04
7.456189213758863676e-01 1.126486132709821868e+04
7.498104337627916616e-01 1.133278271203464828e+04
7.539974189770904944e-01 1.118871276559144098e+04
7.581896411468850294e-01 1.129709678763304146e+04
7.623808615479977790e-01 1.117633479556803286e+04
7.665651159623174671e-01 1.111405733388416411e+04
7.707536355579491794e-01 1.109669271419092911e+04
7.749462413082437440e-01 1.116655281603570074e+04
7.791369682448587852e-01 1.111895325312743080e+04
7.833258353347896108e-01 1.117476339775297311e+04
7.875159900600451346e-01 1.111812873197253248e+04
7.917084457625156446e-01 1.098639702390234015e+04
7.958821468706197555e-01 1.110963009910833716e+04
8.000624692379799674e-01 1.095098583409131425e+04
8.042564613727184453e-01 1.111820295137614266e+04
8.084384822996342201e-01 1.096969541890925575e+04
8.126333810499198895e-01 1.088829925590287530e+04
8.168271958201180905e-01 1.092507867372471082e+04
8.210214995694952167e-01 1.092205853879959614e+04
8.252154145000215602e-01 1.076396604587174807e+04
8.294030907808404018e-01 1.090912131421366576e+04
8.335906150371191758e-01 1.079027089671624344e+04
8.377685032221774408e-01 1.073581445559316126e+04
8.419567297582307708e-01 1.070296070882213098e+04
8.461556544987137718e-01 1.079121030176454042e+04
8.503430790983292908e-01 1.079625658809899323e+04
8.545245840949285965e-01 1.079743419275088854e+04
8.587196449246210506e-01 1.077887079060336509e+04
8.629074348139629258e-01 1.058621208130676496e+04
8.670852844200982457e-01 1.065185140978106392e+04
8.712764316473343706e-01 1.060175072868616007e+04
8.754762476624626810e-01 1.062376727526102150e+04
8.796707865602606535e-01 1.064140810351238906e+04
8.838562222970675064e-01 1.055948432400285128e+04
8.880381764417510926e-01 1.049507584501528618e+04
8.922270316229049536e-01 1.046371090318215465e+04
8.964225585562245469e-01 1.044747663681033191e+04
9.006049913569987853e-01 1.046631424648152824e+04
9.047836582182254839e-01 1.032200693227880765e+04
9.089780964569278421e-01 1.027854775707129011e+04
9.131704587403689510e-01 1.041660279882402392e+04
9.173547920329833127e-01 1.018486981481665680e+04
9.215425617950214754e-01 1.025186890622376086e+04
9.257400405750663142e-01 1.018621680685888350e+04
9.299303352268617484e-01 1.027539467361027891e+04
9.341108300097852313e-01 1.020364961120199223e+04
9.382896253999645220e-01 1.014849881699577418e+04
9.424819561228944265e-01 1.007921497630628255e+04
9.466849863120379016e-01 1.005359955455600175e+04
9.508714331057195324e-01 1.012300566895881275e+04
9.550563230073290111e-01 1.014225233744969228e+04
9.592513211539739348e-01 1.004974329015991134e+04
9.634451052878124644e-01 9.980411780105499929e+03
9.676230540453005791e-01 9.945626663070028371e+03
9.718094297475188270e-01 9.917687632725312142e+03
9.760091362076940280e-01 9.964152108764621516e+03
9.802075838006468755e-01 9.890823641061400849e+03
9.843901124947946890e-01 9.746806242212482175e+03
9.885650797815361823e-01 9.838595348916849616e+03
9.927561705083151056e-01 9.697012790826203855e+03
9.969400597939003239e-01 9.691643545393348177e+03
1.001125867816581083e+00 9.641577636193236685e+03
1.005315482813002204e+00 9.641377185185185226e+03
1.009503724426713545e+00 9.562826788423944890e+03
1.013699103815393299e+00 9.466560484057128633e+03
1.017885842421875964e+00 9.442117473660342512e+03
1.022076284359184406e+00 9.461061205772650283e+03
1.026273875264014812e+00 9.393011845811044623e+03
1.030463237552156075e+00 9.346540733360847298e+03
1.034646639530784062e+00 9.263920799336156051e+03
1.038830480088573260e+00 9.190394243815951995e+03
1.043023229532383578e+00 9.162192701426420172e+03
1.047211320931656031e+00 9.111193649482222099e+03
1.051395396220772938e+00 9.008432642270978249e+03
1.055587561333155788e+00 8.951434837102136953e+03
1.059780855230085139e+00 8.842425893396210085e+03
1.063968553353427993e+00 8.655359525662404849e+03
1.068144877931138659e+00 8.598325548461014478e+03
