# Columns: ('k', 'S1', 'S2', 'S3', 'S4', 'S5', 'S6', 'S7', 'S8', 'S9', 'S10', 'S11', 'S12', 'S13', 'S14')
5.345493089407682419e-03 -1.726574198404947680e+01 3.787610243055555202e+03 3.596062554253472143e+01 -9.149664984809026791e+00 -3.085067070855034643e+01 1.540481445312500000e+03 3.071846856011284643e+01 -1.780353630913628393e+01 -1.419827270507812500e+01 1.152724826388888914e+03 1.599667867024739465e+01 -9.666147867838541075e+00 -1.925061967637803795e+00 -1.634198506673177009e+00
9.344366739594166943e-03 2.784693761025705427e+01 5.528250504032257595e+03 -8.617560011340725623e+01 -5.567868140435987989e+00 2.460949903918850623e+01 2.481898941532258050e+03 -4.112515751008064058e+01 1.736947582614037255e+00 1.843050655241935587e+01 1.656613659274193424e+03 -3.126635939075100623e+01 1.088257820375504004e+01 5.306213871125251558e+00 3.615913883332283252e+00
1.312833575873958818e-02 1.136506746253188638e+01 5.750931760204081002e+03 -1.528317223373724403e+02 1.345674475845025420e+01 1.789154800103635168e+01 2.622458864795918089e+03 -7.252489736128825371e+01 5.952696508290815647e-01 2.287738659917091510e+01 1.784705197704081456e+03 -4.986353535554846417e+01 4.383348114636479664e+00 7.166697599449936007e+00 2.721483503069196175e+00
1.700891779646987109e-02 -7.172143787202381304e+01 5.723070238095238892e+03 -2.413932849702381134e+02 -7.835682896205358183e+00 -1.303482049851190538e+02 2.474067559523809905e+03 -1.036250651041666799e+02 -1.034053013392857281e+02 -1.116007068452381077e+02 1.625279464285714539e+03 -6.488277529761904816e+01 -1.157459170386904930e+02 -3.652932942708333997e+01 -3.985321800595238528e+01
2.135270783943789275e-02 -7.218819196428572127e+01 5.881311785714286088e+03 -3.796107589285714425e+02 -3.627470424107142577e+01 -1.896055803571428555e+02 2.734025178571428569e+03 -1.549257254464285722e+02 -1.896815178571428646e+02 -1.524930357142857247e+02 1.818250000000000000e+03 -9.477216517857142719e+01 -1.714754575892857247e+02 -4.252905691964285495e+01 -4.808355468749999773e+01
2.564347439342075027e-02 1.984146267361111171e+01 5.940950555555555184e+03 -7.525652777777777374e+02 4.561082031250000313e+01 -9.963059895833333712e+01 2.781924444444444362e+03 -3.435214583333333280e+02 -1.651366493055555509e+02 -1.499764236111111018e+02 1.806746249999999918e+03 -1.751702777777777840e+02 -2.155954513888888755e+02 -5.030550347222222030e+01 -6.351697048611111285e+01
2.962205054058980949e-02 -1.873299288828903642e+01 4.886017026578073455e+03 -6.838399086378738048e+02 2.474336845930232565e-01 -1.671689161129568220e+02 2.176087001661129761e+03 -2.946101276993355782e+02 -1.923638522632890329e+02 -1.514646620639534831e+02 1.367742836378737593e+03 -1.605539477782392055e+02 -1.861450503529900402e+02 -4.112530497300664223e+01 -5.044346643999169544e+01
3.361537140302770649e-02 1.722876040641404316e+01 4.060433727034120693e+03 -6.163621227034120693e+02 6.370131028543306684e+01 -7.474094693241470111e+01 1.821101049868766268e+03 -2.463759022309711213e+02 -7.702766670767717017e+01 -9.905390830052493811e+01 1.138784776902887188e+03 -1.153724060859580050e+02 -1.214200192749343756e+02 -2.922139517716535551e+01 -3.560880597933071101e+01
3.793950633336700545e-02 4.185081682355516364e+01 3.628802101576181940e+03 -6.492159588441330698e+02 7.279651242338003669e+01 -4.428248139229422264e+01 1.707396234676006998e+03 -2.944549584063047405e+02 -9.662445955560420430e+01 -1.041721623248686512e+02 1.059572460595446501e+03 -1.460369007224168172e+02 -1.595208926225919583e+02 -3.663784752626970231e+01 -4.871497373029772149e+01
4.227894994616508695e-02 -2.451965000000000217e+01 3.226402399999999943e+03 -6.596029500000000780e+02 -4.271320937500000525e+01 -1.975758500000000026e+02 1.422444200000000137e+03 -2.662631000000000085e+02 -2.571982250000000363e+02 -1.920457750000000203e+02 8.615692000000000235e+02 -1.354854250000000206e+02 -2.354789000000000101e+02 -5.578552499999999981e+01 -6.565907500000000141e+01
4.633325468672155889e-02 1.134033564814814667e+02 3.259578875171467644e+03 -7.986779835390946118e+02 1.056636981310013681e+02 -3.668989251114540195e+01 1.427331790123456585e+03 -3.193517661179698166e+02 -1.029042566872427926e+02 -1.289587512860082086e+02 8.267926097393689133e+02 -1.408258530521261775e+02 -1.916263717421124682e+02 -4.446697102194787021e+01 -5.933372449417009165e+01
5.038752484052157893e-02 1.634764849779492977e+02 3.023280044101433305e+03 -8.196978362734289476e+02 1.201798683847850100e+02 4.796492988561190884e+01 1.328544928335170880e+03 -3.352413175303197477e+02 -3.650019811190738750e+01 -6.543199593439912576e+01 7.560851708930540553e+02 -1.511957690187431069e+02 -1.247272601984564488e+02 -2.804328529837376038e+01 -3.984740214994487673e+01
5.464179025701254577e-02 1.661365932047750107e+02 2.730785583103765020e+03 -7.980952708907253736e+02 1.315979396235078127e+02 9.557328971533516437e+01 1.231566230486685072e+03 -3.267466138659320336e+02 5.278093434343434254e+00 -2.871812944788797139e+01 7.128036042240587449e+02 -1.474624368686868650e+02 -9.585743084251606660e+01 -2.117029133666207485e+01 -3.560344926538108012e+01
5.886817576171304162e-02 1.923915382305844446e+02 2.421658927141713320e+03 -7.851976581265010964e+02 1.794755429343474589e+02 1.969038981184947943e+02 1.059121797437950363e+03 -3.155574709767814170e+02 1.443523068454763632e+02 8.255336769415531251e+01 5.929995496397117449e+02 -1.407184997998398615e+02 3.474370746597277559e+01 1.590921487189751637e+01 4.146920661529223118e+00
6.290140616743733482e-02 1.225643354309687254e+02 2.219451563691838601e+03 -7.777226353928299432e+02 8.790257317887109423e+01 1.408918227974828463e+00 9.714717772692602011e+02 -3.218227259725400700e+02 -6.953424747330282685e+01 -8.874663901601830673e+01 5.355897692601067774e+02 -1.455870399504195234e+02 -1.416050128718535461e+02 -3.207429323989321546e+01 -4.428863343821510767e+01
6.703999982739437813e-02 2.233792690233673000e+02 2.135945925704014371e+03 -7.925730227681245879e+02 1.720331411024565682e+02 2.104799655482324852e+02 9.354732624325944244e+02 -3.272048382264829343e+02 9.843974685440383610e+01 5.497601014829238864e+01 5.021261983223487277e+02 -1.407605414919113400e+02 -1.950076299430796922e+01 1.860648802613840580e+00 -1.188011393424206119e+01
7.134254604642074893e-02 2.311415065824825490e+02 2.027840139709833466e+03 -8.212502686727566470e+02 1.530839602364320342e+02 1.905456575765717560e+02 8.863175711982805751e+02 -3.371896829661472452e+02 4.566457885545406015e+01 2.461412295137023420e+01 4.665334161740999548e+02 -1.410114689682966116e+02 -6.340467154755508261e+01 -5.892192957415368859e+00 -2.311061341348737486e+01
7.561818311969153994e-02 2.869974820143884813e+02 1.879402517985611439e+03 -7.957601318944844024e+02 1.883905125899280506e+02 2.538896882494004785e+02 8.125676258992806424e+02 -3.262568345323741141e+02 1.081131070143884898e+02 5.788193944844125127e+01 4.161179856115107896e+02 -1.330602667865707360e+02 -2.988207808752997607e+01 -2.609140812350119742e-01 -1.711141711630695639e+01
7.973924982214039558e-02 3.113324346030289007e+02 1.723170491050940882e+03 -7.796328591096834089e+02 1.949726365305185993e+02 2.921198370812299459e+02 7.452697338228545050e+02 -3.167454107388710440e+02 1.585591584442404951e+02 9.358383289352914858e+01 3.779355782469022529e+02 -1.277712540156034891e+02 2.663818336966498279e+01 1.163025613813675996e+01 5.354430788205598590e-01
8.385356877962653332e-02 3.833564759634485313e+02 1.586557608263806060e+03 -7.606501787842669273e+02 2.542774632499006771e+02 4.042606277314263252e+02 6.726006654747715174e+02 -3.034651867302343931e+02 2.596227900278108791e+02 1.628146727254668349e+02 3.320755860150973149e+02 -1.182556863329360368e+02 8.964277289431863949e+01 2.733900414680174862e+01 1.445502147894318590e+01
8.809929214337092196e-02 3.640625218760937969e+02 1.415794452222611199e+03 -6.933937696884844399e+02 2.192596254812740710e+02 3.761465698284914083e+02 6.023471298564927565e+02 -2.801793183409170638e+02 2.092442465873293713e+02 1.426875875043752160e+02 2.911437040602029924e+02 -1.076001487574378643e+02 5.834235539901995082e+01 2.192650999737486828e+01 7.616410215042002108e+00
9.230415729057904473e-02 4.266310598462052326e+02 1.285053075894349604e+03 -6.594209294550316827e+02 2.461174565362754834e+02 4.600353978602473717e+02 5.403620026746907570e+02 -2.624825309261116786e+02 2.738522024406552760e+02 1.870935723838180991e+02 2.539805458040789006e+02 -9.693918212972249648e+01 1.013467381310598370e+02 3.007955898946840279e+01 1.630814056753593988e+01
9.643309047658384092e-02 3.950683504998485205e+02 1.193088760981520863e+03 -6.341991441987277085e+02 2.432439790972432547e+02 4.331506361708572967e+02 5.075298394425931292e+02 -2.533995569524386440e+02 2.692482013026355503e+02 1.792194032111481476e+02 2.385030293850348357e+02 -9.434699712208421829e+01 9.955765298394426566e+01 2.906760262041805376e+01 1.579101266661617764e+01
1.005689403076158450e-01 4.254019985974754832e+02 1.103024684431977676e+03 -5.884089060308555190e+02 2.768153050490883516e+02 5.278955820476858207e+02 4.785958976157082816e+02 -2.414348877980364705e+02 3.525723702664797088e+02 2.504631311360448933e+02 2.248585378681626992e+02 -9.015930049088359510e+01 1.606955645161290533e+02 4.584373685133240173e+01 3.047929742286115129e+01
1.047818677762802908e-01 4.104151418969379961e+02 9.943673761513567797e+02 -5.541895070948469311e+02 2.517133432910131887e+02 4.708579785909882958e+02 4.170291262135922352e+02 -2.214551748817525549e+02 3.138941685337316585e+02 2.141058314662683699e+02 1.911193676873288609e+02 -8.221818210107045388e+01 1.409065378391834713e+02 3.882093291013193692e+01 2.652106671645506708e+01
1.090277847809041356e-01 4.403062979316756014e+02 9.420230072042760412e+02 -5.397024750174297196e+02 2.723547524982570280e+02 5.327760864513130628e+02 4.001326981175923834e+02 -2.169462584243551078e+02 3.584287125261445226e+02 2.558697129909365628e+02 1.804625261445503099e+02 -7.803288403439461263e+01 1.721011794097141490e+02 4.847777713223332796e+01 3.457596081222403228e+01
1.132170039508717807e-01 4.272393558349878617e+02 8.613567174056915974e+02 -5.009771122876682057e+02 2.492939278623427981e+02 5.127555702625193135e+02 3.586304875358482036e+02 -1.993749448488859457e+02 3.420367306419589681e+02 2.536081789102139794e+02 1.594796078755790916e+02 -7.198750137877784994e+01 1.776157897639532166e+02 5.061178786123979734e+01 3.865174139642620332e+01
1.174008294871188018e-01 4.454721943384862470e+02 8.380928026500703254e+02 -4.952855852238506600e+02 2.652164976912266638e+02 5.512351937361975160e+02 3.474398213210199060e+02 -1.950651852037743481e+02 3.717727363983136115e+02 2.782082413170046493e+02 1.541695191728568659e+02 -6.993398664926721153e+01 1.969634109616542901e+02 5.570023589640634754e+01 4.267019988456133461e+01
1.215998224695146873e-01 3.973721800947866996e+02 7.536735071090047313e+02 -4.477871563981042300e+02 2.198153554502369502e+02 4.606146919431279230e+02 3.144095734597156593e+02 -1.774149999999999920e+02 2.925701421800947628e+02 2.175881042654028477e+02 1.378178672985781930e+02 -6.222857227488151466e+01 1.450135663507109030e+02 4.212328791469194300e+01 3.077479561611374237e+01
1.257670529567683493e-01 3.619273115980759030e+02 6.679552823801888053e+02 -4.028755122038126046e+02 2.080639363976483196e+02 4.245929983965793895e+02 2.783160074826296295e+02 -1.597110391056476146e+02 2.779346828790308450e+02 2.014440584357741102e+02 1.209259642793515042e+02 -5.601922991270265584e+01 1.369056208800997751e+02 3.846128685640477585e+01 2.821831017281311205e+01
1.299386816717305049e-01 4.157087930182776176e+02 6.629243372303639035e+02 -4.031251029145397524e+02 2.501904742301992428e+02 5.363126955376255864e+02 2.802453482628025654e+02 -1.623370862835501498e+02 3.678961386464679890e+02 2.788630413304791773e+02 1.224293285855425637e+02 -5.714290198419232780e+01 2.025616252264119908e+02 5.714485736044788666e+01 4.474082516877984972e+01
1.340949335765710126e-01 3.895260193558623314e+02 6.168605425987625495e+02 -3.809877042678090220e+02 2.238730168173885602e+02 4.722429002062510222e+02 2.561430866254165153e+02 -1.505560943201650161e+02 3.228382516262097397e+02 2.393039029033793668e+02 1.113571414405838595e+02 -5.335850983658576041e+01 1.743154450261780255e+02 4.846290456925274270e+01 3.787625932095827608e+01
1.382635144665005922e-01 3.746377336617881610e+02 5.659856904796406525e+02 -3.544002680770902884e+02 2.107066004926822416e+02 4.536626575858571186e+02 2.347909723228517578e+02 -1.400596833792204166e+02 2.998287204752934372e+02 2.248111143312563627e+02 9.888126720765106370e+01 -4.780871431676568761e+01 1.583812853209679758e+02 4.410867084480510414e+01 3.383707297855383445e+01
1.424925284902303357e-01 3.727256676155618607e+02 5.339013826758845198e+02 -3.397671140029822254e+02 2.117712823641046214e+02 4.644911210519180713e+02 2.222627761962857278e+02 -1.352550579503863162e+02 3.141597532872440866e+02 2.375908906059373464e+02 9.383509556730378165e+01 -4.633454910532736193e+01 1.735628981970990878e+02 4.810504778365188372e+01 3.824994916632777375e+01
1.466886314558672189e-01 3.638964393839673335e+02 4.897314400421218465e+02 -3.105458733710675006e+02 2.073937080426483988e+02 4.585633144662366476e+02 2.049780176385415018e+02 -1.236082088324338457e+02 3.139216796103725073e+02 2.393106653942345474e+02 8.749452909043041871e+01 -4.279707450309332017e+01 1.766204258259839150e+02 4.920611343293404616e+01 3.912657957088323712e+01
1.508619291163366127e-01 3.472721222802965713e+02 4.389674851100036790e+02 -2.817504558162149237e+02 1.899892123495806402e+02 4.248441716299988116e+02 1.806789838337182346e+02 -1.106572641910781556e+02 2.839853531056278371e+02 2.158447186094566632e+02 7.534257627324663531e+01 -3.753875197520359563e+01 1.579908077063328165e+02 4.356145921964264289e+01 3.467596025282605865e+01
1.550655720814744509e-01 3.446280750845283478e+02 4.141828727993470807e+02 -2.652861431736038185e+02 1.903428646379852864e+02 4.264466305234930701e+02 1.713341494695114875e+02 -1.045607438498309421e+02 2.936123353153783455e+02 2.225443045353853222e+02 7.216579223504722052e+01 -3.578715605689635026e+01 1.679498950682056488e+02 4.601920106097703211e+01 3.742061253934942044e+01
1.592593054631499527e-01 3.379476896967042876e+02 3.865632869812766899e+02 -2.492589510566079127e+02 1.857060932880762039e+02 4.225950399649622113e+02 1.595338880981057628e+02 -9.789946485273185317e+01 2.877706120661338218e+02 2.208542921274498951e+02 6.680228293003393958e+01 -3.321088703054856239e+01 1.652895269900361370e+02 4.536557675462608330e+01 3.678790512427460868e+01
1.634144798183441161e-01 3.265743466666666563e+02 3.683172799999999825e+02 -2.397847999999999900e+02 1.783197866666666584e+02 4.049918400000000247e+02 1.520870933333333426e+02 -9.433481333333332941e+01 2.738000533333333237e+02 2.094998799999999903e+02 6.285253333333333359e+01 -3.170647333333333151e+01 1.553282000000000096e+02 4.263036999999999921e+01 3.416996000000000322e+01
1.675823816150099899e-01 3.111400365721063395e+02 3.357025798161510011e+02 -2.168695265394879925e+02 1.686279776613620527e+02 3.868778788178313448e+02 1.383159409904121731e+02 -8.537816917070277611e+01 2.622189878422457241e+02 2.015760106751013154e+02 5.749697291687258627e+01 -2.902750630127508202e+01 1.499998888010279643e+02 4.097646906197488903e+01 3.292046802411782380e+01
1.718045808093531246e-01 2.996180652680652656e+02 3.105218181818181620e+02 -2.002649650349650301e+02 1.649250466200466292e+02 3.848350582750582589e+02 1.300651631701631743e+02 -7.935192890442890246e+01 2.654158041958041849e+02 2.079330769230769249e+02 5.530939393939394222e+01 -2.720248251748251889e+01 1.580621794871794918e+02 4.381543997668998003e+01 3.592412004662004676e+01
1.760135070798979073e-01 2.850609917129587529e+02 2.878960477187869742e+02 -1.858148165012293873e+02 1.558641061834076993e+02 3.619861579091157751e+02 1.198259493670886116e+02 -7.343380611966122729e+01 2.490878335306438487e+02 1.936472771150168626e+02 5.064988389035607241e+01 -2.510669281030871502e+01 1.473950232219287955e+02 4.049361396958382642e+01 3.327967341316819727e+01
1.801930856696074279e-01 2.579439306112010968e+02 2.572692865058392613e+02 -1.664367487852697991e+02 1.370138095644020098e+02 3.215215667888500661e+02 1.058400285568152839e+02 -6.516220910408320321e+01 2.169951410791918818e+02 1.691305302190776558e+02 4.379384483419998730e+01 -2.181473100119341879e+01 1.268960340124456678e+02 3.491850918506521140e+01 2.840474490665757656e+01
1.843742315857553882e-01 2.481473255136843932e+02 2.397934656018634030e+02 -1.544821354296647655e+02 1.319551825971217056e+02 3.111363447300557254e+02 9.899837783878213315e+01 -6.085840404292488159e+01 2.129573454787455375e+02 1.661620705432160321e+02 4.149583541302720135e+01 -2.070591828882788477e+01 1.264871786872972308e+02 3.462689772065552063e+01 2.849896795191747856e+01
1.885797910080431738e-01 2.364075580050874805e+02 2.219970322978493584e+02 -1.420727665150697590e+02 1.257475718800585724e+02 2.974989593771679779e+02 9.188755492176058226e+01 -5.589721922454327796e+01 2.037557812379557447e+02 1.598482425036614529e+02 3.878932687119401379e+01 -1.904355440144916400e+01 1.218360440915748057e+02 3.355897826254528837e+01 2.763672627765358669e+01
1.927656394953895236e-01 2.242970365265334465e+02 2.051525193353243139e+02 -1.314969848380427493e+02 1.180765946856574118e+02 2.818098246420093460e+02 8.430083658779386724e+01 -5.117560686116854640e+01 1.924516425453710156e+02 1.517599165326594743e+02 3.556739844168772890e+01 -1.740198450302473532e+01 1.160278256374913894e+02 3.201928746458381170e+01 2.644789034382418436e+01
1.969014248243030341e-01 2.095191958118228683e+02 1.891852323129498927e+02 -1.213810259579727955e+02 1.090035628590125754e+02 2.605152693957682004e+02 7.748949320148331310e+01 -4.738056242274412710e+01 1.765193048789354862e+02 1.385467807023921978e+02 3.219368955864175064e+01 -1.589601359703337380e+01 1.052637061004871555e+02 2.886861048498509419e+01 2.374496473496691706e+01
2.010715633173454087e-01 2.021357427922658871e+02 1.760650244271657812e+02 -1.121231335581091315e+02 1.056416001513796203e+02 2.535507121722975512e+02 7.220642675290717705e+01 -4.367907950870433353e+01 1.736787655680176385e+02 1.371691925273515551e+02 3.042390163765224287e+01 -1.476600774960435025e+01 1.053200990848414023e+02 2.901222863483107517e+01 2.402459058694006799e+01
2.052920281681521186e-01 1.923936945812807835e+02 1.615383579638751996e+02 -1.016529967159277561e+02 9.945334975369458164e+01 2.418432676518883397e+02 6.650414614121510226e+01 -3.966067733990147559e+01 1.649902134646962111e+02 1.314793513957307027e+02 2.828743431855500745e+01 -1.349276477832512278e+01 1.010463546798029597e+02 2.795752052545156019e+01 2.320618021346469462e+01
2.095172134954577381e-01 1.742060204145926434e+02 1.455590857538907414e+02 -9.216957028542624641e+01 9.016123747715960235e+01 2.187551194001638066e+02 6.009710320710730258e+01 -3.610206902526621064e+01 1.485131056644193848e+02 1.177595299603049597e+02 2.543161662781173149e+01 -1.226718838605002837e+01 8.995135782244344114e+01 2.477174563669585794e+01 2.046604656291349045e+01
2.136973926115405542e-01 1.661285581395348743e+02 1.346935503875969005e+02 -8.439609302325581552e+01 8.591542635658915117e+01 2.099573023255813951e+02 5.557115503875969154e+01 -3.287137984496123977e+01 1.445030077519379859e+02 1.157396046511627929e+02 2.404936434108527266e+01 -1.137366860465116325e+01 8.997631007751938625e+01 2.499022093023256019e+01 2.096204263565891424e+01
2.178750580088065492e-01 1.571343795620437902e+02 1.244340291970802923e+02 -7.742174452554745301e+01 8.137578832116788874e+01 1.990862627737226376e+02 5.159115693430656790e+01 -3.033913868613138831e+01 1.372714452554744469e+02 1.097895328467153320e+02 2.233016970802919943e+01 -1.046877189781021933e+01 8.524292700729927219e+01 2.363091423357664311e+01 1.973225547445255401e+01
2.220823861956562617e-01 1.485594432222034129e+02 1.162378927624527591e+02 -7.222685733626671833e+01 7.556468945676087401e+01 1.866729847125853325e+02 4.792641521408021532e+01 -2.816824970384159954e+01 1.268979804817510058e+02 1.021181530997912859e+02 2.056994803125176219e+01 -9.653083925650138397e+00 7.857188892649629963e+01 2.184346970722626580e+01 1.814604134935409263e+01
2.262696194198526023e-01 1.377729593237086192e+02 1.052363657572597049e+02 -6.524085332381841340e+01 6.893839545479497133e+01 1.708181506285338003e+02 4.293716034473294485e+01 -2.520425118021628208e+01 1.149288988307624777e+02 9.218204836142065517e+01 1.816523371027062694e+01 -8.476339922874238653e+00 7.062827304166438580e+01 1.955258309546028528e+01 1.623785475105670528e+01
2.304259489101245229e-01 1.286446844647311707e+02 9.672528660899102704e+01 -5.946060453266812118e+01 6.478024653680802203e+01 1.605063558197547877e+02 3.955504617589299698e+01 -2.292904768855156306e+01 1.093666206676927999e+02 8.790955230614086702e+01 1.704275250782867346e+01 -7.830826057534101103e+00 6.792449976115916854e+01 1.881103046547423219e+01 1.568561415264582592e+01
2.345870463846415066e-01 1.177972845727083069e+02 8.748110398534127796e+01 -5.337738586043671063e+01 5.863774367587927117e+01 1.457814042856415711e+02 3.564494261210362680e+01 -2.064552953377106093e+01 9.891247391459256733e+01 7.963182037970173610e+01 1.540051280093653041e+01 -7.145819813457525704e+00 6.144592685906245322e+01 1.703153153153153099e+01 1.417291125871634350e+01
2.388019837064606632e-01 1.112718220441268784e+02 8.104168275961956169e+01 -4.900001206971467838e+01 5.590314053975764352e+01 1.395085815671317562e+02 3.330737037126442601e+01 -1.902568435282190151e+01 9.586110775841260079e+01 7.752620335055279099e+01 1.459103582291314716e+01 -6.622959463863274721e+00 6.054442861970743195e+01 1.683380002896731753e+01 1.414604807367353878e+01
2.430077036534963875e-01 1.019277326106594330e+02 7.337709195074407376e+01 -4.409520753102268031e+01 5.073476798364475115e+01 1.271176127989350135e+02 3.004637058431987739e+01 -1.709023914800551580e+01 8.652175747634669278e+01 7.000013668996338367e+01 1.311900644225740464e+01 -5.961744639376218124e+00 5.419855702942994213e+01 1.502614641277991758e+01 1.253067501069747536e+01
2.471758823520590620e-01 9.580293170843872019e+01 6.757156817659232217e+01 -4.023849160726604168e+01 4.730044263048976916e+01 1.189232697171763675e+02 2.755854219360772817e+01 -1.553340710508162914e+01 8.052018854909174195e+01 6.529414808001840242e+01 1.202229104391814296e+01 -5.401654834444699738e+00 5.025204644745918614e+01 1.395093412278684752e+01 1.156869538974476974e+01
2.513692271335918882e-01 8.783488687584788579e+01 6.139274539407465880e+01 -3.633839602205593167e+01 4.309966194039648713e+01 1.090001859874841443e+02 2.499211741280469212e+01 -1.395722971642378951e+01 7.382648461774101634e+01 6.021048312984115114e+01 1.095001723119338344e+01 -4.834453019014485875e+00 4.647426808454772384e+01 1.297969727801846851e+01 1.078757699334821218e+01
2.555723892733414715e-01 8.026468349273062586e+01 5.560660140669897800e+01 -3.268120094780632456e+01 3.882885073122614727e+01 9.843274220525798057e+01 2.248927284813655447e+01 -1.250559677488527832e+01 6.616039263198524623e+01 5.392186494832097310e+01 9.842617510829009930e+00 -4.356465709032036671e+00 4.152107904104301639e+01 1.156298784148904346e+01 9.620861388686366311e+00
2.597674079539822323e-01 7.461738991638176799e+01 5.103000267743131246e+01 -2.959757177575482956e+01 3.597819695596655265e+01 9.189457099312106436e+01 2.064486705523746934e+01 -1.127132548296741810e+01 6.205671005478436797e+01 5.099864583762408898e+01 9.160043456769782821e+00 -3.940965213988548932e+00 3.955865119248671391e+01 1.110675999917617496e+01 9.299890971907567305e+00
2.639178238801485610e-01 6.879834765704930533e+01 4.639624002455494178e+01 -2.682319674647022723e+01 3.341241047677511489e+01 8.519928381420093899e+01 1.890478437691835367e+01 -1.032075404133415120e+01 5.782972171066093381e+01 4.738941068139963164e+01 8.448206977695926767e+00 -3.665772073869449255e+00 3.685550439942704770e+01 1.029730790873746571e+01 8.631325455289543314e+00
2.680749044740857179e-01 6.352559937153275627e+01 4.240287853512820959e+01 -2.437580740582689742e+01 3.049491552546843920e+01 7.804262520851921181e+01 1.721057168211971700e+01 -9.353892884160297072e+00 5.268840439151180988e+01 4.319989234588974369e+01 7.665491523451137823e+00 -3.312134788280249431e+00 3.347993366179152019e+01 9.358738531442758912e+00 7.813305587345307224e+00
2.723023151079725368e-01 5.806273802921057836e+01 3.835767701978184618e+01 -2.190100295803290820e+01 2.749795710852283293e+01 7.065957663154001978e+01 1.542008689221667517e+01 -8.317946362543908734e+00 4.728853300055462938e+01 3.891263634682935901e+01 6.822087030874468105e+00 -2.906352548992420015e+00 2.998930486226659298e+01 8.410190192272139598e+00 7.000440816232205599e+00
2.765128983200950685e-01 5.354978918879110239e+01 3.491520832566188659e+01 -1.956650679382847713e+01 2.525793533895496523e+01 6.523179106675995342e+01 1.406423528003829482e+01 -7.428997357955591241e+00 4.383797915822808022e+01 3.626240932356298430e+01 6.315336515447214083e+00 -2.629301089498103483e+00 2.807040081746879068e+01 7.906224684243472467e+00 6.594912223367823678e+00
2.807027537381580062e-01 4.939072219293621657e+01 3.182328676858197269e+01 -1.775712638376383623e+01 2.329557195571955575e+01 6.030741082410823850e+01 1.284554120541205435e+01 -6.764721160604462824e+00 4.031137761377613771e+01 3.335900325074679529e+01 5.746537295730099970e+00 -2.386476728606572006e+00 2.570587989808469587e+01 7.235689026533122181e+00 6.018873001230012676e+00
2.848857026249724811e-01 4.434687380397341627e+01 2.831174541595629890e+01 -1.562901430012873583e+01 2.114061575797640913e+01 5.469937110747712694e+01 1.152108268675411473e+01 -5.982292282801572547e+00 3.696541960961692297e+01 3.066841359034132353e+01 5.255117906475070377e+00 -2.153185181883024324e+00 2.382287933614000863e+01 6.727139582825928166e+00 5.622866723496050767e+00
2.890807262117984777e-01 4.094244218652062983e+01 2.595950582258436867e+01 -1.423935687658760152e+01 1.934610769306897993e+01 5.009660459208920003e+01 1.049756395770791251e+01 -5.428682104212713355e+00 3.368662784943753508e+01 2.793188153597466084e+01 4.773559405205687334e+00 -1.951315751492758821e+00 2.159655923201266603e+01 6.087887725563288832e+00 5.066477253983439510e+00
2.932785946948970324e-01 3.763646537921118806e+01 2.364076642812796436e+01 -1.284170873770545462e+01 1.756875551416527870e+01 4.570043786556873755e+01 9.504523657811326132e+00 -4.875275708263895780e+00 3.061604662941541832e+01 2.546321847531287830e+01 4.326423777897591805e+00 -1.753041981178316000e+00 1.969229732379178799e+01 5.564592829951312325e+00 4.638253398359638346e+00
2.974321087309398370e-01 3.419618826913856680e+01 2.125175803100527361e+01 -1.143010827872782542e+01 1.599618427361355266e+01 4.163540035160620079e+01 8.569234457407704397e+00 -4.359554299184913440e+00 2.786633770177401459e+01 2.315468475307655538e+01 3.904928480102285437e+00 -1.576855421927441325e+00 1.784037677800863264e+01 5.026936830749560770e+00 4.171319372303020856e+00
3.016123743882810904e-01 3.082770044119884645e+01 1.905204434809067493e+01 -1.017891088544043932e+01 1.408754183782139080e+01 3.688824737562757150e+01 7.564586185912064664e+00 -3.826008386581469800e+00 2.456464323748668832e+01 2.050056290886961818e+01 3.446762798569907194e+00 -1.379902394264415078e+00 1.583323254221816612e+01 4.480456507682945677e+00 3.734323653582839242e+00
3.058101292111336522e-01 2.803869627807935672e+01 1.718554681642323700e+01 -9.056119350388387446e+00 1.296564496296074154e+01 3.394427241100081005e+01 6.891296055393936193e+00 -3.421089837072249118e+00 2.287326425336652491e+01 1.913385868098251663e+01 3.211064728728668882e+00 -1.260103905804816682e+00 1.490133236361455182e+01 4.227205672854871921e+00 3.538883255106019199e+00
3.100168993294901143e-01 2.548859902723177129e+01 1.554949030101294127e+01 -8.133611258572699398e+00 1.158938115153949866e+01 3.037978134236276517e+01 6.162298864386352548e+00 -3.051532145829148668e+00 2.018001592585153148e+01 1.685730580504462139e+01 2.818126058136531942e+00 -1.105422008163792436e+00 1.296621854285632303e+01 3.670488885979511728e+00 3.041099637005366230e+00
3.142092030053749707e-01 2.302040670608059969e+01 1.391918537400394129e+01 -7.205507150915374304e+00 1.037392629166309632e+01 2.739285229771799024e+01 5.507389219718390905e+00 -2.691059615357153323e+00 1.818888698483420541e+01 1.527983534687116318e+01 2.543270981492588678e+00 -9.815864152243453100e-01 1.178474334532887902e+01 3.350412703852854612e+00 2.783022332776397434e+00
3.183867557675504334e-01 2.108378639375360919e+01 1.269785538036455641e+01 -6.516290844170126384e+00 9.468866844912435354e+00 2.504667438759519627e+01 5.017976074285871668e+00 -2.430691421177797018e+00 1.660841489566436735e+01 1.397220723476204896e+01 2.323451203502598261e+00 -8.899052439309378393e-01 1.077326760234239700e+01 3.066546184669947550e+00 2.549016225978060657e+00
3.225872781332082551e-01 1.875214257108530447e+01 1.122084000800961157e+01 -5.698881157388866470e+00 8.306621278867975633e+00 2.201987051128020312e+01 4.394722834067548156e+00 -2.112497496996395885e+00 1.450351755439861279e+01 1.222348985449205827e+01 2.028078277266052609e+00 -7.702691146041916737e-01 9.377194299826458135e+00 2.672576675343746100e+00 2.212109531437725263e+00
3.267666109043823597e-01 1.717040622276221029e+01 1.017970999181215497e+01 -5.112860611843322189e+00 7.745111229233248018e+00 2.048592053828478043e+01 4.039652033094741412e+00 -1.919483439423153248e+00 1.363339419191252233e+01 1.147971857584321675e+01 1.890562270542246681e+00 -7.162673372665804283e-01 8.865580676685771877e+00 2.524256903541903352e+00 2.097014820659782064e+00
3.309328770241455886e-01 1.556215870524892253e+01 9.167787835872312385e+00 -4.528000523105974118e+00 6.846326456403582839e+00 1.827017945086631556e+01 3.584781443772487197e+00 -1.668891661244226832e+00 1.196752277424787714e+01 1.014580941080405196e+01 1.665448910249049508e+00 -6.117542948914236334e-01 7.747567876189747516e+00 2.218692984638546584e+00 1.828495799203858407e+00
3.351106074107195187e-01 1.392775053105085625e+01 8.179821629388978721e+00 -4.026425246782456391e+00 6.076162064225915316e+00 1.621433681119579973e+01 3.179708781082094315e+00 -1.481264642946395149e+00 1.066066943646132614e+01 9.027912970136199533e+00 1.483039953767337105e+00 -5.474832679932525314e-01 6.951875859052854878e+00 1.988921927714607074e+00 1.653226719667624689e+00
3.393095620710060434e-01 1.270081053302238416e+01 7.410346993484481004e+00 -3.603942520376024916e+00 5.597945417498136678e+00 1.495039579977400024e+01 2.903575271079268383e+00 -1.332140286526579009e+00 9.883245828625009111e+00 8.396378296828792998e+00 1.371132725158079602e+00 -4.978994737696247341e-01 6.466089546317890679e+00 1.854960570288269661e+00 1.537921232238598002e+00
3.435164896197421824e-01 1.135274490350317578e+01 6.604247868093449547e+00 -3.174266751116150420e+00 4.925375888786525991e+00 1.321224576571468923e+01 2.567628977393522582e+00 -1.165210669719840331e+00 8.709016901707887115e+00 7.421891609382750943e+00 1.215873993102307704e+00 -4.350574979921101315e-01 5.717213816644225233e+00 1.645079267356435837e+00 1.365043597784234342e+00
3.477107812306902690e-01 1.019575139232315841e+01 5.896489655789984852e+00 -2.796888359947311109e+00 4.433741882929309597e+00 1.191405437570771575e+01 2.299842894241213020e+00 -1.028016170591361744e+00 7.861792428304023694e+00 6.716358930510942571e+00 1.096723220166154533e+00 -3.867217740421278749e-01 5.179494141843643540e+00 1.493924744500034762e+00 1.240661396829431773e+00
3.518857617074659383e-01 9.186666042616923988e+00 5.300116867497219886e+00 -2.502101735709260755e+00 3.958315959221185842e+00 1.064938190709601251e+01 2.050658833424104266e+00 -9.120412525245648050e-01 6.977480314067215694e+00 5.963353388022783363e+00 9.704845746250028160e-01 -3.400185770034833133e-01 4.571819261011641267e+00 1.318916631918442217e+00 1.090349194834002722e+00
3.560773577310688554e-01 8.124038650615045043e+00 4.669942059581813076e+00 -2.189871453658589928e+00 3.500184349668989725e+00 9.421753807162051686e+00 1.809170610839214266e+00 -8.018475762797963036e-01 6.189814612510651237e+00 5.288516108064410304e+00 8.609517870993466104e-01 -3.033766970411195252e-01 4.065471784941772526e+00 1.171640210213244604e+00 9.700484703074132575e-01
3.602869550449780967e-01 7.320838433292533587e+00 4.188018048487190725e+00 -1.937636054832613919e+00 3.131108878760548553e+00 8.456088680237925814e+00 1.616916396905666797e+00 -7.063390647480083384e-01 5.549593747986858006e+00 4.756474263995361440e+00 7.726594206983186108e-01 -2.671533311121668808e-01 3.662032414267001545e+00 1.058458198452833399e+00 8.780734803463676741e-01
3.644651285618699665e-01 6.572203317174369452e+00 3.757166681661339602e+00 -1.731686543428099689e+00 2.754991902876860355e+00 7.453813321619848331e+00 1.427784279144351132e+00 -6.235725016670548015e-01 4.862367429454476309e+00 4.165935455873325033e+00 6.782954348499121711e-01 -2.350170765614746360e-01 3.199990341666843374e+00 9.243828589724593092e-01 7.657457291644615971e-01
3.686396944457170921e-01 5.932219812077225818e+00 3.376524687994736595e+00 -1.540388490244052999e+00 2.487785469395727755e+00 6.743457912700208112e+00 1.285145246931348684e+00 -5.551354533971051275e-01 4.394775967884532619e+00 3.773724222299895459e+00 6.125655284942533862e-01 -2.103503216429878642e-01 2.897141065444003960e+00 8.382450924707527395e-01 6.946217161060509460e-01
3.728293470315630076e-01 5.213646052763567518e+00 2.949922885946434370e+00 -1.321593032149664060e+00 2.180962232922058597e+00 5.926713436653626488e+00 1.122473731066305547e+00 -4.753241298023874184e-01 3.858227379877620766e+00 3.323014469856555575e+00 5.381573502858862934e-01 -1.811111711931989443e-01 2.543331358461229819e+00 7.376510933895075173e-01 6.083356451875815418e-01
3.770363921861874523e-01 4.653595927965689327e+00 2.632763914611560896e+00 -1.183224409664684673e+00 1.936835035091139634e+00 5.253082659128570420e+00 9.961617543132859076e-01 -4.246554092747831244e-01 3.419241032264353386e+00 2.936813407739546022e+00 4.762763183546154799e-01 -1.622987285554147729e-01 2.252209492884297060e+00 6.514959425869968346e-01 5.390390449848913024e-01
3.812363453093803867e-01 4.217200901031127103e+00 2.370888142044907276e+00 -1.039548701455141222e+00 1.734381625228871737e+00 4.730729016093283334e+00 8.926749060422087823e-01 -3.704882191384793466e-01 3.060857545533391288e+00 2.644969343259131023e+00 4.287185226341910238e-01 -1.414896676544280807e-01 2.018924665124795403e+00 5.874016755806109602e-01 4.839073943577141823e-01
3.854150971210312249e-01 3.764521585203016496e+00 2.113497892492430363e+00 -9.203221383502905306e-01 1.555285195258871989e+00 4.238205068831925715e+00 7.985240247635078115e-01 -3.302492938733003203e-01 2.754494174675116813e+00 2.379862959114588339e+00 3.857818024420288094e-01 -1.274993410365693192e-01 1.823762471084949155e+00 5.305177939226675132e-01 4.384011710595602795e-01
3.896036578152083374e-01 3.306979874891750715e+00 1.853145354273763923e+00 -7.995456707294602561e-01 1.351790082085014610e+00 3.699378028669872531e+00 6.955379228621966226e-01 -2.835314708165201925e-01 2.398143989644943019e+00 2.078683375020728530e+00 3.368565012183774576e-01 -1.092388699980883643e-01 1.589367929265012025e+00 4.636129210196598405e-01 3.817895322029369876e-01
3.937795161075864914e-01 2.990565675631739584e+00 1.671476211549229651e+00 -7.141800198237089337e-01 1.219726791810414879e+00 3.339772557935805519e+00 6.268318021512562233e-01 -2.534868765296768300e-01 2.157396975416794760e+00 1.871527464190885670e+00 3.032593900145403865e-01 -9.766309403392156585e-02 1.426214823076784155e+00 4.162522380696493940e-01 3.420495045201669138e-01
3.979440095093054186e-01 2.628073195812040463e+00 1.463297762237139699e+00 -6.178351914584855331e-01 1.049810477911718110e+00 2.883421101832232658e+00 5.397097045770197221e-01 -2.163247043099303935e-01 1.847724622068695588e+00 1.605580524073645599e+00 2.595568745715443049e-01 -8.298822421531401594e-02 1.220014778939121580e+00 3.565253523352504561e-01 2.925728805910685626e-01
4.021139069446590386e-01 2.340722883769091656e+00 1.301211412762101949e+00 -5.438659504702735292e-01 9.422066453102080352e-01 2.587457934247993752e+00 4.832956494304944672e-01 -1.917550620469842260e-01 1.669998759599620408e+00 1.452682905125550095e+00 2.352545045409440150e-01 -7.479018526458279525e-02 1.109379651501423814e+00 3.245507593407541691e-01 2.673047818782897656e-01
4.063125452039867413e-01 2.044313634583971862e+00 1.134249016974554936e+00 -4.701530346437532426e-01 8.225062175833149913e-01 2.262353072428135992e+00 4.212594908264991056e-01 -1.652319476954683952e-01 1.459265225317009751e+00 1.271957041577555847e+00 2.055473052051933758e-01 -6.450011702370626876e-02 9.713070238957276503e-01 2.847339055895626303e-01 2.344790155905309426e-01
4.105412315868290918e-01 1.841097922697018774e+00 1.017376229578570435e+00 -4.144589126048667804e-01 7.334023502019656471e-01 2.021519030360267699e+00 3.756823752228163893e-01 -1.454248153076910521e-01 1.298504472681482946e+00 1.133613949124270270e+00 1.834263182962926619e-01 -5.695078248928845538e-02 8.621825632880341095e-01 2.530221071174508229e-01 2.074954401850398200e-01
4.147348487769681458e-01 1.611457352158244039e+00 8.911978356130724199e-01 -3.622904337988369639e-01 6.324010463592432130e-01 1.744933809075272402e+00 3.250548071607011202e-01 -1.259709154107625517e-01 1.110255242034564827e+00 9.688934648619871304e-01 1.568306263565812098e-01 -4.879952561250922027e-02 7.326677553444180813e-01 2.148324558215251034e-01 1.756229875245720329e-01
4.189107045044477284e-01 1.445554929059693183e+00 7.964768922382958749e-01 -3.185628999085923230e-01 5.733356599236945073e-01 1.585913033542643680e+00 2.934951514188061106e-01 -1.107982926883793046e-01 1.023647017327716346e+00 8.978987411573007282e-01 1.451612302281217737e-01 -4.371413086946586424e-02 6.862618358039901389e-01 2.023182278833161041e-01 1.664837943873698489e-01
4.230974437456921922e-01 1.272660942741243417e+00 7.002835147047351549e-01 -2.778001647944457475e-01 4.972733954481628471e-01 1.377386350339339982e+00 2.549018424799125992e-01 -9.585635519053747888e-02 8.785778800023402724e-01 7.704924696739214873e-01 1.245290651328106596e-01 -3.749670898666042362e-02 5.845685603401200581e-01 1.722661430298775276e-01 1.412525474881035914e-01
4.272931011032126136e-01 1.120784635174130184e+00 6.154219730483838635e-01 -2.410250541055315443e-01 4.362514933890101476e-01 1.210165279516619119e+00 2.236361821676947081e-01 -8.310970767267966686e-02 7.737644472265905460e-01 6.800139104653648570e-01 1.099992682155289531e-01 -3.275468708848305877e-02 5.174015603768111760e-01 1.528033070694077566e-01 1.255185113440310252e-01
4.314914587673138180e-01 9.879220042326617435e-01 5.417509716987480850e-01 -2.104272734432254821e-01 3.822336405004411741e-01 1.061875803906612292e+00 1.959809810651949591e-01 -7.210460998377229980e-02 6.778533543470782741e-01 5.964661059885433270e-01 9.643503201838515837e-02 -2.836616029897847530e-02 4.523306748328622118e-01 1.337077224577855605e-01 1.093155249323222722e-01
4.356511643511531418e-01 8.675409956978324955e-01 4.750641403880913605e-01 -1.829320980162227606e-01 3.329981114997087044e-01 9.266534355720538185e-01 1.708602170176493351e-01 -6.229609664425331955e-02 5.899477914046278304e-01 5.198038116382593943e-01 8.416215859481200601e-02 -2.465683914977107385e-02 3.945652399709454472e-01 1.167380446331207217e-01 9.566513792517515602e-02
4.398424702607344750e-01 7.675784307447096610e-01 4.194652313787018416e-01 -1.594593744218645581e-01 2.950361401364755554e-01 8.204399121589890376e-01 1.509639936129374138e-01 -5.455231219714596486e-02 5.228485245093853484e-01 4.608582009403150437e-01 7.464961378328281716e-02 -2.178018300655338788e-02 3.495728801996613178e-01 1.034552265223640521e-01 8.465690218126058209e-02
4.440501074980069407e-01 6.776484393893054126e-01 3.701400675437785392e-01 -1.391683733391894384e-01 2.581775804799635865e-01 7.191210262351167559e-01 1.324717582187006637e-01 -4.750777490837980455e-02 4.574760702803818413e-01 4.035530165760985444e-01 6.548961737787530046e-02 -1.899478798993022369e-02 3.061962214781569491e-01 9.068573422185513544e-02 7.429519740796193539e-02
4.482267968899237842e-01 5.936566922190342765e-01 3.236537346616153998e-01 -1.204988108834630922e-01 2.249762949270164569e-01 6.280728455750240746e-01 1.153913932249954755e-01 -4.087149780261536275e-02 3.980383984097524697e-01 3.518930761382787487e-01 5.701295841051854524e-02 -1.632111549098499981e-02 2.660516042627129041e-01 7.894017812373775589e-02 6.441457773305291068e-02
4.524052929840755577e-01 5.236964749504476879e-01 2.852878199542068227e-01 -1.053248186641377870e-01 1.957838077113662756e-01 5.471978910361561255e-01 1.005632304695509432e-01 -3.540450218606896321e-02 3.461467731187204966e-01 3.062116076310573143e-01 4.967008727188845091e-02 -1.413712216355682977e-02 2.318290626495113083e-01 6.883411346199849734e-02 5.631312180686555424e-02
4.566090347930675253e-01 4.653987927314968687e-01 2.530552242366412297e-01 -9.210864249709591056e-02 1.737356610935944234e-01 4.863999232492532410e-01 8.921180094590110132e-02 -3.096237916943245932e-02 3.080419225024891849e-01 2.731292264769332734e-01 4.433547077248589652e-02 -1.245359545485189186e-02 2.068710717100896157e-01 6.154545148108198083e-02 5.031060716063723987e-02
4.608167319022857811e-01 4.024000626999486574e-01 2.186027127190384167e-01 -7.905131820059375924e-02 1.492087654240228101e-01 4.180771069486683422e-01 7.663568979611820597e-02 -2.643984759674881946e-02 2.631820059375699628e-01 2.334914563091617656e-01 3.787517307798327071e-02 -1.059140638885323372e-02 1.761970382914017363e-01 5.244709344699139547e-02 4.279139070872335637e-02
4.649806979855051203e-01 3.587389910559459771e-01 1.944228743407671600e-01 -6.905274341500541868e-02 1.315781190921654908e-01 3.696903591881902096e-01 6.758346878911393463e-02 -2.284356686986222310e-02 2.325414067898538550e-01 2.069793527295010482e-01 3.355276949096468175e-02 -9.150820279905051008e-03 1.561499869823922138e-01 4.662734204895109535e-02 3.801901917825688954e-02
4.691538386770017222e-01 3.081885903234388713e-01 1.670448181725324166e-01 -5.911437177139156063e-02 1.129257888216905481e-01 3.174079401201018724e-01 5.806634216281530286e-02 -1.955293200602092885e-02 1.995443821817237395e-01 1.776228410289422688e-01 2.884005894932252859e-02 -7.858082474070176085e-03 1.340865730271242617e-01 4.004212458073619363e-02 3.268417964048623420e-02
4.733478629909182445e-01 2.730480615266591138e-01 1.479555100158411185e-01 -5.195397842388801285e-02 9.939882730318440329e-02 2.796584495481084232e-01 5.113875194123541912e-02 -1.710255393055434489e-02 1.759149044476465695e-01 1.567416548273350974e-01 2.545445855384574976e-02 -6.883286873601454810e-03 1.183832052208729224e-01 3.538062024611286077e-02 2.887667922699149736e-02
4.775500538217637980e-01 2.357021090541248642e-01 1.275943872751398589e-01 -4.444175249996953209e-02 8.546236439455338896e-02 2.407154496517409925e-01 4.397395738911621943e-02 -1.459966650410263016e-02 1.508795787071455508e-01 1.345386915416935669e-01 2.184086506363039359e-02 -5.878193013981966933e-03 1.014018243988494966e-01 3.032370218389324884e-02 2.470389152973455349e-02
4.817339644282710998e-01 2.077549979090148879e-01 1.124065377945561717e-01 -3.881511884523073524e-02 7.510265998309029190e-02 2.116899421342594290e-01 3.865255374816660427e-02 -1.271499538903687540e-02 1.334977640285404388e-01 1.191861877363722400e-01 1.939888101754836530e-02 -5.199995997723780988e-03 9.013212459619744654e-02 2.697529436676485148e-02 2.199889270357937437e-02
4.859144464692263798e-01 1.833103312665587126e-01 9.890521507948188407e-02 -3.341659748031351046e-02 6.577827747828966787e-02 1.858039377575801954e-01 3.383272177196790936e-02 -1.087764997148218948e-02 1.164270978988813654e-01 1.042286392405063211e-01 1.695276277781866334e-02 -4.427792445540181844e-03 7.855621688254341151e-02 2.357689229467176822e-02 1.920418349370768205e-02
4.901252990058800885e-01 1.594834060812724830e-01 8.603938121256922422e-02 -2.889010097818609651e-02 5.721179658324951345e-02 1.616035875916259079e-01 2.942256820096712799e-02 -9.420136645812378362e-03 1.013610521588452218e-01 9.078036616763783540e-02 1.477898991600114925e-02 -3.860774775713424894e-03 6.841449032544541509e-02 2.053698613751618607e-02 1.672046155017602523e-02
4.943123444065962158e-01 1.388921960001495148e-01 7.484621445931141648e-02 -2.492574218615219855e-02 4.941356605892095050e-02 1.397489050441648450e-01 2.543144099278871195e-02 -8.083301869601596662e-03 8.741615312345452082e-02 7.834786497988717457e-02 1.274551398094888287e-02 -3.301582378983389330e-03 5.904063682473231073e-02 1.773761231249353088e-02 1.445393536705550513e-02
4.984736335014697817e-01 1.197715142721379328e-01 6.453240876268540038e-02 -2.133505503725011132e-02 4.264966213361532504e-02 1.206741073196325315e-01 2.195537093133760956e-02 -6.912463290380448620e-03 7.576867243095859739e-02 6.799512930766271612e-02 1.108332188160256020e-02 -2.848929803442559489e-03 5.136262559007625378e-02 1.545014013648120764e-02 1.259602273490621066e-02
5.026590164608074618e-01 1.031214160872817726e-01 5.547427412445957856e-02 -1.807203834305315740e-02 3.617359078747071216e-02 1.025245914855172219e-01 1.862345301954530449e-02 -5.798703767740797689e-03 6.396737376032717026e-02 5.749011759702864210e-02 9.360789775329067877e-03 -2.381165414932866903e-03 4.320781717541611472e-02 1.301133818487970606e-02 1.057454141494765069e-02
5.068609875937976073e-01 9.067200928197691190e-02 4.878915886955755704e-02 -1.581477919298649934e-02 3.150954386911700850e-02 8.942667102694790149e-02 1.625965840062964379e-02 -5.033847953830722019e-03 5.544629907010790310e-02 4.984289644106165013e-02 8.124514975193841693e-03 -2.060288808444430287e-03 3.734310294725641521e-02 1.124429407498780085e-02 9.114264748990132461e-03
5.110594965365916620e-01 7.961090919438480740e-02 4.276585101933594313e-02 -1.362406181322165996e-02 2.762022939397944937e-02 7.849750736179650357e-02 1.425003382779704841e-02 -4.338208306921990942e-03 4.895477844180258498e-02 4.411072761119300134e-02 7.195782907697658749e-03 -1.790032257563490712e-03 3.321082048482044968e-02 1.002633921150503094e-02 8.153860988762202944e-03
5.152492140965455603e-01 6.875360340013141058e-02 3.690168671977660936e-02 -1.165630903005913412e-02 2.358376365390933010e-02 6.708700004106439574e-02 1.216826903334428459e-02 -3.675727032173948996e-03 4.147875944480946403e-02 3.739356623685939629e-02 6.096072062869580324e-03 -1.509601688259691382e-03 2.796480268561104057e-02 8.443082190374507148e-03 6.835379280962550035e-03
5.194329442812991582e-01 5.932830431791037001e-02 3.185135143632834842e-02 -9.997025483022406456e-03 2.018033544822986358e-02 5.745468571493482501e-02 1.042473115498584839e-02 -3.134172864189807561e-03 3.559964091791296276e-02 3.211559432933478592e-02 5.240548181343148218e-03 -1.292489717365357402e-03 2.410511944520174477e-02 7.283496950784130661e-03 5.914439442881160199e-03
5.236343964239100757e-01 5.152700851874363053e-02 2.763407506516261936e-02 -8.564758131456363596e-03 1.746738898750151495e-02 4.980077640299817449e-02 9.033182190286828672e-03 -2.678673516084480177e-03 3.066725147254279957e-02 2.770700421712802772e-02 4.524885551647129210e-03 -1.100715662528798256e-03 2.067481732714094092e-02 6.254005426356466606e-03 5.056150693602021011e-03
5.278273205415198177e-01 4.488322151695831042e-02 2.405645861836990321e-02 -7.395819520300809906e-03 1.494881549162181862e-02 4.269845664530680374e-02 7.738676900938853791e-03 -2.278948224527197006e-03 2.625331749434554884e-02 2.374676730666316557e-02 3.874437296004271114e-03 -9.350472910574142210e-04 1.775227890878219861e-02 5.377122879856455727e-03 4.355170578313692295e-03
5.319960279023402405e-01 3.892396877319970194e-02 2.084141939649839306e-02 -6.324591878557287751e-03 1.310452505374597870e-02 3.741449942774065923e-02 6.772150399808216266e-03 -1.965940268256232987e-03 2.313230790645879817e-02 2.095062474866988406e-02 3.425131658314773449e-03 -8.181390382369772320e-04 1.570297275194877662e-02 4.762105472133289913e-03 3.861664883189495391e-03
5.361714592099571242e-01 3.352937923809743564e-02 1.794223551694448110e-02 -5.397682246743644614e-03 1.121760961420083420e-02 3.205503607477055983e-02 5.801077637398297307e-03 -1.672469371496384432e-03 1.978483063729306532e-02 1.793262324165336569e-02 2.931276477654414306e-03 -6.945020370467805187e-04 1.343420671164392496e-02 4.077212709418582236e-03 3.306919111302748446e-03
5.403746330902056139e-01 2.889809320500223017e-02 1.545567210247797418e-02 -4.616126073641154716e-03 9.562917912900337561e-03 2.735785611910559675e-02 4.951688187699960705e-03 -1.419837326361693278e-03 1.678682989490769620e-02 1.521816385667952923e-02 2.487994860551625501e-03 -5.882779762840489434e-04 1.135391004006341790e-02 3.445281103107229043e-03 2.784952019540113278e-03
5.445761264886261888e-01 2.499691252777437936e-02 1.336859268602654666e-02 -3.957645425274566517e-03 8.215497644988726048e-03 2.352973800288100589e-02 4.255769405709959076e-03 -1.206259762360995837e-03 1.442863439430083945e-02 1.310431752189586060e-02 2.142691099773789010e-03 -4.991475685025315327e-04 9.772647206409527249e-03 2.971021402195646918e-03 2.400184978938253895e-03
5.487504490749764985e-01 2.171111336689175372e-02 1.159666713340509053e-02 -3.383400764344427544e-03 7.086740925553249720e-03 2.032567769104283092e-02 3.672051076887522351e-03 -1.025098128854609386e-03 1.245340764517537113e-02 1.132757467413039211e-02 1.853193833874136349e-03 -4.257561509404304638e-04 8.455137270764965726e-03 2.574351261895621405e-03 2.081913893179498150e-03
5.529407179677009454e-01 1.874621604899340960e-02 1.000782791331438805e-02 -2.893552049383976265e-03 6.060286094800649767e-03 1.739421693858204249e-02 3.141864443912362886e-03 -8.726033428482856845e-04 1.061085616295012399e-02 9.653909403366153427e-03 1.579913609521779901e-03 -3.628062709087265724e-04 7.178846184031013530e-03 2.185393550524844346e-03 1.761276076782627336e-03
5.571409157079509900e-01 1.614321664086975500e-02 8.611106619418726696e-03 -2.463968279233411541e-03 5.232790524897075642e-03 1.502400861991134116e-02 2.710682871738613869e-03 -7.439041616422409180e-04 9.220807939645948859e-03 8.400063877155824685e-03 1.375744302572797471e-03 -3.124235372947756066e-04 6.276481171664100890e-03 1.913324937904728375e-03 1.547509243006549642e-03
5.613298693710127019e-01 1.393704407751785064e-02 7.434744072049784616e-03 -2.113833597208966165e-03 4.466518073513182571e-03 1.283350825795410294e-02 2.317962664014378005e-03 -6.344020527325281442e-04 7.832388193229318854e-03 7.136130984633075672e-03 1.169878791106465990e-03 -2.655429722603157273e-04 5.316763685148179035e-03 1.620708402771563932e-03 1.309262139357885964e-03
5.655062246218995892e-01 1.199167591897773270e-02 6.391247189419319713e-03 -1.793420941952176845e-03 3.804970856680939262e-03 1.095297568038256474e-02 1.976626975019825285e-03 -5.325035695311261790e-04 6.677408930071019461e-03 6.094821712187738737e-03 9.994386668962472724e-04 -2.227121009246971932e-04 4.542390066664759966e-03 1.387237366496558294e-03 1.120919019968012222e-03
5.696867424029971039e-01 1.028462792315646031e-02 5.481920758032694276e-03 -1.531375586301360293e-03 3.237989943773019082e-03 9.327252976075497623e-03 1.683642007602098372e-03 -4.524653884379815807e-04 5.648314013860093394e-03 5.157055439164971548e-03 8.450583597140440186e-04 -1.879298502048734729e-04 3.823690808814849979e-03 1.167847489779717286e-03 9.393117508082729408e-04
5.738956954203543459e-01 8.818321227064919443e-03 4.696667823451126586e-03 -1.293770125602220107e-03 2.757769765278753320e-03 7.944378314969326865e-03 1.433493225674084331e-03 -3.815146396992001392e-04 4.798929646140904191e-03 4.382911323272944623e-03 7.194915754289060760e-04 -1.597663572637807758e-04 3.241413413106346286e-03 9.899244789764061626e-04 7.943386119617996044e-04
5.780928920821047923e-01 7.599764069696473591e-03 4.044970197634968449e-03 -1.105053846731620954e-03 2.369146316883294703e-03 6.831453528966004163e-03 1.231442739989953771e-03 -3.243273863209449200e-04 4.136263581624138007e-03 3.782725994024435916e-03 6.206646446737703595e-04 -1.359899939774180755e-04 2.803518529724321334e-03 8.575142723512781161e-04 6.893293874715942246e-04
5.822632071880226023e-01 6.547095875171642793e-03 3.484482502858113773e-03 -9.435386598618308168e-04 2.022744765715934166e-03 5.838850109043236709e-03 1.052417045178448375e-03 -2.749831708737380848e-04 3.526504122582512901e-03 3.227311059843559864e-03 5.295836933110925930e-04 -1.152661679256372260e-04 2.394919586680959150e-03 7.329770664236926088e-04 5.907544555719683628e-04
5.864430803127811398e-01 5.609383043787577634e-03 2.982671697316570045e-03 -7.988325801425544097e-04 1.722782062276150775e-03 4.978188555813392417e-03 8.967769702460415574e-04 -2.319029856644274409e-04 3.005620281030708767e-03 2.754248457175428530e-03 4.520702650305747435e-04 -9.718458193603021712e-05 2.042612136808548938e-03 6.259533401683502500e-04 5.039496099914398015e-04
5.906376733072625784e-01 4.820070647344651057e-03 2.561955482761518136e-03 -6.805937328333890859e-04 1.448802073798498248e-03 4.195754361452405656e-03 7.561138886658883701e-04 -1.937482338574147587e-04 2.510305935578652312e-03 2.301915324849643577e-03 3.778755406759504187e-04 -8.055688545826825012e-05 1.698140942400592568e-03 5.205962568879023492e-04 4.172634279141300938e-04
5.948356627105599870e-01 4.082073962292208022e-03 2.168853467652270741e-03 -5.707618757771029975e-04 1.243664336932228439e-03 3.597907700408221887e-03 6.474596036994028280e-04 -1.641151053255986353e-04 2.168198309399931110e-03 1.990167800952804666e-03 3.270070608671788457e-04 -6.907690029211833549e-05 1.473327618027329370e-03 4.522129190666322198e-04 3.633373113213247659e-04
5.990145239901687457e-01 3.493976853160325139e-03 1.854913930742481268e-03 -4.825926852978384453e-04 1.038713316282468668e-03 3.011294414866110946e-03 5.417958668396472346e-04 -1.363189980109013428e-04 1.793141198582401657e-03 1.647650781790449071e-03 2.703982194433409759e-04 -5.656367351577953201e-05 1.213562229069140019e-03 3.728789883767804746e-04 2.987565377941793715e-04
6.031829950841108845e-01 2.990380855249007413e-03 1.586872216492676889e-03 -4.096506681805409632e-04 8.924699006756486560e-04 2.585769583342535649e-03 4.652146054926657530e-04 -1.164412040050817946e-04 1.543927780781167210e-03 1.418244997413677620e-03 2.331462605661426576e-04 -4.895972600440320519e-05 1.043874088485653240e-03 3.204624090428621181e-04 2.563898714867995964e-04
6.073740526175752663e-01 2.553700304823539134e-03 1.355280652977980871e-03 -3.472012276514040196e-04 7.601760744133446209e-04 2.204574668690961053e-03 3.965652593546029341e-04 -9.823992139931211941e-05 1.325603599905085094e-03 1.219272113247136906e-03 2.006772565274093033e-04 -4.159352991142895923e-05 9.041934427373947815e-04 2.780516013168243751e-04 2.237580076584459612e-04
6.115768023320514724e-01 2.184039319677957315e-03 1.158101444711565455e-03 -2.931362081717322327e-04 6.461417080307146031e-04 1.875301212341425484e-03 3.369517799107325600e-04 -8.253113901823375977e-05 1.125705264249042851e-03 1.036471766782329869e-03 1.705075787365462883e-04 -3.498355287628295696e-05 7.672688581311786242e-04 2.361354702532816288e-04 1.896920470580423443e-04
6.157710000000914397e-01 1.839905686427328359e-03 9.753381423443932899e-04 -2.451847846289187654e-04 5.391129388155375826e-04 1.565882755796788647e-03 2.814065546071488843e-04 -6.850062648498907376e-05 9.324883776576861367e-04 8.589739321226023743e-04 1.412908453625317368e-04 -2.882069581463520387e-05 6.322519440017093911e-04 1.946321021437582709e-04 1.557321972899346121e-04
6.199632023912512446e-01 1.590244700476042394e-03 8.425783768603255751e-04 -2.089680077331591336e-04 4.643076773008811362e-04 1.349780102282329818e-03 2.423910904924528906e-04 -5.815346700054256309e-05 8.052671366509682373e-04 7.427021481823618126e-04 1.222340095305577215e-04 -2.458380992562425344e-05 5.475413468545492273e-04 1.687753758801415426e-04 1.351531740793652061e-04
6.241630060990407403e-01 1.365019498313365482e-03 7.230355332089107457e-04 -1.780545312862477159e-04 3.905249320999952273e-04 1.136956068036421713e-03 2.043108234033156104e-04 -4.887333935318584246e-05 6.715975829180645265e-04 6.196461413460509216e-04 1.019623146913492296e-04 -2.041982844561809803e-05 4.539183415787613018e-04 1.399459384136866446e-04 1.115792142855176174e-04
6.283593402461892241e-01 1.152349701722951876e-03 6.099208286707043366e-04 -1.489603311312148249e-04 3.297924839474219885e-04 9.605940575318692954e-04 1.723934868913763795e-04 -4.076179647846591564e-05 5.704659551848433648e-04 5.269858999600361780e-04 8.670821963686628161e-05 -1.715994697550893346e-05 3.884501070698989905e-04 1.199339342092695050e-04 9.612232180926465989e-05
6.325410955997395890e-01 9.774233317790704135e-04 5.173418136207679190e-04 -1.254241747521215569e-04 2.795657147764929961e-04 8.138731058790042456e-04 1.460855955344687526e-04 -3.439038140194301536e-05 4.835755693698057288e-04 4.466703497653263795e-04 7.360649463375191224e-05 -1.458925230538113043e-05 3.292825490640725514e-04 1.016366539050959515e-04 8.151878434252211164e-05
6.367142920629192959e-01 8.365944847581246666e-04 4.424239267898630638e-04 -1.059691570725687659e-04 2.362093824116554572e-04 6.884862835391811556e-04 1.235421803693008793e-04 -2.880665180556362613e-05 4.063843373080549453e-04 3.756196801386741096e-04 6.188199677743066822e-05 -1.216564754975794164e-05 2.757802704426535068e-04 8.516751889938455370e-05 6.806429582439505442e-05
6.409035099394975177e-01 7.057967457009946223e-04 3.731306450130412425e-04 -8.869144586313754304e-05 2.002723837018306806e-04 5.837739494828066101e-04 1.046254117544386322e-04 -2.411923485294767744e-05 3.477005735193037118e-04 3.217789131863615384e-04 5.303591068170691419e-05 -1.029284373139807613e-05 2.372120567626513740e-04 7.335937446524752018e-05 5.872482602105656317e-05
6.451032402190634008e-01 5.939542410961164316e-04 3.138345013354247029e-04 -7.372677064696461031e-05 1.669969072099852878e-04 4.874294523441360504e-04 8.733917887034485798e-05 -1.991451805946266470e-05 2.888351138920115802e-04 2.676163395804970029e-04 4.408225773473804093e-05 -8.437978829602536574e-06 1.967954323882758073e-04 6.092184815820973683e-05 4.871764578941326573e-05
6.492879941711476866e-01 5.082558685494615106e-04 2.685261088733412204e-04 -6.276873381007064311e-05 1.402348580998605493e-04 4.098277056720883412e-04 7.346600677822108234e-05 -1.671768903807014734e-05 2.414384237751618411e-04 2.237289335415812202e-04 3.687910131677874848e-05 -7.079378055473339004e-06 1.643330041791788267e-04 5.087468951891057695e-05 4.069468244434428801e-05
6.534659541563927476e-01 4.294555545128376389e-04 2.267350350987529413e-04 -5.245175065514023655e-05 1.180791596997345349e-04 3.452138513684633887e-04 6.184858782826201324e-05 -1.393123180930519635e-05 2.023660618020913784e-04 1.875850047723075361e-04 3.092119147461716501e-05 -5.885878089990743393e-06 1.370500129635001708e-04 4.242753785172667647e-05 3.376703273741090338e-05
6.576591076962554627e-01 3.640232621206942847e-04 1.921164412361526380e-04 -4.388687727950678336e-05 9.985609631506570561e-05 2.921895548113762476e-04 5.230523467856346246e-05 -1.160911086354383630e-05 1.726176840506128565e-04 1.602680873981929624e-04 2.643244085023020251e-05 -4.949895393738182805e-06 1.179748220744500906e-04 3.659835732260808422e-05 2.930295163057287437e-05
6.618529307405217610e-01 3.053486770223510409e-04 1.610525216040770580e-04 -3.648554358632014906e-05 8.318197154463277774e-05 2.435219286273119978e-04 4.358711863833390619e-05 -9.609670241402177619e-06 1.425771035624814941e-04 1.324172045576068994e-04 2.183919880748858773e-05 -4.069611536114788519e-06 9.689397093805621457e-05 3.005971502891764441e-05 2.398362117297042907e-05
6.660240791386257131e-01 2.601983078394096214e-04 1.371523716011548806e-04 -3.075911530837437504e-05 7.090447811607748828e-05 2.074692425113749158e-04 3.710583861440277202e-05 -8.126504125985136234e-06 1.220503968849051069e-04 1.133782690275654135e-04 1.870293669542112268e-05 -3.471109528424877596e-06 8.314497725549271771e-05 2.580427623622357454e-05 2.060446906337068274e-05
6.702067828716186115e-01 2.204209028002659487e-04 1.162044361604323297e-04 -2.587873562819429003e-05 5.919257215980027002e-05 1.734375864142855927e-04 3.103233814603546808e-05 -6.757016260644693681e-06 1.013218272170294550e-04 9.419411667403623616e-05 1.554196597245165092e-05 -2.870996642905492211e-06 6.885238038564135839e-05 2.137255655765364686e-05 1.702740388805397753e-05
6.744172070879622671e-01 1.845589830945624393e-04 9.725611674614434627e-05 -2.153839114904091792e-05 4.981480618529688612e-05 1.460170054457354100e-04 2.609787490262076360e-05 -5.607182482329902449e-06 8.589305890805165350e-05 7.995066728474132958e-05 1.319418497374841485e-05 -2.391420447590769312e-06 5.868100915944422232e-05 1.824521756330515262e-05 1.458072395897558363e-05
6.786118453466847278e-01 1.536648659965040512e-04 8.096273048843071916e-05 -1.778882168942811422e-05 4.012034780321523288e-05 1.178035249346338301e-04 2.108098254007095259e-05 -4.546868153805304320e-06 6.841935596508516354e-05 6.365910830768588052e-05 1.050416621977521441e-05 -1.925379587581286508e-06 4.645507253304157272e-05 1.443502048794941737e-05 1.148518827173120381e-05
6.827984616056306244e-01 1.312689709197337217e-04 6.912080305560063063e-05 -1.498093152981867209e-05 3.465387971253547860e-05 1.016639883640627583e-04 1.817584231910694510e-05 -3.865118071276618588e-06 5.925955997590624422e-05 5.519350924665305060e-05 9.111029732531035824e-06 -1.646394981798284643e-06 4.027912801771828456e-05 1.252548227603665308e-05 9.962217666446028508e-06
6.869817177358829019e-01 1.101000406850174409e-04 5.794854079959938544e-05 -1.249315199562597568e-05 2.877770511402269064e-05 8.456905203873009208e-05 1.511497717831615010e-05 -3.188005972466348253e-06 4.928305691458105547e-05 4.595055318848804445e-05 7.588531189164679103e-06 -1.355471928800845094e-06 3.357315097539400966e-05 1.044661834750405556e-05 8.321148329385458564e-06
6.911718524128840357e-01 9.338103192021911876e-05 4.914170392294828769e-05 -1.049436171951662530e-05 2.414502936383049628e-05 7.102678132455078771e-05 1.269448209770567154e-05 -2.640834522424154140e-06 4.122363433311918203e-05 3.847274240996453263e-05 6.350664193774919157e-06 -1.116039831498513991e-06 2.804513063053990700e-05 8.746607863948018411e-06 6.950817029546693966e-06
6.953555746427921846e-01 7.758957595589466337e-05 4.078360670820202802e-05 -8.629250403930356731e-06 2.017545381273589709e-05 5.933536866508640797e-05 1.058982595435368511e-05 -2.183909065463621071e-06 3.461420637660382604e-05 3.232606834512083118e-05 5.334964091047294964e-06 -9.312922709605214909e-07 2.361328494086204887e-05 7.365714756011718071e-06 5.861055310008233559e-06
6.995344561305086861e-01 6.582239522586076771e-05 3.458686311461109766e-05 -7.247380678165712527e-06 1.678398072243751697e-05 4.939705099353894894e-05 8.819173091564171476e-06 -1.804371399807800865e-06 2.858500785096816820e-05 2.671157386050094018e-05 4.409173804584743600e-06 -7.672727439347765197e-07 1.947265895535745575e-05 6.075007112303134279e-06 4.832028687420477371e-06
7.037287066792784485e-01 5.565100666099500416e-05 2.922436628544054996e-05 -6.058464442892814305e-06 1.401534501113470979e-05 4.137956101080404010e-05 7.374613589456032097e-06 -1.496754458939234790e-06 2.385192043362407627e-05 2.229013607598828494e-05 3.681938209764214581e-06 -6.337823400939810248e-07 1.622509534352695914e-05 5.063794760155202017e-06 4.022199817577379032e-06
7.079143033440539190e-01 4.621215203434696900e-05 2.424934365801848294e-05 -5.002371419067419943e-06 1.160908299108735046e-05 3.431303519494308514e-05 6.115488484397528957e-06 -1.238316474899188479e-06 1.978122046280479684e-05 1.849747199867732799e-05 3.055866501232295999e-06 -5.265711124935273400e-07 1.347532079936910321e-05 4.203984751266522475e-06 3.341583340616542611e-06
7.121186686741065586e-01 3.869851806216521655e-05 2.032762944931788764e-05 -4.158730035714833436e-06 9.636336361550317773e-06 2.842300954503409373e-05 5.071772739590172517e-06 -1.021224168738945892e-06 1.636401320492826466e-05 1.532272907005164493e-05 2.536413353246334571e-06 -4.344808429590465369e-07 1.114575762508581714e-05 3.485787308866448064e-06 2.764026736597880880e-06
7.163134555705721329e-01 3.219367357566193014e-05 1.689834320467963475e-05 -3.433667473839825868e-06 8.060173451165628686e-06 2.375253876700982191e-05 4.237842176582380045e-06 -8.459989761453065132e-07 1.364501183949552875e-05 1.278573905348546374e-05 2.115172518110761558e-06 -3.602752169096033814e-07 9.274905064437013595e-06 2.897142897947650126e-06 2.294254323834682576e-06
7.204913713645887396e-01 2.724356627465706186e-05 1.428163229125449117e-05 -2.860043925501884521e-06 6.739826379874309435e-06 1.989941152228374892e-05 3.547717626348196740e-06 -6.976977873890151541e-07 1.142197330299383731e-05 1.069245692402565973e-05 1.767223136697335821e-06 -2.980888235984796619e-07 7.754446526560607308e-06 2.422702290592215953e-06 1.922022761229279813e-06
7.246803275165087932e-01 2.256801356631011829e-05 1.185018955783925526e-05 -2.363872532641803882e-06 5.546151115167202779e-06 1.634782042160960015e-05 2.913345727772757987e-06 -5.748862883956035776e-07 9.396620742802639972e-06 8.812410062281903552e-06 1.458392902387315096e-06 -2.436911312225082564e-07 6.405788628058307606e-06 2.005490859098036109e-06 1.593765163864497112e-06
7.288763115175647123e-01 1.882192312892853127e-05 9.866525898717880781e-06 -1.954232254884748115e-06 4.570295195765811523e-06 1.352477723102253592e-05 2.407465243846732303e-06 -4.711955614971097949e-07 7.728876908982034230e-06 7.245521716096822559e-06 1.198141245526683840e-06 -1.991183017203979780e-07 5.246954285892920099e-06 1.642117399365473148e-06 1.301072916305928746e-06
7.330585840505703388e-01 1.583082555581217051e-05 8.300575507838050981e-06 -1.627661324899129063e-06 3.795547561382148195e-06 1.121331873758266418e-05 1.997207375014950008e-06 -3.854377913070030912e-07 6.359164223474313417e-06 5.957682017863309565e-06 9.865948856534134785e-07 -1.625942698654443231e-07 4.293120475797696111e-06 1.346836617906004353e-06 1.061910186946294883e-06
7.372316440474646626e-01 1.316803559101162722e-05 6.891050550594407440e-06 -1.341786273419170010e-06 3.129349267394568634e-06 9.308768945906348156e-06 1.660433376974408455e-06 -3.169765015224988742e-07 5.308876746928027334e-06 4.977121407347972573e-06 8.244276446999739536e-07 -1.331926064736878965e-07 3.604844925586423359e-06 1.128300347184464453e-06 8.903667001410361655e-07
7.414228560306842519e-01 1.090947553735035400e-05 5.715110710633977714e-06 -1.097188329516674606e-06 2.618346181762274285e-06 7.769148376008123060e-06 1.379771722137674432e-06 -2.612785223344286780e-07 4.434720738414258111e-06 4.183741063834119770e-06 6.908639605450129195e-07 -1.122197881202830794e-07 3.022287261212388545e-06 9.520172776682663722e-07 7.507369562718038535e-07
7.456189213758863676e-01 9.176767863961527192e-06 4.795883024999240049e-06 -9.140573819381264134e-07 2.165506108215444084e-06 6.416230260236874192e-06 1.136418542135732754e-06 -2.137638715735586089e-07 3.646413647354806002e-06 3.426878074217139060e-06 5.655845257781951249e-07 -9.084091174872824300e-08 2.471716096258458902e-06 7.774837844455796830e-07 6.150778841420020823e-07
7.498104337627916616e-01 7.549636557019325105e-06 3.964612678768992999e-06 -7.563663184221640533e-07 1.783238159285453668e-06 5.270102024659268069e-06 9.423319743386644274e-07 -1.775558145959157815e-07 3.008554010600690903e-06 2.824732789385784619e-06 4.687900080533061990e-07 -7.469091183591156183e-08 2.047133885207339953e-06 6.405260186249171785e-07 5.080692766117126793e-07
7.539974189770904944e-01 6.229651393724733260e-06 3.284012587988078171e-06 -6.166239523173882359e-07 1.454939562090112636e-06 4.328350203331657258e-06 7.713518958001952284e-07 -1.445178767233903544e-07 2.453186631506784015e-06 2.308082581972584192e-06 3.862170333115530752e-07 -6.333270897882803291e-08 1.675493387526990159e-06 5.246054497453039651e-07 4.138603238385280302e-07
7.581896411468850294e-01 5.204951977811919093e-06 2.737590649752116675e-06 -5.090684692685740273e-07 1.215987479681943776e-06 3.609309409756547427e-06 6.454595619323740112e-07 -1.182816982039439903e-07 2.052324202282681304e-06 1.936096574297102357e-06 3.205096688558097598e-07 -5.001838519583017789e-08 1.412237175221715183e-06 4.419470112193741420e-07 3.492377946784993451e-07
7.623808615479977790e-01 4.355814781228825121e-06 2.270756062273625095e-06 -4.184751319171627676e-07 1.016147502697425800e-06 3.000982632937146918e-06 5.325553016227074413e-07 -9.613452863489574459e-08 1.729254668108855376e-06 1.599506584629601976e-06 2.656090563382913778e-07 -4.075666485839004876e-08 1.167350236059373558e-06 3.625960106374906641e-07 2.878967047599855272e-07
7.665651159623174671e-01 3.583570802843665619e-06 1.869463677069861488e-06 -3.379674722494976207e-07 8.127180249355522508e-07 2.409244020572179825e-06 4.340959569709121484e-07 -7.848452766534261564e-08 1.377116478413694248e-06 1.294788360622874567e-06 2.140892710660528560e-07 -3.207364810942362720e-08 9.376267215392504790e-07 2.962105609574390299e-07 2.327396920934062664e-07
7.707536355579491794e-01 2.953174839449067908e-06 1.545941709243041166e-06 -2.774270099539386360e-07 6.873547225593564713e-07 2.000164841265342570e-06 3.569055961326988253e-07 -6.284563716763194872e-08 1.123083176365649567e-06 1.054676350201876975e-06 1.777559966881792558e-07 -2.840717917949188486e-08 7.638762021220817688e-07 2.391207622006086341e-07 1.904924789874140961e-07
7.749462413082437440e-01 2.451580799278096878e-06 1.284195591111618950e-06 -2.356412488498704135e-07 5.637821423924963514e-07 1.641464840369366521e-06 2.934620593737293460e-07 -5.384709438176673173e-08 9.389858521817878361e-07 8.766261698984902602e-07 1.461244596815484540e-07 -2.466900770274760436e-08 6.353198336981139973e-07 1.990483320496681426e-07 1.561164994759603366e-07
7.791369682448587852e-01 2.042465914137216107e-06 1.063712082610150518e-06 -1.892462085241382036e-07 4.665395282990885272e-07 1.362872767760511820e-06 2.427977432564823661e-07 -4.279916730975116275e-08 7.844609147364840881e-07 7.209306941313934585e-07 1.198523661355158063e-07 -1.800582276995472458e-08 5.312608963737658098e-07 1.659725735473611736e-07 1.314683266224496930e-07
7.833258353347896108e-01 1.697382194208217891e-06 8.799580603532426530e-07 -1.597420048570366346e-07 3.761972093221743093e-07 1.094189248354754555e-06 1.963241735249366489e-07 -3.355225433629852653e-08 6.201357892851771641e-07 5.831261455177066960e-07 9.599313842197197755e-08 -1.171948955724833751e-08 4.200508960705702063e-07 1.326750687966956556e-07 1.065396205916229579e-07
7.875159900600451346e-01 1.353351565364029341e-06 7.229057090268683662e-07 -1.326413777434121187e-07 3.045053620130416361e-07 9.148224312891078688e-07 1.621280031003641053e-07 -3.185483682292794173e-08 4.953299060682562497e-07 4.740310070482717363e-07 7.984486269429466949e-08 -1.185915866670055716e-08 3.346907525800453725e-07 1.094402300941002714e-07 8.549632453645695908e-08
7.917084457625156446e-01 1.146046976335612940e-06 6.009371329372541906e-07 -1.042259978673390654e-07 2.425527874565323982e-07 7.545001200198201987e-07 1.354862629978244232e-07 -2.259322053349261416e-08 4.338266066615174697e-07 4.040729468171163099e-07 6.615628778664942008e-08 -1.017980012649421283e-08 2.963769959287058386e-07 9.292530887616761049e-08 7.510095119731248650e-08
7.958821468706197555e-01 9.248879176483196861e-07 4.934974525697023830e-07 -7.986367714138979608e-08 2.000160905084170391e-07 6.081044645613232741e-07 1.070404774786833928e-07 -1.792467856816259923e-08 3.306924336745207014e-07 3.209871586941498844e-07 5.162577363982295869e-08 -6.176013432551639433e-09 2.321530663752162484e-07 7.178258369215404260e-08 5.509454090698979421e-08
8.000624692379799674e-01 7.723225212752105960e-07 3.971599436609590746e-07 -6.485669498757957380e-08 1.779594799003597091e-07 4.899146899503718006e-07 8.941921580773047348e-08 -1.566674505558392861e-08 2.933784340668896436e-07 2.617494342574867757e-07 4.476321902984581028e-08 -8.105542113457324829e-09 1.929756373039541736e-07 5.989867304423533370e-08 5.169735834461441948e-08
8.042564613727184453e-01 6.841776783922793514e-07 3.301194780725537252e-07 -5.147533972028071511e-08 1.328728595399838408e-07 4.242443021817529225e-07 7.153169371349438450e-08 -1.128945518208375487e-08 2.262225179758361340e-07 2.155123063567226874e-07 3.525390158897974497e-08 -5.392603576215496076e-09 1.600200842445307223e-07 5.104677198150999260e-08 3.910758443354071310e-08
8.084384822996342201e-01 5.513317347223162837e-07 2.822931889015142577e-07 -4.932950657134257639e-08 1.147223506372379597e-07 3.767418601172176549e-07 5.993335741630713406e-08 -8.823570282379518176e-09 1.790743171991357165e-07 1.908653354539830904e-07 2.768368884488675907e-08 -3.622159104997526187e-09 1.242409365462188443e-07 4.189752475105902833e-08 3.421711128714070845e-08
8.126333810499198895e-01 4.335139846527063522e-07 2.235036756748277872e-07 -3.530258835081144318e-08 9.713144332518246362e-08 2.491086714768796371e-07 4.714584780573502043e-08 -5.598395075292681838e-09 1.546800006297324211e-07 1.368797302960940702e-07 2.321471009113233100e-08 -3.220372561992661082e-09 9.407325528973989821e-08 3.097402422547074499e-08 2.619755704070830928e-08
8.168271958201180905e-01 3.401680792850394257e-07 1.823826048286470306e-07 -2.637991402422730390e-08 6.293564540103289514e-08 1.955054576121753472e-07 3.879824510832999806e-08 -6.629603077954596593e-09 1.129554194087775768e-07 1.095156467954230303e-07 1.944145486618465102e-08 -3.541992753604852422e-09 7.265247431899109243e-08 2.604550046945518296e-08 2.143948729768814179e-08
8.210214995694952167e-01 2.658995030615823814e-07 1.552913628562700536e-07 -2.544664889823085430e-08 5.947668808270561743e-08 1.607840273500160476e-07 3.052172377580442602e-08 -4.287883728496024918e-09 9.446326839765707023e-08 9.416576476365400359e-08 1.569080713606088362e-08 -1.709959057849196929e-09 6.319521833243850267e-08 2.212838347804704626e-08 1.475681359278896817e-08
8.252154145000215602e-01 2.336114775348509306e-07 1.284543064026805136e-07 -2.540786856767938274e-08 5.609610914016430543e-08 1.549972273461841103e-07 2.968344255391167405e-08 -5.113672989752133328e-09 8.984396457476297659e-08 8.077671003009757159e-08 1.343021806913054783e-08 -1.523302649353097115e-09 5.348216026990199303e-08 1.845465947126687008e-08 1.547648011597786200e-08
8.294030907808404018e-01 1.606049934863500946e-07 9.916574250422393661e-08 -1.100622226684730826e-08 3.155893985793164274e-08 9.768672415750044077e-08 2.173651241706459188e-08 -3.526264213407769593e-09 7.294980701928332984e-08 6.210375806099165993e-08 1.107397675157787561e-08 -1.137794969859334079e-09 4.890380476545461127e-08 1.518217267856170564e-08 1.296892464290201957e-08
8.335906150371191758e-01 1.534379132997467779e-07 7.835226228751810428e-08 -1.365922168762792372e-08 3.500440001795649176e-08 9.903892641797936685e-08 1.698053799851734488e-08 -2.253203938773603629e-09 5.483469817771181105e-08 4.651849696705190362e-08 1.001514407171757514e-08 -1.333356431920743424e-09 3.751939992550033724e-08 1.177228872978776698e-08 7.730953403893249541e-09
8.377685032221774408e-01 1.644053975579018568e-07 6.851117914910308860e-08 -1.538528642985086093e-08 2.950339260834810093e-08 9.150812052969871049e-08 1.613495356190196051e-08 -3.329600443331579990e-09 5.758570438417872357e-08 5.578153351071383322e-08 9.357595655340833369e-09 -1.721100275352777918e-09 2.879318818713424013e-08 1.149479887704494733e-08 8.132515026212566150e-09
8.419567297582307708e-01 8.661774979565337576e-08 5.912648495973875246e-08 -1.265718548701555073e-08 2.367527825690008467e-08 5.856487709433074315e-08 1.128610242152241120e-08 -1.178458539364771397e-09 4.595963970307169408e-08 4.162950853449138679e-08 6.560348422159739202e-09 -5.514930994248909754e-10 3.058427610305958369e-08 9.919916215339488984e-09 5.132005615274618123e-09
8.461556544987137718e-01 6.385525083178940352e-08 4.964254920787084038e-08 -9.051793954092939554e-09 1.437434316251492129e-08 3.128562313005371198e-08 1.102936799852073194e-08 -9.337952926285642262e-10 1.718375469152513735e-08 2.156309081782031763e-08 3.593135289715861153e-09 -7.335419772990694817e-11 1.834780920708191870e-08 5.173108773946222108e-09 5.949735221024047921e-09
8.503430790983292908e-01 9.124139249383691940e-08 3.485211094911650639e-08 -6.012798888731385744e-09 1.741329160013834642e-08 3.373544334931561611e-08 6.717946113840269735e-09 1.781599779239591042e-09 2.582067199910330783e-08 1.358883588519624877e-08 4.800045423293705867e-09 3.886813335065068157e-11 1.118250273316215738e-08 4.551294219003132888e-09 1.552888209633833291e-09
8.545245840949285965e-01 4.471698824182064592e-08 3.212128533863940654e-08 -3.488547526875268442e-09 2.312074959382237715e-10 1.466820134883853077e-08 9.151171604910283539e-09 1.146223634335099153e-09 2.043191123066028525e-08 1.595786789195442672e-08 2.572932495644588532e-09 9.420422774045144556e-10 1.251909095473343469e-08 3.250420073177807606e-09 4.924200463382849410e-09
8.587196449246210506e-01 3.053519630271823113e-08 2.711351627202393456e-08 -1.880403017086719153e-09 2.044835704857377952e-08 1.783478921965915447e-08 7.348369200086259307e-09 -6.116022509276031628e-10 1.961504783062973638e-08 1.769469542441606829e-08 2.639404116036571493e-09 1.835211123473456750e-10 7.405614005737959655e-09 4.322813396314056859e-09 1.950223954143300467e-09
8.629074348139629258e-01 3.119136603598510492e-08 2.742929492495659165e-08 -7.288353545729587297e-09 5.091025931947375286e-09 1.792473445355328560e-08 4.007981407323943253e-09 -1.277436666996432066e-09 1.452150160968255361e-08 7.827167060123040328e-09 2.356478249498377798e-09 -9.546396767825871949e-11 9.687294323508303105e-09 1.043715846150255842e-09 7.770183859571555157e-10
8.670852844200982457e-01 1.006306435241549015e-08 2.081668013428933233e-08 -4.424992229122068182e-10 -1.668959324426730320e-09 2.022604905844103753e-09 3.227155825171934622e-09 1.394354418728994690e-09 5.589933751069329782e-09 6.670929896679934224e-09 1.519930611332007256e-10 5.016268594936361412e-10 5.737767154695733989e-09 2.550336952549399976e-09 3.578714421749494630e-09
8.712764316473343706e-01 4.403962292493396645e-08 1.806481843464577669e-08 -8.137909596542481769e-09 8.263405283519249604e-09 3.372754588702096229e-08 4.767421483412961725e-09 7.290871903203615771e-10 2.042515710977438769e-08 1.607427710607244490e-08 2.569028752331408333e-09 -1.065115364482677802e-09 1.117974591479090248e-08 3.593540066581743205e-09 5.776813546817238467e-09
8.754762476624626810e-01 1.036607943931145137e-08 9.575975498877110244e-09 9.275671598832142959e-10 5.807390410120113768e-09 1.782976448602326242e-08 3.278024375150674637e-09 8.579968239694170765e-10 1.174241506862979913e-08 1.594937923753309193e-09 1.743399641411060365e-09 8.776267240525989355e-11 1.048811077284228895e-08 1.448605182773425399e-09 -7.595418185160154264e-10
8.796707865602606535e-01 -2.568771567670449060e-09 2.008803240660689721e-09 2.940788815771426085e-09 5.784956079176879768e-09 -6.904841458356194635e-09 -2.449901883154333622e-10 1.188660385387485382e-09 5.983188814260458438e-09 -1.297116654200903051e-09 1.442703787676399242e-11 6.883999811884264486e-10 1.679834793338179609e-09 -2.411059615629060192e-10 2.299507208052763312e-09
8.838562222970675064e-01 1.749722024299479533e-08 4.720476324746962437e-09 2.280059440411722605e-09 -3.638461262455240901e-09 -2.382386064635635861e-09 -1.188226562663101696e-09 1.678727992882723807e-09 1.280390364231749382e-08 3.059123189665434003e-09 -8.366247302094092818e-10 2.668932748348272883e-10 -4.574700356478775556e-09 4.653845558327439440e-10 4.118693129246819540e-10
8.880381764417510926e-01 4.181713684600693245e-08 6.951876136571645268e-09 -2.214834151192604576e-09 -4.119628317422675541e-10 1.403597775521309515e-08 1.265929036951349395e-09 -3.880645279926022962e-10 4.536695684271920969e-09 7.346665344140877467e-09 2.990422884073904435e-10 1.249000493976287231e-09 7.724157613648651324e-09 1.393273722323769248e-09 2.262387120967571436e-09
8.922270316229049536e-01 2.519938397031908823e-08 -1.578272176576828801e-10 -8.907199319276822752e-10 6.854145879072170743e-09 2.436145909513410475e-08 1.465558819294522440e-10 6.871333083313048150e-10 7.182372383103590072e-09 8.720602063213994068e-09 5.961447478040916261e-10 5.482619387531809279e-10 5.119602191487997437e-09 1.962083449187874669e-09 8.567429313752963400e-10
8.964225585562245469e-01 1.314273278819136999e-09 6.244405299041410683e-09 -1.699119893498729091e-09 5.866916262203693657e-09 -6.855736616209818298e-09 2.492286040666679473e-09 2.951280961185970517e-10 8.656598457334593525e-09 4.411226792902179978e-09 3.448182384335014568e-10 4.487650675735989032e-10 -3.181993768081750512e-09 1.919831888693634403e-09 -5.150684963202228334e-10
9.006049913569987853e-01 2.172987289075033491e-09 4.561416831436803930e-09 -1.389970764594939895e-09 8.506790018582388033e-09 1.135214497794784752e-08 2.495750628114305210e-09 -9.002236735962320583e-10 1.604320123079563120e-08 5.626038990218847579e-09 1.103975954922552754e-09 1.831247073192194607e-10 3.824756127325851495e-09 2.645539668285864662e-10 1.960506787949871580e-09
9.047836582182254839e-01 7.793649056160907349e-09 1.381351857096040190e-09 -1.025893102941551883e-09 3.027001514787166653e-09 -1.587311600867501392e-09 6.273384507863521655e-10 -7.944627245149787237e-10 4.500138575985063432e-09 2.272834108124742886e-09 1.110748639025236776e-09 -5.998226775327101213e-10 7.709480086348084371e-09 1.978613825310750647e-10 4.825910395410794371e-10
9.089780964569278421e-01 -9.771874453944824607e-09 4.260100147596753546e-09 -1.322426244960983415e-09 -4.160063178378853700e-09 -1.557530885161092318e-08 2.580294574779250517e-09 -2.892272404968831569e-10 -1.217056049215781407e-08 -7.235846983209403472e-09 9.212002779909427870e-10 -9.018260882736635478e-10 -5.969316527479401868e-09 -1.523529901423595391e-09 -1.877102327659120535e-09
9.131704587403689510e-01 -2.314277925770706257e-10 1.921872727663663995e-09 -1.259653874802419104e-09 4.318793504140998508e-09 4.519330605970916533e-09 8.685804122385357981e-11 -2.836570059994047108e-10 -1.519015281829249187e-09 -3.915424046021756898e-09 -5.897880241029192946e-11 3.037899626979854013e-10 4.399886236677446256e-09 -8.070584838753836187e-10 1.264712978615974952e-09
9.173547920329833127e-01 -1.264415147771958671e-08 -1.019331224373324465e-09 2.140290719940500651e-09 -1.060472540564422702e-08 -1.684816839239785991e-08 -1.473420786979651291e-10 9.385360947360402803e-10 -5.467634483157436255e-09 -9.111602176949045270e-09 -1.231235661083262166e-10 4.936300046127618735e-11 -6.519324390783609387e-09 -1.533788196731002050e-09 -2.681517339621406672e-09
9.215425617950214754e-01 -7.616848989862237686e-09 5.644119675984813781e-10 2.013213874701172850e-10 4.450965265145330553e-09 2.626872094458798446e-09 2.327699425918977766e-09 -9.168270575162093277e-10 3.904312239438237021e-09 -1.218243288673370109e-09 1.248706520083799320e-09 -1.082608902788639163e-09 -9.165005521197171752e-10 -1.321710999231426258e-09 -1.543955565511444950e-10
9.257400405750663142e-01 -6.041292382076635464e-09 -3.109515679069814328e-09 -1.446351082804593325e-10 4.300065124878800170e-10 -5.653660548627651804e-09 9.660421740854484106e-10 1.020069517223843215e-09 5.082884533138951741e-09 -3.015266456396656515e-09 -2.282311101559007246e-10 7.386605093692976424e-10 9.946693698263765728e-09 -1.133005171666467830e-09 8.556234649000665697e-10
9.299303352268617484e-01 1.818727978784440804e-08 1.634720431282812548e-09 -1.148181638521297919e-10 -3.601936617565171027e-09 -4.277306976544965612e-09 -2.457627512042656135e-10 8.425598035149250033e-10 -1.607916923554355942e-08 -7.206271083705501165e-09 2.938932524645119543e-10 -3.216505108811537525e-10 -8.023835524170452508e-09 -2.156166616255377611e-09 -3.032185033155725509e-09
9.341108300097852313e-01 8.835848129690572814e-09 2.817885425813469128e-09 -3.414567569581605282e-09 -8.398982372906533478e-09 7.076419077471522992e-09 1.581713566795893451e-09 -3.015274667570651285e-10 -7.020706326079590550e-09 2.418841707293266368e-09 -3.221533751508163355e-10 8.298080435379871451e-10 1.200382606471151130e-09 4.361675398912765754e-10 1.466844309970092087e-10
9.382896253999645220e-01 -1.937443506939905298e-09 -2.221038083166333795e-09 -1.401008135087625899e-10 9.198617649391319043e-09 -5.167638289824460886e-09 -1.016786062510521890e-09 2.659002209864177193e-10 6.562115391567334399e-09 -4.098997750263337411e-10 7.849272425497567413e-10 -4.444107765338631966e-10 9.940407912527400317e-10 8.124725962543212411e-10 -1.069397442488987931e-09
9.424819561228944265e-01 6.816634981931761588e-11 -7.998123688960671530e-10 -1.006496128718672277e-10 9.337983187330285317e-10 -1.230776552101297312e-08 -1.712612788975975024e-10 9.310266250594350974e-10 -3.357891546431895992e-09 -4.589217940218367331e-09 -7.396463066294281461e-10 7.478329850513774821e-10 6.378750258231444260e-10 -8.860939995072653522e-12 1.201341086999018729e-09
9.466849863120379016e-01 6.930575718889771652e-09 7.989860922214967290e-10 2.113999103524251868e-09 -5.859559248449837215e-09 -5.640961622427356242e-09 -1.912251582921222140e-09 1.834628693944502421e-09 -7.499650178165525804e-09 -2.537127916100619456e-09 1.738880923944909034e-10 5.326264330036380463e-10 -1.853070888261175907e-09 -1.315217884336669103e-09 -1.415989072323811452e-10
9.508714331057195324e-01 -9.001432061031132003e-09 -3.833559103234192513e-09 -4.857683381785387960e-10 -8.132848697000373947e-09 -1.158016910705764505e-08 -1.098812128647891429e-09 1.279483635382783382e-09 -1.005971227573439173e-08 -5.749042716347172845e-09 2.599195834899733959e-10 -4.521028618566721720e-10 5.248812976792817932e-09 -5.812628404911845547e-10 -2.741245364592596851e-10
9.550563230073290111e-01 -3.164257839914725417e-09 -3.826007571107699309e-09 2.172247127345398801e-09 7.745088255869317981e-09 -1.529719098002586388e-08 -4.641980125009534776e-10 7.183376177966409350e-10 -6.894047343212307860e-09 -6.091551382825610577e-09 -1.215209511027847622e-10 -8.950671533237782365e-11 -9.840674498033449937e-09 -2.581945546269535368e-09 2.446321268795558913e-10
9.592513211539739348e-01 2.113913836292109899e-09 2.988225240703904667e-09 -1.876346562356716993e-09 -9.214107828528074690e-10 2.370195063581998793e-09 1.814126347573722328e-12 2.703407419275961529e-10 -6.485483543865898567e-10 6.017052850105246013e-10 -5.629799760832779492e-10 -2.928237467305339743e-10 3.931914078010930376e-09 -5.519792121582603054e-10 1.502880249153449104e-10
9.634451052878124644e-01 -1.671988896129402663e-08 2.193668631108597210e-09 1.319531519397146469e-09 1.261989443205384110e-09 -6.302898148362441966e-10 2.618932691617135576e-10 6.994281284188493013e-10 -5.567062710820201980e-09 2.490322368880634948e-09 3.286943075536550185e-11 1.119188810413663654e-10 -2.120735433689028632e-09 -3.756387204852406318e-10 -5.636679807517749062e-10
9.676230540453005791e-01 -3.830756868221209748e-09 1.991738818205019835e-09 -2.693839451427999224e-09 -5.894096369314656570e-10 -1.163874012704972989e-08 1.394011174899053142e-10 3.067927934372514696e-11 -1.320297935724876449e-09 -2.712872673536340287e-09 -8.906661210836148240e-12 3.941501895588435867e-10 -9.012134191995401053e-11 -1.262713619901081681e-09 2.717738882488548202e-09
9.718094297475188270e-01 -2.562944084690213976e-09 2.529798753234874356e-09 -9.046317123562918811e-10 2.628224950969854146e-09 9.265505740472305897e-09 6.638210179576622026e-10 -1.279303551226653440e-09 1.808826074762536338e-09 8.723866257412892620e-10 3.626181416485033610e-10 -1.509519845975381245e-10 -5.721975063861192288e-09 3.519548863836707698e-10 -1.382762359353114008e-09
9.760091362076940280e-01 -7.292989307303084409e-09 -2.755273281737381900e-09 9.532081033277571931e-10 -5.089440879710976834e-09 -2.484015906778077798e-09 -8.164882811778138197e-10 1.305360009901092020e-10 -3.562760852871232488e-09 -1.847218527317963255e-09 -6.174976685474082365e-11 5.308544524021962476e-10 -1.162972903503328953e-09 -4.554458181778007838e-10 1.799154548115120019e-09
9.802075838006468755e-01 -1.424822705322274862e-08 2.324957280106786054e-10 2.315414721037108614e-09 -6.528970891740300591e-12 6.549294623040934037e-09 4.364825539747422361e-10 3.574597668933735760e-10 3.332542224505387909e-10 2.146148030768161886e-10 7.094783598096442849e-10 -2.055509024381676720e-10 9.482813605136568433e-10 2.019528907785143940e-09 3.533908776073760127e-09
9.843901124947946890e-01 1.172484243731249797e-08 -2.349412949834918910e-09 3.265555254022074508e-09 -3.955840655592070635e-09 1.091099113571220413e-08 -4.302002367870372582e-10 1.310462558810121855e-09 -1.858660395867677796e-09 -1.178651837210155732e-09 2.116339789053360547e-10 2.468800902742671561e-10 -9.198815818659424855e-10 -1.776271858488228192e-10 -6.697320961309224172e-10
9.885650797815361823e-01 6.612131012798769891e-09 1.232182808387274172e-09 1.137843633939487280e-09 -4.109596772994499944e-09 2.739355548318704706e-09 2.572696245942895364e-10 -6.308455602839644034e-10 -9.709015847191723848e-09 8.944497881066222930e-10 -5.364354769507981768e-11 -2.941299942617235966e-10 -6.035448711468041812e-09 -1.534790037760908112e-09 6.053935685701909065e-10
9.927561705083151056e-01 1.438154047062987216e-08 -3.118207380851109749e-09 1.030532923373621115e-09 1.293372770433577250e-09 8.354088029273875380e-09 -1.282245822672097558e-09 3.089492804671707766e-10 6.577308463757398110e-10 -6.259531302114421292e-10 -1.154997370361889566e-09 8.185177738678187633e-10 4.832208372861606288e-09 3.295319149363002157e-11 1.742536737235616177e-09
9.969400597939003239e-01 -2.662325396883977989e-08 1.272066120649984273e-09 -4.979495698521697648e-10 7.052342228520281083e-10 -9.131061725114476249e-09 1.302562429068329485e-09 -5.175398420119260345e-10 4.358929660726211738e-09 -4.244363325353748171e-09 5.249526742994715510e-10 -8.033227247369213203e-10 2.105489305446115917e-09 1.358748263132784743e-10 3.680354828888092315e-11
1.001125867816581083e+00 1.844544264931688816e-08 2.190335173907825584e-10 -1.116451089855630826e-09 -4.577443033823052104e-09 -1.244910093289192285e-10 -1.118311453843294420e-09 1.055894198368226860e-09 -1.166954067680716301e-08 -1.289967000217383600e-09 2.777937837045446218e-10 2.395679981722990081e-10 -3.634672239765717090e-09 -5.792405354288777025e-10 -1.706893873607874552e-09
1.005315482813002204e+00 5.411320711222021156e-09 -4.525582653277883106e-09 1.790342409538950233e-09 -3.627051724080355829e-09 -7.089753543352659284e-09 -1.079152141884356065e-09 4.735543589565777982e-10 -1.052807656775382426e-08 -3.977159702909904197e-09 -1.112921611531955095e-09 -1.784747825241101136e-12 -3.358611853792618679e-10 -4.258382209251396638e-10 -1.628610862218495951e-10
1.009503724426713545e+00 6.103165589999282967e-09 -1.301262572646463851e-09 9.863878605277378424e-10 5.700246449483283658e-11 5.069290078244785525e-09 -2.495494218344382198e-10 -2.723847946409751308e-10 -4.498832562009161834e-09 -3.425868136436490893e-09 -2.834380316683754928e-10 -1.672145179734305394e-10 3.503283028428979267e-09 -7.810193988879206752e-10 -4.867190431399469112e-10
1.013699103815393299e+00 -2.039855553638867866e-09 -2.487118570389928214e-10 -1.566493493693501716e-09 4.471738686297629600e-09 -8.974917833879112196e-09 1.438013180179784946e-10 -6.907195489633161798e-10 2.037734304166953230e-09 -2.401976502780080557e-09 -1.284034717693024183e-09 3.442505802621144325e-10 -3.668257631759993323e-09 -4.480966018749719853e-10 -1.334880525327072185e-09
1.017885842421875964e+00 2.195331717193040013e-08 1.878521922793148751e-09 -4.771717281620714435e-10 -8.770825358192957784e-10 2.493442982653485373e-08 2.075558686535088709e-10 4.142142260189923321e-10 -8.765819281575924602e-12 4.999582544635073020e-09 -8.281251177344949792e-10 7.349827098476659581e-10 1.919276351679305775e-09 9.562835074224010407e-10 -9.710488408417622292e-10
1.022076284359184406e+00 6.272489657689135563e-09 -1.382617667618171570e-09 1.344424103481722167e-09 -2.862906461531744045e-09 9.702127454622698740e-09 -1.122483293653846200e-09 4.895336615826460437e-10 -6.998886826626787401e-09 -2.229879856343378985e-09 -5.315344076548339032e-10 2.629177630057570119e-10 -6.041840332855566767e-09 3.657840121542422670e-10 -5.382462384493925335e-10
1.026273875264014812e+00 -4.113608788439496489e-09 -1.225437873644204865e-09 1.743843120994416359e-09 2.906363151044733304e-09 1.987175211162611988e-09 -3.863011786653925065e-10 8.674280567070369058e-10 -7.744242335371613669e-09 1.549206102908121844e-09 1.780163785030067074e-10 -2.295598526725805547e-10 -2.951977990048380466e-09 3.412899176024661316e-10 6.913197825844355054e-11
1.030463237552156075e+00 7.383682633361448819e-09 4.449599443879775899e-10 2.156004183092704655e-09 1.747184467746069126e-09 5.596578775732869351e-09 -5.220527751902839322e-10 6.425892391317439522e-10 4.612151329235326915e-09 6.200819749686725216e-09 -1.944520056425312544e-10 -1.195954416456451297e-10 2.228152592030464287e-09 3.677927881254774158e-10 6.867612847325604627e-10
1.034646639530784062e+00 8.338855798356247980e-09 8.025590165793729847e-10 -7.917120750324304313e-10 4.628273403188310215e-09 9.055092047919747711e-09 -1.081149378280217151e-10 1.230831088283928076e-09 1.441580830834975213e-09 5.434114378194260209e-09 -4.386510490546673941e-10 -3.623647713063918066e-10 3.084587774699389857e-09 6.421756301052041036e-12 1.827348802077284126e-09
1.038830480088573260e+00 -1.202942940821272652e-08 -1.063055349605907803e-09 1.568435324988186592e-09 1.460808401222116084e-09 -1.007475512833342802e-08 -8.779055150825413530e-10 -1.705467329953332695e-10 -6.203095330611022078e-09 -5.216892618263032230e-09 4.158238463023146377e-10 -4.888230314927707972e-10 -4.531912065165448028e-09 -1.141037395077625005e-09 -2.232778885908749423e-09
1.043023229532383578e+00 -4.923207862897898464e-08 -1.389974581984051264e-09 8.994662289216956818e-10 3.916903760247119575e-09 -2.429531272442512371e-08 -8.946342660990644533e-10 6.736769658159245646e-10 -1.071567895461938107e-08 -1.125699226956517183e-09 -9.683074031753292755e-11 1.386353726612247261e-10 -5.267392204362308418e-09 -1.193560362154199470e-11 -3.162697937770584439e-10
1.047211320931656031e+00 -3.656971769570150904e-09 4.230449932947419786e-10 -2.631690066527116670e-09 4.258372116286973052e-10 -3.511467534449562126e-09 1.776927827619617373e-10 -7.299701878639567511e-10 1.450048738096568844e-09 1.416434655143138428e-09 1.886830397682218325e-10 1.959972179743753454e-10 -7.086426522561917436e-10 7.238726304720048026e-10 -4.390070257225804184e-10
1.051395396220772938e+00 6.280228109992147980e-09 9.079801361439663679e-10 -2.386944103676653311e-09 3.047032933409870919e-09 2.675924468772766985e-09 8.817713818058932600e-10 -2.104336157200526486e-10 1.868090766888136429e-09 -2.702223181648737743e-10 -1.219750426582058332e-10 -4.120274627013567928e-10 -1.444167593162254618e-09 7.915113393725901876e-10 -1.454819478450186863e-09
1.055587561333155788e+00 5.261245389489683062e-09 -1.133834352819751943e-09 8.949813934659999182e-10 -1.823743351730568531e-09 1.314431844933555547e-08 4.475607024943636222e-10 -2.268546162148161679e-10 -2.295283958050391358e-09 6.326454219342171783e-09 2.813523540227545155e-10 1.721643716642406622e-10 7.120890229397421047e-09 1.028905873377701583e-09 3.065692010403426374e-09
1.059780855230085139e+00 -3.473436059367371210e-09 -2.935086241540879743e-09 3.895198165783794519e-09 -1.290349624229197619e-09 3.551328383493743107e-09 -8.511635877907512880e-10 1.405508468960278893e-09 -3.677030760245554089e-09 -2.415805141260713847e-09 1.348165178383211378e-10 -1.346200305921938523e-10 -2.039659025082391393e-09 -2.682215598092095004e-10 -2.899336084005924193e-10
1.063968553353427993e+00 -1.540598968315077178e-08 -2.043822218961546338e-09 1.883523979434618818e-09 3.359567153800609260e-09 -9.488753390484480450e-09 5.443212601807344832e-10 4.133562880149625962e-10 6.117860351010238902e-09 -1.598217930513832778e-09 7.401305228907995244e-10 -3.834188344087869119e-10 9.993743082401110036e-10 -7.270588747479196272e-10 4.190965966020635173e-10
1.068144877931138659e+00 -1.496831147283728835e-08 -1.706815446103013378e-10 7.882993611760068127e-10 -4.985315160275782692e-09 -1.818077775138730789e-08 -5.425838384238484389e-10 6.902247999038573151e-10 1.806467670275792180e-09 -4.572173561096177347e-09 -1.296292146233864135e-10 1.084993152182664411e-10 -1.366055143179349332e-09 1.157120639915903431e-09 2.098938880303266454e-10
