# Columns: ('k', 'P')
5.345493089407682419e-03 -1.034790451388888869e+04
9.344366739594166943e-03 -8.943864919354839003e+03
1.312833575873958818e-02 9.936372448979591354e+03
1.700891779646987109e-02 -1.755019047619047797e+03
2.135270783943789275e-02 6.183714285714286234e+02
2.564347439342075027e-02 1.248775555555555457e+03
2.962205054058980949e-02 -1.617003737541528380e+03
3.361537140302770649e-02 -4.044087926509186559e+02
3.793950633336700545e-02 -5.297311733800349884e+02
4.227894994616508695e-02 -6.538935999999999922e+02
4.633325468672155889e-02 -2.915771604938271366e+02
5.038752484052157893e-02 -2.994206174200661508e+02
5.464179025701254577e-02 6.972433425160697880e+02
5.886817576171304162e-02 1.364399519615692498e+02
6.290140616743733482e-02 -3.499980930587337866e+02
6.703999982739437813e-02 -6.483789694427800896e+02
7.134254604642074893e-02 -6.077995701235894899e+01
7.561818311969153994e-02 -2.338083932853717215e+02
7.973924982214039558e-02 -2.135493345571363193e+02
8.385356877962653332e-02 -2.144020659515296074e+02
8.809929214337092196e-02 2.043043402170108322e+02
9.230415729057904473e-02 -1.374175860916081433e+02
9.643309047658384092e-02 2.358982126628294296e+01
1.005689403076158450e-01 3.729259467040673144e+02
1.047818677762802908e-01 -7.115509086382872717e+00
1.090277847809041356e-01 -2.875528700906344426e+01
1.132170039508717807e-01 -4.175137877785130769e+01
1.174008294871188018e-01 -7.370467777554708277e+01
1.215998224695146873e-01 2.687582938388625564e+01
1.257670529567683493e-01 -5.802957420274363010e+00
1.299386816717305049e-01 4.806191338712333838e+00
1.340949335765710126e-01 -8.742646358876726254e+01
1.382635144665005922e-01 7.168700188378495852e+01
1.424925284902303357e-01 -9.440612715195878479e+01
1.466886314558672189e-01 3.992562853758062147e+01
1.508619291163366127e-01 -1.327951865807706326e+02
1.550655720814744509e-01 -4.750308965838870989e+01
1.592593054631499527e-01 1.242976021022665023e+01
1.634144798183441161e-01 1.269226666666666681e+01
1.675823816150099899e-01 2.684471681328457038e+01
1.718045808093531246e-01 2.040466200466200419e+00
1.760135070798979073e-01 -8.235133412257535923e-01
1.801930856696074279e-01 -3.266558690648708740e+00
1.843742315857553882e-01 -2.066117627485234109e+01
1.885797910080431738e-01 -6.062537578046712383e+01
1.927656394953895236e-01 -2.261114939888199871e+01
1.969014248243030341e-01 -2.216447320584599723e+01
2.010715633173454087e-01 -6.621716094405834951e+01
2.052920281681521186e-01 -7.899021346469622529e+01
2.095172134954577381e-01 3.208896729884695276e+01
2.136973926115405542e-01 3.243919379844961526e+01
2.178750580088065492e-01 -2.969868613138686086e+01
2.220823861956562617e-01 2.181181248942291617e+01
2.262696194198526023e-01 -1.018576055332930785e+01
2.304259489101245229e-01 -1.250761636855793313e+01
2.345870463846415066e-01 -8.664019952155545212e+00
2.388019837064606632e-01 -2.808641915705112879e+01
2.430077036534963875e-01 -1.969961489088575135e+01
2.471758823520590620e-01 1.365638077719015975e+01
2.513692271335918882e-01 3.467997024200253975e+01
2.555723892733414715e-01 -1.241823562207831344e+01
2.597674079539822323e-01 -9.499691065617662744e+00
2.639178238801485610e-01 -2.970157560875792768e+01
2.680749044740857179e-01 6.065795088644915900e+00
2.723023151079725368e-01 -4.382961730449251547e+01
2.765128983200950685e-01 2.727915454578929921e+00
2.807027537381580062e-01 -7.396169390265331600e+00
2.848857026249724811e-01 -3.249017083608781720e-01
2.890807262117984777e-01 8.830534754065911818e-01
2.932785946948970324e-01 2.560141162631114575e+00
2.974321087309398370e-01 2.181300942943902754e+00
3.016123743882810904e-01 -1.308382778031340443e+01
3.058101292111336522e-01 -1.912611342710614082e+01
3.100168993294901143e-01 -1.405366007632930625e+01
3.142092030053749707e-01 -3.675434838488561340e+00
3.183867557675504334e-01 -1.517554229785830211e+00
3.225872781332082551e-01 -1.580563342677880276e-02
3.267666109043823597e-01 -2.296822587887271894e+00
3.309328770241455886e-01 1.526244609456735457e+00
3.351106074107195187e-01 -1.357755841559415266e+01
3.393095620710060434e-01 1.754237491885653810e+00
3.435164896197421824e-01 6.548886211702454219e+00
3.477107812306902690e-01 1.243643842580824099e+01
3.518857617074659383e-01 -1.804556697755690209e+01
3.560773577310688554e-01 -7.564465030916121435e+00
3.602869550449780967e-01 -1.050179303828727129e+01
3.644651285618699665e-01 -1.544854886851965681e+01
3.686396944457170921e-01 -6.965561198264696330e+00
3.728293470315630076e-01 8.794141839703080166e+00
3.770363921861874523e-01 6.864216785261722187e+00
3.812363453093803867e-01 -1.213965500626385285e+01
3.854150971210312249e-01 -3.145355725650235801e+00
3.896036578152083374e-01 -1.105017227719123696e+01
3.937795161075864914e-01 1.036988602496252021e+01
3.979440095093054186e-01 -3.138191983760973081e+00
4.021139069446590386e-01 6.551592026922081757e+00
4.063125452039867413e-01 3.406631527541552185e+00
4.105412315868290918e-01 -3.884675137778213827e+00
4.147348487769681458e-01 7.297567368334835436e+00
4.189107045044477284e-01 6.430522216040060357e+00
4.230974437456921922e-01 -1.169326780560105972e+00
4.272931011032126136e-01 -4.707452249721360893e+00
4.314914587673138180e-01 -6.090007627765064768e+00
4.356511643511531418e-01 5.384879673752296370e-01
4.398424702607344750e-01 -8.906914855768546246e-01
4.440501074980069407e-01 2.878358962686885736e+00
4.482267968899237842e-01 2.995612630054180325e+00
4.524052929840755577e-01 -1.021196090492789210e+01
4.566090347930675253e-01 -5.210063060073016672e+00
4.608167319022857811e-01 2.777360875232039117e+00
4.649806979855051203e-01 -6.187616526942985473e+00
4.691538386770017222e-01 -9.247336348548769180e+00
4.733478629909182445e-01 6.693871453646877967e+00
4.775500538217637980e-01 4.119340410232660510e+00
4.817339644282710998e-01 8.555656569329794792e+00
4.859144464692263798e-01 -2.715808065940535365e-01
4.901252990058800885e-01 4.438185749135768354e+00
4.943123444065962158e-01 7.970464765891865255e+00
4.984736335014697817e-01 -6.191720689226034580e+00
5.026590164608074618e-01 1.462690179425968906e-01
5.068609875937976073e-01 8.962489833541182449e+00
5.110594965365916620e-01 6.289443607737580599e+00
5.152492140965455603e-01 -5.481040735873850878e+00
5.194329442812991582e-01 2.828020979384120004e+00
5.236343964239100757e-01 1.855478325784095217e+00
5.278273205415198177e-01 4.337328473196886414e+00
5.319960279023402405e-01 4.052462261816381917e-01
5.361714592099571242e-01 6.087259491391811217e+00
5.403746330902056139e-01 -2.973692954724540094e+00
5.445761264886261888e-01 -7.846873734853548887e-01
5.487504490749764985e-01 -2.516403481707944145e+00
5.529407179677009454e-01 -1.667339384779677136e+00
5.571409157079509900e-01 -5.319309143109939519e+00
5.613298693710127019e-01 -6.280477566566804448e-01
5.655062246218995892e-01 -5.455207792550616830e+00
5.696867424029971039e-01 2.003107802989328778e+00
5.738956954203543459e-01 -1.666989042040552205e+00
5.780928920821047923e-01 -7.734964219498485782e-01
5.822632071880226023e-01 -5.808978617998658223e+00
5.864430803127811398e-01 1.713845829720684666e+00
5.906376733072625784e-01 -4.185093595191792026e+00
5.948356627105599870e-01 3.412929619712448126e+00
5.990145239901687457e-01 -1.029486907372905824e+00
6.031829950841108845e-01 2.172180953624680555e+00
6.073740526175752663e-01 -2.478794145840724106e+00
6.115768023320514724e-01 2.047469131667671416e+00
6.157710000000914397e-01 -1.278794529426061199e+00
6.199632023912512446e-01 3.248466903253430793e+00
6.241630060990407403e-01 1.590806238623791113e+00
6.283593402461892241e-01 1.227490330016900222e+00
6.325410955997395890e-01 -1.809194515552126736e+00
6.367142920629192959e-01 -1.473296399274197421e+00
6.409035099394975177e-01 1.564199216229616329e+00
6.451032402190634008e-01 8.358787036975204865e-01
6.492879941711476866e-01 2.848292094226525073e+00
6.534659541563927476e-01 -2.622445710100765659e+00
6.576591076962554627e-01 -8.213543375998249019e-01
6.618529307405217610e-01 4.005544873228100045e+00
6.660240791386257131e-01 -7.639394265391746819e-02
6.702067828716186115e-01 -2.134281759554090829e+00
6.744172070879622671e-01 1.136540439856100315e+00
6.786118453466847278e-01 -3.031799749992377876e-02
6.827984616056306244e-01 -2.770515566001157559e+00
6.869817177358829019e-01 -3.173354763818197810e+00
6.911718524128840357e-01 -5.054797626036865665e+00
6.953555746427921846e-01 1.297808086861904187e+00
6.995344561305086861e-01 -2.326841120006372776e+00
7.037287066792784485e-01 6.480880668513617771e-01
7.079143033440539190e-01 8.663844313180837364e-01
7.121186686741065586e-01 -2.619345464080279129e+00
7.163134555705721329e-01 3.672441978076050439e+00
7.204913713645887396e-01 1.937344936521519401e+00
7.246803275165087932e-01 1.390264531126158998e+00
7.288763115175647123e-01 1.269005939765025959e+00
7.330585840505703388e-01 1.333200634857445166e-01
7.372316440474646626e-01 8.067273483343344598e-01
7.414228560306842519e-01 1.377360311711006924e+00
7.456189213758863676e-01 2.202864881914994744e+00
7.498104337627916616e-01 -1.307476965456886964e+00
7.539974189770904944e-01 3.096416512255419917e-01
7.581896411468850294e-01 -1.753348738742666724e+00
7.623808615479977790e-01 4.871889942361308790e-01
7.665651159623174671e-01 1.170648318304201130e+00
7.707536355579491794e-01 1.887317713602717939e+00
7.749462413082437440e-01 -1.797104407405517301e-01
7.791369682448587852e-01 -2.130548687560718246e+00
7.833258353347896108e-01 -1.184399131768271302e-01
7.875159900600451346e-01 1.271022489645589060e+00
7.917084457625156446e-01 -6.429974827916508096e-01
7.958821468706197555e-01 -2.085154166056393699e+00
8.000624692379799674e-01 1.997588966693794321e-01
8.042564613727184453e-01 -1.867287402884004965e+00
8.084384822996342201e-01 2.544498537767558410e+00
8.126333810499198895e-01 2.311712265600983640e-01
8.168271958201180905e-01 2.120263377383242720e-01
8.210214995694952167e-01 1.132366352363463946e+00
8.252154145000215602e-01 1.328301266914437173e+00
8.294030907808404018e-01 -6.432900748813129566e-01
8.335906150371191758e-01 8.944515858656274521e-01
8.377685032221774408e-01 1.054618080055491181e+00
8.419567297582307708e-01 2.378329485883726946e+00
8.461556544987137718e-01 -2.754329673577809778e+00
8.503430790983292908e-01 7.026840618570282526e-01
8.545245840949285965e-01 2.747635868213286758e-01
8.587196449246210506e-01 -9.543623199876379859e-01
8.629074348139629258e-01 -1.484712532214428338e+00
8.670852844200982457e-01 -6.262048181592122509e-01
8.712764316473343706e-01 -1.794188888684689287e+00
8.754762476624626810e-01 -3.065094555312408264e+00
8.796707865602606535e-01 -1.793458993252488476e+00
8.838562222970675064e-01 -3.762239315565650832e-01
8.880381764417510926e-01 -1.345817701303348102e+00
8.922270316229049536e-01 -5.944742626565748811e-01
8.964225585562245469e-01 -1.020774600268395060e+00
9.006049913569987853e-01 4.999913529816648605e-01
9.047836582182254839e-01 9.001581105954588047e-01
9.089780964569278421e-01 -1.504917183394286484e+00
9.131704587403689510e-01 -1.137135657286854201e-01
9.173547920329833127e-01 -1.877355394910855402e-02
9.215425617950214754e-01 9.965392454830732105e-02
9.257400405750663142e-01 -1.071399166950292470e+00
9.299303352268617484e-01 2.191414090645256607e+00
9.341108300097852313e-01 -1.404974181507364639e+00
9.382896253999645220e-01 -2.144374281519977332e-01
9.424819561228944265e-01 8.079823587369605598e-01
9.466849863120379016e-01 -1.021858484432789815e+00
9.508714331057195324e-01 1.030010495778467927e+00
9.550563230073290111e-01 -7.183950787311206287e-01
9.592513211539739348e-01 8.198975097843952398e-01
9.634451052878124644e-01 6.437231247912422738e-01
9.676230540453005791e-01 -3.113608775794631800e-01
9.718094297475188270e-01 -7.747476562292904267e-02
9.760091362076940280e-01 -1.172647138952604307e+00
9.802075838006468755e-01 2.585158802033453163e-01
9.843901124947946890e-01 -9.907609911095233146e-01
9.885650797815361823e-01 -1.865786942836024975e+00
9.927561705083151056e-01 -2.008111532149952971e+00
9.969400597939003239e-01 1.688773972583448080e+00
1.001125867816581083e+00 7.107939518495137721e-01
1.005315482813002204e+00 -1.753387331256490045e+00
1.009503724426713545e+00 6.963896597449112935e-01
1.013699103815393299e+00 4.163586541777899996e-01
1.017885842421875964e+00 1.207399669050260721e-01
1.022076284359184406e+00 -5.708237464640781855e-01
1.026273875264014812e+00 -9.964364536222323210e-01
1.030463237552156075e+00 2.770988373162852070e-01
1.034646639530784062e+00 -7.525319553841844922e-01
1.038830480088573260e+00 -2.449272852738141604e-01
1.043023229532383578e+00 7.709903887835796166e-01
1.047211320931656031e+00 1.012859645499123995e-01
1.051395396220772938e+00 9.601714555779927718e-01
1.055587561333155788e+00 -4.975070610338504506e-01
1.059780855230085139e+00 9.213851088622816710e-02
1.063968553353427993e+00 6.785004014575998221e-01
1.068144877931138659e+00 -3.976800277334540112e-01
