# Columns: ('k', 'P')
5.345493089407682419e-03 1.357708116319444343e+03
9.344366739594166943e-03 -6.188296370967741495e+02
1.312833575873958818e-02 -6.917111607142856883e+03
1.700891779646987109e-02 6.960976190476191050e+02
2.135270783943789275e-02 1.217094285714285661e+03
2.564347439342075027e-02 -2.093274444444444271e+03
2.962205054058980949e-02 -1.298507475083056534e+03
3.361537140302770649e-02 -1.149035433070866077e+02
3.793950633336700545e-02 1.116562609457092776e+03
4.227894994616508695e-02 -1.385191199999999981e+03
4.633325468672155889e-02 1.014331275720164598e+02
5.038752484052157893e-02 1.404310915104740843e+03
5.464179025701254577e-02 1.982185491276400313e+01
5.886817576171304162e-02 -8.818823058446756704e+02
6.290140616743733482e-02 -1.855568268497330209e+01
6.703999982739437813e-02 -2.637627321749550902e+02
7.134254604642074893e-02 -8.588447071466953275e+01
7.561818311969153994e-02 2.090942446043165432e+02
7.973924982214039558e-02 4.416406608536026113e+01
8.385356877962653332e-02 2.212502979737783164e+02
8.809929214337092196e-02 1.189242212110605550e+02
9.230415729057904473e-02 3.290571715145436116e+01
9.643309047658384092e-02 -1.477885489245683104e+01
1.005689403076158450e-01 5.382075736325386117e+01
1.047818677762802908e-01 -1.653642021409011704e+02
1.090277847809041356e-01 6.857192656286311205e+01
1.132170039508717807e-01 -1.271369953673064117e+02
1.174008294871188018e-01 -2.149544268219233061e+02
1.215998224695146873e-01 -9.855014218009478100e+01
1.257670529567683493e-01 -1.075537145911277435e+02
1.299386816717305049e-01 1.283220813436522434e+01
1.340949335765710126e-01 -1.194769157544026683e+02
1.382635144665005922e-01 8.779800028981307491e+01
1.424925284902303357e-01 6.006493154398806666e+01
1.466886314558672189e-01 -5.188600763459259468e+01
1.508619291163366127e-01 2.342676552813905388e+01
1.550655720814744509e-01 -3.751929579106913337e+01
1.592593054631499527e-01 -5.244530822292784222e+01
1.634144798183441161e-01 1.243859199999999987e+02
1.675823816150099899e-01 1.659750914302658842e+01
1.718045808093531246e-01 -4.179067599067599303e+01
1.760135070798979073e-01 -2.341635552317639579e+01
1.801930856696074279e-01 6.129315488875628937e+00
1.843742315857553882e-01 2.758273022211130510e+01
1.885797910080431738e-01 -1.076666923610575743e+01
1.927656394953895236e-01 2.567700436480588166e+01
1.969014248243030341e-01 -9.441430960517704918e+00
2.010715633173454087e-01 -5.180127984586803080e+01
2.052920281681521186e-01 3.201392446633825983e+01
2.095172134954577381e-01 -2.665238485287631520e-01
2.136973926115405542e-01 -4.025587596899224962e+01
2.178750580088065492e-01 -5.521284671532846744e+00
2.220823861956562617e-01 -3.074609352964404607e+01
2.262696194198526023e-01 6.619531207114233595e+00
2.304259489101245229e-01 7.414627673690355891e+01
2.345870463846415066e-01 -1.510490151168117379e+01
2.388019837064606632e-01 2.132428909380582382e+01
2.430077036534963875e-01 -5.095326391860409920e+00
2.471758823520590620e-01 3.941779719475741572e+00
2.513692271335918882e-01 1.943801146558137560e+01
2.555723892733414715e-01 7.497533988077369482e-01
2.597674079539822323e-01 -1.952860732380442599e+01
2.639178238801485610e-01 -7.220626151012891292e+00
2.680749044740857179e-01 -1.353175311324048380e+01
2.723023151079725368e-01 5.075636901460529060e+01
2.765128983200950685e-01 -8.681813160511101302e+00
2.807027537381580062e-01 -1.595354067826392530e+01
2.848857026249724811e-01 -2.936474026651821490e+01
2.890807262117984777e-01 -3.242523009929733036e+01
2.932785946948970324e-01 -1.136274221481554214e+01
2.974321087309398370e-01 -3.448425763145277756e+01
3.016123743882810904e-01 -2.759300167351285538e+01
3.058101292111336522e-01 -2.000443871277329677e+01
3.100168993294901143e-01 -4.089420069442451933e+01
3.142092030053749707e-01 -1.625601919287122143e+01
3.183867557675504334e-01 -2.034850026118274613e+01
3.225872781332082551e-01 1.892404218395407955e+00
3.267666109043823597e-01 -6.859618076648794194e+00
3.309328770241455886e-01 1.911250606037408595e+00
3.351106074107195187e-01 -1.179497688366862462e+01
3.393095620710060434e-01 -6.773255115043397279e-01
3.435164896197421824e-01 -7.323270261970566075e+00
3.477107812306902690e-01 -1.083964596861784457e+01
3.518857617074659383e-01 -1.852996573399595803e+01
3.560773577310688554e-01 -1.976272149271340695e+01
3.602869550449780967e-01 1.018626124675212985e+01
3.644651285618699665e-01 -1.498160418298440000e+01
3.686396944457170921e-01 -3.479786993441207699e+01
3.728293470315630076e-01 -1.007739993981342153e+01
3.770363921861874523e-01 -3.836475289989278004e+00
3.812363453093803867e-01 6.197552279078731852e-01
3.854150971210312249e-01 -7.349895623718804671e+00
3.896036578152083374e-01 -1.253566229985443847e+01
3.937795161075864914e-01 -2.682152340010476088e+00
3.979440095093054186e-01 -1.442068339238973707e+00
4.021139069446590386e-01 -9.951712831132971004e+00
4.063125452039867413e-01 -1.150632335853695487e+01
4.105412315868290918e-01 -5.802547874863039468e+00
4.147348487769681458e-01 1.118453599803423737e+00
4.189107045044477284e-01 5.271504649868849590e+00
4.230974437456921922e-01 -2.357837584835010247e+01
4.272931011032126136e-01 -1.076959250041986671e+01
4.314914587673138180e-01 -1.783042431312723508e+01
4.356511643511531418e-01 1.217441704136354730e+01
4.398424702607344750e-01 -1.323388692026355784e+01
4.440501074980069407e-01 -3.960851814444428687e+00
4.482267968899237842e-01 1.013557669540510098e+01
4.524052929840755577e-01 -2.460529013737953630e+00
4.566090347930675253e-01 9.070136076999668617e+00
4.608167319022857811e-01 -9.656410864041497177e+00
4.649806979855051203e-01 -5.755850793361060980e+00
4.691538386770017222e-01 -1.113957406914725112e+01
4.733478629909182445e-01 -1.175057575719852210e+01
4.775500538217637980e-01 -1.654873188626585945e+00
4.817339644282710998e-01 -1.967935803726196298e+01
4.859144464692263798e-01 3.566911981159846867e+00
4.901252990058800885e-01 -1.278808689720555503e+00
4.943123444065962158e-01 -4.648348994214866359e+00
4.984736335014697817e-01 -1.058167871567729001e+01
5.026590164608074618e-01 6.393769045445044652e-01
5.068609875937976073e-01 5.923461475898715634e+00
5.110594965365916620e-01 -2.060212986402623514e+01
5.152492140965455603e-01 -8.950917214191854043e+00
5.194329442812991582e-01 -1.930286129719063126e+01
5.236343964239100757e-01 -1.078535615927043168e+00
5.278273205415198177e-01 -9.132990700445288823e+00
5.319960279023402405e-01 -5.085632269240287329e+00
5.361714592099571242e-01 -5.585152455937167915e+00
5.403746330902056139e-01 -2.228551356175177744e+01
5.445761264886261888e-01 -2.671311421389095830e+00
5.487504490749764985e-01 -1.842560233360446631e+01
5.529407179677009454e-01 -3.153533580097196865e+00
5.571409157079509900e-01 -1.723104702918897502e+01
5.613298693710127019e-01 -1.784048711082831673e+01
5.655062246218995892e-01 2.301371791600306249e+00
5.696867424029971039e-01 9.177119015118345713e-01
5.738956954203543459e-01 -1.602590216047565974e+01
5.780928920821047923e-01 -1.581717967432612681e+01
5.822632071880226023e-01 -7.363295197541194881e+00
5.864430803127811398e-01 -6.388253693004561029e+00
5.906376733072625784e-01 -1.623368786663785457e+01
5.948356627105599870e-01 -3.525437570180053104e+00
5.990145239901687457e-01 -7.053463198358605801e+00
6.031829950841108845e-01 -1.295460795685873912e+01
6.073740526175752663e-01 -9.976284465645685273e+00
6.115768023320514724e-01 -1.087279791010784358e+01
6.157710000000914397e-01 -6.564511971483492303e+00
6.199632023912512446e-01 -8.877083741554359975e+00
6.241630060990407403e-01 -3.570605660444698515e+00
6.283593402461892241e-01 -1.288490068379331888e+01
6.325410955997395890e-01 -9.882610372760108675e+00
6.367142920629192959e-01 -8.987201865560944469e+00
6.409035099394975177e-01 -6.600134477067585159e+00
6.451032402190634008e-01 -5.851017369064233975e+00
6.492879941711476866e-01 3.428586668800298387e+00
6.534659541563927476e-01 5.572259022160610531e-01
6.576591076962554627e-01 -5.677278197133793114e+00
6.618529307405217610e-01 -9.654263100401811570e+00
6.660240791386257131e-01 -7.655796940951633545e+00
6.702067828716186115e-01 -1.428369613119068404e+01
6.744172070879622671e-01 -1.488527583835014489e+01
6.786118453466847278e-01 -9.234476660873808029e+00
6.827984616056306244e-01 -1.140570624131328259e+01
6.869817177358829019e-01 -9.120719111825460246e+00
6.911718524128840357e-01 -8.778222782838176030e+00
6.953555746427921846e-01 -3.644755293583693323e+00
6.995344561305086861e-01 -8.440628396178642134e+00
7.037287066792784485e-01 -1.492423926106901177e+01
7.079143033440539190e-01 -5.997936223735658601e+00
7.121186686741065586e-01 -5.848280081502887029e+00
7.163134555705721329e-01 -7.814417320466908734e+00
7.204913713645887396e-01 -1.014187534645419397e+01
7.246803275165087932e-01 -9.410988707026325173e+00
7.288763115175647123e-01 1.225758170447706519e+00
7.330585840505703388e-01 -1.020406581145990899e+01
7.372316440474646626e-01 2.884381401222874342e+00
7.414228560306842519e-01 -6.702477533540936783e+00
7.456189213758863676e-01 -1.117137721612785306e+01
7.498104337627916616e-01 -1.502040166873020333e+01
7.539974189770904944e-01 -4.846216228171492446e+00
7.581896411468850294e-01 2.067619089143061917e+00
7.623808615479977790e-01 -7.335532303188185388e+00
7.665651159623174671e-01 -1.061773770009164686e+01
7.707536355579491794e-01 -6.519667402321783989e+00
7.749462413082437440e-01 -6.044208582866738233e+00
7.791369682448587852e-01 -1.047910825034186466e+01
7.833258353347896108e-01 -1.106072616571940870e+01
7.875159900600451346e-01 -2.574459569454375374e-01
7.917084457625156446e-01 -7.959689024526073631e+00
7.958821468706197555e-01 -3.299220182061080919e+00
8.000624692379799674e-01 -1.137081605208528323e+01
8.042564613727184453e-01 -3.252266219828721994e+00
8.084384822996342201e-01 -5.566399910938697460e+00
8.126333810499198895e-01 -5.706041630697058942e+00
8.168271958201180905e-01 -4.602247341707426109e+00
8.210214995694952167e-01 -5.616687643138630337e-01
8.252154145000215602e-01 -1.073975483049629531e+01
8.294030907808404018e-01 -1.064169271498477620e+01
8.335906150371191758e-01 -7.569021723800274160e+00
8.377685032221774408e-01 -3.076503581807527254e+00
8.419567297582307708e-01 -4.395641042783377195e+00
8.461556544987137718e-01 -1.210219313086056836e+01
8.503430790983292908e-01 3.186621150887906651e-01
8.545245840949285965e-01 -8.760104247591858240e+00
8.587196449246210506e-01 -8.956849797798206225e+00
8.629074348139629258e-01 -1.889263114998434290e+01
8.670852844200982457e-01 -1.068412516376619514e+01
8.712764316473343706e-01 -1.189997978424273661e+01
8.754762476624626810e-01 -8.923437596397063132e+00
8.796707865602606535e-01 -2.246657833648024738e+00
8.838562222970675064e-01 -1.059113431092608693e+01
8.880381764417510926e-01 -9.195126703581284033e+00
8.922270316229049536e-01 -9.730626439541870454e+00
8.964225585562245469e-01 -6.438205013506437702e+00
9.006049913569987853e-01 -8.052988928357724063e+00
9.047836582182254839e-01 -8.951777975842887258e+00
9.089780964569278421e-01 -8.215999434767834231e+00
9.131704587403689510e-01 -1.012006383872322424e+01
9.173547920329833127e-01 -1.555664714402670157e+01
9.215425617950214754e-01 -6.474106904715648092e+00
9.257400405750663142e-01 -1.078994505761657052e+01
9.299303352268617484e-01 -1.005166850957719049e+01
9.341108300097852313e-01 -7.805693833974127749e+00
9.382896253999645220e-01 -5.424177867790122676e+00
9.424819561228944265e-01 -1.251678891478081290e+01
9.466849863120379016e-01 -1.140859221655048472e+01
9.508714331057195324e-01 -3.952505828407954613e+00
9.550563230073290111e-01 -7.249396318229812231e+00
9.592513211539739348e-01 -8.474978282123538875e+00
9.634451052878124644e-01 -8.325394270032468569e+00
9.676230540453005791e-01 -5.969650376897600808e+00
9.718094297475188270e-01 -1.113341599978793361e+01
9.760091362076940280e-01 -1.827901839987579180e+01
9.802075838006468755e-01 -7.762767671916185108e+00
9.843901124947946890e-01 -5.670573132230228630e+00
9.885650797815361823e-01 -6.115800498269185148e+00
9.927561705083151056e-01 -1.305785489370265040e+01
9.969400597939003239e-01 -7.197230742364966183e+00
1.001125867816581083e+00 -2.347487770488429604e+00
1.005315482813002204e+00 -1.476559086188992609e+01
1.009503724426713545e+00 -5.821120695547565838e+00
1.013699103815393299e+00 -1.432187735083007318e+01
1.017885842421875964e+00 -9.724372315757365826e+00
1.022076284359184406e+00 -8.781083451752831337e+00
1.026273875264014812e+00 -6.325806169571818849e+00
1.030463237552156075e+00 -8.558613927494590712e+00
1.034646639530784062e+00 -1.124385563993225468e+01
1.038830480088573260e+00 -1.230380204846959202e+01
1.043023229532383578e+00 -1.437101296116268223e+01
1.047211320931656031e+00 -1.202387819164263227e+01
1.051395396220772938e+00 -9.972365930280460589e+00
1.055587561333155788e+00 -7.895589261724818897e+00
1.059780855230085139e+00 -4.681522854494994057e+00
1.063968553353427993e+00 -7.542995491322339596e+00
1.068144877931138659e+00 -9.917797845740038198e+00
