# Columns: ('k', 'S1', 'S2', 'S3', 'S4', 'S5', 'S6', 'S7', 'S8', 'S9', 'S10', 'S11', 'S12', 'S13', 'S14')
5.345493089407682419e-03 -8.581306457519531250e+00 1.240058051215277715e+02 -7.053165859646266966e+00 -8.082205878363714291e+00 -1.392926873101128393e+01 -1.712991841634114465e+01 2.188628514607747100e+00 -1.140041775173611072e+01 -9.099153306749132142e+00 -1.655240207248263928e+01 7.903885841369628906e-01 -7.806432088216145537e+00 -2.299697664048936385e+00 -2.268393834431965850e+00
9.344366739594166943e-03 6.246326077368951069e+00 -2.094519830519153136e-01 2.680920803931451601e+01 8.251215780934979094e+00 3.583984867219002002e+00 -3.489160156250000000e+01 1.945703715662802225e+01 1.213001177387852714e+01 5.135036837670110543e+00 -2.609194257182459609e+01 1.204451234879032206e+01 1.029821974231350801e+01 1.385081875708795263e+00 2.141744306010584520e+00
1.312833575873958818e-02 -1.251630136918048386e+01 7.748753388073978954e+01 2.943832459741708973e+01 -1.489223308952487201e+01 -1.367474365234374822e+01 8.442798225247129196e+00 2.084835379464285410e+01 -1.426066246811224403e+01 -5.235966896524233860e+00 9.740067462531886378e+00 1.083569709622130084e+01 -2.815745762416294262e+00 -2.674834971525231198e-01 -2.311066608039699932e-01
1.700891779646987109e-02 -2.353257533482143060e+01 2.294920014880952692e+02 -9.943808128720238670e+00 -2.594775855654762253e+01 -5.031069103422619548e+01 8.651563430059525217e+01 -3.606178501674107473e+00 -4.877461867559524222e+01 -3.658942754836309774e+01 5.768347284226190652e+01 -4.377478608630952728e+00 -3.574755626860119406e+01 -1.011685384114583464e+01 -1.023677920386904816e+01
2.135270783943789275e-02 -1.579620814732142797e+01 2.826371651785714221e+02 -5.093278459821428328e+01 -5.244432198660714306e+00 -3.182622767857142776e+01 8.442069754464286291e+01 -8.040468052455358006e+00 -2.029116629464285637e+01 -9.941792689732142918e+00 4.722539062500000284e+01 -6.375329241071428399e+00 -6.798417271205357437e+00 1.039381626674107106e-01 -1.218903459821428503e-01
2.564347439342075027e-02 2.230296223958333357e+01 1.707146874999999966e+02 -6.567951388888889142e+01 1.540032226562500028e+01 1.444774739583333378e+01 4.968992621527777942e+01 -1.309764756944444386e+01 1.025005208333333329e+01 6.250207790798611107e+00 2.684003472222222086e+01 -5.924153103298611001e+00 4.525245768229166465e+00 1.607246093749999938e+00 5.002735731336805935e-01
2.962205054058980949e-02 2.824758617109634784e+01 1.542887510382059872e+02 -7.440933217400332467e+01 1.747281846968438757e+01 3.707443936877076851e+01 5.683748183139535115e+01 -2.720295953592192717e+01 2.300532080564784110e+01 1.635665457589285765e+01 2.741054882163621187e+01 -9.553696337728405652e+00 1.137831901474252483e+01 3.293986678519518208e+00 2.662171829578488413e+00
3.361537140302770649e-02 1.052565334850721790e+01 1.416060634022309728e+02 -7.013344816272966398e+01 3.730121442339238591e+00 4.507179720821030244e+00 5.192174171587926423e+01 -2.456219242125984081e+01 -4.775164746862697207e+00 5.045431943077427484e-01 2.044003239829396179e+01 -6.726494576361548461e+00 -4.739612809629265122e+00 3.819548839659202555e-01 -5.377046680200131545e-01
3.793950633336700545e-02 5.031395372701400959e+01 1.157836443739054317e+02 -6.458370731173380364e+01 2.297548332147548322e+01 4.676577208296847488e+01 3.445893306698773983e+01 -1.763874028568301355e+01 3.168260179509632124e+01 2.147054749069614843e+01 1.520892793618651417e+01 -6.856759146508318636e+00 1.838951332640105107e+01 4.534345583406304669e+00 4.054107291894702314e+00
4.227894994616508695e-02 5.577984375000000483e+01 1.070609250000000117e+02 -6.257775625000000019e+01 2.918778125000000045e+01 5.170808124999999933e+01 3.542591875000000101e+01 -1.929746406250000135e+01 3.326403437500000138e+01 2.381139531250000019e+01 1.416464999999999996e+01 -6.121029296875000192e+00 1.574303437500000058e+01 4.829907421875000217e+00 3.592841406250000258e+00
4.633325468672155889e-02 3.213685806755829333e+01 7.689850180041152328e+01 -4.439011059670781378e+01 1.340170878343621297e+01 2.103614085005143863e+01 2.128929826817558180e+01 -1.071416658629115126e+01 1.332966285150891572e+01 7.666585621356309055e+00 9.024569455161179476e+00 -4.150068453146433356e+00 4.623862686471192696e+00 9.529885290745027104e-01 3.744744613500942676e-01
5.038752484052157893e-02 4.745351261025358269e+01 7.475708034729878193e+01 -4.815342475192943539e+01 1.683779910591234952e+01 4.189788192530319577e+01 2.388739491455347164e+01 -1.412667641434674692e+01 2.314722944804299942e+01 1.928421521843991115e+01 8.567911469818081827e+00 -3.722119517468302163e+00 1.290304144845645062e+01 4.089241339064222380e+00 3.027350479344680156e+00
5.464179025701254577e-02 4.690787491391184716e+01 6.572324093204774442e+01 -4.491778222566574641e+01 2.189723943985307741e+01 4.897007001836546891e+01 2.428580011765381030e+01 -1.633895596590908994e+01 2.866507941632231393e+01 2.180419608011937527e+01 8.168464653638659811e+00 -4.472578232610192828e+00 1.464597860709366373e+01 4.326873134756657358e+00 3.483123134756657358e+00
5.886817576171304162e-02 3.997172738190552366e+01 5.540785128102481849e+01 -3.785454926441152423e+01 2.160472127702161416e+01 4.224570593975180088e+01 1.994707484737790182e+01 -1.372772280324259242e+01 2.994533126501200826e+01 2.031199021717373654e+01 7.617361858236589178e+00 -4.616478729858886965e+00 1.512032282075660383e+01 3.932203575360287751e+00 2.963478399907425676e+00
6.290140616743733482e-02 4.249477676868802689e+01 5.130325133485889211e+01 -3.638036625190694195e+01 1.861007967438978028e+01 4.139435545385202175e+01 1.669389123283752951e+01 -1.193263432017543835e+01 2.586312333142639375e+01 1.843893169574752022e+01 5.370990209048436270e+00 -3.410752914044622663e+00 1.396148425581617225e+01 3.527279316242372342e+00 3.175288871805873381e+00
6.703999982739437813e-02 3.167619785425404544e+01 3.825514436039544819e+01 -2.719884193379268922e+01 1.339245290967645374e+01 2.876135129568604043e+01 1.217402355452366791e+01 -8.474566076243259971e+00 1.576040106351108427e+01 1.103660734346914296e+01 3.650769781680647252e+00 -2.135449920892001252e+00 6.578057711391552154e+00 1.746614944156306137e+00 1.142423873179111871e+00
7.134254604642074893e-02 4.170867057361633812e+01 3.683911959296077754e+01 -2.432960270016120674e+01 1.545715299234282725e+01 3.828295439279957435e+01 1.220827176249328438e+01 -8.262827025120904167e+00 1.967677827780763167e+01 1.540855155998119486e+01 3.849503899952982700e+00 -2.263508152538957763e+00 9.106692470445997500e+00 2.471973548327512482e+00 1.714261013484014162e+00
7.561818311969153994e-02 2.966855702937650108e+01 2.798575014988009713e+01 -1.905664156175059887e+01 1.066946567745803343e+01 2.540464440947242153e+01 8.936195106414867695e+00 -6.045098920863309466e+00 1.289538931354916151e+01 9.325478679556354678e+00 2.721539643285371568e+00 -1.611844040392685917e+00 5.575078687050360138e+00 1.410414910259292665e+00 9.591810926258993453e-01
7.973924982214039558e-02 2.815495030690683720e+01 2.300628155117026097e+01 -1.524810872246443338e+01 1.211978778252638911e+01 2.890984073829738321e+01 8.124666561496098893e+00 -5.439089659103946595e+00 1.848850712769619165e+01 1.399538653768930807e+01 2.965030860988412176e+00 -1.680753248336392947e+00 1.051754944211794474e+01 2.782510030045318938e+00 2.285832986748508322e+00
8.385356877962653332e-02 2.296964236938816128e+01 1.797085288786253443e+01 -1.180992376837505020e+01 8.641639197208979439e+00 2.140268673023440726e+01 6.085202653208184209e+00 -3.980867988304529259e+00 1.179356159366309065e+01 9.074392568037346507e+00 2.004770490353098733e+00 -1.072639547172973717e+00 5.938248426325983154e+00 1.587910218327870382e+00 1.169662893884088284e+00
8.809929214337092196e-02 2.154858680434021778e+01 1.558253576741337021e+01 -9.925507798827441164e+00 7.649571638738186685e+00 1.935891833654182648e+01 4.902859889088204248e+00 -3.203029975717536004e+00 1.115601346473573585e+01 8.749961033207910077e+00 1.642373891155495258e+00 -8.835932885511462720e-01 6.187398823066152964e+00 1.658054948645869775e+00 1.337264592721823631e+00
9.230415729057904473e-02 1.550583260197258362e+01 1.135089513331661593e+01 -7.251450967485790322e+00 5.904333443037445228e+00 1.519835548311601414e+01 3.861237031406719922e+00 -2.421699342820126777e+00 8.856977181544634092e+00 7.037621980524908061e+00 1.367605093927616089e+00 -6.997698009392760987e-01 4.942084064694081569e+00 1.335223770269140742e+00 1.056563489296012959e+00
9.643309047658384092e-02 1.377291445774007883e+01 9.406494362503787343e+00 -5.500210636928203556e+00 5.056074982013026187e+00 1.293708227620417972e+01 3.101351863071796444e+00 -1.827183790186685863e+00 7.763303852052408693e+00 6.250936624318388368e+00 1.177979329180551371e+00 -5.703142010706983012e-01 4.579994994414571252e+00 1.265363774708421651e+00 1.033648287805778443e+00
1.005689403076158450e-01 1.137490028927068764e+01 7.681928799964937049e+00 -4.481256574333801090e+00 3.944951459502104019e+00 1.008315107819074363e+01 2.425639353962131928e+00 -1.466075889726507819e+00 5.694520292776998893e+00 4.452516874123422674e+00 8.449027683423913082e-01 -4.401633242571003080e-01 3.103746000613604838e+00 8.176067507450912597e-01 6.409582365445302132e-01
1.047818677762802908e-01 9.332491209235747931e+00 6.077349487335076184e+00 -3.482360368823126606e+00 3.548417273462783239e+00 9.256638777383619399e+00 2.073885206621857158e+00 -1.177868813402414672e+00 5.501309376555887809e+00 4.418040709795867826e+00 7.825592550021782667e-01 -3.668482132090957193e-01 3.158343884195295104e+00 8.526568480442494602e-01 6.745811502287154537e-01
1.090277847809041356e-01 7.587636441871949522e+00 4.723621691988148186e+00 -2.580444874941901112e+00 2.704554326196839220e+00 7.193819628021148382e+00 1.546444023428422021e+00 -8.501184221037647593e-01 4.161114429613060217e+00 3.414444682488961380e+00 5.802713155247791743e-01 -2.570601916994684211e-01 2.400781431559376955e+00 6.592910060931327365e-01 5.179735840184174211e-01
1.132170039508717807e-01 5.469906019054709745e+00 3.466998521260754362e+00 -1.870982801469777135e+00 2.105068042686962126e+00 5.538737625468784564e+00 1.197244404747132007e+00 -6.354068105593702054e-01 3.372389801180233793e+00 2.793301380156628877e+00 4.898968437189774594e-01 -2.111958862008465609e-01 2.060074643585925180e+00 5.759327432164129679e-01 4.687194083664240063e-01
1.174008294871188018e-01 4.871478806966472952e+00 2.941897962256574850e+00 -1.469466786287894067e+00 1.857195624623569685e+00 4.882239227815699856e+00 1.011012158703071595e+00 -5.129093092815197874e-01 2.939183349854447069e+00 2.412783420748845664e+00 4.062133862584069721e-01 -1.715752770684852435e-01 1.749625922254567367e+00 4.839457320630897730e-01 3.893431024220161407e-01
1.215998224695146873e-01 3.400633515995260758e+00 2.088282916172985892e+00 -1.084631960900473979e+00 1.291417357819905076e+00 3.440898992890994990e+00 7.241402547393365197e-01 -3.692102108634478519e-01 2.100998037618483139e+00 1.743199237263033163e+00 3.000226321830568588e-01 -1.229600025918246436e-01 1.284660656101895615e+00 3.591368066869075615e-01 2.908376684686018732e-01
1.257670529567683493e-01 2.748594571196329994e+00 1.644902528171209743e+00 -7.911498523238464919e-01 1.012184326563335235e+00 2.708123336729467479e+00 5.542782936932122428e-01 -2.687665544133039375e-01 1.618433909005879245e+00 1.348010825872973495e+00 2.264289686052467498e-01 -9.116623275487707734e-02 9.698755783170764921e-01 2.708673033721940016e-01 2.142762198245145300e-01
1.299386816717305049e-01 2.013438066029968887e+00 1.193875234130578056e+00 -5.571567655375226913e-01 7.043760548740326533e-01 1.904644211571710821e+00 3.898190907114482129e-01 -1.858463924916124721e-01 1.094580713300675079e+00 9.148959469681376966e-01 1.544735282095185680e-01 -6.204981924025913809e-02 6.354633534188209865e-01 1.772327470206240818e-01 1.359985894275893281e-01
1.340949335765710126e-01 1.410845251021339175e+00 8.309247735453356709e-01 -3.824699361910994799e-01 4.745946560665556535e-01 1.302898762246152753e+00 2.639582357235641941e-01 -1.214336798944946894e-01 7.302658611226797714e-01 6.194159077894455523e-01 1.044756190163662196e-01 -4.029446020403230910e-02 4.291977081226202029e-01 1.209527096936726664e-01 9.398242357929756374e-02
1.382635144665005922e-01 1.135791362325206499e+00 6.579031231886683928e-01 -2.914402443090222672e-01 4.055385570252499905e-01 1.106171277826583088e+00 2.194209002771337624e-01 -9.813826941973989582e-02 6.507796367827126671e-01 5.526179827878205941e-01 9.226990851642878633e-02 -3.451424877706808780e-02 3.922099859848210412e-01 1.110357912774190409e-01 8.681123758671750734e-02
1.424925284902303357e-01 7.824723909617730122e-01 4.527372277750948415e-01 -2.009154230950081221e-01 2.818915103531245414e-01 7.705111219838687298e-01 1.516599278956130559e-01 -6.685237256236656322e-02 4.548768752859393971e-01 3.878635335650501004e-01 6.332128979058644636e-02 -2.269424370218457374e-02 2.792694724735664824e-01 7.973963098990104192e-02 6.347639702580655519e-02
1.466886314558672189e-01 6.508783277938658962e-01 3.700618485298473037e-01 -1.498813747151424847e-01 2.295870864424279234e-01 6.294350874522837147e-01 1.218303817501974334e-01 -4.961060743292993597e-02 3.696794890252730892e-01 3.178801883658845528e-01 5.274648240824914014e-02 -1.794848555685015293e-02 2.269178970214393576e-01 6.523394838860116507e-02 5.131582782600244835e-02
1.508619291163366127e-01 4.524739187659535533e-01 2.543700489337699100e-01 -9.917576350403017882e-02 1.617893837079889541e-01 4.457125855605020281e-01 8.523261702131700035e-02 -3.340881355075133591e-02 2.683279664139419096e-01 2.335688047454266558e-01 3.871768512310836546e-02 -1.251334212045703172e-02 1.713141323918196124e-01 5.002551799239546987e-02 4.037298274616924615e-02
1.550655720814744509e-01 3.199441969165354727e-01 1.805913782180905147e-01 -7.050405233017809081e-02 1.145984480205054223e-01 3.172415997635391061e-01 6.080555390461044041e-02 -2.359738015789411211e-02 1.898738028940042954e-01 1.655196013867027971e-01 2.733994997977876734e-02 -8.701688720446944247e-03 1.201406423064591278e-01 3.501651030508554779e-02 2.794733233172200931e-02
1.592593054631499527e-01 2.207140181681470914e-01 1.229631245808469331e-01 -4.620587545144496516e-02 7.730791882801379966e-02 2.146444384375342240e-01 4.078287207961513172e-02 -1.547818615678548879e-02 1.255930160544180552e-01 1.096418625708283218e-01 1.807921407622940096e-02 -5.758822036053152030e-03 7.853153570842001663e-02 2.288797308160482602e-02 1.813636311145023702e-02
1.634144798183441161e-01 1.557610807291666677e-01 8.655370442708333611e-02 -3.180702473958333526e-02 5.469420572916666723e-02 1.530222656249999869e-01 2.884966471354166728e-02 -1.031218098958333260e-02 8.844317057291666007e-02 7.785653645833333358e-02 1.285283203125000065e-02 -3.822479654947916802e-03 5.463864583333333247e-02 1.604519694010416581e-02 1.240289794921875001e-02
1.675823816150099899e-01 1.091710990203679371e-01 6.052047489683206466e-02 -2.175002151342959184e-02 3.809171704726573709e-02 1.061321068884674285e-01 2.001813462662628551e-02 -7.235619135026440107e-03 6.282062611585079170e-02 5.509077726150909265e-02 9.144337997142417893e-03 -2.819718868703937481e-03 3.947408460658730078e-02 1.154849165640907567e-02 9.048551653901308264e-03
1.718045808093531246e-01 7.998100938774767299e-02 4.398450304578234438e-02 -1.503076797876602526e-02 2.748081589634324140e-02 7.665369136072261447e-02 1.436674958342438850e-02 -5.017492832281650848e-03 4.423778613964160500e-02 3.883487728092220592e-02 6.418241487516389981e-03 -1.960182101020723888e-03 2.741504304614656232e-02 8.016136187217730996e-03 6.250567669635052545e-03
1.760135070798979073e-01 5.076443629016881565e-02 2.782006433520114314e-02 -9.291499920983901928e-03 1.833557290095534295e-02 5.146195790598533798e-02 9.533716001511488222e-03 -3.115305298285106321e-03 3.064761896969766045e-02 2.727257937271622759e-02 4.496350769092992937e-03 -1.245814782762644669e-03 1.946617677426492471e-02 5.776726931412247933e-03 4.509571069533811413e-03
1.801930856696074279e-01 3.752625172486361016e-02 2.041062112863020750e-02 -6.393949004473990089e-03 1.277056066350308605e-02 3.607639751413189294e-02 6.655731994613297772e-03 -2.087932973960386976e-03 2.112986797384467513e-02 1.889994768177332210e-02 3.099952875302683635e-03 -8.252423271560961702e-04 1.341241705337354109e-02 4.001991714869057061e-03 3.107175793695324088e-03
1.843742315857553882e-01 2.418662390864814715e-02 1.317906092113865779e-02 -4.163795219226542818e-03 8.464555872844267692e-03 2.379870972055413494e-02 4.397670338707392219e-03 -1.380967693235243387e-03 1.410148842106066953e-02 1.259040753185506137e-02 2.084450102538656230e-03 -5.584842461970847879e-04 9.025912645424218061e-03 2.690489067431149108e-03 2.111020812912120775e-03
1.885797910080431738e-01 1.661171895136473453e-02 9.023510094809290838e-03 -2.761036890433195192e-03 5.894040432871697384e-03 1.664281404166345277e-02 3.060908910442150261e-03 -9.237295456714786834e-04 9.838557377507009538e-03 8.837464724474329222e-03 1.459165370373353412e-03 -3.735635216837260991e-04 6.294289890843000716e-03 1.886509382429793968e-03 1.472957590206507581e-03
1.927656394953895236e-01 1.089206692343403123e-02 5.895303670256743511e-03 -1.742903457245497181e-03 3.845302477502943531e-03 1.087265896828217178e-02 1.986006790723157320e-03 -5.734962383340078563e-04 6.482189250618587695e-03 5.849557098545244901e-03 9.647613006598808501e-04 -2.359959257444111346e-04 4.183367790457611160e-03 1.260379890870131627e-03 9.856463227176002172e-04
1.969014248243030341e-01 7.076124464356924049e-03 3.820992500783919592e-03 -1.110925246592149715e-03 2.517620589545377287e-03 7.130411714326248887e-03 1.300914117850139389e-03 -3.718354871366133757e-04 4.253234619193880031e-03 3.848292008838696387e-03 6.351935545383847635e-04 -1.539612634653682137e-04 2.778518921954669946e-03 8.397169965384682902e-04 6.633184523545359711e-04
2.010715633173454087e-01 4.936258159467623793e-03 2.648981113128042863e-03 -7.234947536896095110e-04 1.692186504026195384e-03 4.801067262262501655e-03 8.722121689461189526e-04 -2.399279345651047970e-04 2.864501402956041998e-03 2.597869734454695025e-03 4.289553644963422499e-04 -1.011484792881672205e-04 1.879911580876819253e-03 5.697911697647031022e-04 4.508580146337551439e-04
2.052920281681521186e-01 3.102141632430854747e-03 1.669757385755015833e-03 -4.548236928354147234e-04 1.057452998920810176e-03 3.007338199709436513e-03 5.487454544342993323e-04 -1.496230753380285272e-04 1.772582707146705752e-03 1.609212941136853401e-03 2.670976798522648648e-04 -6.230829971764474619e-05 1.155609732190963608e-03 3.503602126549029911e-04 2.760547331009788178e-04
2.095172134954577381e-01 1.979640282647805293e-03 1.060106317004456868e-03 -2.778214142247578829e-04 6.902393174978144327e-04 1.966139821217255650e-03 3.558301225621009981e-04 -9.270603223676515388e-05 1.165861714187457678e-03 1.063450155978647171e-03 1.757643817841281762e-04 -3.940959139286656437e-05 7.643644063566336876e-04 2.328524944965679059e-04 1.834893330277255453e-04
2.136973926115405542e-01 1.262645751006843476e-03 6.755668580994125469e-04 -1.752425644748894791e-04 4.213472114976986706e-04 1.200848719870397253e-03 2.172810901967129954e-04 -5.708580608515776306e-05 7.022673141124637043e-04 6.393478748410246718e-04 1.053758074146832625e-04 -2.414162399232849549e-05 4.570196284804233259e-04 1.388834871987039790e-04 1.090402159579964531e-04
2.178750580088065492e-01 8.049746325416286350e-04 4.299477347492301760e-04 -1.080507570809691479e-04 2.681530583513914599e-04 7.642072691534557453e-04 1.384017415290331285e-04 -3.564619147864571435e-05 4.493365044141337753e-04 4.097021061138514993e-04 6.797072139099567399e-05 -1.538699908848226530e-05 2.920430872562157845e-04 8.881939240615733654e-05 6.925529981181570058e-05
2.220823861956562617e-01 5.211595311586900451e-04 2.777799304086974851e-04 -6.770549668080580767e-05 1.730993932264673018e-04 4.948221528268528574e-04 8.929892765014394048e-05 -2.218396313845314444e-05 2.855611424454982533e-04 2.608842613558926210e-04 4.311557307544345988e-05 -9.563122598856054689e-06 1.839120059729685089e-04 5.596711388523017966e-05 4.339591362166070012e-05
2.262696194198526023e-01 3.214700689115292304e-04 1.713616032497533473e-04 -4.082324967240635779e-05 1.131446470038757545e-04 3.234849984149688862e-04 5.805859511028288987e-05 -1.377815170778089398e-05 1.977973772978595577e-04 1.820632430746322759e-04 3.021301759639333004e-05 -6.274720535795545933e-06 1.338399476759479596e-04 4.115309235999525930e-05 3.281289845232239049e-05
2.304259489101245229e-01 2.020710776625504192e-04 1.072901828065937670e-04 -2.482900744277664906e-05 6.880461426210481826e-05 1.969333160936525477e-04 3.532929365045610386e-05 -8.298947890721893297e-06 1.166577640596414749e-04 1.072912710714312383e-04 1.782193431162820119e-05 -3.736802099945755108e-06 7.669709681781270631e-05 2.352168818048076525e-05 1.834364974013458636e-05
2.345870463846415066e-01 1.256458509445870049e-04 6.677271689131842063e-05 -1.529403094960914370e-05 4.264542897153993962e-05 1.224681500679373862e-04 2.194689619466537345e-05 -5.009045016949441404e-06 7.285595838183962032e-05 6.725545778234247535e-05 1.114569465980679303e-05 -2.234206593369760608e-06 4.848873499374556752e-05 1.493609666933556874e-05 1.172965680963727289e-05
2.388019837064606632e-01 7.653315236611846813e-05 4.066034452933493907e-05 -9.059811043600041097e-06 2.615497164417083335e-05 7.524058940023513862e-05 1.346348150748066650e-05 -2.953711150206252721e-06 4.458646130160109444e-05 4.129796718081186070e-05 6.850959395634836278e-06 -1.308205300317164906e-06 2.962574726057405188e-05 9.163377459158691498e-06 7.193788259463222336e-06
2.430077036534963875e-01 4.587504230427264434e-05 2.430160403937442701e-05 -5.221414207839729904e-06 1.597416523899086908e-05 4.594567917850225840e-05 8.182085705841794158e-06 -1.735288502967902367e-06 2.744894068971009271e-05 2.548730657335661435e-05 4.227395597925903975e-06 -7.884104104330654023e-07 1.840824685944406045e-05 5.702124194344389510e-06 4.497871546059958575e-06
2.471758823520590620e-01 2.851716182127194310e-05 1.509308842413177197e-05 -3.124317456234677357e-06 9.997662908045772527e-06 2.878498663763036131e-05 5.125457403385165417e-06 -1.047089675372429190e-06 1.714213411406172714e-05 1.593324940186529427e-05 2.652001013616551840e-06 -4.783720737436663044e-07 1.138846582038618053e-05 3.534241924891117636e-06 2.746880876795947959e-06
2.513692271335918882e-01 1.708135934143346853e-05 9.029199871410296773e-06 -1.836855204630918703e-06 5.794251091886853959e-06 1.670560045506488806e-05 2.979059435023212419e-06 -6.110556946975189970e-07 9.864043116877311030e-06 9.167046861196576139e-06 1.526041670673175671e-06 -2.818141925058961649e-07 6.515279879826049053e-06 2.015798907066914111e-06 1.556941805185935167e-06
2.555723892733414715e-01 1.016771726391095399e-05 5.349691973371817181e-06 -1.066992192835455447e-06 3.556506544902454927e-06 1.022220808221324862e-05 1.815331869491015782e-06 -3.565063832446989933e-07 6.134132631965039624e-06 5.704303438505914717e-06 9.480867004928282351e-07 -1.657131690113858704e-07 4.114752407931247311e-06 1.276213487691462496e-06 1.005241715663159612e-06
2.597674079539822323e-01 6.054085778135314420e-06 3.184878146544797953e-06 -6.134275809030446063e-07 2.077438356790245335e-06 5.990687864991591936e-06 1.058878512345581308e-06 -2.022916683955950210e-07 3.564847015532177804e-06 3.345733287577309435e-06 5.551182022399956151e-07 -9.347844882555385489e-08 2.385666117065353777e-06 7.466981265338361234e-07 5.826192444610297322e-07
2.639178238801485610e-01 3.357206918916649441e-06 1.775473661161234887e-06 -3.474112581030976435e-07 1.145511597291272305e-06 3.325947106238252353e-06 5.905472423636597837e-07 -1.130842285298217971e-07 1.985859183024013566e-06 1.852205493880947666e-06 3.074240743662648724e-07 -5.321498961781147537e-08 1.326915778483450629e-06 4.147140738762593332e-07 3.240124406516002757e-07
2.680749044740857179e-01 2.026486529516656367e-06 1.073168454743866952e-06 -1.891657164368113341e-07 6.928534135375625312e-07 2.005033990745516177e-06 3.575252956302956175e-07 -6.402614178338246022e-08 1.181552912315155248e-06 1.100897349660870071e-06 1.846661606003112736e-07 -2.938097000842357446e-08 7.805779519071681020e-07 2.426851688069720008e-07 1.903256334145610840e-07
2.723023151079725368e-01 1.130212993008258583e-06 5.930076742551312676e-07 -1.063087070455478850e-07 3.819090615008229390e-07 1.098243817535515983e-06 1.928167971032541668e-07 -3.414548555398344122e-08 6.468371204228823328e-07 6.183528717222264675e-07 1.014478626561310292e-07 -1.760553603898544573e-08 4.353378788339252293e-07 1.357485729437214564e-07 1.047555815905778842e-07
2.765128983200950685e-01 6.915224953999192331e-07 3.455169028406549725e-07 -5.606025112110054961e-08 2.257858298464604814e-07 6.593519654888359677e-07 1.138729007056145874e-07 -1.908880340713690102e-08 3.873489828117115649e-07 3.584511650786350723e-07 5.933984782268702486e-08 -9.463698240279268087e-09 2.656721359750994964e-07 8.274045921240716577e-08 6.434511508948059204e-08
2.807027537381580062e-01 3.498555554633106175e-07 1.909937549194580003e-07 -2.907316276204332597e-08 1.343716007296177285e-07 3.640546653752920976e-07 6.342861500927568386e-08 -1.116260617645432766e-08 2.298644197110739260e-07 2.104951030465258353e-07 3.434684843694235708e-08 -4.591119793631388917e-09 1.494230729030444274e-07 4.567480180494355234e-08 3.668968275286279296e-08
2.848857026249724811e-01 2.088229454526788143e-07 1.107184928295395965e-07 -1.615677664984405276e-08 5.964441255068364781e-08 1.888164411740953136e-07 3.233777526915768177e-08 -5.006810705251399770e-09 1.107549635006272293e-07 1.082697732310625145e-07 1.762851040065962492e-08 -1.604227392186476284e-09 8.236338046119604253e-08 2.353394402174257758e-08 1.762522544794393727e-08
2.890807262117984777e-01 1.186097197278134978e-07 5.969766412385398642e-08 -8.288986554902506416e-09 2.966729436315883609e-08 1.088694291376050565e-07 1.868861288838025659e-08 -2.919468571606536630e-09 5.544077598741477256e-08 5.474884353158529364e-08 1.202071535456993796e-08 -1.893140539885237237e-09 3.324036297773616756e-08 1.432360670530319729e-08 1.087179621005960405e-08
2.932785946948970324e-01 6.300193091986346864e-08 3.088584687826532839e-08 1.744412948059092540e-10 1.619803579142233096e-08 5.038626919537748821e-08 9.920808506086754075e-09 -2.392540662612583516e-09 3.374937354624358998e-08 2.723321202009467660e-08 6.084079533341612929e-09 -7.005455232202930420e-10 2.752210864488589525e-08 5.709476725999948250e-09 6.937442396373064397e-09
2.974321087309398370e-01 2.060767021449930392e-08 1.430265768881382896e-08 -5.484803138273686728e-09 1.257627260845481367e-08 2.735863882254654899e-08 5.676827485904880990e-09 -4.990677239607905725e-10 2.250121928726462757e-08 1.963648325302967866e-08 2.859176444438974913e-09 2.003092818352589839e-10 1.534008156357576339e-08 3.488724112816706562e-09 3.017691384976533729e-09
3.016123743882810904e-01 1.373739584953966785e-08 1.057693151005885442e-08 -4.205605893524919969e-10 1.151859030585464595e-09 1.528870041466423068e-08 3.759145142166795532e-09 -9.644910009589489891e-10 5.141338874031496825e-09 6.485005563515226225e-09 2.080731933179006701e-09 -2.645943828965552396e-10 5.300456196665945293e-09 7.670371413908737479e-10 2.838050750778923276e-09
3.058101292111336522e-01 -4.027071349433181772e-09 6.835561202099612375e-10 1.634484752551227451e-09 2.065062451536970086e-09 6.251274179605226473e-09 1.763627599370696188e-09 -3.397852893756693855e-10 4.509280786868803297e-09 1.064117060528955093e-08 9.898165341940272354e-10 1.482010610297431671e-10 2.760260856772913084e-09 1.783911488825454313e-09 5.740915604288885471e-10
3.100168993294901143e-01 2.696830380450675832e-09 6.786667785536378084e-10 4.029717166774756643e-09 -7.976849740523171194e-12 6.939218721069692635e-09 -4.180057379555688154e-10 1.353670315283416890e-09 3.237810533648439006e-09 -1.619631421967326290e-09 -2.431425477706167131e-10 1.669857013508706990e-09 7.039162555964486625e-09 -1.072605891492778083e-09 2.650733935046506844e-09
3.142092030053749707e-01 6.828092945562422361e-09 5.308653218701737276e-09 -4.071490639894694042e-09 -8.085571287264863596e-10 -4.543614734782506804e-09 7.732075454330038049e-10 -1.501572765396912720e-09 -3.676312607370843170e-09 -7.372415536834313465e-10 4.407254222459438989e-11 1.348894962729895373e-10 -2.113457775698939053e-09 -5.407846197364364467e-10 -7.696005299162474389e-10
3.183867557675504334e-01 1.795011729573907150e-08 1.272060252542799036e-09 -1.092404630766946581e-09 5.073966746749622531e-09 1.100702739103285364e-08 4.002990414268980515e-10 -3.379940409946497317e-10 6.656144363803859237e-09 3.866185387945993290e-09 3.429074827891973985e-10 2.714858312894813049e-10 4.931400145379690454e-10 1.390997044848572205e-09 1.339603755422360782e-09
3.225872781332082551e-01 5.562167038200909343e-10 1.278704628380675134e-09 1.034354641232920604e-09 4.535817990059381329e-10 -5.580338769052896692e-09 -3.157949664623406479e-10 1.529255254403504765e-09 3.664588356524121091e-09 1.528678014834674189e-09 -4.075137494454423266e-10 4.706565512797034591e-10 5.547303337844501795e-10 -9.578247961455548465e-10 2.692674709199400175e-10
3.267666109043823597e-01 -2.597433656260447437e-08 2.319008215857661647e-09 -1.893956307786698199e-09 -5.376711867201440771e-09 -4.623636705758827860e-09 -8.470807990200894639e-10 6.799198358365711850e-11 -1.603040130766541696e-09 -1.570728314243577300e-09 -9.587561114824054167e-10 7.672571387821943796e-10 -1.194535208153776151e-09 -1.309649789928636199e-10 4.758109416595601418e-10
3.309328770241455886e-01 -1.111267112065640491e-08 3.505937322396623111e-09 -2.607030810850015276e-09 2.823897384497047276e-09 1.182318586187762860e-08 2.123265730845039290e-10 3.515400439664905593e-10 3.212399618982616396e-09 4.348406657905847410e-09 -9.518164685172403851e-11 4.784263792928771830e-10 3.158739222706842709e-09 2.112768097875252954e-10 -3.423826444686655545e-10
3.351106074107195187e-01 -8.662934966062316708e-09 -1.051041215747095732e-09 1.981451727301403561e-09 1.805279364707684876e-10 7.643417929936078523e-09 -3.798207840071131072e-10 -4.016234051037263544e-10 1.040355567837244086e-09 3.587419675007009844e-09 1.140370892111654659e-10 -1.614665503610857904e-10 -4.923609151712889483e-09 1.223187299958936024e-09 -1.227813437997672990e-09
3.393095620710060434e-01 -1.034148528497875140e-08 -2.943366173993978763e-09 1.324668788661619209e-09 -1.062864464154674069e-09 -4.505096343089671702e-09 -3.166464854794472666e-10 6.562237479864764261e-10 -3.282926140073505466e-09 1.188120687620423476e-09 5.283552610376264261e-10 -6.043173658509261611e-10 -7.497546061024536653e-10 2.594513325041159053e-10 -8.245836309153573413e-10
3.435164896197421824e-01 2.582079971915057857e-09 -1.343110271006633404e-09 6.006075878531304483e-10 6.122362638331087752e-10 9.906832375382291172e-09 3.072546511739608151e-10 2.657359484101120814e-10 4.242808145042336615e-10 -7.460846309166757849e-10 4.964878575220228859e-10 -1.336120183434776048e-10 1.793743121401142518e-09 -3.612124605307914439e-10 -7.320015459952110957e-11
3.477107812306902690e-01 -7.125242910625793186e-09 -9.662800595075456276e-10 -3.725973959027608211e-09 -1.404192226928594318e-09 -3.091740740735047069e-09 1.077843173610724158e-09 -1.299464751672651079e-11 -4.909978891106402722e-09 -1.008344100139734089e-09 2.489928014603251764e-10 1.792093598310148717e-10 -2.004268142481606082e-09 -2.803467764129757305e-10 -5.253735563304322642e-10
3.518857617074659383e-01 1.344542678520899919e-08 -6.577775597044900001e-10 -7.299066585242974059e-10 2.020790359080527495e-09 4.029281911099868556e-09 -1.058188365574718988e-09 -9.607900213305423588e-11 1.546509273665223359e-09 -6.410559174920310644e-10 -1.012514382480741666e-09 3.324387543611462630e-10 3.581550385047477130e-09 -3.686016275225929502e-10 9.746257252184293254e-11
3.560773577310688554e-01 3.659390652031614641e-09 1.727801476412517537e-11 6.909581218922874868e-10 3.359216902506846276e-09 8.065295286546446250e-09 -1.048396176740991581e-10 -8.928140415551115424e-11 3.433379241435447786e-09 -3.121473091730602140e-10 -2.867427409611220805e-10 4.512831277146779683e-10 1.690858691468375296e-09 3.138891577513251899e-10 5.904824950350820338e-10
3.602869550449780967e-01 -1.536971980250645123e-08 7.795265437393769123e-11 -8.489749959202375894e-11 6.803192389904703885e-09 3.491537524166653747e-09 2.549223283547709243e-10 -3.760020891347267365e-10 6.921915069459874819e-09 5.640094731549491566e-09 -1.578976273076890340e-10 -2.608069264477340454e-10 3.133303987859800152e-09 5.329039770584931509e-10 1.067183572421310485e-09
3.644651285618699665e-01 -6.658162135585817364e-09 -1.227730477064770407e-09 -1.749153980229130271e-10 -2.126952214867394701e-09 -2.068672162496049922e-09 8.487712644207985773e-11 9.748967643921833191e-10 -1.060510676075161605e-09 1.392266403259672637e-10 -4.365713190450672199e-11 -6.331286151000608049e-11 1.360580508122396032e-09 -3.679594268847512005e-10 8.842183771209842228e-10
3.686396944457170921e-01 4.216969226585155499e-09 1.068392983561931982e-10 1.757672702023260951e-10 -3.215910135462840841e-09 -4.144066411151925904e-10 5.943849407884226016e-10 3.729235418961064051e-11 -2.040765414638965981e-09 1.677110698422604030e-09 7.054476010323179293e-10 1.627419006075146356e-11 7.578354083971827418e-10 1.121953875844170729e-09 -2.029674579562782483e-10
3.728293470315630076e-01 -4.045614022236552624e-09 -1.612725456849029281e-09 -3.067731011785213614e-10 -7.487684258478720441e-09 -2.743619177346603274e-09 -2.274687029967847473e-10 -6.113092595852791893e-10 -5.718119400796769642e-09 -6.346484500556446441e-10 4.362321589967933968e-10 -4.663582290196245090e-10 -5.837375331213773852e-09 -1.952760756275116842e-10 -1.698207485348760580e-09
3.770363921861874523e-01 -3.209612635946992240e-09 1.492931466040898176e-09 2.956066470744273954e-10 6.052005230089193976e-10 -1.348231952971145128e-08 -3.739057454249780733e-10 1.305969320188160904e-10 1.023028435161767049e-09 -3.650953685635130231e-09 -2.767375797364751892e-10 -2.293129674406278108e-10 1.882392718060063218e-09 -4.408358674473172759e-10 1.159180403725278660e-09
3.812363453093803867e-01 -6.061748163432666938e-09 -1.116257896819174957e-09 1.413464813924075881e-09 -3.347088587929417614e-09 3.252297661745492020e-11 -3.073048412421454509e-10 -1.996044015948587838e-10 -3.571679176280031766e-09 -1.091429822084427572e-09 3.767572117294842479e-10 1.581029760186122756e-10 1.577163903743432190e-10 1.355830387967481930e-10 1.293045278871544297e-10
3.854150971210312249e-01 -2.646710486188322129e-09 -9.569494133099193259e-10 -2.569063690928736798e-09 -1.758397246038539505e-10 4.021685989155866030e-09 7.478574143588383520e-10 -1.115000514179098820e-09 -2.493038944482619269e-09 -6.376882256674165192e-10 3.960423953129371368e-10 -5.126077573392955984e-10 6.693428079321353152e-10 6.031343714050801028e-10 2.081303527937627799e-10
3.896036578152083374e-01 6.295984404549489816e-09 -2.452119310392433129e-09 -3.077249725947975672e-09 -1.639830560434398991e-09 -1.182475445099399844e-08 -1.109885343683819419e-10 -2.642148720804457761e-10 -4.190112356416847857e-09 -9.806615385778718387e-09 -4.792297892904988615e-10 2.724649256175495497e-10 -3.301980867911898095e-09 -1.352825382999615671e-09 -1.299062185554444092e-10
3.937795161075864914e-01 -1.014101952510522673e-10 3.228254721297794505e-09 -2.454579778715682435e-09 2.707532690784653340e-10 4.360243536147976929e-09 4.773341572447651053e-11 -5.548376017649561819e-10 -6.419854061021484517e-10 2.359437594310719919e-09 3.046966436743188755e-10 -2.509110132564629021e-10 -4.196649550444987849e-09 -5.246953673182098441e-10 -3.503752154455800364e-10
3.979440095093054186e-01 1.707009279328721406e-08 9.245192348922967751e-10 4.461074022330982663e-10 -3.957931791315109343e-09 1.375601944482094573e-08 1.748565062460300779e-10 2.564233679610397001e-10 -3.755702637882221942e-09 9.942364629161510309e-10 -4.544675437345752797e-10 3.341489785359034830e-10 -3.639381891455624302e-09 -5.275830731811043827e-10 -2.202713057941543954e-10
4.021139069446590386e-01 1.078735171028162392e-08 1.059290025193899590e-09 -1.027268654394331340e-09 4.427569318588140538e-09 -7.247445955891823230e-09 9.620140693758405341e-10 -7.621037279316683323e-10 4.821157879148291821e-09 -6.153073120212594075e-09 -9.047519721748401366e-11 1.405033309897283262e-10 2.204547476691088276e-09 -2.050688189715314295e-09 1.338588478917538761e-10
4.063125452039867413e-01 6.616017733599148552e-09 5.758032812488111642e-10 -4.820646919439824837e-10 -1.068006504232707841e-09 3.675946408757803685e-09 -7.448418994373781087e-11 -3.025890733661173771e-11 1.910892064236588190e-09 3.218509797381049217e-09 1.214587267166787835e-10 -1.526340801874223476e-10 5.550940701952829992e-10 7.683051259379871467e-10 1.998484997680106057e-10
4.105412315868290918e-01 -1.727205177597540339e-08 -7.677980776799815177e-10 8.947649004526676940e-10 -5.092142755152750610e-09 -3.334833301439184219e-09 -4.648081479907643854e-10 7.288959362184240374e-10 -1.617381755095627366e-09 -2.404630397810139749e-09 -5.667317621896656256e-10 1.898080296710875027e-10 3.792574076644587177e-09 3.003908889499309890e-10 5.411937447107704223e-11
4.147348487769681458e-01 -1.001103590993557501e-09 -2.488502415240504359e-09 1.988149071204576182e-09 -4.193855055791465463e-10 -7.747816308192895049e-09 1.007440181895532183e-10 -4.908427589079080740e-11 -4.231518163309215818e-09 3.789095124901830073e-10 1.521076215938367053e-10 -2.916134264360869713e-10 -9.534943108001029858e-11 6.438487681791886380e-10 9.727947582808912803e-11
4.189107045044477284e-01 8.578237088990982347e-09 1.837395303476625158e-10 -2.522485326499892071e-10 -3.950231146061754920e-09 7.089811078383873335e-09 7.042220728928616285e-10 -5.631130843464539280e-10 1.833916769985027509e-09 9.784171804202402893e-10 1.316992570338528568e-10 -3.707955897654400793e-11 3.452896165388579586e-10 1.054223856592088808e-10 -2.376622935932779126e-11
4.230974437456921922e-01 7.043342201290714923e-09 -2.095351376790823104e-09 1.665023919625034886e-09 -2.181518433077361084e-10 5.891541594047889759e-09 4.241843557652056458e-10 6.235923213780414222e-11 -3.850630431703578494e-09 -5.236336247149392897e-10 2.765449931788691115e-10 -7.288074277352843710e-11 -2.742665610223489817e-09 -4.775091958215440953e-11 -1.693572985983780931e-09
4.272931011032126136e-01 -4.844632229401464187e-11 -8.670277131672263691e-10 1.114739538097807644e-09 -4.097653762141286065e-09 -4.865361326777017709e-11 -2.527143026822813822e-10 -1.133843300941197595e-11 -3.638757536848425898e-09 -1.701894220647440453e-09 -4.165919534362516578e-13 1.615961864119914421e-10 -7.929721796299837018e-10 -8.794304286922144074e-11 2.737325076458299235e-10
4.314914587673138180e-01 -1.412609503518040743e-08 -1.362802607701320998e-10 1.178169510886970018e-09 -3.713244122005389836e-09 -5.995547519134124454e-09 8.132058049072308452e-11 1.445789561334891647e-10 -4.384852629610963456e-09 -9.259910511355471840e-10 -2.035091825045996735e-10 1.467730962882980130e-10 -1.779364430209798678e-09 8.826803124668099129e-11 -5.757255309533878787e-10
4.356511643511531418e-01 8.075805809574476579e-09 3.366447542375640275e-09 -1.992039441264487083e-09 -4.338613647398903369e-09 8.820351379606366659e-09 7.636632728401664737e-11 -5.221031891814262325e-10 -4.287093393982642144e-09 5.115467195154097887e-09 1.690322185567269943e-12 -2.751721781220857016e-10 2.161772512691352359e-09 3.775237063412158922e-10 3.761732202209996820e-10
4.398424702607344750e-01 1.137680822391501405e-08 -1.359077105389161029e-09 -3.043192388407351319e-10 -2.611005693696565616e-09 1.141955795657695894e-09 -8.816820434185363772e-11 -2.803895711009826665e-10 1.542052596303946161e-09 1.690739636066120597e-10 1.054013486248601271e-10 -7.905926589443820790e-11 3.350908114755377816e-09 1.321181453986159465e-10 9.223873188646019756e-10
4.440501074980069407e-01 -4.767138868357717962e-09 -5.021369192518051223e-10 1.016996853906342588e-09 -2.474212172911145150e-10 -2.138766172617211191e-09 2.783792023305541592e-10 -2.991177050166357493e-10 4.301159205505912077e-09 1.512016796309791860e-10 -2.884767839046456951e-10 7.828270871090628895e-11 2.338814330287874018e-10 2.971812395914659322e-10 3.883977995254112701e-10
4.482267968899237842e-01 -6.263893667896935870e-09 1.508555504068167178e-10 7.487661358556556214e-10 3.769278644295903136e-09 3.275639725633989155e-10 5.601177027782563999e-10 -1.116994960946268183e-10 9.233795925710744234e-10 -8.789126146520150258e-10 1.184892147380983412e-11 2.240551224951582130e-10 -4.534992896026016265e-10 -3.865413160273868652e-10 -2.441385420126231847e-10
4.524052929840755577e-01 -5.668159457146774554e-09 3.475885231233229025e-10 9.771567810978377194e-10 2.467125601005785639e-09 -1.107397168337754843e-09 -3.081021681998295804e-10 2.284696442210338413e-10 1.916341726369577575e-09 6.695924897181502918e-10 2.209512665782827199e-11 1.021006174373326023e-10 1.806480186936587235e-09 2.014830075273118684e-10 -4.928775634879822685e-11
4.566090347930675253e-01 3.557664599087876742e-09 -1.709506453787354722e-09 -6.306869728536147770e-11 -1.404284740839285838e-09 5.398974795644954769e-09 -2.216124596720863694e-10 5.096466123805543425e-10 1.876804312469157642e-09 3.887428674900052674e-09 -1.455254309062363565e-10 1.273699364778849976e-10 2.550807490343969399e-09 8.191396239644224101e-10 4.436241431452934822e-10
4.608167319022857811e-01 5.313382301854426869e-09 -1.266072949671122565e-09 1.311301287693361748e-09 -1.121616209619360197e-09 7.371782580400161514e-10 1.342849403870188698e-10 3.921189951665870736e-11 -4.720102804310600640e-10 -1.572139631322520266e-09 2.651116049105089243e-10 -1.780217367933998908e-10 8.250936126064969242e-10 -3.057826149780845414e-10 1.144839558198490843e-09
4.649806979855051203e-01 5.004151290388660830e-09 3.864866424205297198e-10 2.584584752201496581e-10 1.828742918690250712e-09 4.790135550832193733e-09 -2.545752260912613749e-10 1.151993222287300409e-10 5.375264117728552583e-09 1.445327965699143129e-09 2.986389572091472423e-10 -4.320437429924094650e-10 2.320278683410980676e-09 -7.732795525780232307e-11 1.374616498722881189e-09
4.691538386770017222e-01 -9.027117906929794814e-09 5.297521747394898330e-11 -1.295614995157167269e-09 -2.188627002329518030e-09 -4.817850003754637180e-09 -6.756635482696376435e-10 2.245722893453611434e-10 7.040665425014636792e-10 2.829357786999973669e-11 -5.055378821906875154e-10 5.451435632679006516e-10 -1.019799115182918607e-09 4.067420513267755399e-10 -8.115813456688681676e-10
4.733478629909182445e-01 -3.414763090209754202e-09 8.899316155477271601e-10 2.713760365573816036e-10 -4.555720995084555279e-10 -1.178717922966214833e-08 4.050435543132277598e-10 3.397921524985120399e-11 -3.086965389480261824e-09 -3.094822760680142394e-09 1.243376253938888540e-10 -2.992566250021452082e-10 2.856203523875514760e-10 -1.632508174158648251e-10 1.459070594900005260e-10
4.775500538217637980e-01 -6.815535307215304134e-09 -9.526212288617722460e-10 5.434437846220028039e-10 -1.294700130903360272e-09 -3.951402845458210476e-09 -2.212377591457583056e-10 -2.044267331670174654e-10 8.229238326741638594e-10 -1.019438535004654065e-09 -2.547860991464473935e-11 -1.388625524586194587e-10 3.821570484340390522e-09 -1.313022218742835184e-10 1.286412645720896178e-09
4.817339644282710998e-01 -5.489856558606753517e-09 3.258458994623758765e-10 7.835791032531803942e-10 3.319187844481782314e-09 -3.738510620928617377e-09 -1.696723734476941750e-10 6.665085686413471771e-12 5.285694054043700779e-09 7.432859423893262519e-11 -1.483070257965833418e-10 2.570213924851417754e-10 2.866368163299603167e-09 1.408227918340976262e-10 4.585768927799469682e-10
4.859144464692263798e-01 6.638097606680481978e-09 1.191459413840467439e-09 -8.285348193951922105e-10 3.780905773640029277e-09 2.403893290882097167e-10 1.340537895192165932e-10 7.172611492937103523e-11 3.796762863296356461e-09 -1.928779041744968156e-10 -4.149112580516801841e-10 3.132098630615716818e-10 3.923607243332997687e-09 4.837316217453103775e-10 5.071754554302500536e-10
4.901252990058800885e-01 -2.192420758802806856e-09 9.701752107784555562e-11 7.569174676594834695e-10 9.029790381122091115e-10 -5.582045735272218830e-10 3.946033820305207677e-11 -3.203486438334324010e-11 6.329455574782948133e-11 -3.689224201047388809e-10 -5.681894463840415776e-12 6.008920548310586311e-11 -1.218248831270308055e-09 -1.848715988609526994e-10 6.512691212517545069e-10
4.943123444065962158e-01 -3.145977895474797699e-09 1.139005235263793636e-09 6.103263742020285649e-10 4.390866150987310960e-09 3.392677771087726485e-09 1.825839667388163518e-10 -9.091842390456504751e-11 3.986109784599943789e-09 1.027735979586170732e-09 1.273987671708097203e-11 8.598431551276101217e-12 2.711049572956580505e-09 4.921933399299543694e-10 6.639812372963825625e-10
4.984736335014697817e-01 -9.973401864798930432e-09 5.026854564238523206e-10 4.000661286272728063e-10 1.949135935565312125e-09 -3.723823072127017082e-09 2.576151537205929863e-10 1.457539216680449914e-10 -8.721209304213849223e-10 -2.953019371983955258e-10 -1.070897007182627007e-10 1.435504685864730932e-10 -6.978955409932332164e-10 5.934876606724462462e-10 2.414428605305295971e-11
5.026590164608074618e-01 -9.159657824398263655e-09 4.174108129298215125e-10 1.196384555484632385e-09 -1.748467339853245960e-09 -3.558110002191377456e-09 3.080497305556495529e-10 1.014029912269935608e-11 4.495250077157774438e-10 -6.747154996635996400e-10 4.216579163608880639e-11 -2.052606906544796421e-10 -9.071998787808969875e-10 2.692970578909230381e-10 -4.402944884468185570e-10
5.068609875937976073e-01 -1.137948882367795569e-09 -3.631686364216572421e-10 1.478293901381582363e-09 -9.798504463833012725e-10 2.737363353706922626e-09 -2.728424139718971808e-10 3.464689269926105899e-10 -2.151211766456517782e-09 6.754664030669989083e-10 -1.647609100066408679e-10 1.993612583541521443e-10 -6.976767144125687556e-10 1.054874591841240995e-10 -3.019895814098116866e-10
5.110594965365916620e-01 -6.267882822389689035e-09 4.104075776761156399e-10 -6.410824252130901740e-10 3.569745322526926591e-09 -2.860433920343944909e-09 2.781094732281981761e-10 -1.331824090773594435e-10 2.383413183033326979e-09 1.133945027063449667e-09 2.955254209919778725e-10 -2.948912684498950928e-10 2.926198175512358075e-09 6.051439539974955411e-10 8.497088386262949348e-11
5.152492140965455603e-01 -8.089781179534621611e-09 -1.679381426624493682e-09 1.081151923876985198e-09 -6.383799540268137459e-09 -1.106989776786617531e-09 3.224023285538506626e-10 4.080900862450747398e-10 -7.294815978458771154e-09 -6.441436444853436441e-10 1.252698467288083124e-10 -9.871479091705674594e-11 -4.231955479150063298e-09 -1.687037378534890097e-11 -7.476245509595188109e-10
5.194329442812991582e-01 2.353366682927974324e-09 -9.332223261283888694e-11 6.806241407775337587e-10 3.135130148402854604e-09 2.652447873435052885e-09 -2.425677202850020730e-11 -3.873171293766108095e-12 5.532572728901839584e-09 1.283127688256037063e-09 -1.185184663363235701e-11 -6.183222659830208963e-11 6.547813992841909012e-10 2.540143087936529749e-11 2.452198346062025191e-10
5.236343964239100757e-01 5.554762007604445258e-09 -8.942709530376196368e-10 -6.502607737551254642e-10 -1.625792165778069509e-09 -3.323680221631135226e-09 4.962450892492832022e-10 -3.426833859780563226e-10 2.673606692197675965e-09 3.157962464324602885e-11 8.531678150171275738e-11 -3.741016032268125691e-10 2.408329418832932525e-09 -3.285150243376414680e-10 1.063787619443385255e-09
5.278273205415198177e-01 2.922563884879239205e-09 8.284214457383647255e-10 -4.131602540550381706e-10 -2.114381072455672077e-09 -1.738873129486538076e-09 3.293239384781759918e-10 -2.393983282627965467e-11 5.866951895780766014e-10 -1.250994961232538826e-09 -2.886763751943028258e-10 9.202033528507112728e-11 -7.697768027284165969e-10 3.682907957396568409e-10 -3.154179824097464299e-11
5.319960279023402405e-01 -6.998147040170420630e-09 -5.938075558323689024e-10 8.586693019969161322e-10 3.821012443929460737e-10 -5.125651241825657632e-10 2.411538098075198321e-10 3.034180916723189479e-10 5.346901571450478758e-10 -9.115589779138609477e-10 6.725313376011435252e-11 1.319956750285403169e-10 2.652812489640060826e-09 -5.785317179318024621e-11 5.733969192573949194e-10
5.361714592099571242e-01 -4.873813991329050876e-09 -5.376743680853558409e-10 1.190248265949985630e-09 2.234580268441712199e-09 3.288440248284694534e-09 -1.346529605502442119e-10 2.330410247700800509e-10 1.789703870650820335e-09 -2.828503933202933324e-09 -3.317386151281169546e-12 2.066333795002432209e-10 1.590454330161780530e-10 -6.324246128240884292e-10 2.049649531557153725e-10
5.403746330902056139e-01 -7.344699053042384963e-09 -1.444355952871442638e-10 -4.436406585413817857e-10 -3.800690917424333071e-10 -8.915371440749451070e-10 5.042240767977846739e-11 -5.197750607269199169e-11 2.032416664652716729e-09 4.770690463770334909e-10 -1.109120383154863836e-10 8.727025313815923129e-11 1.783189920981444810e-09 7.722826010560213402e-11 2.323950518762212167e-11
5.445761264886261888e-01 -1.711917679157504163e-09 -4.904054550442499069e-11 -1.314997829253238258e-09 -9.298446125437358189e-10 -1.589530911036534195e-10 9.394020263955942954e-11 -6.312250989605150720e-11 -3.946107353960712534e-09 8.291573417880299919e-10 -1.935519348781205837e-11 1.138181716919251522e-11 -1.007590075752436836e-09 -4.810786238266203215e-11 -2.261385581244130323e-11
5.487504490749764985e-01 -2.368030434561752799e-09 3.798686050667547082e-10 -2.156878687533611446e-10 -2.302654228566687210e-09 1.416126421451134607e-10 1.052577344629189902e-11 2.452134923755764443e-11 -1.041692183066232324e-09 -1.051315502467573712e-09 1.614261218476698846e-10 8.183499979233618541e-11 1.025259085965721776e-09 1.815754782947735485e-11 1.422332913497844658e-10
5.529407179677009454e-01 -2.486180434431150545e-09 -6.561026807448177840e-11 2.797491358369093567e-10 -5.669486858081159876e-09 -2.069739669933453224e-09 -2.657865397905794920e-10 1.177141813699918163e-10 -4.507588260197068177e-09 5.289511944412660351e-10 -4.806778311361619902e-11 1.477354987758483404e-10 1.912428734509290851e-10 -3.701101263885294838e-10 2.609311713315422433e-10
5.571409157079509900e-01 -6.115428415466621182e-09 1.477702380947648125e-09 -6.218868265315296927e-10 2.387107677800858084e-09 1.408859541714907176e-09 2.768167802601476396e-10 -3.367679684893385249e-10 -3.965037900548292060e-10 4.778927211649875361e-09 1.552190933935171092e-10 -1.011745420205925542e-10 -1.479671785424614049e-09 1.658489770496538672e-09 -6.825338425433177159e-10
5.613298693710127019e-01 -3.471129525701112331e-10 -1.707855302860010091e-10 -8.112347772091796671e-10 -3.446533487820180278e-09 -6.520160275259931620e-09 -4.572871556513609669e-10 -1.343260267007791100e-13 -4.962693699345486199e-09 -3.387754074252388855e-09 -1.891137811336436798e-10 -7.211532561102032871e-11 -2.696141179049909490e-09 -3.842025125342754710e-10 -6.001115731183339828e-10
5.655062246218995892e-01 2.303785844123302249e-09 -6.298019728802986231e-11 2.526338070052010190e-10 1.312533405106173579e-09 6.147754785516770033e-09 -1.265936724869653876e-10 8.572893681728200444e-11 2.995784875867157912e-09 1.141307452740603716e-09 -9.290365495550233545e-13 -2.834145930945313463e-11 3.657573513396296204e-10 -2.424608662408860881e-10 -8.639846743172609317e-11
5.696867424029971039e-01 5.601489800717114717e-10 -2.377118585629444597e-10 -4.995398927239030065e-10 -6.962628135654692197e-10 -5.668573953769265200e-09 9.582892045692077041e-11 -4.147984045568831927e-11 -1.887051005149673865e-11 -2.170713346023378501e-09 9.376691190778051965e-11 4.038194032808259364e-11 6.477924091722013559e-10 -2.551930274407333033e-10 4.895878198968793943e-10
5.738956954203543459e-01 -2.709579612127692774e-09 2.141499503010897253e-10 -3.437419274067022969e-10 1.299482640006340461e-09 4.673001323739007722e-09 -4.207841115549775691e-10 2.345618876115809742e-10 -5.331520982061784106e-10 1.517015593331542502e-09 -2.805314911055180484e-11 7.699379871501607725e-11 -8.850623066835530211e-10 3.784175324846363908e-11 -1.879031091131568571e-10
5.780928920821047923e-01 4.793495781876760168e-09 -2.056347537599471031e-10 -2.400185199348433327e-10 4.646941628147558802e-10 1.753290861681939795e-09 -1.137977710639181942e-10 1.188853302527826421e-10 9.632546521220665055e-10 6.599191435433418156e-10 -1.549359807222905335e-10 8.312724654008293493e-11 -1.311122446888242150e-09 3.631810061745783865e-10 -7.382443856325518576e-10
5.822632071880226023e-01 9.501785217541935543e-09 -3.145506816389064867e-11 -2.698224526646969032e-10 8.738175006006759342e-10 5.407522512383995085e-09 1.776244832779567574e-11 3.326531667153374331e-10 4.766315524401333985e-10 1.555606476863623735e-09 1.097625891111197657e-10 -1.107381321651757977e-11 7.277460918683486610e-10 3.288514458603542590e-10 1.038490464077489771e-10
5.864430803127811398e-01 -2.652776330419183188e-10 -1.756410855940929549e-10 -8.959469605520062592e-10 9.128418108955594166e-10 5.179124370479704398e-09 3.187696204159028853e-10 -2.301064561185832590e-10 2.940769096439751046e-09 2.430654124801023512e-09 1.012018527297306000e-10 -1.071386660086568297e-10 1.106330081949384381e-10 3.135202288631276809e-10 -4.361459294571606588e-10
5.906376733072625784e-01 -8.671049248480011706e-10 -1.004236924915104065e-09 -8.472780961134115350e-11 2.104785767092617418e-09 1.016182485251544700e-09 -8.103368295562255199e-11 2.784728906155130781e-10 6.336246722760277077e-09 1.942560089578101231e-09 3.805071063356427858e-11 1.338772299629550243e-10 1.627536215999305875e-09 4.668220352616189412e-10 2.537580546544014387e-10
5.948356627105599870e-01 7.225382250038444477e-10 -5.119808638521286509e-10 1.560596524700047298e-10 1.148934788278418892e-09 -2.341829156075926672e-09 1.779698398285983205e-10 -4.828780832161357695e-11 -5.752891395386550893e-10 -6.927054333045655477e-10 -1.220907241680340574e-10 -3.187184709749911523e-11 -1.165864011861853092e-09 2.512372149769175295e-10 -7.210611629297383176e-11
5.990145239901687457e-01 -4.037901091812910945e-10 -2.857632939238536356e-10 -2.129237851454463536e-10 -1.178483667187295639e-09 1.202012975550517634e-09 -9.054357253475924966e-11 -9.305393634700372920e-11 -1.183347346484864901e-10 -6.432655429040248552e-11 -9.123795692914636132e-12 1.103229821004677182e-10 1.562524438061324211e-09 6.241361186563959120e-11 3.933361786488451378e-10
6.031829950841108845e-01 3.994330983739369242e-09 -5.638641623525911810e-10 4.957938807244940157e-10 -1.606457126138808880e-09 1.079994304645372531e-09 -1.166144329564417789e-11 -1.149695286791784108e-10 -2.205500778585219691e-09 -1.713586640993774993e-09 1.943756954830839029e-10 -4.386889988174351415e-12 -1.358671915492800061e-09 -1.763052723172898562e-10 -3.715465796639967947e-10
6.073740526175752663e-01 -1.279458312231448498e-09 1.407811054927768383e-10 -2.870914379176571722e-10 2.132820000798163616e-09 5.837974403578572765e-09 -2.406716828675393582e-10 1.520460932629334660e-10 5.244113650482445156e-09 5.057192928064724941e-09 -1.138507275863584408e-10 1.621458387854104135e-10 3.312199201213813880e-09 1.218711010568999732e-09 8.190334276089143856e-10
6.115768023320514724e-01 6.212431938648348187e-09 8.331686007881132825e-10 -2.902379876779121798e-10 -1.959326072105880827e-09 6.270564652774146784e-09 2.154015894787818388e-10 -2.452631460384506458e-10 1.325559140055984221e-09 1.028966433746424486e-09 7.164074894289081426e-11 -1.000046558663760449e-10 -1.000674779533522880e-09 -2.459982364786359315e-10 -3.163502824473531754e-10
6.157710000000914397e-01 1.280349266276254860e-09 -9.669929379299557574e-10 2.427451212153563009e-10 1.762653072139481494e-09 -2.799540451165019549e-09 -2.493244075357504484e-10 1.934139506857472808e-10 2.556734027591375873e-09 -1.143582418873532952e-09 -1.929743916103652538e-11 3.607302174608673041e-11 -3.107846301129683494e-10 4.038868097653320083e-10 2.624714056053936148e-10
6.199632023912512446e-01 -1.418001253294139514e-09 5.904747474925572694e-10 -9.018340307974888244e-11 -8.969259289401539422e-10 -4.521942312839395424e-09 -4.138929911883532708e-11 1.830394703269902991e-10 -6.120546021272608870e-10 -2.518649454327347309e-10 -1.394263007928827997e-11 1.301599237958236757e-10 -1.394280320888142010e-09 -4.530622580489278708e-10 -5.705803817219087376e-10
6.241630060990407403e-01 -3.969396430190801598e-09 -4.988724151837961814e-10 3.272308637778442047e-10 1.922722294210809045e-09 -8.793174085378829533e-10 -1.461816074630704506e-10 1.710485085349932378e-10 -3.216149328114508089e-10 -2.792410686055841797e-10 -9.836576828696557734e-12 -1.144866438372070411e-10 -8.733800983237179385e-10 -1.877196804779905774e-10 2.781900161610498493e-10
6.283593402461892241e-01 -9.448158469376216257e-10 5.218208117121206137e-10 1.167023441725186117e-11 1.170056016837837249e-09 -7.211960036823176621e-10 -1.399626790486998476e-10 1.769987423718689256e-11 6.368615853332490861e-10 1.582099428242723538e-09 -1.360690819183749561e-10 1.102939106170894513e-10 8.049120914303464144e-10 1.190727079459570286e-10 2.788651459547529798e-10
6.325410955997395890e-01 -2.686739647584304697e-09 -4.928679648228584524e-10 3.291195496970592228e-10 -1.587548481318957906e-09 1.631227802362039761e-09 -7.077596108511269888e-11 -5.177731618012023543e-12 -1.618956369272592591e-09 5.811354828852201913e-10 1.158895087408999945e-11 2.309174261724618808e-11 -4.442498103983638476e-10 -6.372944860132499555e-11 -1.932904818906340755e-10
6.367142920629192959e-01 2.087984131236173505e-09 4.551257239746222505e-10 -4.720981727934233280e-11 -5.489293696557230310e-11 -1.666277874568970766e-09 9.938205722089608994e-11 -2.034527656639316259e-10 5.077366257046828212e-10 3.008871238828689003e-10 1.130043668727379959e-10 -8.405698082452765687e-11 -8.063742682422781881e-10 -3.038077374340635446e-11 6.163346214837039747e-11
6.409035099394975177e-01 -5.714905768186775887e-10 -5.777138611978906189e-11 1.655638998481202923e-11 -3.052507670219897694e-09 -1.472886632778390023e-09 2.347735699869669811e-11 3.688021801562825552e-11 -8.181348511205714862e-10 -5.121954533566814998e-10 -7.394581019671903217e-11 5.773545404646365772e-11 -1.123270833174474310e-09 2.405374155231686195e-10 -1.072826328514922367e-10
6.451032402190634008e-01 -7.902697969167900838e-09 8.187045992106078867e-11 2.297914838012684548e-10 -1.240969380439858084e-09 -5.166490510808510742e-09 -1.049247831712746731e-10 -2.891384045171957498e-11 1.431464697403899630e-09 -2.128621535888613611e-09 6.904423358933399975e-11 -6.069206856658509838e-12 -4.731433053045746438e-10 -3.878714278798969918e-10 -1.338640592773961179e-10
6.492879941711476866e-01 -6.518123202096780031e-09 6.253837148808875900e-11 1.344342796869716533e-10 -1.240625604792160170e-09 -2.122784247726402781e-09 1.572429919206604156e-10 -1.822712062101549985e-10 3.265240627241412525e-09 -1.901482178176369989e-10 -3.436788602324909473e-11 -6.117097911106681732e-11 -6.527603064780704684e-10 -6.307333840746416422e-11 1.047452105322955590e-10
6.534659541563927476e-01 -6.132444975815054046e-09 -3.608862654099540619e-10 -2.212436065757755871e-10 -3.964379077333690364e-09 -5.362395938830037519e-09 -1.113215829475913995e-10 6.761027880396458366e-12 -1.845417388295517604e-09 -1.481155438047091130e-09 -7.846761749882355146e-12 4.324034183479003490e-11 -1.117400947887417505e-09 -2.606222906071528357e-10 1.849146668050510785e-10
6.576591076962554627e-01 1.210841795209241914e-09 -3.245202952757451582e-10 1.162011357866246314e-10 1.911935516505959950e-09 -2.278426677226219446e-09 3.337194206604413576e-11 3.073576409076011087e-11 1.193616733317111014e-10 -4.422868456385443870e-10 3.774054483045692728e-11 4.804695456987344029e-11 -7.589873956354078054e-12 1.772453161130424177e-10 7.426362497769152314e-11
6.618529307405217610e-01 -4.969962763322197595e-10 -2.896151467608283262e-10 2.026499281512820314e-10 -1.549523008855576193e-09 -1.825497565222690010e-09 7.915747086020352493e-11 -3.868088966935422070e-11 -2.504068726381000806e-09 1.478282570822365100e-11 6.809658348363907655e-11 -1.327949500922388541e-11 3.268428150599152853e-10 -8.232967213459495798e-11 -7.643653387428223327e-11
6.660240791386257131e-01 1.968611690732864000e-09 6.266684224700302349e-10 -1.441499634150635141e-10 -1.077689022368896388e-09 -5.796818598519954489e-09 -1.858567096612540546e-11 9.643761570262195124e-11 -1.459886226710534903e-09 -1.653635654595103434e-09 6.150317847286168116e-11 -4.188156252022440012e-11 -1.390480747177186780e-09 -1.621393142802963803e-10 2.032987913143628494e-10
6.702067828716186115e-01 -1.158369629296027121e-09 -2.682344420531972059e-10 -3.469475958372648384e-10 -5.734637746402725587e-10 2.513557956286667079e-10 -2.413911921808340793e-11 1.888181656372765079e-11 -1.048310366253022233e-09 -5.030257360981819323e-10 3.713452488980081294e-12 9.951690586472727056e-11 -1.133945635669092638e-09 -2.888989718785196413e-10 -5.483743458268111469e-12
6.744172070879622671e-01 3.941631706454989822e-09 1.688799362296604718e-10 -7.204532708409457685e-11 8.471749628669428118e-10 -1.006512681384416020e-09 3.516334354387470567e-11 -9.716843175151243511e-11 8.588938425966892691e-10 -8.678425782139898671e-10 -7.277552043692075943e-12 -6.338503926630684256e-11 1.547317659846507856e-09 -3.401969579632931758e-10 -9.276377594415701754e-11
6.786118453466847278e-01 -2.099377954682946564e-09 2.323155433892233470e-10 4.098833379268377734e-10 -2.705099839945331019e-09 -3.427804943967248975e-09 -1.074947923729773495e-10 1.549019853343197577e-10 5.572453157567895246e-11 -3.533172984511117410e-10 -1.751873303171723259e-11 4.565940696324220748e-11 1.673078047443111909e-10 6.233528444887115521e-11 3.127926391938105418e-11
6.827984616056306244e-01 4.570494589972049958e-09 -2.555894463695811405e-10 -1.278609655139859860e-10 8.558435148617026987e-10 3.130851839901461723e-10 -2.558948229646467466e-10 1.444988034039717781e-10 3.017142677267098583e-10 -2.747731815025539100e-10 -1.259731188096908955e-10 1.501707092557284172e-10 -1.270495973485076679e-10 -1.125320782190023184e-10 9.655436331404358855e-11
6.869817177358829019e-01 -1.388254705190580561e-09 5.462367193383694918e-10 2.296501598749042919e-11 1.421477615143155146e-09 -2.103093361224390777e-09 6.694918354721995028e-11 -7.076254266728323028e-11 6.668936968438290681e-11 -3.466249575151701272e-10 7.955859112858915729e-11 3.540517206502225288e-11 -6.797854194636198548e-10 -1.483868177462422646e-10 -4.463448835029054832e-10
6.911718524128840357e-01 -2.532405605800280813e-09 1.678418539386939835e-10 1.651889121409187144e-10 -6.213233358908146339e-10 2.868804694942107062e-09 -1.608103448664796822e-10 9.425597003673401128e-11 2.170508711918547799e-10 1.337683917079667762e-09 -9.120059059217959295e-11 -4.295748554621200758e-11 7.378520478368755724e-10 2.955491250691193755e-10 -9.692524787834086536e-11
6.953555746427921846e-01 -1.866876456918025558e-09 7.043520723802824928e-11 2.435229893399919011e-10 -1.586504312734997443e-09 -3.363065229332973650e-09 2.077962673533507418e-10 -8.747171493481440416e-11 -2.071723501458712575e-09 -8.667031768896379586e-10 -8.170118461468737863e-12 -4.674218201947465991e-11 3.819769153591566182e-10 -2.598639724487733094e-10 -4.824679750566966811e-10
6.995344561305086861e-01 6.438056300124324476e-09 1.876052072682781871e-10 -2.632775427991337458e-10 -1.496932366340342794e-09 4.251226913794073671e-09 -9.516286355220304482e-11 3.053437155730667554e-11 -9.801897985814719398e-10 2.511999267722704633e-09 -1.983519613110733732e-12 -5.816230753127838746e-11 1.829594974227985273e-10 3.531833676897054700e-10 -2.596964471934365639e-10
7.037287066792784485e-01 2.629019360200696070e-09 3.671376228050688037e-10 -3.901920657103004268e-10 2.408282072523135476e-10 -1.941129375862479411e-09 2.058848161875581945e-10 -1.656006191771971613e-10 -4.312902299191843585e-10 -1.619233250164713377e-09 -7.668107380466374113e-11 -8.708731605717531671e-12 -2.076655330088188851e-09 -4.939545477836321436e-10 -7.284399956710780834e-10
7.079143033440539190e-01 -3.969543939487252451e-10 -3.721654977883565263e-10 -1.569951924790619272e-10 -1.153024939327369294e-09 7.976704047788247688e-10 7.726345267013166430e-11 1.121401696485135073e-11 -2.806330638434508500e-10 -4.030495704136381446e-10 -1.763678968460375738e-12 -6.321946712285568065e-11 7.552801383099659955e-10 6.138171285648479612e-11 1.995682476846904462e-10
7.121186686741065586e-01 1.167824563912724410e-09 -4.489013480200143441e-11 2.990378594870361580e-10 2.362351817944327610e-09 3.208619206802717417e-09 -5.350440263412302061e-11 -5.078088678912059695e-11 3.424729150488840746e-09 8.338251161985963483e-10 1.885558378285698239e-11 -4.651736923037711391e-11 4.760815177648571956e-10 1.102292216687890829e-10 1.171020943869856948e-11
7.163134555705721329e-01 -6.791069865958340148e-10 -3.023612786538910995e-11 2.211723640987392491e-10 -9.906181384776497946e-10 -2.161008857930147250e-09 -9.243567019612608800e-11 2.820088254550424763e-10 -1.246028695534448802e-09 -3.526726131333330990e-10 3.888304537669815349e-11 3.723718591371695479e-11 -3.188802344339440232e-10 5.542943194061336074e-11 -2.506926114074194135e-10
7.204913713645887396e-01 -4.597663092759239951e-09 -2.264021596158736550e-10 1.118606383805761018e-10 1.896916405031712980e-09 -1.989002490283937381e-09 -1.797433795172532625e-10 -3.294542269549362739e-11 1.320476802071632472e-09 2.508117089226973953e-10 -1.165126780093904661e-10 6.635622654309969679e-11 -3.368597921284581990e-10 1.344152024384151296e-10 -1.100335335144605402e-14
7.246803275165087932e-01 -4.520374318073355718e-09 1.760343195049626451e-10 7.799942827247860081e-12 -1.562409459572050984e-10 -3.711259872080969600e-09 -5.917217725563791688e-11 8.493598659355974898e-11 -3.066593415989380151e-10 -4.869758377083001300e-10 3.192705067057843300e-11 -1.669584580733907980e-11 1.347568052470378755e-09 -9.654570269290577233e-11 1.330298059498118854e-10
7.288763115175647123e-01 -2.991013838321412451e-09 3.718696872392510429e-10 -1.365916587164862473e-10 7.351431704904191146e-10 3.214804375462845450e-09 -1.457510797391359185e-10 9.347611247494441314e-11 8.912930609602554791e-10 1.832577664194848793e-09 -2.815925725088108845e-11 2.976818971812454467e-11 4.821250524029619338e-11 8.445933768937317245e-11 2.502981204099232124e-10
7.330585840505703388e-01 1.510266515242877270e-09 -7.105972063981863777e-11 -3.748173688048697262e-10 -3.552165429178176063e-10 -1.834046686242305243e-09 -2.059605678958001588e-10 7.219024691256755731e-11 -1.628496738942366110e-09 -1.018877450348513024e-09 -2.270266164306964320e-12 -2.773610113987147954e-12 -7.854176508754052820e-10 -4.566994565965064674e-11 -2.308733165755672900e-10
7.372316440474646626e-01 2.173910621195200571e-09 1.629182747445750642e-10 3.610778804958633697e-10 -1.937374669222518281e-09 9.562232505774133588e-11 -7.448729717051138263e-11 1.692846956344054326e-10 -1.752009706458736640e-10 5.550521306496261265e-10 8.821929116124208859e-11 -3.625573041060737328e-11 9.155244751041543569e-12 2.656262604969648686e-10 -6.450148546153386703e-12
7.414228560306842519e-01 -4.852196042743764703e-09 -3.878973349521597951e-10 -2.367748074752946094e-11 6.221558255477762308e-10 -3.650960940813064801e-09 -2.132451567521895772e-11 -9.193309704377040146e-11 -7.751847948191831399e-10 -1.368027140729444217e-09 9.123722957162969857e-11 -1.332412949182068314e-10 -3.283892725086760193e-11 -3.453003324148561481e-10 -3.769557693414216833e-10
7.456189213758863676e-01 -9.808107728631073964e-10 3.775938182256909103e-10 -7.792988337451664608e-11 1.509765303222387335e-09 -8.299338398357892330e-10 6.481227483753881491e-11 -1.478866257935844937e-11 1.828020116865608943e-09 1.734396182458163873e-10 7.901571792842000217e-11 -6.323738350432094402e-11 5.565862588819472446e-10 1.550959021263044686e-10 -1.890953367061112988e-10
7.498104337627916616e-01 6.694465654695191930e-10 -1.219873205790857573e-11 -2.805689696005855081e-10 1.049534608740773911e-09 -1.015458434341748781e-09 -1.991852865809466432e-10 4.851129084630731334e-11 9.457140729792218457e-10 9.716565986026678412e-11 -2.000586929150015118e-11 3.134049070956996338e-11 7.123542056231168535e-10 4.610676089300807234e-11 9.476212030202145199e-11
7.539974189770904944e-01 -2.358746152853827666e-09 -2.409437471081365672e-10 1.360278130719835755e-10 -2.758968344010340339e-10 -3.752400241673739401e-09 -2.098546120332745398e-11 4.933854426290219431e-11 3.509030132333314577e-09 -7.287393964368552221e-10 4.182660464331579477e-11 4.381395210542262161e-12 1.218629153058618495e-09 2.346732263408258808e-10 3.264738606486104550e-10
7.581896411468850294e-01 3.153954504477801252e-09 -4.686879487009429415e-11 1.622334884173392589e-10 -3.324809601367801661e-10 2.843564403603361090e-09 5.625569787788068908e-11 -6.435841838837543962e-11 2.078558868030107667e-10 2.814712879378078363e-10 1.138568879975808150e-10 -7.746705420495880962e-11 1.329195190866126962e-09 -1.484187352973055042e-10 3.297277626748637253e-10
7.623808615479977790e-01 -5.363078356391335849e-09 -6.559510195172778556e-10 3.911687780666925844e-10 -2.131385647842247960e-09 -4.238330429362661719e-09 -3.093603267810012120e-11 4.090086660033049585e-11 -2.152451600501453885e-09 -1.188416523939635979e-09 -2.248565613873967063e-11 5.665821824880778584e-11 7.916987302625867477e-11 2.796173848374178273e-11 6.865719985324037284e-11
7.665651159623174671e-01 -7.815161592083679520e-10 4.006909808507558400e-10 -4.399987241904829892e-10 -1.233522246740530355e-09 -2.987483852324685846e-10 2.922232376477442266e-10 -1.724399121446455861e-10 -2.060149474447531448e-09 -9.312031691826032873e-10 5.348470270574507594e-11 -2.268144591355120289e-11 -2.282303144111079161e-09 -3.853390561321618601e-10 -4.245774572543599719e-10
7.707536355579491794e-01 5.368395994727374542e-10 -3.931921208543581976e-10 -2.079614466182137156e-10 9.185186641306026706e-10 6.883805928322314658e-10 -5.357533621261865965e-12 5.644117602032511501e-11 8.913746368531971047e-10 8.267051720607182742e-10 1.693595831838881783e-11 3.619843608821086072e-11 9.850603504019777410e-10 2.374411285669298830e-10 1.722432119545464228e-11
7.749462413082437440e-01 -2.885403615833713745e-09 1.496922279902734052e-11 -2.744847407236705277e-10 1.567358134188014404e-10 -1.711459519540520502e-11 -1.092775378438535521e-10 -6.297017478274873555e-11 -5.019212208286609720e-10 4.989310337565135628e-10 -4.405294951981594898e-12 8.670168578144389357e-13 3.243878077893130317e-11 1.105747498640202585e-10 -2.908343054402819925e-10
7.791369682448587852e-01 -2.627232849193689065e-09 -5.551078180242628394e-10 3.073578281567997612e-10 -1.568096016139572324e-09 -4.950201218362768841e-10 -1.978501452016090346e-10 1.035659825563021146e-10 -1.000935872195084710e-09 3.770632514848900025e-10 -3.877100818610375928e-11 3.693169249241510270e-11 -1.044722737945482183e-09 -2.699265670430936874e-10 -1.939705624315838156e-10
7.833258353347896108e-01 1.630125996038070392e-09 -2.477484807120391899e-10 5.667702698370089188e-11 -1.889846033870833076e-10 -3.891401857330524316e-10 -1.141480351400439762e-10 1.510647825391832979e-11 4.506521353376446189e-10 3.880637093982373987e-11 1.255027861869066280e-10 -5.747214214319349297e-11 -1.711882441750987810e-10 -1.505037280597089442e-11 -2.715176066060726862e-10
7.875159900600451346e-01 1.213538139668748199e-10 5.461306581633817263e-10 -3.859094540247811259e-11 1.560221524716004582e-09 3.306761801354602571e-09 1.999762278300955876e-10 1.047172622309136436e-10 1.795809172217402853e-09 1.627699602886737657e-09 9.763151530527337546e-11 -7.009522157874684946e-12 1.604898533207763947e-10 4.229240630089171602e-10 -2.752699832739841065e-10
7.917084457625156446e-01 9.944953460225826695e-10 2.302522015583610309e-10 -1.589646733157390168e-10 -1.646007648374481799e-10 1.287047547685094962e-11 1.475502159724893354e-10 -7.377906275147123082e-11 -2.064761400497625078e-09 -5.695147188018751698e-10 4.710003014038833948e-11 1.523839014325797409e-11 -4.775679832572635787e-10 -1.337912311720502883e-10 2.429350688077628704e-10
7.958821468706197555e-01 2.511964034451173070e-09 -3.125724703919653014e-10 -8.916584994487166533e-11 7.953343846028904916e-11 3.238503031883316535e-09 -1.881788614204151909e-10 -6.717422615552335397e-11 2.369499047635013436e-10 -4.567320126845888734e-10 -1.474587549203369938e-11 -9.523542899187380359e-12 -6.375718962329344846e-10 -5.953407345377858463e-11 3.019047214859324633e-10
8.000624692379799674e-01 -1.827918954785904388e-09 -1.423913331231998662e-10 -2.355443321478120587e-11 -8.570622532503772960e-10 -1.646266275468609185e-09 -2.607833177563497686e-11 9.123881185509173340e-11 -2.252541253461341558e-09 6.901516709526239327e-10 -1.053898443867763140e-10 -6.034391683115788488e-11 -3.909357710218671570e-10 3.709603340558778371e-11 -5.069418188476473087e-11
8.042564613727184453e-01 -3.540247638391210930e-09 -1.491008063874593807e-10 2.639915119777651054e-10 -9.311982046430016861e-10 -2.470720927185021379e-09 -8.839792969533529929e-11 1.320662522074908869e-10 4.566157442034073780e-10 -8.549869375621477517e-10 -1.826894304635685187e-11 4.761731266211820638e-11 -1.034841377598590934e-09 -2.171230115008692560e-11 -3.954254977877841487e-10
8.084384822996342201e-01 -3.404086056251783052e-09 1.235910721266760755e-10 -1.199793523713985791e-11 6.422173225730929832e-10 -4.252786337115768427e-09 -1.771928571880995778e-10 -3.945309406589060908e-11 -3.871845513064589894e-10 -1.049133103770247078e-09 1.283623784474421940e-11 1.320202550189184109e-11 -7.548847693387172664e-11 -7.464025075681970144e-11 -2.991076648480518372e-10
8.126333810499198895e-01 -4.846040670389433566e-09 -3.729303229499838368e-10 3.709086601843215773e-10 -1.834656232913184232e-09 -3.204513989944185079e-09 -9.750180445553103258e-11 8.350540451134298008e-12 -2.676273872361630816e-09 -1.726440561031620471e-09 -7.523119690430069073e-11 8.219460368394325875e-12 -1.955812973152120913e-09 -3.095860539310904499e-10 -3.956774147406204434e-10
8.168271958201180905e-01 3.604511469645678558e-09 4.208170190253488129e-10 -6.018795656488350128e-10 5.198574786122904179e-10 3.887933580887384325e-10 1.334465176377660373e-10 -5.612429277904443795e-11 -4.206816505281617464e-10 2.184935675925861524e-10 1.149891572254875284e-10 -2.783865418998180187e-11 7.619101354442079727e-10 1.231311957147243652e-10 1.516071362153963402e-10
8.210214995694952167e-01 -1.064159309584019143e-09 2.312231684864123380e-10 2.519954667696490786e-11 -6.032347882285526321e-10 -1.497619932002700364e-09 -7.734049305461290184e-11 -4.803654636624433568e-11 -1.063895335253675220e-09 -1.276974141673687910e-09 5.470450657525757988e-11 1.045270005171879539e-11 5.416842130816349776e-10 -2.965463067142805916e-10 -2.709579255784996487e-11
8.252154145000215602e-01 5.686131070068770657e-09 7.637147707780309291e-11 2.193707570200924805e-10 1.300722439207618818e-09 1.941961677758868095e-09 -4.748116992905466132e-11 -5.885362419833722540e-11 2.892503979543217876e-10 1.590346936212594964e-09 2.539187968779885824e-11 -3.429676302351290565e-11 -1.842341012897042435e-10 3.233648250407855831e-10 -1.667704733505079275e-10
8.294030907808404018e-01 -4.783254895112900216e-10 5.380998336522632511e-11 -1.181914723512062357e-10 -3.282433660591261335e-10 9.554537617705691857e-10 2.773289966874948252e-11 -5.129807932979421148e-11 -8.022598646054346379e-10 2.433934177833061004e-10 -7.799839718638171939e-12 -2.627449541433147335e-11 -1.578594751559184055e-09 -2.735040540851190175e-10 2.090305304609319820e-10
8.335906150371191758e-01 1.369844555561650902e-09 -1.413063352667707480e-10 3.970254921768031415e-11 -4.775465349415798955e-10 4.362598052389504665e-10 -8.665079099078283342e-11 5.784243150793961758e-11 -6.148435598738084857e-10 8.690839215937184431e-11 2.346581430436643908e-11 1.816483685372565114e-11 1.355871700551771847e-11 -5.959315777458957223e-12 2.233479974951723741e-10
8.377685032221774408e-01 -3.223090014105241675e-09 5.207229248661329295e-11 -9.336283928201288856e-11 -3.724287244193788002e-10 -3.003805678963067456e-09 7.029468673337934017e-12 7.031298894965334253e-11 -1.215088605215964532e-09 -6.760378090674389959e-10 -2.036509684938403956e-11 3.045417725506066657e-11 -8.486735945949022692e-10 1.373125951339302742e-11 -2.359964629877183256e-10
8.419567297582307708e-01 1.421177441789367460e-09 1.622263483052253326e-10 -4.750593050388134000e-10 -3.821495431283148104e-10 5.950337602175919911e-10 1.384012146392206701e-10 -6.526489428162844689e-12 -6.755523815515265062e-10 8.733014187563771601e-10 4.430764422978079337e-11 -7.183403980211963560e-11 1.026718050023649813e-10 6.345490393294576529e-11 -1.849081513355186187e-11
8.461556544987137718e-01 9.592797783768949032e-10 1.278834422857493731e-10 1.308500700308208733e-10 6.287150557129937798e-10 -6.442021565047084251e-10 1.014097221836450526e-10 -7.893831501257648389e-11 -1.067965161047865092e-09 6.049902401132716630e-10 5.433611917235604928e-11 -2.537319405375156697e-11 -5.465452172866670028e-10 1.697443153639744523e-10 5.091740159316815532e-10
8.503430790983292908e-01 6.175199749001920196e-13 -1.313082284081182430e-10 3.248729918217584045e-10 -4.285475572866051974e-10 2.275073556125650434e-09 2.418430246690654224e-11 -6.257029215851867200e-15 -4.602981798214807356e-10 7.455854446152706277e-10 3.575483225729801615e-11 -2.148963204524086881e-11 1.077301832635233522e-09 3.110360448205456000e-10 2.903702772746550598e-10
8.545245840949285965e-01 4.942536586064241154e-11 5.104403051202184611e-10 -3.959741973602334763e-10 1.788191531698803982e-09 -1.595540727441966701e-09 1.444403905800780595e-10 -1.132645838850613167e-10 1.367670079264192692e-09 -4.257476194096066097e-10 -8.987934742207916188e-12 2.193767659131829068e-11 5.886075148819197515e-10 -1.001269153233163803e-10 2.194114400484486139e-10
8.587196449246210506e-01 6.998632702738215866e-10 7.006257037932781848e-12 4.787882592901118654e-11 8.174440440438263085e-10 2.353092555481542052e-09 2.704601424155407984e-11 7.072188625337150167e-11 1.219093664916812788e-09 1.824669514669993893e-09 -1.986880639884691747e-11 -1.488838120433113617e-11 1.569048005799814355e-09 2.972693316805633204e-10 2.665952946765311963e-10
8.629074348139629258e-01 -2.557309625753451437e-10 2.349147520619123714e-10 3.436069136998586444e-11 -1.076531713302566542e-09 -5.064689821177009807e-10 -2.055869977301246705e-11 -1.267437101841319999e-11 3.659822246504336258e-10 -9.422447610443495956e-10 -8.275934720395794771e-11 7.030609114578293108e-11 -3.108963062118491303e-10 -1.818568804156942802e-10 5.504093187470234472e-10
8.670852844200982457e-01 1.399827933701712439e-09 -1.526410447581419706e-11 -1.246291183210197566e-10 -1.312596590499366976e-09 1.202814663734685499e-09 -4.029386016866874689e-11 -3.527262673498537039e-11 6.469409966525199501e-10 2.197213954469070240e-10 -6.985672403323529541e-12 1.937487781116101379e-11 -4.318283908983177424e-10 9.882572217637931027e-12 -1.975189217335698404e-11
8.712764316473343706e-01 -2.623308762723678664e-09 -2.845971705904621356e-10 3.146177398818736025e-11 -6.296928997884948991e-10 -3.053764112354926455e-09 -9.411629619638212665e-11 5.329579782498997641e-11 1.624320116589460455e-09 -1.669735741960514534e-09 -1.621868591029148138e-11 -1.154633551784358361e-12 1.713066875609811296e-10 -3.281276231969879057e-10 3.679085366811018677e-10
8.754762476624626810e-01 -3.306862572013875805e-09 -2.659157830170894479e-10 1.970811808640671444e-10 -2.194858033852193524e-10 -3.290843017978776307e-09 -1.146460859123167762e-10 6.206377744665962301e-11 7.019322292619430136e-10 -1.347939134120416848e-09 4.666273908783327646e-11 3.765803834399522856e-12 5.548071819592421325e-10 -1.289977065458783041e-10 1.609491898566198552e-10
8.796707865602606535e-01 -3.006058114923450470e-09 2.099405252872410852e-11 -2.279776061142542172e-10 -7.074287783663891695e-10 -2.528968422248323845e-09 -6.622494974703155363e-11 -4.464263203541364526e-11 6.736841545856376189e-10 -4.683391893873575515e-11 2.103339848224370014e-11 -8.562491162380547188e-12 9.431000271532696157e-10 2.076855224339859392e-10 4.559896231099976402e-10
8.838562222970675064e-01 7.650817715695514665e-10 -1.974702341337654160e-11 -2.355848725710754108e-11 -1.024630609741136138e-09 -1.585681882951183916e-09 2.384547951081849006e-11 -3.576676437969342952e-11 4.164305076590694836e-10 2.156325749317456340e-10 4.473191857475541009e-11 -5.084572651071923411e-12 3.394298704720355024e-10 2.072687336502941754e-10 2.392453605745365808e-10
8.880381764417510926e-01 -1.913555226202401200e-09 1.263394348844328553e-10 -7.443311624690865405e-11 -5.260492120042751208e-11 -1.322839169747062777e-10 3.259108870904499289e-11 -4.569633889719765841e-12 1.705716059794838327e-09 2.964348595409372669e-10 2.626671851816280792e-11 1.399140604819332990e-11 2.917498597282611366e-10 2.167963325803752172e-10 1.881024486289607307e-10
8.922270316229049536e-01 2.584898503309187299e-09 9.582621133264415359e-11 -5.582253100976974762e-11 -1.309836001609942727e-10 -2.885803951915935142e-11 -4.109695865552703772e-12 4.007813054070806744e-11 -4.612649557121923384e-10 -7.476872064822114857e-10 -5.174653622301564419e-12 2.329697491829337212e-11 -8.089618465106710761e-10 -9.313236969485267512e-11 -1.919662550439149156e-10
8.964225585562245469e-01 2.109273572531834499e-09 -3.632046896200667453e-10 3.863626820248008212e-10 3.433652974591377580e-10 -1.208706609846506144e-09 7.014972205446807835e-11 6.140128885655769577e-11 1.191169261331572287e-10 -4.079235166942796869e-10 1.192767352590297312e-10 -1.797372894924312832e-12 5.532865434852265103e-10 -3.217350162126200788e-11 4.089490300713263782e-10
9.006049913569987853e-01 2.239934846874240837e-09 4.758553527129056278e-11 -1.947583574682560973e-10 -3.774658857583270927e-10 -2.977663199120114975e-10 1.291408425163677987e-11 -4.260717977246600336e-11 7.646203687975999853e-11 -5.833287753755084754e-10 1.179058617037765654e-12 3.338454922021519022e-11 6.720076938874005186e-10 -4.862958700835935648e-11 2.958545995904675421e-11
9.047836582182254839e-01 -1.264245496577545039e-10 1.278458104155547064e-10 -1.372883701204190676e-10 1.779797084024803934e-10 -1.061757345139781450e-09 9.346982211017916714e-11 -2.513007845396844403e-11 -5.978828395948598015e-10 -8.303066420458094822e-10 -2.633395471901512975e-12 2.612791588793763878e-11 7.214356479217803670e-10 -2.707307814478516719e-10 3.216263388915141043e-11
9.089780964569278421e-01 1.095954080746923106e-09 6.834405789896368476e-11 1.043461105188367967e-10 1.282159139147968753e-09 5.101809248996052445e-11 6.451944514749171548e-11 4.945011582728981622e-12 1.809634450523175873e-09 2.514805986853552651e-10 3.908586092543841719e-11 -3.015979388197373405e-11 1.263207666501985110e-09 -4.092845496970681814e-11 3.837604177794456768e-10
9.131704587403689510e-01 -4.818773891421638154e-10 -7.530567237222547781e-11 -2.166646026080362331e-11 -1.377294857816904354e-09 -6.124007224986553533e-10 5.484860705689740555e-11 -5.413291074064900736e-11 -1.501550147734685549e-09 2.434961646419771173e-10 2.700036669526278722e-11 -1.021193103703049410e-11 -2.271284930899282305e-10 1.489649675802141049e-10 2.221049592665567429e-10
9.173547920329833127e-01 -2.991928679289605233e-09 3.185101988495331088e-12 -9.907152938522639682e-11 -1.033684082408816604e-09 -2.886457982068817254e-09 2.405604457592765475e-11 1.633577148352469198e-11 -1.771522004426273150e-09 -8.424721642252003049e-10 -5.628009321495912899e-11 -5.374413828047763228e-12 -1.731894815542836602e-09 -1.502559851572414855e-10 1.656569924193774315e-11
9.215425617950214754e-01 1.152734346091999413e-09 9.109992907734937330e-12 4.955532181287898439e-11 8.838933293003292857e-11 -3.030759749088036072e-10 -4.134133800924670278e-11 -3.080744807154989677e-11 -1.524756243194675509e-10 -4.852241547438491577e-10 3.988339905418644967e-11 -2.566280786025342932e-11 8.270670631734001247e-11 -8.903769578884347071e-11 -4.914040384378594935e-12
9.257400405750663142e-01 3.138997711683080290e-11 -6.192751355358496904e-11 -1.255405219511926646e-10 1.178778198494031856e-09 2.161330325937034045e-09 2.298217979785970168e-11 -3.564552966861450140e-11 1.344446874900787008e-09 7.917023005173470602e-10 1.532571316143941586e-11 -4.479521573513989802e-12 -1.239711457351125359e-10 1.872968115301938371e-10 -2.806619902001424643e-10
9.299303352268617484e-01 -1.881504424572009648e-09 -1.798233074004018502e-10 -5.261111390707022915e-11 3.163052281208926300e-10 -6.056180028020439331e-10 3.521129342360658181e-11 5.056611113740213980e-12 -2.027975902500039041e-09 -6.007049990640796151e-10 -4.803410730868698460e-13 3.532192601668742620e-11 -6.903412465298481886e-10 -2.525622156880972726e-10 -1.246253319655815386e-10
9.341108300097852313e-01 -3.121653377781966092e-09 -2.617308857482072020e-11 4.826298782709928592e-11 -1.098218959155085749e-09 -9.289162465872441066e-11 -2.702002827450450765e-11 1.110822378510606203e-11 1.785319468467464602e-10 1.200866811594140891e-09 6.660301823492124916e-12 -3.804363757540234810e-11 7.446662979642422691e-10 3.924078629353091569e-10 2.376627955583249683e-10
9.382896253999645220e-01 5.055865960881099171e-10 1.363525128793669225e-10 5.442564858577240464e-11 -9.129563487037951523e-10 6.600914567437642613e-10 5.890277643828030145e-11 -2.666364508814245214e-11 -2.260039204852708662e-10 -1.378080241420225267e-10 4.657351344626564577e-11 1.019424958646468357e-11 9.694343562142098329e-10 -1.158539815035347951e-10 2.671219978075312861e-10
9.424819561228944265e-01 1.958923156572121467e-09 1.002944460945977234e-11 1.542969560338760190e-10 -6.460155047988641505e-10 2.677457044541815141e-11 5.818601772461803238e-11 -2.222866868495509775e-11 3.560100423341045101e-10 -3.876154476332505124e-10 2.022287591708300673e-11 1.022925223601362262e-11 4.363966008480745375e-10 -1.297597018742723941e-10 3.316743361034704451e-10
9.466849863120379016e-01 -2.323862964046177778e-09 1.107260664791653004e-10 1.627212898694370718e-11 -8.443668724734180617e-10 -1.569205765297526999e-09 -1.021785471337225455e-10 1.742824311139057292e-11 -1.799451912543010305e-09 -1.243951129181456910e-09 4.140660099384899273e-11 -1.092364169280135072e-11 -4.281180096152556455e-10 -3.670472186300660301e-10 -2.279695035776292105e-10
9.508714331057195324e-01 -1.390626446453821386e-09 9.755263368488620197e-11 -6.437518989913734797e-11 9.453100059918754131e-10 1.244612058596615280e-09 -3.633119995102657163e-12 -6.529425579879541430e-11 -1.553593236380559410e-11 -2.337712172938768335e-10 1.152462685720994668e-11 -2.473130515422551038e-11 3.239878248758224206e-10 -1.664984295996920739e-10 -1.457651931740514559e-10
9.550563230073290111e-01 -2.557804184117552894e-09 -3.087770377916365657e-10 1.494439651969540409e-10 -1.451128592654269410e-09 -2.156641713043665737e-09 -1.878669313270053167e-11 2.141607489639336111e-13 -1.967785024792892949e-09 -1.705063421423246381e-09 -1.931018319090412311e-11 3.445359216554635115e-12 -1.283810226443870027e-09 -3.917985989888512654e-10 -2.092922989380901559e-10
9.592513211539739348e-01 7.178464587673043349e-10 1.694633367890924048e-11 5.693684652118407416e-12 8.557055862617062542e-11 1.903307333654497195e-09 -1.453016568197124313e-12 -1.618840445101223250e-11 5.391480341581517987e-10 8.325050570270802768e-10 1.520437684383904377e-11 -2.957212911983235859e-11 -6.228668820202982755e-10 6.173790093848981070e-11 -3.824377911803235100e-10
9.634451052878124644e-01 -9.265956094373169768e-10 -2.370921374115230703e-10 1.393274902008633736e-11 8.645426203711358635e-10 -1.437162233956689457e-09 -8.187395429247516924e-12 -5.754534937978525176e-11 -7.660056047846942851e-10 -3.447490211278478938e-10 5.090397972514388661e-11 -2.855522662871519707e-11 1.072412654672417023e-10 -2.416179821537115869e-10 -1.062812580302364074e-10
9.676230540453005791e-01 -2.511185732284627868e-09 -2.102680549067517580e-10 2.910782122609453621e-10 4.311003523436001757e-11 -1.332328687861406878e-09 -3.890401511409337126e-11 4.774999836687795534e-12 -9.837060674702750737e-10 -8.899954755636489681e-10 -7.278166984789269511e-12 -1.677883949493468655e-11 -4.681474275821248160e-10 -3.226560362241193264e-10 -3.731724814350481273e-11
9.718094297475188270e-01 -3.499122941032483611e-09 -8.650706684367019289e-11 -1.156292041504052669e-10 -1.205569709922674076e-09 -8.775727629380493668e-10 3.863692972207779312e-12 -6.424051001371504197e-11 -1.208226640871658939e-09 -6.524617487925140830e-10 -3.329279348034318603e-11 1.649840431477272611e-11 -7.964430613851101880e-10 -2.242616877431303326e-10 -7.863811087257953558e-11
9.760091362076940280e-01 -1.357040557441103863e-09 -2.140546739725745395e-10 7.976941621534231843e-11 1.237094351785802144e-09 -2.891438669697537457e-11 -4.143710039306701259e-11 1.674236536137076601e-11 5.016665147136886685e-10 8.289603648141804639e-10 8.045379058972297698e-12 5.083398672450764224e-12 7.172066212989226316e-10 5.008336271848501394e-11 9.477025326043845898e-11
9.802075838006468755e-01 2.988947910505025505e-10 9.626924802286877768e-11 -5.552889890788850684e-11 8.467594588219872262e-10 2.491530540416518013e-09 8.622910086222760543e-12 -1.997541608444015297e-11 1.002569904210516359e-09 6.289929246009497898e-10 -8.812337602457253321e-12 3.107968722988232333e-12 -5.714083701470329148e-11 -1.777825978439154704e-11 -6.048235684786030608e-11
9.843901124947946890e-01 1.307424628154141879e-09 -2.602259920868036120e-10 3.533176158839108827e-10 2.469121272179388498e-10 4.166892686374167998e-10 -2.440133121293669813e-11 7.418473936974332138e-11 -8.056161164727854830e-10 2.190291980575215463e-11 3.999647847686685411e-12 -2.857964815508191520e-11 -3.333964906360888985e-10 -7.204196762288242902e-11 -1.997994558358436231e-10
9.885650797815361823e-01 -1.138787978333939237e-10 7.121277096200591008e-11 -1.406153304798493155e-10 -4.358822132338645379e-10 2.168055677813169685e-10 1.926678769299382749e-11 4.368627388092163901e-11 7.673536570943118016e-10 7.820515428832107528e-10 -4.200332467936237391e-11 2.142134327417241504e-11 -1.014696806001599522e-11 2.686518192084292945e-10 2.791939459793250705e-10
9.927561705083151056e-01 -1.783110247287335560e-09 -4.382016210559049193e-10 1.819707449420867102e-10 -1.591541876816298161e-10 3.582317672571505539e-10 -5.863869981039274531e-11 6.386094723812280646e-11 -2.300918079954747926e-09 -4.437301824821245632e-11 -2.008106372720293807e-12 -1.990076412474018902e-11 -1.014077423575402752e-09 -7.735476041714265064e-11 -1.044925123917842051e-10
9.969400597939003239e-01 -2.603332105265613602e-10 -6.648545854870860152e-11 -8.615949190156255421e-11 4.431215391053181416e-10 8.767467342759323418e-10 -5.360789109421412074e-11 -2.149084534450510058e-11 7.065207914990813915e-10 9.008113470831628753e-10 -2.830577057240953123e-11 1.280637633218193438e-11 1.452854878090953770e-10 2.303339873121492465e-10 1.580695085252713506e-10
1.001125867816581083e+00 8.634890982430228899e-10 6.125532724727110460e-11 -9.457586470786792746e-11 -5.459528082815938693e-10 3.687440693339660463e-09 6.486057162059032509e-11 -4.431758727190163268e-11 1.517662035631912921e-10 1.415098797089932525e-09 9.589943406215933302e-12 -5.347790704309125604e-11 -3.974690119987027708e-10 1.141332598222504337e-10 -3.226353748486077588e-10
1.005315482813002204e+00 -6.713502769261423214e-10 2.383818089453952865e-10 -2.397325278916478323e-11 -1.470417470286650834e-09 -2.373738835577673466e-10 5.786352247378845790e-11 -4.024415015181421510e-11 -1.518223589423537027e-09 -4.007925262352965309e-10 6.308329295510133227e-11 -3.469897386243688762e-11 -1.508643281381408171e-09 -2.491294737426869011e-10 -3.234744379822359457e-10
1.009503724426713545e+00 4.506348051019040248e-10 -1.184411037511265804e-10 1.502420247010346336e-10 6.648415196935756986e-10 2.571642006958398657e-09 -2.896620583433804601e-11 2.706195013689656517e-11 5.016710062353866093e-10 9.054661541046642664e-10 -1.618415180396161523e-11 4.313012336945002030e-11 1.595545362891373276e-10 1.579838858990459805e-10 9.383349502187859956e-11
1.013699103815393299e+00 1.173371461233053264e-09 -1.440220443875479476e-10 1.194703976718391359e-10 -1.262569456157753681e-11 8.134702441944280745e-10 6.392204936308856877e-12 -1.000611141899897720e-11 9.316531948755955499e-11 4.887965644958929825e-10 1.091785255818656192e-11 -1.529175759340185782e-11 -4.409896099459582888e-10 2.116731205796953552e-10 -4.094397092459777716e-11
1.017885842421875964e+00 1.482603013425128059e-09 -2.452457058077439186e-11 -1.068920506278453226e-10 3.683847809013736650e-10 5.025583974596985358e-11 7.730444109157029806e-12 4.260399919559051519e-11 5.957482577990807505e-11 4.539537695043514240e-10 -9.244280583166600903e-12 -5.862910954674323172e-12 3.468775852909573073e-10 7.928362548698638316e-12 1.273001405905485047e-10
1.022076284359184406e+00 3.487384084707249931e-09 -1.443112679372711966e-10 5.087753308010986437e-11 7.185513425576029958e-10 1.555336186459688188e-09 -3.166774281740848262e-11 1.000211208485263356e-11 -1.603964573979535683e-10 5.110629338222430137e-10 6.554002442014985979e-13 3.181570219985187034e-11 -6.634446429892732869e-10 8.179162847984383400e-11 -1.274201885624010514e-11
1.026273875264014812e+00 4.043424568139651333e-09 -3.345707370236830276e-11 1.013119646061281937e-10 5.351346697606946962e-10 1.580026323193345559e-09 -6.730898395814953979e-11 6.077130086617213732e-11 8.630892354271289457e-10 -4.170287513753013722e-10 -1.820871126693049547e-11 1.875376277430643313e-11 2.743306801688778685e-11 -1.245515948783104830e-10 -1.613224748518904733e-10
1.030463237552156075e+00 1.275525884684758584e-09 -2.332676069744018952e-10 1.810281313280377630e-10 -3.088748466433640275e-10 2.569755926351697772e-10 -6.361657386966930848e-12 1.330572891743775114e-11 -1.122094877057862722e-09 -8.963283271163322439e-11 2.641017326143304546e-11 -8.738362684964553162e-12 -4.847150378981088996e-11 -4.223927761226604396e-12 -5.235536292462309488e-11
1.034646639530784062e+00 -7.568914248173015471e-10 9.635626603605819257e-11 -1.972732688519443132e-10 -7.048522824368334740e-10 5.919470920555243275e-11 4.073546911065049139e-11 -2.389067216402953214e-11 4.104344650018871969e-10 4.946943422270118211e-10 4.246565102299691337e-11 -3.395516881263757605e-11 1.535328629773887087e-09 1.826634151992080001e-10 6.440531245564346613e-10
1.038830480088573260e+00 -2.105106940837626248e-09 -1.509398227886003515e-10 -8.744664285219581061e-12 -2.839567307810930365e-10 -1.519591184027205953e-09 6.229626532381218399e-11 -4.873541238468714123e-11 7.677808051988797357e-10 -3.576652279566392205e-10 2.397031659730339206e-11 -1.397173958287408548e-11 9.147198601699867717e-10 2.295980464246829635e-10 3.160195881923821571e-10
1.043023229532383578e+00 -9.803782026172800305e-10 1.004777054288111161e-12 -8.634984484337916591e-11 -1.104233624416280292e-09 -2.458088601230065657e-09 -4.029429402765589303e-11 -2.373807836595372667e-11 -4.454068482077636841e-10 -1.877968636188664432e-09 -5.579629979691848922e-12 3.380731852395118965e-12 -8.035952221586501304e-10 -3.272887757084345304e-10 -1.042312650912026967e-10
1.047211320931656031e+00 -3.188817757518544298e-09 -1.293462409865300384e-11 1.266171399711709476e-10 -1.336394501519450509e-09 -3.383680139324060105e-09 1.924031789327851992e-11 -2.535750276519665981e-11 -9.776659700634937979e-10 -1.702366985482237091e-09 -1.274725158917774800e-12 3.854931689156932208e-12 -8.120011519334657598e-10 -3.798498985113082198e-10 -2.413305878953673252e-10
1.051395396220772938e+00 4.812833266478044273e-11 -1.988484197958840681e-10 2.155146686790595716e-11 -3.767098731227933673e-10 -1.830421162421738096e-09 3.422895243374395789e-11 -4.557373637204944188e-12 -2.054434692471505566e-09 -1.090257906392099467e-09 -1.750045709701484398e-11 -1.216098711260696339e-12 -2.147702056917853913e-09 -2.303292924442300579e-10 -2.815765310157522776e-10
1.055587561333155788e+00 4.415099621982915863e-09 1.101352171007099428e-10 -3.398610888560961304e-11 3.386961736926446086e-10 3.643892855951088047e-09 8.842672697058400609e-12 -1.374332001611012725e-11 9.252399003340355606e-10 9.119820541640126454e-10 1.116547582706950958e-12 -4.336608683623393509e-12 -3.225112275525498349e-11 1.121380262345136373e-10 1.975259336597658352e-10
1.059780855230085139e+00 -2.558279057590326437e-09 -3.170148576453447862e-11 2.060897490419860075e-11 6.932045457608257617e-10 -8.383756648802250513e-10 -9.649879091877472469e-12 2.339568071685556832e-11 -3.247498685084675521e-10 -5.385309570487007791e-10 -4.063583668217381711e-11 2.964941971508566777e-11 -8.168705524841147958e-11 -7.143974551262415852e-11 -1.557459618320321236e-10
1.063968553353427993e+00 -1.723450431329288996e-10 -2.267232387159904276e-11 1.226590560379543204e-10 -5.272339988523117996e-10 -1.029962612005744109e-09 3.406926371348368687e-11 -5.231848976572939734e-11 -5.571031103156942751e-10 -2.476369455221127559e-10 -3.106070624497154915e-11 1.517420149085357939e-11 -2.259751825537213732e-10 1.123399407232468816e-10 -1.266892112523030060e-10
1.068144877931138659e+00 8.596895376552506477e-10 8.498515772784648120e-11 -1.218991100564376838e-10 -1.309859846822957276e-10 1.231950505057758451e-09 9.418612812180383227e-11 -6.516717853017833659e-12 5.817999743027694505e-10 7.433957891804642933e-10 1.254535228367647612e-11 6.459669409938273891e-12 -2.247124918304753138e-10 4.984659494221787993e-12 -1.349923418375506315e-10
