# Columns: ('k', 'S1', 'S2', 'S3', 'S4', 'S5', 'S6', 'S7', 'S8', 'S9', 'S10', 'S11', 'S12', 'S13', 'S14')
5.345493089407682419e-03 -1.193142445882161340e+01 9.476567925347221717e+02 4.167205471462673216e+01 3.823867797851562500e+01 -1.296550411648220447e+01 4.390559353298610858e+02 2.877167765299478930e+01 6.642211914062500000e+01 -1.040217420789930536e+01 3.901736111111110858e+02 1.434875318739149286e+01 4.671609157986110716e+01 -1.339920785692003014e+00 1.150599670410156250e+01
9.344366739594166943e-03 2.907666606287802225e+01 1.292401335685483900e+03 -4.703173828125000000e+01 5.703479397681451246e+01 1.978286447832661210e+01 6.201110761088709751e+02 -3.123183908770161210e+01 1.116688193044354875e+02 2.277924568422378826e+01 4.071716229838709751e+02 -2.759560271232358630e+01 8.093577526461693594e+01 6.329802974577872554e+00 1.947769460370463790e+01
1.312833575873958818e-02 1.817280298349808376e+01 1.366865274234693743e+03 -1.251650390624999858e+02 6.971241729113519625e+01 9.872691874601402517e+00 6.277320232780612059e+02 -6.165466557716835894e+01 4.799098174426020336e+01 1.711318658322704067e+01 4.189100366709183163e+02 -3.774723722496811007e+01 -1.861368981186224403e+01 4.605687044104750605e+00 -1.898191366390306101e+01
1.700891779646987109e-02 -3.237154947916666714e+01 1.388562500000000227e+03 -1.540202194940476375e+02 2.847756882440476716e+02 -3.659260137648809774e+01 6.056885416666667652e+02 -6.634646577380952692e+01 5.179264508928571331e+02 -5.627949218750000426e+01 3.759826636904762154e+02 -3.789927920386904958e+01 3.508802455357143231e+02 -2.163943684895833641e+01 8.402203311011905384e+01
2.135270783943789275e-02 5.150348772321428292e+00 1.343021250000000009e+03 -2.156421205357142981e+02 2.540518526785714357e+02 -4.590446428571428328e+01 6.202807142857143390e+02 -7.872652901785714619e+01 4.838937053571428351e+02 -6.753387276785714732e+01 4.007678124999999909e+02 -3.756371651785714505e+01 3.703114732142857406e+02 -2.160940569196428740e+01 1.035282142857142844e+02
2.564347439342075027e-02 5.348265190972222172e+01 1.408825555555555638e+03 -4.489009722222222081e+02 3.858762500000000273e+02 8.136089409722222499e-01 6.874774305555555429e+02 -2.069022569444444457e+02 6.725368750000000091e+02 -3.648578559027777857e+01 4.171356250000000045e+02 -9.133526041666667084e+01 4.476812847222222445e+02 -1.578392361111111164e+01 1.121880555555555503e+02
2.962205054058980949e-02 1.624894881644518208e+01 1.195403550664451814e+03 -3.495247612126245826e+02 3.049706187707641334e+02 -5.038781859946013242e+01 5.329648048172757626e+02 -1.470329111295681059e+02 5.149977159468438686e+02 -6.289617940199335777e+01 3.072394622093023600e+02 -7.048638652408638450e+01 3.462254723837209553e+02 -1.659640066964285765e+01 8.562640157807308583e+01
3.361537140302770649e-02 6.417479187171916521e+01 9.633106955380577574e+02 -3.081021366469816485e+02 3.283173802493438416e+02 2.427561618274278032e+01 4.141369750656168094e+02 -1.214580052493438274e+02 5.535413795931758614e+02 1.365613722112860806e+01 2.267699516076115458e+02 -4.860052698490813583e+01 3.656270095144357128e+02 2.717274903625328086e+00 9.174565288713910149e+01
3.793950633336700545e-02 8.910397055604202876e+01 8.059492119089317157e+02 -2.913710595446585216e+02 2.786344133099825058e+02 4.340273027035902231e+01 3.754238178633975735e+02 -1.272603573774080559e+02 4.557964098073555306e+02 6.299386527200087293e+00 2.061031085814360893e+02 -5.151834090411558975e+01 2.915725426882661964e+02 -4.516787554044439545e+00 7.142369472416812926e+01
4.227894994616508695e-02 2.011564062500000105e+01 6.442511000000000649e+02 -2.749153499999999894e+02 2.228547000000000082e+02 -3.925568437500000130e+01 2.811743999999999915e+02 -1.115099000000000018e+02 3.789360000000000355e+02 -6.366337500000000205e+01 1.511856250000000159e+02 -5.045785000000000053e+01 2.406280750000000239e+02 -2.088950625000000016e+01 5.452751250000000027e+01
4.633325468672155889e-02 1.477168317043895627e+02 7.079729080932784200e+02 -3.267390689300411282e+02 2.951029878257887162e+02 6.197515860768174889e+01 2.980276920438957404e+02 -1.286495627572016360e+02 4.828012688614539911e+02 7.839344752014745232e+00 1.416477194787379972e+02 -4.511831275720164314e+01 3.017097693758573200e+02 -5.411034687392832332e+00 7.173520018861454162e+01
5.038752484052157893e-02 1.823966889470782746e+02 6.696667585446526800e+02 -3.399704038037486384e+02 3.024627549614112354e+02 9.894156560088202923e+01 2.851962169239250215e+02 -1.362074490077177416e+02 4.855994349503858984e+02 4.775802783902977211e+01 1.334016503583241615e+02 -5.064301957001102750e+01 2.877549614112458585e+02 3.665592752980292079e+00 6.347994762954795789e+01
5.464179025701254577e-02 1.781445133149678668e+02 5.570921717171717091e+02 -2.979333390725436175e+02 2.890650826446280917e+02 1.365963182966023908e+02 2.420819559228650064e+02 -1.171914098370064323e+02 4.950788567493112851e+02 1.027644341138659314e+02 1.183224288337924719e+02 -4.377860996326905507e+01 3.205277490817263697e+02 1.903369813188705351e+01 7.695809659090909349e+01
5.886817576171304162e-02 1.986625175140111992e+02 4.848409227381904998e+02 -2.779266413130504247e+02 2.588709217373898923e+02 1.734799589671737294e+02 2.026196206965572344e+02 -1.068752376901521188e+02 4.393631905524419494e+02 1.606487064651721255e+02 9.719586919535628056e+01 -4.211980834667733831e+01 2.794546136909527263e+02 3.707286141413130309e+01 6.486209592674138946e+01
6.290140616743733482e-02 1.274123879672006154e+02 4.027105263157894797e+02 -2.351539616704805553e+02 2.075477688787185571e+02 6.626064311594203105e+01 1.674134129481311959e+02 -9.262786637109077503e+01 3.279156416857360909e+02 3.269325061975591495e+01 7.691766781083143201e+01 -3.565243015827612538e+01 1.939758295194507980e+02 3.027688638205568328e+00 4.236759868421052744e+01
6.703999982739437813e-02 2.070445251647693397e+02 3.922702965847813061e+02 -2.426014829239065307e+02 2.203988541042540419e+02 1.718541417016177490e+02 1.653457721689634639e+02 -9.737026288196524604e+01 3.490936938286399140e+02 1.345068809916117516e+02 7.129497921659677218e+01 -3.401798419712402932e+01 2.053057781605751870e+02 2.633251806845416354e+01 4.565555721989215243e+01
7.134254604642074893e-02 1.847632321332617096e+02 3.590950429876410794e+02 -2.306046816227834597e+02 2.167797555077915206e+02 1.522555413756045368e+02 1.553287714938205397e+02 -9.331822608812467479e+01 3.564016657710908476e+02 1.182060720042987754e+02 6.833141624126814406e+01 -3.346690287479849957e+01 2.181251511284255855e+02 2.375185762023106051e+01 4.958396023643202710e+01
7.561818311969153994e-02 2.051839028776978466e+02 3.291275779376499031e+02 -2.093779376498800957e+02 2.059455635491606813e+02 1.607656774580335650e+02 1.388705635491606643e+02 -8.427948890887290645e+01 3.404226019184652614e+02 1.235472721822542042e+02 5.906750974220623362e+01 -2.912871140587530050e+01 2.083847871702637917e+02 2.429626423860911189e+01 4.780292266187050387e+01
7.973924982214039558e-02 2.081682824690225004e+02 2.989594424047728580e+02 -1.973266836851767039e+02 1.946697166131253027e+02 1.645838687471317030e+02 1.267806763423588876e+02 -7.890303751720972514e+01 3.256956459385039011e+02 1.317402478201009615e+02 5.439855940224873621e+01 -2.778442662918770267e+01 2.017203849242771980e+02 2.742269066945846845e+01 4.648797470169802892e+01
8.385356877962653332e-02 2.161647546682558527e+02 2.635589988081048887e+02 -1.766036452125546248e+02 1.857813617401668580e+02 1.798924438816050895e+02 1.113408944179578839e+02 -7.099071935836313685e+01 3.105798569725864127e+02 1.480089143822010271e+02 4.751866371176003412e+01 -2.510148335071513870e+01 1.907761596146205818e+02 3.139492699642431361e+01 4.329300754866905265e+01
8.809929214337092196e-02 1.933122156107805267e+02 2.200383706685334175e+02 -1.472209376093804565e+02 1.574824334966748438e+02 1.551592142107105303e+02 9.278629243962197393e+01 -5.947820047252362485e+01 2.562033601680083734e+02 1.223249256212810678e+02 3.833581444697234986e+01 -2.033112886113055495e+01 1.518686340567028310e+02 2.466709507350367403e+01 3.329069773801190024e+01
9.230415729057904473e-02 1.960602432296890640e+02 2.000546639919759286e+02 -1.336057338682714715e+02 1.455189526914075486e+02 1.597014794383149479e+02 8.296951270478101037e+01 -5.282035690404546813e+01 2.409540914409896288e+02 1.296188983617519170e+02 3.418337564777666415e+01 -1.760127517970578381e+01 1.456326688398528972e+02 2.705763645101972514e+01 3.262842694750919037e+01
9.643309047658384092e-02 1.694933732202362933e+02 1.698142608300514951e+02 -1.131831263253559570e+02 1.286830979248712481e+02 1.432290593759466901e+02 7.235259201757043002e+01 -4.558881778249015326e+01 2.141419645561950915e+02 1.165190188579218358e+02 3.088319353983641236e+01 -1.602586337473492861e+01 1.299125454407755171e+02 2.411190974325961989e+01 2.889595245758860997e+01
1.005689403076158450e-01 1.650763148667601854e+02 1.505390778401122134e+02 -9.772326437587658177e+01 1.261320652173913146e+02 1.511926367461430516e+02 6.709240007012623153e+01 -4.079668653576437976e+01 2.158237727910238561e+02 1.289683117110799628e+02 2.939583187237026962e+01 -1.427346160589060453e+01 1.334702664796633940e+02 2.745304610799439260e+01 3.026853085553997502e+01
1.047818677762802908e-01 1.423109596713965743e+02 1.296026730146875821e+02 -8.663304393826238936e+01 1.024065767363704254e+02 1.205498973114264345e+02 5.492146268981827006e+01 -3.486257623848643306e+01 1.699355084640278903e+02 9.918889251929300599e+01 2.363326954194672780e+01 -1.242785933221309413e+01 1.028461305078416785e+02 2.064456139531989010e+01 2.286102035100821439e+01
1.090277847809041356e-01 1.405039797815477698e+02 1.166402509876830180e+02 -7.585876132930513904e+01 9.589401289797815764e+01 1.220514757146177089e+02 5.022479229607250772e+01 -3.094579363234952396e+01 1.626525534510806494e+02 1.022773791540785453e+02 2.150626561410643589e+01 -1.071485192017197363e+01 9.979844004183128447e+01 2.147950376191029420e+01 2.246619909075063859e+01
1.132170039508717807e-01 1.254561272887712278e+02 9.996029809177144898e+01 -6.375304020516214365e+01 8.119816484667990153e+01 1.089114204169424198e+02 4.274904519633796696e+01 -2.590273756342378064e+01 1.388648935583498769e+02 9.315493326715198918e+01 1.886471087028457916e+01 -9.385140049360247261e+00 8.668762409000660796e+01 2.021528582064857460e+01 1.977019392510478468e+01
1.174008294871188018e-01 1.176188014454928776e+02 9.116741116241718146e+01 -5.713056489660710469e+01 7.589927348925918693e+01 1.053634184902630011e+02 3.949472370006022715e+01 -2.301564852690222907e+01 1.311625928528407883e+02 9.157713059626581753e+01 1.793618876731580158e+01 -8.357375213310580975e+00 8.298549488054607082e+01 2.014073792913069738e+01 1.924390810078297420e+01
1.215998224695146873e-01 9.369674170616113429e+01 7.178129739336492321e+01 -4.467080864928909989e+01 5.968014218009478355e+01 8.188996445497630816e+01 3.118348637440758253e+01 -1.807489632701421911e+01 1.032776421800947872e+02 7.074093009478673366e+01 1.402312944312796184e+01 -6.400478376777250844e+00 6.550518957345971671e+01 1.554655657582938311e+01 1.528420319905213276e+01
1.257670529567683493e-01 8.082561687154819197e+01 6.047305362551220753e+01 -3.746853843755567226e+01 4.979713388562266374e+01 6.869270554961696007e+01 2.585659406734366783e+01 -1.513220704168893604e+01 8.521332175307323098e+01 5.779904908248708750e+01 1.142938685863174797e+01 -5.353949188825048999e+00 5.322939493140923162e+01 1.241505628674505601e+01 1.220885249643684389e+01
1.299386816717305049e-01 8.098142392557220148e+01 5.682454614687963357e+01 -3.354319837806685456e+01 5.111733801251440923e+01 7.451225712168614734e+01 2.540997550633953495e+01 -1.401066709204676464e+01 9.047435369669027239e+01 6.625962765519513198e+01 1.201391533220813557e+01 -5.269448275152313954e+00 5.833753910752511018e+01 1.478149056273670325e+01 1.366722454923431584e+01
1.340949335765710126e-01 6.705653062033952949e+01 4.670080715532286320e+01 -2.760256772568618189e+01 4.020547259241631366e+01 5.890912065683008336e+01 2.021650528518166112e+01 -1.123540129700142920e+01 7.111249603363478400e+01 5.210612505949548279e+01 9.545381415595748820e+00 -4.280496390607647861e+00 4.594359332857369793e+01 1.165090036490560088e+01 1.076911416190703008e+01
1.382635144665005922e-01 5.639338501666425429e+01 3.877557600347775946e+01 -2.254599876829444938e+01 3.314746956962758873e+01 4.913006267207651234e+01 1.672580966526590274e+01 -9.129721915302130952e+00 5.698785954934067632e+01 4.184166244022605952e+01 7.591776780539052361e+00 -3.308504881538907760e+00 3.573371159976814937e+01 9.027936395087669652e+00 8.182268081618605748e+00
1.424925284902303357e-01 4.901940151823234260e+01 3.331476633455334024e+01 -1.942801528399078137e+01 2.859327555239256924e+01 4.281357597939541648e+01 1.440258362139080894e+01 -7.915377291751388711e+00 5.020624491663277666e+01 3.747052070624914677e+01 6.730211934051782308e+00 -2.946294225294835201e+00 3.227818303510912301e+01 8.339343885556457892e+00 7.580550189779041936e+00
1.466886314558672189e-01 4.215691226800052505e+01 2.796809595893115485e+01 -1.580346271554560822e+01 2.511984582730024940e+01 3.827914801895484942e+01 1.253067000131630770e+01 -6.588468824042384320e+00 4.477185073055152742e+01 3.401519102935368721e+01 6.065493060583124318e+00 -2.553498194188495329e+00 2.889959029880215624e+01 7.554755886369618700e+00 6.745212954126628802e+00
1.508619291163366127e-01 3.527065227300352745e+01 2.287375790081439320e+01 -1.284431312294882765e+01 1.978176279324176434e+01 3.045382581743041328e+01 9.868029810380454236e+00 -5.222414572444390224e+00 3.414298194967788902e+01 2.601006594141242445e+01 4.579773060502005499e+00 -1.960355266006746033e+00 2.151495267108301945e+01 5.623456872189133371e+00 4.941042071836635685e+00
1.550655720814744509e-01 3.095503964090007898e+01 1.974331424157630721e+01 -1.092092587734639153e+01 1.735268013291360489e+01 2.703228110061792933e+01 8.579108735571878697e+00 -4.469495999475340930e+00 3.071591538416695499e+01 2.363975967704325498e+01 4.089856046694648306e+00 -1.724153144856884534e+00 1.981802349306284228e+01 5.231071743470910640e+00 4.640202813483734978e+00
1.592593054631499527e-01 2.638853436713018752e+01 1.641162884594328375e+01 -8.766300777400635624e+00 1.473245373918756229e+01 2.338311446129420901e+01 7.212973386346217097e+00 -3.631643148472571969e+00 2.617519571882185403e+01 2.056832537227635882e+01 3.510277804390671275e+00 -1.437760473694295493e+00 1.698899937041498021e+01 4.563396046616665203e+00 3.992299559290485078e+00
1.634144798183441161e-01 2.238110666666666759e+01 1.392277166666666588e+01 -7.377840833333332959e+00 1.227706666666666635e+01 1.961467833333333388e+01 6.071565833333333551e+00 -3.047633333333333194e+00 2.161280833333333362e+01 1.706099999999999994e+01 2.913337916666666860e+00 -1.190653645833333441e+00 1.384287333333333336e+01 3.731090416666666520e+00 3.200140624999999961e+00
1.675823816150099899e-01 1.845560381041810771e+01 1.129318226747059306e+01 -5.845246938939408388e+00 1.003778448403677004e+01 1.618488373529702429e+01 4.940384223336957703e+00 -2.426220833436295354e+00 1.770714824058515191e+01 1.408070883166946707e+01 2.389564555636552345e+00 -9.577646612755756905e-01 1.136989488608283061e+01 3.082139360111693094e+00 2.638616661621528081e+00
1.718045808093531246e-01 1.589132284382284332e+01 9.567744755244754984e+00 -4.770946969696969298e+00 8.770630827505828009e+00 1.442365967365967450e+01 4.301164044289044419e+00 -1.999431818181818254e+00 1.589127331002331012e+01 1.295465909090909129e+01 2.182210627913752976e+00 -8.213352272727272307e-01 1.048703889860139782e+01 2.914658908799533599e+00 2.486744973776223944e+00
1.760135070798979073e-01 1.268015777251616427e+01 7.570584987706038049e+00 -3.708794949799654184e+00 6.880653230580093371e+00 1.134987848328931825e+01 3.375140512589928310e+00 -1.557272042334486795e+00 1.241078055277297132e+01 1.010705423003369496e+01 1.709879564702668331e+00 -6.474359476026773086e-01 8.159834316091430395e+00 2.260205660629724278e+00 1.927999392416446689e+00
1.801930856696074279e-01 9.932716999829512616e+00 5.946537885730116990e+00 -2.932964074887051353e+00 5.319597247677094742e+00 8.792008753516324049e+00 2.615049734677350912e+00 -1.212853330651692207e+00 9.591837998678714783e+00 7.829434963984315488e+00 1.314943778769925853e+00 -4.973261284204245625e-01 6.318086160600119960e+00 1.755555525956866481e+00 1.498444792377035206e+00
1.843742315857553882e-01 8.698532775975376552e+00 5.119898575929623163e+00 -2.422083781767323973e+00 4.588958255344813608e+00 7.709614944680143189e+00 2.261528652982280896e+00 -1.008591735296564318e+00 8.342391050037434752e+00 6.914781944097828870e+00 1.156933536883370861e+00 -4.226029740922136457e-01 5.537927767032693183e+00 1.559877148583728612e+00 1.321025932482738474e+00
1.885797910080431738e-01 6.932061420835581522e+00 4.040493958606336200e+00 -1.871368509355969989e+00 3.654077218068295441e+00 6.167984708625606771e+00 1.791231969764125465e+00 -7.813066079549834120e-01 6.659730184806906372e+00 5.550941137362213951e+00 9.227721457546442796e-01 -3.281142354553688301e-01 4.434484120866414969e+00 1.255582583177561107e+00 1.061857364213173449e+00
1.927656394953895236e-01 5.767278553105138705e+00 3.351741973926028351e+00 -1.527705539522551614e+00 3.027150815529520145e+00 5.139102462860862808e+00 1.487655484244582382e+00 -6.339695085764607274e-01 5.512572746764683451e+00 4.614854338961635882e+00 7.679016267516656225e-01 -2.677872495142239462e-01 3.678690522340914537e+00 1.044977736259476320e+00 8.823366697536182413e-01
1.969014248243030341e-01 4.578612961717443142e+00 2.651422644150366992e+00 -1.195641263497055240e+00 2.330571909310695577e+00 3.971210542699774582e+00 1.149647037237329972e+00 -4.903065893577764900e-01 4.212620939522286001e+00 3.531044647077001386e+00 5.848704387792663661e-01 -2.038938308346360806e-01 2.795903052970261093e+00 7.951388021022686159e-01 6.678735292981531346e-01
2.010715633173454087e-01 3.759608251479392038e+00 2.158122355157228611e+00 -9.508713063588041248e-01 1.911341591120209182e+00 3.275786141883988201e+00 9.408068598190325593e-01 -3.904464596736737514e-01 3.484019397663937312e+00 2.941797869503887775e+00 4.879547436222734791e-01 -1.657374326962774425e-01 2.326633781738113527e+00 6.658756552974265386e-01 5.574903882543177369e-01
2.052920281681521186e-01 3.052894088669950712e+00 1.730788690476190439e+00 -7.350900554187191904e-01 1.562759133825944113e+00 2.708601190476190634e+00 7.658565527504105352e-01 -3.048671297721675111e-01 2.868495997536945730e+00 2.447739121510673410e+00 4.033057843288177513e-01 -1.317433645063628977e-01 1.929054033251231592e+00 5.566220238095238582e-01 4.645547901272578106e-01
2.095172134954577381e-01 2.359634908008316767e+00 1.339797355436015414e+00 -5.650390255812488549e-01 1.206535800359145538e+00 2.089225730105223278e+00 5.934819698664229870e-01 -2.356009794298563331e-01 2.202237473221599018e+00 1.876857997684455936e+00 3.107722024447104880e-01 -1.015183590181187312e-01 1.474636448750866302e+00 4.251275419790813137e-01 3.551792454594858706e-01
2.136973926115405542e-01 1.916077761627906995e+00 1.080641593992248017e+00 -4.432804021317829357e-01 9.793276405038759957e-01 1.706589631782945649e+00 4.814693556201550262e-01 -1.856190043604651063e-01 1.808229651162790663e+00 1.552012718023255911e+00 2.577583272771317713e-01 -8.248426901647286369e-02 1.227921511627906970e+00 3.563642199612402917e-01 2.990588359980620448e-01
2.178750580088065492e-01 1.555579949817518237e+00 8.700475593065694069e-01 -3.477043795620438082e-01 7.870501824817518477e-01 1.378897582116788367e+00 3.850256614963503687e-01 -1.445756443886861420e-01 1.463746578467153281e+00 1.263944913321167984e+00 2.083890567974452657e-01 -6.465540174498175807e-02 9.989817518248175210e-01 2.915337020985401817e-01 2.438858918795620556e-01
2.220823861956562617e-01 1.216917409706944175e+00 6.808216720962373403e-01 -2.722427575608534767e-01 6.084782614444068649e-01 1.067848039008292504e+00 2.990022612928019408e-01 -1.129425078094150187e-01 1.120826348049585475e+00 9.668809407965250902e-01 1.595177823949695539e-01 -5.026862630318511271e-02 7.596183170446212385e-01 2.211721251040080216e-01 1.845007351074632040e-01
2.262696194198526023e-01 9.469380849618488361e-01 5.279704182562990900e-01 -2.044871993493371509e-01 4.738787087610473736e-01 8.356652826000439127e-01 2.334278678569468024e-01 -8.520267920246198112e-02 8.776312561755502673e-01 7.617794869661579371e-01 1.260428210085359768e-01 -3.833259431330453965e-02 5.981442364103584097e-01 1.753252670925509182e-01 1.460774828928679270e-01
2.304259489101245229e-01 7.312083894498699888e-01 4.066751501462900209e-01 -1.562131476069476277e-01 3.661942476679846958e-01 6.481799479028448330e-01 1.801172113426171562e-01 -6.478370807016613220e-02 6.793085578824107351e-01 5.914867136497532485e-01 9.770666936053686025e-02 -2.935782269012724918e-02 4.625897415377368538e-01 1.358187689496974659e-01 1.126057653314248147e-01
2.345870463846415066e-01 5.823359939653637296e-01 3.232943284916272031e-01 -1.217952675265307760e-01 2.822223872442357617e-01 5.006051635586857840e-01 1.394607995177380710e-01 -5.003204943721528686e-02 5.219955455985646475e-01 4.545870850988700806e-01 7.535642642443821093e-02 -2.281545678938340024e-02 3.558268278872092627e-01 1.044218791752557635e-01 8.670693377766007515e-02
2.388019837064606632e-01 4.701709260186839323e-01 2.594994547883575642e-01 -9.403029083486216799e-02 2.322677268276565621e-01 4.147348208250857260e-01 1.146512804835731203e-01 -3.908676613777428699e-02 4.364850595791290866e-01 3.835646883901414617e-01 6.337477142977840372e-02 -1.803286829649933254e-02 3.017229234810264171e-01 8.934269182548400245e-02 7.442118881786197182e-02
2.430077036534963875e-01 3.523566854021062400e-01 1.941635428552750398e-01 -6.949105437549030206e-02 1.706942150801716296e-01 3.051712078935482353e-01 8.424261874197688793e-02 -2.863190432891171006e-02 3.153939363886511527e-01 2.771011763879974166e-01 4.585560581140350755e-02 -1.319672328760534107e-02 2.147263284927257154e-01 6.348788561984440582e-02 5.225759098239968203e-02
2.471758823520590620e-01 2.766878655653598473e-01 1.519353856489997767e-01 -5.349450619035985705e-02 1.349777225188261709e-01 2.420997238948608965e-01 6.660434129074212228e-02 -2.214135130292164966e-02 2.521580481863646694e-01 2.223702198062773028e-01 3.681117426419866501e-02 -1.038558514372018085e-02 1.732581641433375563e-01 5.139929797079788309e-02 4.244295788184065249e-02
2.513692271335918882e-01 2.107256571785698918e-01 1.153484269527318418e-01 -3.972105787732210791e-02 1.014664292591133943e-01 1.826985142882149582e-01 5.014091372505580235e-02 -1.631075138858118986e-02 1.890414909358452689e-01 1.673885434102993508e-01 2.761498798004600672e-02 -7.547004682679369150e-03 1.299492884953065697e-01 3.872290563648062706e-02 3.192558821106024347e-02
2.555723892733414715e-01 1.670032862289317077e-01 9.136380469118562941e-02 -3.074771969284749440e-02 7.918261463269825329e-02 1.427809490359769895e-01 3.927783366464784875e-02 -1.260543242783899662e-02 1.470402642619923483e-01 1.302546303897103019e-01 2.162199138587860003e-02 -5.898985552093497474e-03 1.010558011422728192e-01 3.010186005064036108e-02 2.483848417664686822e-02
2.597674079539822323e-01 1.286712104692713243e-01 7.001027327498764163e-02 -2.274077855004221979e-02 6.156110396253398204e-02 1.118317926303703108e-01 3.045524317158473243e-02 -9.271225652511250886e-03 1.160120107090816394e-01 1.037181017205070638e-01 1.714584816325637542e-02 -4.395672029426965846e-03 8.093696660548049815e-02 2.432830605646548253e-02 2.017308833174146290e-02
2.639178238801485610e-01 9.651582802588500043e-02 5.259325602363412733e-02 -1.702659549170631309e-02 4.627757235394924784e-02 8.401993450416922471e-02 2.293308758408788353e-02 -7.010884965053969242e-03 8.724108204803560085e-02 7.793467322424288413e-02 1.292543264896025071e-02 -3.357851556505140819e-03 6.085449118835686150e-02 1.827418555846506074e-02 1.514981127185325779e-02
2.680749044740857179e-01 7.387194093511172122e-02 4.016020462918735295e-02 -1.284444693307017736e-02 3.522013363718139861e-02 6.399993002634372929e-02 1.746735389864268254e-02 -5.299654416515934587e-03 6.602760803599137807e-02 5.896674235843726158e-02 9.782358937541521526e-03 -2.549773723588827715e-03 4.574419805871027950e-02 1.372211292179680367e-02 1.129807814341212552e-02
2.723023151079725368e-01 5.612949590670641281e-02 3.043777316307311881e-02 -9.479984079630014715e-03 2.632629428383250272e-02 4.804013168157238167e-02 1.308084954437916010e-02 -3.844836829748451718e-03 4.912563443161859639e-02 4.406755432930069966e-02 7.302129191509521000e-03 -1.827997005587475837e-03 3.403091698659063691e-02 1.025249574999422333e-02 8.428729398124076497e-03
2.765128983200950685e-01 4.247912474943154465e-02 2.301196874309570026e-02 -7.018662018756098402e-03 2.020071286509348210e-02 3.691002240732131623e-02 1.002441141045874382e-02 -2.890210573603979680e-03 3.808447662981689213e-02 3.424819556910971285e-02 5.683356437257485946e-03 -1.405554474087093633e-03 2.655290680263145547e-02 8.017040929321284440e-03 6.592260982219708305e-03
2.807027537381580062e-01 3.169375164733790468e-02 1.713925316220238013e-02 -5.158924993616565390e-03 1.475168354501625416e-02 2.702090180081488310e-02 7.340523748778224160e-03 -2.099571033639326297e-03 2.754421472088604966e-02 2.479667817744025601e-02 4.110857732810028684e-03 -1.009560871409146505e-03 1.910175383143340386e-02 5.771034896279487666e-03 4.732901533465669504e-03
2.848857026249724811e-01 2.437045170118471923e-02 1.313165196346791248e-02 -3.826017257984020998e-03 1.137054954091606951e-02 2.085226900513421563e-02 5.641640611748569185e-03 -1.572651918013804944e-03 2.151789432452767825e-02 1.941788230989701172e-02 3.225296873674856745e-03 -7.775656005077880538e-04 1.510562779265411416e-02 4.574958825425785511e-03 3.777907555911524332e-03
2.890807262117984777e-01 1.764932630621556670e-02 9.511741059554686475e-03 -2.739983295861871983e-03 8.302977976007611116e-03 1.526735045478631175e-02 4.131423979894403853e-03 -1.126215088486620230e-03 1.573440239162291962e-02 1.423984847608183654e-02 2.371252969345350858e-03 -5.580098084802853674e-04 1.104585114446565708e-02 3.354820679584795233e-03 2.761254389102860054e-03
2.932785946948970324e-01 1.313232525584705906e-02 7.063254216868547139e-03 -2.003392919864436031e-03 6.127492511201925417e-03 1.129090358660711502e-02 3.047961937548759621e-03 -8.169501465769160673e-04 1.163884566055615501e-02 1.056135367268936157e-02 1.756038166543874525e-03 -4.043984840856021021e-04 8.205482999713570660e-03 2.498952920883344003e-03 2.060273206027914399e-03
2.974321087309398370e-01 9.825252553078053439e-03 5.283635550839309997e-03 -1.481799856816615494e-03 4.482704956386347403e-03 8.263331006772414722e-03 2.235417962741105113e-03 -6.020739681712731399e-04 8.368040880151729477e-03 7.583097750831569242e-03 1.260651546830050427e-03 -2.947209684235687645e-04 5.806116290379774968e-03 1.763707508918136791e-03 1.437146133635016287e-03
3.016123743882810904e-01 7.150733770164166211e-03 3.841611048809999429e-03 -1.068766512827987181e-03 3.237363001934999516e-03 5.975865512501426190e-03 1.615417215825215407e-03 -4.315200287984165750e-04 6.063623165732447487e-03 5.501582976909564181e-03 9.155656474194859892e-04 -2.129165763164353898e-04 4.229971721584750190e-03 1.286416900370122070e-03 1.053444696818423877e-03
3.058101292111336522e-01 5.292865398624242886e-03 2.837673015987472822e-03 -7.699612281505746007e-04 2.412607533756616802e-03 4.464252241849863204e-03 1.202483921264395784e-03 -3.099325690483841649e-04 4.591918008084296642e-03 4.182784490056477324e-03 6.955984854846195909e-04 -1.554037940218649981e-04 3.255762371880904695e-03 9.947595086340977385e-04 8.225715700588919323e-04
3.100168993294901143e-01 3.920777134308463079e-03 2.101512553069358365e-03 -5.605520793377657095e-04 1.777413688488248007e-03 3.294738561112541160e-03 8.878097352470099056e-04 -2.261378295849397855e-04 3.358065885308312258e-03 3.062853262706269428e-03 5.101475908156327113e-04 -1.131111403791499904e-04 2.358136188967155551e-03 7.208643789055214218e-04 5.896146671888787124e-04
3.142092030053749707e-01 2.822732379298738357e-03 1.509057979427395804e-03 -3.937445143666225538e-04 1.263675968066771621e-03 2.345907314643623596e-03 6.309959026588673288e-04 -1.584604249305475606e-04 2.385089538589907875e-03 2.177598465310541173e-03 3.624103766114411106e-04 -7.963213227257079818e-05 1.679163864624278000e-03 5.137076078389913453e-04 4.210885984100297711e-04
3.183867557675504334e-01 2.140174060056244595e-03 1.143289091523288321e-03 -2.901576066323261122e-04 9.639203963023955770e-04 1.793286531177938495e-03 4.817036161574015144e-04 -1.170534869047648444e-04 1.823975898105651946e-03 1.670671906171172696e-03 2.784106295715706430e-04 -5.920145105424812844e-05 1.285321304849450447e-03 3.943967290895128669e-04 3.228023821555158542e-04
3.225872781332082551e-01 1.507213522763774845e-03 8.033145430441008573e-04 -2.004514690903824324e-04 6.674569338349248347e-04 1.244813478322424416e-03 3.339897820825746223e-04 -8.006539559303847014e-05 1.255284315625364994e-03 1.152094895873746489e-03 1.916187211519057229e-04 -4.001485857430772561e-05 8.828711722947746093e-04 2.714247494128370526e-04 2.216072780174751383e-04
3.267666109043823597e-01 1.115058751218478417e-03 5.946110622405704343e-04 -1.476992171878894957e-04 4.918148399158167247e-04 9.176653716937036107e-04 2.462422802722768274e-04 -5.882551646082102257e-05 9.267404035923551813e-04 8.503240405630031100e-04 1.416513789541095909e-04 -2.977237601668246376e-05 6.539357457579461934e-04 2.009755083172116389e-04 1.646908844478572344e-04
3.309328770241455886e-01 8.185896067612145064e-04 4.354457606518301132e-04 -1.046141472331003301e-04 3.613233475026972818e-04 6.760180585099464720e-04 1.807815248832555686e-04 -4.158039122706589882e-05 6.792367853754900653e-04 6.256038297141039211e-04 1.041002718164683096e-04 -2.100491317501388148e-05 4.775900909993078744e-04 1.473146233355090561e-04 1.199087456236411626e-04
3.351106074107195187e-01 5.806169911472406145e-04 3.090441025868961356e-04 -7.435744305960642500e-05 2.499323583581693838e-04 4.672336351956395259e-04 1.253162609492631651e-04 -2.915540159188046188e-05 4.688617096652720182e-04 4.311884401381708564e-04 7.187105574697817711e-05 -1.472037657490226930e-05 3.305022871138289017e-04 1.017960521350514021e-04 8.325641131112088145e-05
3.393095620710060434e-01 4.183678176120850787e-04 2.219900583792692539e-04 -5.171678049802304805e-05 1.848222453134544324e-04 3.463264164323774500e-04 9.234078880330052347e-05 -2.068209808060157251e-05 3.508239768839041713e-04 3.239071251948053834e-04 5.391251512642614239e-05 -1.061447619463232578e-05 2.489625351469053382e-04 7.698777415949426830e-05 6.296479160018193149e-05
3.435164896197421824e-01 3.021554408707473219e-04 1.600768235928646057e-04 -3.645991326121838990e-05 1.316171706988596125e-04 2.472609217476152608e-04 6.594977343814302788e-05 -1.446399428973818314e-05 2.496598070045665278e-04 2.308676718336380082e-04 3.847578731887669952e-05 -7.463082182943261518e-06 1.774587562064880203e-04 5.493383033854627663e-05 4.498412510934942277e-05
3.477107812306902690e-01 2.125181219673822394e-04 1.126198723106110194e-04 -2.520313802443237730e-05 9.336400593475601903e-05 1.757100355004491887e-04 4.678700014487757015e-05 -9.937073484528368209e-06 1.776831912533778938e-04 1.647912326211796853e-04 2.749787759211187336e-05 -5.131252546471085762e-06 1.264974942193121681e-04 3.927891407537897911e-05 3.207463221776654682e-05
3.518857617074659383e-01 1.558516611864528469e-04 8.257719219930674157e-05 -1.817391566731172247e-05 6.754173761672899049e-05 1.272791311214825400e-04 3.386511196604189507e-05 -7.129676260800910700e-06 1.281500701277560035e-04 1.189032576332851447e-04 1.980509083755849459e-05 -3.685161955256451980e-06 9.101309369338454378e-05 2.827218985204259152e-05 2.305007796238085573e-05
3.560773577310688554e-01 1.057492587280339991e-04 5.603181456052628163e-05 -1.240764270280639878e-05 4.539157088389595546e-05 8.555744658471006996e-05 2.279089449867275415e-05 -4.895411884498975335e-06 8.585750008325338694e-05 7.951830798712970284e-05 1.327208651274057757e-05 -2.548394510214614240e-06 6.082106971186466418e-05 1.886346294390824023e-05 1.537148688743768108e-05
3.602869550449780967e-01 7.616307594191024024e-05 4.026562602000494697e-05 -8.698541407613916547e-06 3.222001907242798329e-05 6.081361727010172033e-05 1.621044622328413838e-05 -3.380596672283698943e-06 6.044555292496290384e-05 5.608169272074508519e-05 9.362698855641016671e-06 -1.739881838821233842e-06 4.275386683498392837e-05 1.326860009762544843e-05 1.077172493504065764e-05
3.644651285618699665e-01 5.326454972390077608e-05 2.817272415698948739e-05 -6.041312874336317800e-06 2.235836985654351904e-05 4.229905398941436205e-05 1.126833512570619382e-05 -2.347315834530494201e-06 4.199195234687572891e-05 3.902377503679190835e-05 6.523143478245292081e-06 -1.219828994412580737e-06 2.967495198460683807e-05 9.214255526088085339e-06 7.472144207059763210e-06
3.686396944457170921e-01 3.760955658075064347e-05 1.983650837995176746e-05 -4.152599485855264829e-06 1.605216429897625047e-05 3.028245859196903152e-05 8.057720270915103055e-06 -1.612393141876188893e-06 3.040170219552054689e-05 2.827076353392377856e-05 4.731847391999723998e-06 -8.427650321580682063e-07 2.169445343020715486e-05 6.720725477806750462e-06 5.500797800203343371e-06
3.728293470315630076e-01 2.611186394589585318e-05 1.373816210930153071e-05 -2.799703826372405412e-06 1.075461870067778982e-05 2.032161918898047124e-05 5.402883324368164185e-06 -1.079991141464779877e-06 2.013820501253470874e-05 1.874361058297445979e-05 3.127414276899073405e-06 -5.573280172848345567e-07 1.422972434716689155e-05 4.446867631806427608e-06 3.605608667960460439e-06
3.770363921861874523e-01 1.769362631010514244e-05 9.382350924233734095e-06 -1.908057305835843237e-06 7.312063562415685238e-06 1.381687607167001654e-05 3.677810513144732186e-06 -7.387522641812306149e-07 1.371022564752000454e-05 1.275642002543367543e-05 2.132953578634027144e-06 -3.898419161639561085e-07 9.715168991334282003e-06 3.029822501444610110e-06 2.447672668332093498e-06
3.812363453093803867e-01 1.296154437433194855e-05 6.758206908707675710e-06 -1.330262860822645545e-06 5.293150358006158897e-06 1.016154137146637324e-05 2.677576831623896005e-06 -5.124830204224878484e-07 1.002702338968706900e-05 9.431074014159886125e-06 1.568026920383670658e-06 -2.696922242245118489e-07 7.136593874081879293e-06 2.242207033183632821e-06 1.811375074146730812e-06
3.854150971210312249e-01 8.695561363064249083e-06 4.628057475195217170e-06 -9.215806879193840945e-07 3.624616873068593681e-06 6.821537659906416053e-06 1.814481972092183005e-06 -3.451644735913103403e-07 6.705052856262515476e-06 6.262661024201993058e-06 1.040514151996615804e-06 -1.762773313158341747e-07 4.740764093383802989e-06 1.480754167040476683e-06 1.196194897406801439e-06
3.896036578152083374e-01 5.990698956389807217e-06 3.173738394601887994e-06 -5.936359536831641510e-07 2.499670408026547482e-06 4.651107271123572832e-06 1.234559406546343796e-06 -2.249610854441030957e-07 4.633554690003630121e-06 4.362994817161943095e-06 7.217209929290757432e-07 -1.197621148610425552e-07 3.270493394433721350e-06 1.041790305367772185e-06 8.327966667870292081e-07
3.937795161075864914e-01 4.174670271236720585e-06 2.248590553396623906e-06 -4.132931785789516823e-07 1.701336708156354959e-06 3.362815508385897355e-06 8.799895640688927767e-07 -1.628230030868292010e-07 3.217727351222680648e-06 3.094331374491466571e-06 5.078742235956569946e-07 -8.326802344395672095e-08 2.285820309155430201e-06 7.382290224815994414e-07 5.817024349022955101e-07
3.979440095093054186e-01 2.801316417975910194e-06 1.499440853791143446e-06 -2.772240401496638736e-07 1.160646061856438466e-06 2.170824915002450778e-06 5.853959952886432236e-07 -1.006325541439882775e-07 2.216497646671476911e-06 2.041324296251232391e-06 3.400271803974305546e-07 -5.099624155247429135e-08 1.557835331436227774e-06 4.906153129556173530e-07 4.050673952456886696e-07
4.021139069446590386e-01 1.932625703089950338e-06 1.057431864279690278e-06 -2.089130198516305913e-07 8.206780132303905324e-07 1.565734401379969724e-06 4.037497205929283461e-07 -7.614276069491672080e-08 1.452982538840287044e-06 1.439385566773967339e-06 2.340789968227432980e-07 -3.170377867139952669e-08 1.068688097809868902e-06 3.424650145745563589e-07 2.718577928894474716e-07
4.063125452039867413e-01 1.353487554826751167e-06 7.146200609900129908e-07 -1.327804424995471209e-07 5.174861899720347904e-07 1.038463612379109947e-06 2.669471022620333621e-07 -5.258377929698854014e-08 1.047660060126669441e-06 9.577337868811917838e-07 1.592439272698693752e-07 -2.496004841542084233e-08 6.919202122348549651e-07 2.211647944839585504e-07 1.882639656701975906e-07
4.105412315868290918e-01 9.114971266005107112e-07 4.766155866187081404e-07 -9.161075761884377097e-08 3.469132346185526979e-07 7.295048554223697995e-07 1.884493740151313724e-07 -3.499367013401847562e-08 7.310134551322719954e-07 6.788113847925403195e-07 1.131250264434116932e-07 -2.302532824101975566e-08 4.753910639773062591e-07 1.510077361477727789e-07 1.214921713756535255e-07
4.147348487769681458e-01 5.549083681479163509e-07 3.105493103591784151e-07 -5.949478395370488654e-08 2.151402289416887858e-07 4.574590274045446154e-07 1.206289214323951448e-07 -2.471294849976752201e-08 4.760245451207379488e-07 4.284941859147269549e-07 7.131483043643236858e-08 -1.262804929333936616e-08 3.450707507979050625e-07 1.016769837992364620e-07 8.485062650921831744e-08
4.189107045044477284e-01 4.128393595041090517e-07 1.940290698915300583e-07 -3.028558338425627824e-08 1.940648245059120084e-07 3.199399882058026433e-07 6.741666528987406683e-08 -1.294732234608709102e-08 2.706942028806410375e-07 2.784740516447924051e-07 4.301629883549795519e-08 -3.854400173982066473e-09 1.824052669637940931e-07 6.135176846815419465e-08 4.930227095353452939e-08
4.230974437456921922e-01 2.862877602677270823e-07 1.469641698393437369e-07 -1.071775993950533044e-08 1.280361555306901518e-07 2.171603476157732411e-07 4.873255257422749727e-08 -3.745241372689357200e-09 1.725748213891055295e-07 1.862649798941915171e-07 2.591130258684755700e-08 -4.799554705107181314e-09 9.810017574846172256e-08 4.363235364313458053e-08 3.248604473820137440e-08
4.272931011032126136e-01 2.015141062491383842e-07 8.362784589501972585e-08 -2.383282046805414884e-08 6.006431973044019232e-08 1.805032460069300306e-07 3.324786896244930454e-08 -1.015201434105161899e-08 1.701928338120034204e-07 1.588812679789937131e-07 2.321226994322462202e-08 -3.683517279155810481e-09 1.044084456350365921e-07 3.026973620576508923e-08 1.972148461293771424e-08
4.314914587673138180e-01 1.054339796615380320e-07 6.165931835694608822e-08 -8.495167003970229968e-09 7.242908240883690222e-08 1.059314692505911287e-07 2.730592839131562279e-08 -3.722983704220274907e-09 1.268232322146064030e-07 5.690218516021645237e-08 1.647310669303476926e-08 -7.278072246156605960e-09 5.680724349514146228e-08 2.070780826446938916e-08 1.432557647875332932e-08
4.356511643511531418e-01 7.617565622969788130e-08 6.345813574494707884e-08 -1.391765405957123311e-08 4.975844717253872024e-08 7.314116790875780306e-08 1.699041650653029715e-08 -2.494300394184536568e-09 5.108536237684200695e-08 6.007837512284321713e-08 8.955364667752082814e-09 1.381155939608366710e-09 5.614917410965177464e-08 9.388083669214137185e-09 7.673000587871411803e-09
4.398424702607344750e-01 3.846105509453458488e-08 2.213598188209469925e-08 1.226925942287372490e-09 -1.627044487246178493e-08 2.153446212993876617e-08 8.126688725451878215e-09 -3.803185467052029480e-09 -1.153752064510309810e-08 3.713389822579985346e-08 2.260998470187619821e-09 -1.035686680702300809e-09 -7.400106456087323978e-09 8.331529261629248937e-09 1.116437498797056415e-09
4.440501074980069407e-01 3.967443176772002149e-08 2.590307069832579118e-08 -3.141943499250262815e-09 1.050168646109932169e-08 3.243860437653574124e-08 1.036486198345926421e-08 -4.277441262504000510e-09 3.311404078435305917e-08 4.532219366485340447e-08 6.267249081739288148e-09 -3.683440681919842340e-09 -3.011749513175003902e-08 9.402493446167006888e-09 -2.772335782377395437e-09
4.482267968899237842e-01 9.093167596798660071e-08 1.740157817470772900e-08 -1.214556754153648186e-08 2.580216694827404908e-08 7.354767107987802817e-08 4.685308503229518420e-09 -3.798174929016828185e-09 2.165948271768837622e-08 1.753330810180585060e-08 8.054880814300629353e-09 -6.820779818710610836e-09 6.949379696680569689e-08 -7.762734450614478258e-10 2.119508535148268860e-09
4.524052929840755577e-01 -3.182090407422134144e-08 1.185117365172275713e-08 -1.144783764743534441e-08 -1.027717580137196650e-08 2.516390661946503919e-09 7.587441603322321822e-09 4.834177469137418176e-09 3.654712902901560435e-08 2.544764459884775048e-08 -1.203800747265888851e-09 3.913853122845040077e-09 1.175168553621491412e-08 7.469415236981211936e-10 4.581150983103593722e-10
4.566090347930675253e-01 -4.488306532379324972e-08 1.604846065726107540e-08 1.254593588750583155e-09 2.901711205371068046e-08 -4.429855299547902776e-09 3.123896782540855717e-09 4.349637975519998573e-10 2.590989631560803799e-08 -5.443871003961072700e-09 3.073336677103393980e-09 9.396695686455406231e-10 2.223927833058293771e-08 1.828965072270014077e-09 -5.510301535366145501e-09
4.608167319022857811e-01 5.887806400991577640e-09 -9.252670835279130192e-09 3.499376493906547225e-09 -4.497445263072024876e-08 7.513139444675463006e-09 6.917696423313240079e-10 -4.627125689113122545e-10 5.012515127546629860e-09 -2.428447491961124310e-08 -2.488658936485799888e-09 1.372231122514169720e-09 8.691942476045417779e-09 -5.698150443223996108e-09 1.445964523850486494e-08
4.649806979855051203e-01 1.605721076795953334e-08 2.059378224580819265e-08 -2.266120947300505915e-09 3.451454820737877526e-08 1.388046023566653942e-08 4.935754310092418005e-10 4.392564074877753908e-09 3.969062000093818741e-08 1.749934523912649423e-08 4.338944785623406350e-09 6.208280867492906076e-10 1.803083895910740602e-08 4.190348631538232933e-09 2.044722528369259173e-09
4.691538386770017222e-01 3.686163671160953065e-08 6.126142271721922114e-09 -7.252616440235481763e-09 1.711883819415260467e-08 -1.549365623169257076e-08 3.612302557088348496e-09 -7.386250044335592299e-09 1.425817423826560911e-09 -2.157257193125557021e-08 4.629578643425818751e-09 -8.256109752139091197e-10 2.153718850498328848e-08 -7.231376207920852759e-09 -3.123087715632456581e-10
4.733478629909182445e-01 -4.631351317788950591e-08 1.297160212511822191e-08 -1.054107051755327804e-08 1.363826893106496059e-08 -1.928893001905353207e-08 5.876126374556521318e-09 -8.905988055262664269e-10 -2.450421586083458362e-09 7.337500681527755519e-09 -3.232851197348118129e-09 1.562529582799747643e-09 -2.742957381619732921e-08 1.412500603061359276e-09 -2.065132072368599796e-08
4.775500538217637980e-01 8.762611395390055268e-09 6.059174280454254003e-10 4.572632408407892326e-09 -6.248703882576009976e-08 4.532763306908003451e-09 2.821896596796399899e-09 -8.363839507844292492e-09 3.809284241889227754e-09 -1.681262072861267991e-08 2.926859408283767755e-09 -2.313813756903878368e-09 1.978787916386736725e-08 1.634107844644841599e-09 -4.863840261560357058e-09
4.817339644282710998e-01 -3.210229583234774838e-08 4.265030407144562363e-10 -9.991370361148266849e-09 1.948746088898317590e-08 -7.624755540769724263e-09 6.874713030736637616e-09 -2.745875687532664643e-09 -1.187117081381389546e-08 -2.514627820650606750e-09 2.085117803938259892e-09 -2.875806966939370692e-09 5.914579085698712452e-10 2.952825205691463093e-09 -1.719123474286416335e-09
4.859144464692263798e-01 -2.054562575595323190e-08 -3.534700219240615062e-09 3.366622128511548747e-09 -1.275723304929612425e-08 -1.525064156639389862e-08 1.217056905276676301e-09 -1.428138411502154349e-09 1.028077860579688515e-08 2.938437184841449547e-09 4.075306654415096609e-09 -3.118767499844747716e-09 1.167554176920541797e-09 9.958470604320221265e-10 -1.129051719780946521e-08
4.901252990058800885e-01 4.142645950235679877e-08 1.111577150063453359e-08 -2.968320843453100996e-09 -3.715824226543852996e-09 -4.011510772170343104e-09 4.357332975324748217e-09 1.197288507834936109e-09 -3.246941002230930872e-08 -2.129484066133914347e-08 -3.084760392394286573e-09 1.797794884672727851e-09 2.093500744693078778e-08 -5.233800315961198469e-09 -7.337004558291994708e-09
4.943123444065962158e-01 -6.918687618176248033e-08 3.204577860772491248e-09 -8.575633921744857035e-09 1.568025627815534398e-08 -3.455249650910355781e-08 1.327871678889504573e-09 1.360626249761392027e-09 4.052035398284720088e-08 -1.199363273161172465e-08 4.081621676104069015e-10 1.753168125421287716e-09 -1.321858777374484075e-08 2.886154567909683464e-09 -7.865644660587520560e-09
4.984736335014697817e-01 3.419811668209499608e-08 1.553534541113989433e-09 -4.738607973872359071e-09 1.747971006232328985e-08 7.437019948500040735e-09 5.582739569873150658e-09 -1.907524132311511180e-09 -5.530322448081203962e-09 3.708173865210803855e-09 3.598367976557205170e-09 -3.502495469767946614e-09 6.538623039186257563e-09 2.729661656526184928e-09 -1.094066226506431805e-08
5.026590164608074618e-01 3.832825367689340174e-09 -1.340363991199088607e-08 -1.424111919420924590e-09 -1.711573021571049833e-08 -1.152454439577973211e-08 -4.983653084329341648e-09 -1.620358266013830404e-09 -5.446370082521667983e-09 -2.367082941904709345e-08 -4.747138317276301007e-10 1.289919923778146293e-09 1.684350193566800504e-08 -8.558367775744678241e-09 1.275487944467856135e-08
5.068609875937976073e-01 5.011441067805655090e-08 1.895175414061020314e-08 1.713167951751193632e-09 7.399355077965881127e-08 4.419667011234233316e-09 3.845404550972066860e-09 -8.649772661989322909e-10 1.002524541146079343e-07 1.753066284512837521e-08 -1.973699073021956677e-10 1.585566678495936078e-09 2.502588688428791328e-08 4.359835860607927576e-09 9.125974639310551228e-09
5.110594965365916620e-01 -4.743980880361512857e-08 1.394420066294643299e-08 -3.769107229523071121e-09 1.738526751858434365e-08 5.555383773444727014e-09 -3.826851696202547086e-10 2.320445346476908267e-09 -4.829392156245340215e-08 1.680258533739073104e-08 -1.110039619277432286e-09 1.920959282644520045e-09 -3.269084142204981985e-08 2.027901971517711696e-09 6.094433057796323638e-10
5.152492140965455603e-01 -4.229465996388850394e-08 1.432482794455880574e-08 -1.226982246208128437e-08 -1.728607760191590415e-08 -3.461235260368177006e-08 4.173972388134679913e-09 1.964509626666913853e-09 -6.280165366368287932e-08 -2.799135156749269385e-08 -1.744694552542189172e-09 -1.524350025817145073e-09 -1.719351197040973978e-09 -1.126402712447884638e-08 -2.113284124612181786e-09
5.194329442812991582e-01 3.032886761274950414e-08 4.338824193149506278e-09 -5.994310583490792195e-09 -1.234515419840880747e-08 4.979273561730082299e-08 2.083217786046511818e-09 -2.354965375967239620e-09 4.317062441332166696e-08 4.089376633088152959e-08 7.694861135137609176e-10 -1.731725330396592164e-10 3.354062469938359843e-08 8.097606642269335727e-09 9.488747672570509348e-09
5.236343964239100757e-01 -1.241894183330893194e-08 -3.300133679328840242e-09 6.422275005732349582e-09 6.261746066766550035e-09 -1.180651153236537631e-08 -1.353169424656995305e-09 1.995263307212527124e-09 4.851179497345661661e-08 2.795521227813191981e-08 -1.791776072794661193e-09 1.984334580618450729e-09 -4.622012529965373544e-09 2.691595652744086844e-09 -1.384796612734361124e-09
5.278273205415198177e-01 -7.080010963060485107e-09 6.382017432660833834e-09 1.402083357767353766e-09 -5.537761557158415842e-09 1.132803822922198935e-08 3.551297369262100298e-09 6.400176580730021616e-10 -2.791609724961323469e-09 2.840384332408622106e-08 3.325386735297489577e-09 -5.746048617950163599e-10 3.382122233796343961e-08 8.437142175331960768e-09 3.882786345381876763e-09
5.319960279023402405e-01 -8.682484017854220395e-09 1.000986471163757577e-08 5.326951943583135537e-09 -2.191231241027956696e-08 3.045455356048080472e-09 1.340151376804704396e-09 -1.793754848484959388e-09 1.713767554634014531e-08 -1.235237030279692524e-08 2.285473534859950979e-10 -9.063400943048871519e-10 1.917594563943328963e-08 -5.731380096802880493e-09 -1.125672351143953798e-09
