# Columns: ('k', 'S1', 'S2', 'S3', 'S4', 'S5', 'S6', 'S7', 'S8', 'S9', 'S10', 'S11', 'S12', 'S13', 'S14')
5.345493089407682419e-03 -5.152895609537759825e+00 2.738264160156250000e+02 1.569596184624565893e+01 -1.039908006456163214e+01 -1.198413509792751697e+01 2.841593695746527715e+02 -7.828681098090277679e+00 -1.539478895399305536e+01 -1.080634901258680536e+01 2.529658474392360858e+02 -7.041520860460068754e+00 -1.217528110080295001e+01 -2.920625262790256027e+00 -3.085670047336154465e+00
9.344366739594166943e-03 3.982441809869581739e+00 7.280846774193548754e+01 -4.089061712449596797e+01 1.496190914030997909e+01 5.166319816343245996e+00 -1.715858508694556406e+01 -5.296315839213709964e+00 8.408254315776209964e+00 -8.428521925403225090e-01 1.064043106571320507e+01 -6.175274756646925489e+00 2.630890877016128782e-01 -2.857163952242943505e+00 -2.621938151697958741e+00
1.312833575873958818e-02 -4.471279097576530148e+01 -1.062599449936224403e+02 9.009950972576530148e+01 -9.590770487882652162e+01 -4.427737364477040671e+01 1.073896384725765216e+02 1.507672991071428470e+01 -8.944429607780611491e+01 -1.157691924426020336e+01 1.453188277264030432e+02 -2.068828473772321175e+01 -2.007161416812818544e+01 -3.126463403507154792e-01 -7.607132269411670533e-01
1.700891779646987109e-02 -3.415155087425595326e+01 8.499557291666667425e+01 3.820846354166666714e+01 -5.130593843005952692e+01 -9.318750000000001421e+01 1.864683035714285779e+02 -1.041345796130952461e+00 -1.130708705357142918e+02 -8.480373883928572809e+01 1.688404761904762097e+02 -1.443421456473214448e+01 -9.355321800595238813e+01 -2.710340866815476346e+01 -2.907277715773809845e+01
2.135270783943789275e-02 -3.094857421875000014e+01 -2.833615792410714107e+01 3.654087053571428356e+01 -2.345441406249999972e+01 -7.034409598214286063e+01 4.431903180803571729e+01 1.401934291294642776e+01 -5.723275669642857366e+01 -3.628667689732142776e+01 5.184351004464285495e+01 -1.840097481863839368e+00 -3.036451171874999844e+01 -3.416402064732142918e+00 -5.047991071428571175e+00
2.564347439342075027e-02 -2.450416015624999844e+01 -2.208889756944444471e+01 4.578060329861111200e+01 5.859938151041666821e+00 -6.290184461805555571e+00 2.992947916666666686e+01 2.177707248263889006e-01 5.328055555555555323e+00 7.871052517361111001e+00 3.242044270833333286e+01 -8.331083984375000639e+00 1.628029513888888946e+00 1.362687445746527670e+00 -1.390045844184027768e+00
2.962205054058980949e-02 2.468133889638704304e+01 -9.668046615448504610e+01 5.683335496262458264e+01 6.955086560423588082e+01 9.476061565614618587e+01 1.092935657184385434e+01 5.923031626349668066e+00 1.337751505398670986e+02 8.242231623754153702e+01 3.042379568106312249e+01 -5.636949101951826968e+00 9.028206758720929770e+01 2.154436708367940412e+01 2.111394472850913573e+01
3.361537140302770649e-02 3.040230786581364697e+01 2.608137508202099752e+01 2.267068056922572072e+00 2.359857898622047045e+01 4.173060716043306684e+01 2.447076207759186417e+01 2.052711306594487972e+00 3.162582533628608772e+01 3.547663170521653342e+01 1.731123380085301733e+01 6.694124477116141225e-01 2.476454847440944818e+01 1.122609856873359568e+01 8.514666379593176515e+00
3.793950633336700545e-02 1.323021905100700479e+01 -4.801369581873905723e+00 9.917650640323993017e+00 7.635444258975481091e+01 9.775291429509631769e+01 3.489705560420315322e+01 -1.823388928415061372e+01 1.305295397329246896e+02 7.644802156304729124e+01 2.319169870566987868e+01 -1.102370772219789785e+01 7.959591177758318281e+01 1.808501395577933479e+01 1.739886677703590223e+01
4.227894994616508695e-02 6.163446874999999991e+00 2.992868750000000233e+01 -2.413733750000000100e+01 5.720401250000000459e+01 8.472746250000000146e+01 3.670316250000000480e+01 -2.053034687499999933e+01 9.623402500000000259e+01 6.517267499999999814e+01 1.892876874999999970e+01 -6.336063281250000401e+00 5.945478750000000190e+01 1.657378750000000167e+01 1.448330937500000104e+01
4.633325468672155889e-02 -2.270466017232510225e+01 -5.028441679526748942e+01 4.123254243827160082e+01 1.775453853737997179e+01 1.471866158693415549e+01 7.197729123799724960e+00 -5.588580682280949175e-01 2.000466311942729547e+01 2.015896937157064528e+00 7.892399959276405141e+00 -3.198513454861110716e+00 1.629379125943072548e+00 -2.549046478480795574e+00 -3.315829220786179476e+00
5.038752484052157893e-02 -7.442719818081587890e-01 -2.066459654079382702e+01 2.268147050716648394e+01 4.615310174338478788e+01 8.868424407386990538e+01 1.970299148980154413e+01 -6.846805122484839856e+00 9.572222126515987384e+01 7.435422409040793923e+01 1.846341820562293279e+01 -7.619933072629548221e+00 6.664495331449835192e+01 1.843575144707828173e+01 1.605241136645534894e+01
5.464179025701254577e-02 2.024220005452249893e+01 1.680791401228190907e+01 -8.840616749885215953e+00 4.883485063705234097e+01 7.778513831496785258e+01 2.072076948461891632e+01 -1.013000566747015618e+01 8.520009756657483990e+01 5.877515567607897395e+01 1.196391919909320478e+01 -4.232286465507345774e+00 5.499213010789715383e+01 1.512208914428374662e+01 1.385961622618227729e+01
5.886817576171304162e-02 2.951159677742193566e+01 2.085527797237790182e+01 -1.598964796837469926e+01 6.081333817053642576e+01 1.069211744395516348e+02 2.601481497698158307e+01 -1.536719062750200138e+01 1.052716923538830969e+02 7.324500850680543351e+01 1.430954138310648460e+01 -7.224705545686548547e+00 6.173789031224979595e+01 1.606837032125700304e+01 1.283756301916533182e+01
6.290140616743733482e-02 6.755728272787948185e+00 -2.633947725972540344e+00 1.771527579138062691e+00 5.145809496567505903e+01 8.080970513920671294e+01 1.662266101735316681e+01 -1.012631176701945179e+01 9.674463672768878553e+01 6.300656702898550776e+01 1.031497678894927539e+01 -4.809285016209001284e+00 6.275859911327231089e+01 1.541063745471014634e+01 1.504416505768497458e+01
6.703999982739437813e-02 -6.738570298457160490e+00 -1.236327890952666309e+01 9.618282841521869742e+00 2.018515250524266236e+01 2.988654321449969942e+01 6.817620955662072824e+00 -3.799131801415518428e+00 3.499358008163571299e+01 2.218696169113241368e+01 5.365188735769922168e+00 -3.072467490825344427e+00 1.752610095865787798e+01 3.795684576748801664e+00 2.434935426340623099e+00
7.134254604642074893e-02 -6.577160506783987337e+00 -1.500916216080064647e+00 -2.548263492409994946e+00 2.706580383530360123e+01 4.482341483073616928e+01 1.103098342624932826e+01 -7.324762392530898225e+00 4.519174418995164189e+01 3.069612271628157174e+01 5.582231180313003804e+00 -2.823767463729177862e+00 2.394275171278882652e+01 5.737114202713595290e+00 4.553238136418592319e+00
7.561818311969153994e-02 -1.298180268285371675e+01 -9.841207658872901831e+00 6.989803938099520941e+00 1.773491082134292540e+01 2.249024655275779594e+01 5.168401528776978893e+00 -2.745136859262589990e+00 3.140282523980815554e+01 1.885175172362110274e+01 4.253029451438848696e+00 -2.307580888414268561e+00 1.758692858213429133e+01 4.003948403776978360e+00 3.351420582284172944e+00
7.973924982214039558e-02 7.437552884063791225e+00 4.990098131310234386e+00 -3.489761107446076149e+00 2.866304425768701236e+01 5.556846603946764418e+01 1.119400922154658140e+01 -6.227517998508489860e+00 5.688182652592932698e+01 4.238608951927489699e+01 7.455290557595227519e+00 -3.698716127308971924e+00 3.799124455025241076e+01 9.878994091326296356e+00 8.807064593850389755e+00
8.385356877962653332e-02 -2.386204279648390880e+00 -1.180210506058800179e+00 1.212769961139253061e+00 1.620028183353198159e+01 3.023387527314262968e+01 6.262035347139451424e+00 -3.298225193682955858e+00 3.269443720202622217e+01 2.380380289034565067e+01 4.488740626241557230e+00 -2.170491245468315622e+00 2.104335052890345636e+01 5.361618339044497361e+00 4.597485923842868694e+00
8.809929214337092196e-02 -7.443008673871193359e+00 -4.980191197059852470e+00 2.365933555466835703e+00 1.356280899982499122e+01 2.666047755512775552e+01 4.521975219854742711e+00 -2.227359610168008430e+00 2.754972983024151034e+01 2.134475083129156303e+01 3.325798955963422898e+00 -1.422276289595729715e+00 1.840010281764088163e+01 4.958132232783514226e+00 4.285107712416870385e+00
9.230415729057904473e-02 -2.338565827691407417e+00 -1.919627371698428453e+00 1.530561084294550289e+00 1.171622941741892276e+01 2.257026287194917913e+01 4.106405805959544963e+00 -1.946729021700518203e+00 2.412068497158140801e+01 1.818656098503844731e+01 3.191340296932463794e+00 -1.454277709430374488e+00 1.638818277749916419e+01 4.302430076688398053e+00 3.836463492038615808e+00
9.643309047658384092e-02 -1.867164424606180040e+00 -6.644234228264161990e-01 -9.830857363299000395e-02 1.151350916388973111e+01 2.410796444259315408e+01 4.556651571020145397e+00 -2.271481416616176752e+00 2.439487560587700798e+01 1.936164940548318825e+01 3.318423867767343438e+00 -1.449071866243183848e+00 1.708471154574371553e+01 4.707441577836261715e+00 4.142230810739169655e+00
1.005689403076158450e-01 -2.546521903488780048e+00 -1.130707891392005671e+00 1.759379382889200705e-01 7.901920801192146016e+00 1.535118447580645196e+01 3.015013586956521774e+00 -1.616592933686886502e+00 1.597768123246844318e+01 1.192487180049088380e+01 2.143844232117812165e+00 -1.050681196857468525e+00 1.025192408835904700e+01 2.646510398404628539e+00 2.217269542207223054e+00
1.047818677762802908e-01 8.074793455937266939e-01 5.009765625000000000e-01 -2.491665062157704669e-01 8.106236969442369045e+00 1.735193007841672852e+01 3.223990423512571368e+00 -1.549758253983071876e+00 1.698354065533980517e+01 1.340412135144386419e+01 2.312129990509086408e+00 -1.008978017741007038e+00 1.156265850603684342e+01 3.116799500560119451e+00 2.676249961102813213e+00
1.090277847809041356e-01 9.646431268882174614e-02 1.079022130272484364e-01 -8.643281667586567851e-02 5.910450376191029420e+00 1.306350583894957040e+01 2.338989059231931122e+00 -1.047585918436265473e+00 1.247193636706948716e+01 1.008512411399023989e+01 1.641167976012375185e+00 -6.416029809326342370e-01 8.567130671914943818e+00 2.363375660876132933e+00 2.015590276769114730e+00
1.132170039508717807e-01 1.809248454045334187e+00 1.119966060521453644e+00 -5.697366448130376515e-01 5.901251499420912872e+00 1.331199157566732794e+01 2.480786730641959092e+00 -1.116195749400231696e+00 1.292234895488638813e+01 1.051504074288550505e+01 1.824693997490624220e+00 -7.370969552276361858e-01 9.314060604180454561e+00 2.595361231179682093e+00 2.287959908587028579e+00
1.174008294871188018e-01 3.598551448629793148e-01 2.920267916520277174e-01 -2.736239507001606008e-01 4.012451220889380110e+00 9.032849045121460918e+00 1.633481742339640608e+00 -7.368711062976811554e-01 8.696077908552499736e+00 7.108147679933748186e+00 1.191476242534129648e+00 -4.767598318924413103e-01 6.186770666030917631e+00 1.725729843718630807e+00 1.513176045535534975e+00
1.215998224695146873e-01 1.024458678909952569e+00 5.616505294727488495e-01 -1.769447015699052161e-01 3.395760515402843627e+00 7.970153287914691909e+00 1.433252925059241623e+00 -5.668565795319905343e-01 7.585742742890994705e+00 6.349630479857819587e+00 1.084964269845971607e+00 -3.908455827902843627e-01 5.542598489336493017e+00 1.577456679502369674e+00 1.378346323311611332e+00
1.257670529567683493e-01 1.315415594935863131e-01 4.381813145822198441e-02 -3.481076470080616408e-02 2.220917471160698486e+00 5.067516952832709975e+00 8.857669799739443794e-01 -3.716936843738865015e-01 4.843550616314804991e+00 3.977569161433279987e+00 6.649699045463656200e-01 -2.665702891863753754e-01 3.425816046454658981e+00 9.525993125612417511e-01 8.204543825438713744e-01
1.299386816717305049e-01 -1.826750769286184795e-01 -9.039072469846040625e-02 2.485546939321587462e-03 1.502021305882595081e+00 3.423619723056973818e+00 6.124711598082702713e-01 -2.569558771599189106e-01 3.218831045200066132e+00 2.659847184772764717e+00 4.513007995816524232e-01 -1.750615316385023823e-01 2.218302643359953752e+00 6.217881015354849161e-01 5.167327785382018757e-01
1.340949335765710126e-01 -1.919847040843646047e-01 -1.083914266395962361e-01 5.135865826540933488e-02 1.006578123760510923e+00 2.309696895327622013e+00 4.099148594915120181e-01 -1.642714701208750072e-01 2.240232825638584835e+00 1.872371043550690395e+00 3.194759223038632912e-01 -1.202402067963668220e-01 1.601920867295335782e+00 4.533557773827939230e-01 3.893671509350706272e-01
1.382635144665005922e-01 -2.741482354233082397e-02 -7.007925566720403163e-03 -1.571867096650395035e-02 8.530112823322707483e-01 1.980516014436313643e+00 3.523016789912694069e-01 -1.463955507608725171e-01 1.867823022705042746e+00 1.552325976307781463e+00 2.634972159265867586e-01 -1.029979715207714475e-01 1.324507714008839265e+00 3.719105473844370735e-01 3.192956778229604775e-01
1.424925284902303357e-01 6.728809507167547201e-03 2.365701806501626335e-03 1.686744643401789315e-03 6.695971484427951648e-01 1.592335791353192143e+00 2.796982822984444561e-01 -1.064863666473922221e-01 1.523475360495458730e+00 1.298486056747322648e+00 2.180253223172529398e-01 -7.620285176901178681e-02 1.118741633624779741e+00 3.221760041768333971e-01 2.787773853171173766e-01
1.466886314558672189e-01 -1.573307488770238002e-02 -1.028157573507634467e-02 2.516501103951395216e-03 5.061496957063643665e-01 1.217913295338620472e+00 2.125501553604629834e-01 -7.615441687251134351e-02 1.143394905061208222e+00 9.786252745738448500e-01 1.643818238541940868e-01 -5.502369549143575761e-02 8.360047294573514920e-01 2.417251850031262028e-01 2.074708284571623595e-01
1.508619291163366127e-01 6.889768920171387111e-03 7.964869033555669817e-03 -6.897247154947125022e-03 3.606096803019022690e-01 8.825959872979215470e-01 1.560581773428953434e-01 -5.441173267376094025e-02 8.364508274013917610e-01 7.260169449677890130e-01 1.232936790042504921e-01 -3.923163571073143285e-02 6.303630220045277621e-01 1.852397332145678810e-01 1.617295875053178511e-01
1.550655720814744509e-01 1.431355182282558012e-03 3.501711517721813895e-04 8.040245032135361330e-04 2.647573998775795689e-01 6.511477825871516689e-01 1.133397162287221593e-01 -3.768413873267532216e-02 6.153645150183630896e-01 5.357412538620729414e-01 9.002763112830826364e-02 -2.782859415305832460e-02 4.636591684155298987e-01 1.363896426307275311e-01 1.186549767228124580e-01
1.592593054631499527e-01 4.305327563848133400e-03 2.353004514877367857e-03 1.849466146546178806e-04 1.741930394500027512e-01 4.326745537302912337e-01 7.530540032753818558e-02 -2.378569711250581517e-02 4.029295752268559072e-01 3.531693158138755062e-01 5.960281824838498110e-02 -1.764370788687828415e-02 3.022342783381692932e-01 8.937055211227486196e-02 7.700485485114078044e-02
1.634144798183441161e-01 -1.515093098958333363e-02 -8.427968750000000564e-03 3.907061360677083553e-03 1.091733789062499932e-01 2.665326302083333432e-01 4.619404296875000149e-02 -1.515865559895833263e-02 2.482635416666666706e-01 2.160138802083333420e-01 3.645872070312500268e-02 -1.138573730468749913e-02 1.806618619791666713e-01 5.288499348958333041e-02 4.445248372395833175e-02
1.675823816150099899e-01 2.548327874416205212e-03 1.121573030117932728e-03 6.220222662427720393e-04 8.873443286786782125e-02 2.205086715892804194e-01 3.846709200595223310e-02 -1.215792922996256249e-02 2.035046402404368793e-01 1.780601773700825341e-01 3.030053440662220515e-02 -9.148916237154202519e-03 1.512509811957905015e-01 4.458864609266889600e-02 3.811995719418738438e-02
1.718045808093531246e-01 -5.915629780375874537e-03 -3.172647258340617789e-03 4.710619377367424184e-04 5.945714279210372738e-02 1.476997286567598988e-01 2.561239744955565167e-02 -8.251773149539263358e-03 1.389514359338578087e-01 1.216528377221736540e-01 2.062351893711757145e-02 -6.332373274511946676e-03 1.043081088833041903e-01 3.073202351034382343e-02 2.649415200684731783e-02
1.760135070798979073e-01 8.591611184944449378e-04 1.593731257577008095e-04 4.621866502545590293e-04 4.117128382440408269e-02 1.041822371809830589e-01 1.782990266212662947e-02 -5.140551733912019847e-03 9.605891977478143995e-02 8.535973090593980406e-02 1.429582204489572919e-02 -3.940883463126650804e-03 7.272032329634710301e-02 2.173951818321845711e-02 1.866772843345181412e-02
1.801930856696074279e-01 -2.658991301093257078e-04 -1.854057985136204375e-04 2.109461576165714831e-04 3.052568943764118886e-02 7.825696101508557156e-02 1.353234637475625619e-02 -3.790317477193007843e-03 7.155268276228582414e-02 6.405101408993799095e-02 1.083087604091190030e-02 -2.880460312986158743e-03 5.428989479663924589e-02 1.633110043134909650e-02 1.395221086182910249e-02
1.843742315857553882e-01 1.645160469097698948e-03 9.272427579129102716e-04 -1.524555614710389770e-04 1.978139970140145240e-02 5.071376149680766748e-02 8.813544345491093612e-03 -2.485154522168399500e-03 4.601099280685883031e-02 4.107379651527795494e-02 6.976580859797437695e-03 -1.880590218135515419e-03 3.466302592289664808e-02 1.039537087562585754e-02 8.844789257958729500e-03
1.885797910080431738e-01 5.847757713360802372e-04 2.750795752965594278e-04 3.293157313017601565e-05 1.312369715135521843e-02 3.384330488984332863e-02 5.835315913414519141e-03 -1.558251051218004311e-03 3.090506879823720285e-02 2.778770983710759923e-02 4.692936259706156736e-03 -1.184431449639018839e-03 2.357882463894362193e-02 7.129948830021968359e-03 6.118782647433611624e-03
1.927656394953895236e-01 4.260279845840871582e-04 1.671809552776402029e-04 6.815320783282542217e-05 8.267069129467705807e-03 2.138739832054282683e-02 3.682389578106155716e-03 -9.877025757022890335e-04 1.922066663196837430e-02 1.725798838444751043e-02 2.911745949647394013e-03 -7.537091359837295697e-04 1.448237621197246729e-02 4.365248723566482296e-03 3.699178160382537127e-03
1.969014248243030341e-01 3.649552744067487663e-04 1.862860935987545861e-04 2.495782952442833280e-05 5.715008970521488416e-03 1.492178983569777961e-02 2.567900091329505287e-03 -6.407113159508095405e-04 1.369540724140301188e-02 1.241886136419667434e-02 2.099284655586863314e-03 -4.998701993295567901e-04 1.061279234743669510e-02 3.234530989580966433e-03 2.786843688117194955e-03
2.010715633173454087e-01 -6.076847129700509631e-05 -1.329605605460686490e-05 -1.532388538960899571e-05 4.022541963528317166e-03 1.054787076381661672e-02 1.820999929813560143e-03 -4.511627271286449076e-04 9.739116095696002257e-03 8.854822389669201460e-03 1.503131677203256144e-03 -3.525123604065961980e-04 7.625139121350439642e-03 2.329777598356434602e-03 2.020972434384918446e-03
2.052920281681521186e-01 -1.356340981469365782e-04 -8.011703616488351210e-05 4.745527245532507094e-05 2.500401639390265746e-03 6.557697365045155914e-03 1.125637987760096017e-03 -2.660838097382844740e-04 6.059620423465722494e-03 5.523085320132902452e-03 9.359166187605834223e-04 -2.123522327842774929e-04 4.754559496549158777e-03 1.456416839449276458e-03 1.264368818311268445e-03
2.095172134954577381e-01 4.145511869716926270e-05 1.890054986018868734e-05 2.640270569412974530e-06 1.624729463429331038e-03 4.287145755352726566e-03 7.356137486067786503e-04 -1.731618021110018770e-04 3.913524147693710382e-03 3.572753258249002604e-03 6.039728026828425399e-04 -1.372653770578973235e-04 3.049553022756595205e-03 9.344150345399530010e-04 8.046625091781553019e-04
2.136973926115405542e-01 -7.467119083848110293e-05 -4.310099283854166994e-05 1.028376586677492097e-05 9.744550128315769945e-04 2.556701423585877077e-03 4.391410295353379229e-04 -1.073687205943026313e-04 2.329905901768410982e-03 2.118912571160368272e-03 3.583822915720385116e-04 -8.417037845582001597e-05 1.794352568397226348e-03 5.476358694623607078e-04 4.679184847099836318e-04
2.178750580088065492e-01 -5.933547193986656092e-05 -3.162819799715585077e-05 6.460931179297231452e-06 6.537688317960196416e-04 1.732680940279995472e-03 2.973175327273181096e-04 -6.813731506793167987e-05 1.582223154332515957e-03 1.451008594819228970e-03 2.453212598814581550e-04 -5.346653931332330848e-05 1.235091272061758765e-03 3.802090387274748994e-04 3.265597768073534427e-04
2.220823861956562617e-01 -7.168473464123131171e-05 -3.875499584821837708e-05 8.008615508084640402e-06 3.672289002356596602e-04 9.650527748378621550e-04 1.661175095020241978e-04 -4.037904169122774823e-05 8.948309917689889785e-04 8.149587906993315976e-04 1.385650800462973346e-04 -3.261259716161113371e-05 6.948724887546847521e-04 2.121940417399212472e-04 1.821690904392757348e-04
2.262696194198526023e-01 4.375986716040155584e-05 2.331035998477863519e-05 -5.843051474423022608e-06 3.008170545889699444e-04 8.070745707382752897e-04 1.392569978798483422e-04 -3.046892461082038604e-05 7.286914625040634289e-04 6.711645943538583660e-04 1.139400648862645303e-04 -2.385621511393702559e-05 5.719821513428766666e-04 1.766546606107922176e-04 1.517732730908824936e-04
2.304259489101245229e-01 -1.767047884914628374e-05 -9.203664525464667483e-06 1.370369815426541995e-06 1.536301952544484107e-04 4.090037886728546310e-04 7.031723278785269912e-05 -1.560529385217403610e-05 3.697654635440163575e-04 3.399848684903435418e-04 5.771229774682019956e-05 -1.237276449406465285e-05 2.864483125232206466e-04 8.830746535845898193e-05 7.510806564995958952e-05
2.345870463846415066e-01 -3.714327740112248802e-06 -2.289125377751916094e-06 8.008211825332879134e-07 9.720899582200422497e-05 2.611900471716295698e-04 4.477654303364664735e-05 -9.485768102025624019e-06 2.371169910750304448e-04 2.192023110255009741e-04 3.703216223241767905e-05 -7.519847825992475848e-06 1.856751397541050173e-04 5.749848657463285044e-05 4.911224017005152363e-05
2.388019837064606632e-01 4.259903358537192716e-06 2.065269431263051711e-06 -5.344720555083879813e-08 6.667261667416878935e-05 1.801676242106241732e-04 3.098135077843412505e-05 -6.290174161358227290e-06 1.610597903210624364e-04 1.493333670942543828e-04 2.532454682980339963e-05 -4.930154898439112373e-06 1.264393706591754448e-04 3.929002473892229401e-05 3.365810953516976833e-05
2.430077036534963875e-01 4.870974433205014519e-06 2.467351174471308189e-06 -1.868667108540028722e-07 4.005209387258394324e-05 1.088402294281721203e-04 1.871558074087863746e-05 -3.638047340088187917e-06 9.802380432468425515e-05 9.120638528190064254e-05 1.549081444621273071e-05 -2.906045419527223281e-06 7.768979864012116594e-05 2.422532210964191334e-05 2.086216552232713175e-05
2.471758823520590620e-01 2.175866940784081596e-06 1.067994901245285720e-06 -1.080563751465426245e-07 2.369964827228124188e-05 6.452293115310160838e-05 1.106266592748961781e-05 -2.122555458290765034e-06 5.701761954020949873e-05 5.309614101259920875e-05 8.988231043619352009e-06 -1.665668518797066827e-06 4.445997756989585064e-05 1.385133275768624828e-05 1.175243242166869704e-05
2.513692271335918882e-01 -8.588249138432318782e-07 -3.755541266375029195e-07 4.158154978365466639e-08 1.432921118425554124e-05 3.899099487615859881e-05 6.712816939625843058e-06 -1.316372433781733549e-06 3.478955473400488832e-05 3.233813993268595019e-05 5.511638320127226016e-06 -1.049403729342166517e-06 2.726170016213593669e-05 8.477097861610623811e-06 7.222127426135442288e-06
2.555723892733414715e-01 1.055612778609442409e-06 4.479506210361178162e-07 1.361323837279537375e-08 9.203939912924202757e-06 2.530605852202577515e-05 4.297786431374525117e-06 -7.686420055157009220e-07 2.250688973885026128e-05 2.105316473852122518e-05 3.562325263977378214e-06 -6.184326193623780960e-07 1.780398561639872344e-05 5.585001484016543168e-06 4.775257226037045299e-06
2.597674079539822323e-01 -1.247543359002156819e-08 -2.162715387672373656e-08 1.187373943829126982e-08 5.018851281430176813e-06 1.361393705596590773e-05 2.323903667282055366e-06 -4.227606803467272064e-07 1.203488904866030352e-05 1.122200023049149729e-05 1.904809352676612248e-06 -3.385591760824641739e-07 9.406199490419549279e-06 2.928122674907683315e-06 2.490857653431853569e-06
2.639178238801485610e-01 4.398541043622863901e-07 2.050026412729302622e-07 4.977363645603545581e-09 3.021551478682350647e-06 8.387707824816311670e-06 1.451784124739310922e-06 -2.570493565653154357e-07 7.401847975957068538e-06 6.966397443724136996e-06 1.199490497247412030e-06 -2.024231807498178410e-07 5.868037639279928540e-06 1.839654002180854608e-06 1.581777317869850984e-06
2.680749044740857179e-01 -1.153355772817051973e-08 -2.211819757995120003e-08 7.190769888382883876e-11 1.663279902432329815e-06 4.659818614218738444e-06 8.077549974621555076e-07 -1.372808025675193207e-07 4.078134846390414803e-06 3.877217455517400142e-06 6.645814127144563820e-07 -1.107333942281823806e-07 3.277747908643760829e-06 1.029659572923859000e-06 8.807024449999116638e-07
2.723023151079725368e-01 -4.300310103063288741e-08 -5.160112475969805330e-08 2.273129146731391389e-08 9.982603731074291588e-07 2.687718505051863628e-06 4.547358352610354770e-07 -8.201410997032921445e-08 2.384705637404472870e-06 2.249664449497828720e-06 3.748869340550681391e-07 -6.661005783051301937e-08 1.877575098950313277e-06 5.885695580260153136e-07 4.948572255498844366e-07
2.765128983200950685e-01 8.732240544058337297e-08 -1.251429772611420545e-08 7.373770576063827309e-10 5.105184080780098189e-07 1.640743665326109928e-06 2.661256057399534839e-07 -4.908002580483426026e-08 1.379066336316037227e-06 1.323632666862480112e-06 2.237670268983742707e-07 -3.682698417433970042e-08 1.128190524729887855e-06 3.567369101337845836e-07 2.992867525781768536e-07
2.807027537381580062e-01 -7.045717932515603757e-08 -3.695890878231783914e-09 -1.462913677816419421e-11 3.032025294759700252e-07 8.684692489013712414e-07 1.570083033355672025e-07 -2.077647536060885808e-08 8.175814954033427060e-07 7.577060453922337204e-07 1.301857795186001746e-07 -1.789699934529013981e-08 6.282762638233475320e-07 1.987906153561088268e-07 1.737041792620717745e-07
2.848857026249724811e-01 -5.259513085062081062e-08 2.456085021434184201e-08 -1.456594108535360320e-08 1.528159031219776965e-07 4.493295231304638039e-07 7.565572574257183577e-08 -1.257834419278114093e-08 4.380058577163479881e-07 3.391612659565471180e-07 6.422485988631858592e-08 -7.130951862339601452e-09 3.215674642609685738e-07 9.058948533278924320e-08 8.974184601724423527e-08
2.890807262117984777e-01 4.839369528172799080e-08 -1.351501121913038223e-08 -2.320503234227672502e-08 8.090381355309711343e-08 3.257739513633676816e-07 4.562315425478203833e-08 -8.452712283142069634e-09 2.533165911328759806e-07 2.648825434147495637e-07 3.516904836957379337e-08 -6.401370370985640279e-09 2.168273062966017799e-07 6.769190922787992974e-08 5.478310027524961008e-08
2.932785946948970324e-01 -2.751991180639440319e-08 3.715801097393480136e-09 1.792231054808413274e-08 4.175003489333773465e-08 2.059634344365804634e-07 2.479940788332311430e-08 -2.076833573608019695e-09 1.607558382370423638e-07 1.564534888705198224e-07 2.326984719596933765e-08 -7.087461739021117921e-09 1.373420667364734303e-07 3.857907446815435025e-08 3.356978818114449485e-08
2.974321087309398370e-01 1.039569511288020567e-07 1.779767561543763284e-08 -2.048024036965469985e-08 2.930724097450634783e-09 9.344106598728777975e-08 1.544010068876533413e-08 -1.210651622568054022e-08 -7.743209681420237683e-10 7.050111889839172628e-08 1.624452181795124599e-08 -3.167155392400102586e-09 1.145750964416165083e-08 1.983139379640937820e-08 9.416173394862904419e-09
3.016123743882810904e-01 7.354103059379111255e-08 2.591413210991871650e-08 5.196376683701396146e-09 2.716669668133910178e-09 8.699887558402997835e-08 1.833076401354786653e-08 1.582957249986047359e-09 3.548505848221777104e-08 1.977508620989661822e-08 6.030782130282617743e-09 4.267789705320807352e-10 2.973679825493539917e-08 4.686573037142879055e-09 6.239126237622501294e-09
3.058101292111336522e-01 -5.634356855939893609e-09 -1.405547508883929540e-08 6.141088035898271380e-09 1.819496099811343523e-08 4.583212878244795309e-08 1.580810517527291918e-09 2.136627734543140946e-09 1.878456865871860420e-08 2.705706908000190205e-08 4.689559477537238311e-09 1.667782683879046681e-09 8.455000981622356867e-09 7.527505905928774988e-09 5.761145703636217708e-09
3.100168993294901143e-01 -7.219014690876308068e-08 1.117844981094861092e-08 3.102098025146175698e-09 -8.783046472158632419e-09 8.608582166217758848e-09 5.131862832352447576e-09 -1.825275719015610288e-09 3.339844309021237596e-09 5.050770218812200973e-09 8.548427060767970148e-10 1.376261820223699626e-09 -3.435999944112544688e-10 2.476680518502308037e-09 5.704486479940455455e-09
3.142092030053749707e-01 -8.333654634764537136e-08 -1.602652426696823374e-08 -1.798271762078782198e-08 -3.531617203294486866e-08 -1.529562536667378828e-07 -4.541138918399580921e-09 2.585402325064269971e-09 -7.460105819383195518e-08 -8.046247472143539981e-08 -2.447281321097585063e-09 -5.467271297448503170e-10 -2.868951253902158622e-08 -8.848990848275650946e-09 -2.620643744648896359e-09
3.183867557675504334e-01 -2.692451982118333317e-09 4.480100337767128644e-09 -3.499270525642116958e-09 -6.445139792656617129e-09 -3.571715643109398975e-09 1.446953385690315242e-09 -9.080082244124962140e-10 -3.016774417140704338e-08 -9.305965191414610936e-09 1.822064777377007596e-09 -1.089195231928193754e-09 -1.131759653984230357e-08 -2.220762770065706498e-09 -3.954640292664630981e-09
3.225872781332082551e-01 4.869418713796156582e-08 -2.621622229480581135e-09 1.619513552315645615e-09 -1.078070140877762690e-08 3.211481772445737805e-08 9.918386110283277464e-10 1.505820765422972678e-09 -4.749708998430644220e-09 -7.697864083896220560e-10 4.841658803509398988e-10 3.994564835540129896e-12 4.188868744559153187e-09 1.596067893462925212e-09 2.637996727897458569e-10
3.267666109043823597e-01 7.584197627010676717e-08 1.590419598798477241e-08 -1.402157534581256447e-08 1.138866378122773055e-08 1.071341048364974771e-08 -3.413738793829782805e-11 -1.339298630178926006e-09 -5.297511336108681437e-09 -1.057724874210932072e-08 1.230394008371967524e-09 -9.040194288433780522e-10 -2.600405766085278017e-08 -3.895318748711365269e-09 -7.961171753658302483e-09
3.309328770241455886e-01 3.112724513867215124e-08 -3.791875828455541894e-09 -5.164737947921694505e-10 7.623424182951522426e-09 -8.724866292199780234e-10 1.880092483045998465e-09 2.573786503964847263e-09 4.065866532213103316e-09 1.560035121867819171e-08 -3.226015234375612990e-11 1.228925839331294053e-09 2.955248387516995468e-09 4.112199542150839107e-09 2.400611137686150996e-10
3.351106074107195187e-01 5.097406695563242272e-08 5.759333116521980609e-09 -1.048655196229293968e-08 3.228850737651645883e-08 8.293838318989870957e-08 6.927239867042473826e-10 1.469119031256427597e-09 5.032448604280287497e-08 4.643470146191145063e-08 1.152605510755626666e-09 1.725446935903686307e-09 1.820131664341365496e-08 1.254450370617304852e-08 1.204928310237025103e-09
3.393095620710060434e-01 -2.978116538008129587e-08 -4.203758726607044607e-10 -8.660932026388448319e-09 -1.415702733628705797e-08 -4.572295522320380335e-08 3.951074320698369046e-09 -3.070135386602253733e-09 -5.415634725729998904e-08 -3.187161152054088251e-08 -2.661004684602779905e-09 3.200650336291617245e-10 -2.610106918162514105e-08 -4.975014781949324693e-09 -9.142293834163289953e-09
3.435164896197421824e-01 -5.760568812751044028e-08 -2.032707273746098069e-09 -6.139316325975786214e-10 -1.237627723031690081e-08 -2.235674677236326870e-08 -4.189769433867582466e-09 -1.589083717884053675e-09 -2.021809201328975735e-08 -5.810771940605013282e-09 1.145910730677327509e-09 1.221780115693851184e-09 -1.719111214645700021e-08 -2.249827225183557809e-09 -6.605059081733886757e-09
3.477107812306902690e-01 5.182703163272405411e-08 -6.737924483459993864e-09 2.952551081401447296e-10 -9.530812070692061911e-09 2.449270976335481674e-08 -2.295740082218378585e-09 -9.444239390075835528e-10 -3.598631030930900467e-08 -1.064431858434851349e-08 -9.154046833822674151e-10 -9.675152219560422571e-10 -3.024398392721532993e-08 -6.165174981777402662e-09 -8.188980414738930914e-09
3.518857617074659383e-01 -3.386109250825039138e-08 2.360606820865913426e-09 -4.096085263877869495e-09 1.641745841032170981e-08 3.745376808956817344e-08 9.056233382088153583e-10 -5.391925934490899696e-10 1.673196893070660421e-08 1.702697783070149043e-08 -7.146127333220693589e-10 1.244881228623134756e-09 7.679746431191889193e-09 2.535893881068458376e-09 5.505340441838541706e-10
3.560773577310688554e-01 -1.659527386893823675e-08 -6.176187138161315253e-09 -3.519647881051207185e-09 2.019591031671312523e-08 5.921040102847608723e-08 -1.300787066942477970e-10 -2.349902211277361712e-09 2.529767336356699310e-08 2.301336000982055089e-08 6.840948537833679217e-11 3.611700055678909506e-10 2.114408512132629406e-08 6.247784475099381085e-10 7.208209131487248326e-09
3.602869550449780967e-01 -2.719569811224489243e-08 8.935103436190452269e-09 8.035301418016293786e-09 2.359771746386522860e-08 3.694072723338754940e-08 -1.283781466987091626e-09 6.774183866071360009e-10 3.811676471887253519e-08 9.553197199506063564e-09 -9.924755226724313087e-10 2.337801007353107326e-09 2.609170618442814163e-08 6.098748950913300798e-09 1.175609855602664885e-09
3.644651285618699665e-01 -4.922829101689747278e-08 -1.322052850093821305e-08 -3.873143536176801585e-09 1.103637163190989803e-08 -2.648679115252449531e-08 1.734929366804995870e-09 -3.536928033113912544e-09 1.280220321781455344e-08 2.621070430242325848e-09 2.148840619290680699e-09 -2.645870511516064156e-09 2.425123942889086127e-08 -2.870529545794991656e-09 -2.918712684060614936e-10
3.686396944457170921e-01 2.969323373692358890e-08 -3.912843862289545498e-09 -3.343305291264951078e-09 -1.996204665907156685e-08 -3.956691989936770196e-09 3.471557938052206253e-09 -2.662707276335641256e-09 -4.449413370987590705e-08 1.129635286671375654e-08 -6.371926949087473578e-10 3.964175064834438553e-10 -4.049966903260745550e-08 9.972394265508370735e-10 -7.777020174465461150e-09
3.728293470315630076e-01 1.458195970022925960e-08 2.530369756647834837e-09 3.457334785136347704e-09 -2.908067351188639775e-08 1.260150490783260494e-08 2.117379570992887564e-09 1.352306314587013205e-09 -4.771726361212155206e-08 -1.291333308073663430e-08 1.777733067095045085e-10 1.212617124609551322e-09 -1.051067685274365652e-08 -6.374099711979185842e-09 2.531139027319451772e-09
3.770363921861874523e-01 -1.258249002875483838e-08 1.053003763495127045e-08 1.930621841762446461e-09 -2.596281593782951530e-08 2.116182264699865295e-08 2.522489894081631090e-10 -5.808698952168797552e-10 -7.186507094821766169e-10 2.233710334987502869e-08 2.795717811867564447e-09 -3.582762381077707560e-09 4.689796743397941357e-09 4.702572471059394888e-09 3.538120810157816827e-09
3.812363453093803867e-01 1.796260032753637946e-08 -6.627106547360678647e-10 -3.282859348140494027e-09 -2.667030765712433743e-09 -1.408252488131397693e-08 -3.456952813371960300e-11 -3.586595695725356700e-09 1.069707263767621715e-08 -1.207859054964563203e-08 -7.323091123168743654e-10 7.270268561365455891e-11 -9.829037502110779877e-09 -4.667397304885452568e-09 -4.512267465907547774e-09
3.854150971210312249e-01 5.301366740092221767e-08 -2.373597640922849102e-10 -4.457763974179438224e-09 -2.874697971777075809e-09 1.849039534051047972e-08 2.167406145489490493e-09 -1.238122283989573038e-09 -2.115128226513079777e-08 -4.123028052243440977e-09 1.496892161937777750e-11 3.735894918083556324e-10 -7.135866455179042123e-09 -1.427979854603052092e-09 -2.501981696140741912e-09
3.896036578152083374e-01 1.968774146811561786e-08 5.538705127734872406e-09 -7.805421782255857381e-09 -8.716336873005298153e-09 -8.724597034832051118e-08 1.917749002161015153e-09 3.383548866641064684e-10 -2.891322618762122711e-08 -5.983120774321344043e-08 -1.597063110866181210e-09 6.143772867394890755e-10 -1.336843024129966138e-08 -1.210585284803188214e-08 -2.902856793937511355e-10
3.937795161075864914e-01 -6.131823760317259154e-09 1.011590989481485435e-09 5.007024689758374701e-10 -1.879183177600746398e-08 -1.555574110476497622e-08 -1.644656996501947550e-09 -1.011733386029269381e-09 -1.567155924162363388e-08 -1.431347335905152645e-08 1.679285970719999859e-09 -6.900717411893435210e-10 -5.691328352236165246e-09 -1.709540275915359883e-09 -4.121115902932017646e-09
3.979440095093054186e-01 6.428470820198074771e-09 -1.130710320267267490e-08 -5.018915426018488529e-09 2.280380805861372647e-09 3.800905015251197673e-10 -1.419817472892918882e-09 1.835000241490936398e-09 1.984127017764848687e-08 3.005735778068431343e-09 -2.377637224465418415e-09 2.393462409604082312e-09 1.636856719441560132e-08 1.128854828645851668e-09 3.785090712761339262e-09
4.021139069446590386e-01 -5.583834542439386832e-08 6.367428896394032124e-09 -4.723866855336208692e-09 1.223912882567254389e-08 -7.680032795411002949e-08 2.511174374475621541e-09 -1.496746413455034529e-09 4.121868248583069364e-08 -4.122173224782108548e-08 -6.679015801111309362e-10 1.939657352769432261e-10 3.023517562934883348e-08 -1.272350054342595140e-08 2.113741717506796563e-09
4.063125452039867413e-01 -5.218887722740340072e-08 -7.804071841009893896e-09 1.728780051280566491e-09 -3.140889617387024147e-08 -4.675292491023534699e-08 -3.068935281691789098e-09 8.963768300909702249e-10 -2.069426779046263323e-08 -7.757073832862476165e-09 -1.072967089248079723e-09 1.853948962869566331e-10 -7.161329210596479235e-09 1.035641033379066500e-09 -8.281046438024922571e-10
4.105412315868290918e-01 -3.035263413322334340e-08 -2.116756918842927733e-09 3.227354881679103697e-09 1.170510664915127763e-08 -1.607358831665607737e-08 -3.939483477154132583e-09 1.228830340522179527e-09 1.912582903580392097e-08 -7.762472624879311852e-09 -5.557030624669647827e-10 6.534913902192629084e-10 1.533078644754566813e-08 1.840254823173435918e-09 3.115446324813081270e-09
4.147348487769681458e-01 -3.007403187754602055e-08 -9.913321509554546028e-10 7.689186595253678951e-10 -1.061655386784405029e-08 -1.896961208975122979e-08 -2.006290872048170804e-09 -1.551062768028168874e-09 -3.591610915279669734e-08 -1.336756549169619170e-08 -7.074057984706913666e-10 9.535230356061480341e-10 -1.509738237017231603e-08 -4.596279814896727200e-09 -2.994589159048978535e-09
4.189107045044477284e-01 -6.715336179526714257e-08 -1.915740728454987077e-09 4.927503119322977107e-09 -3.663779407154536656e-08 -8.052626861438928204e-08 -3.367093881473268763e-09 -1.067462820324262997e-10 -3.598106397433857134e-08 -2.428973442291893063e-08 -1.161462484591917936e-09 3.173964022552241882e-10 -4.756531474790420524e-09 1.548855380349020495e-10 -1.620401043842244008e-09
4.230974437456921922e-01 -4.739099835254945225e-10 6.151138952699240467e-09 -7.414427277929130473e-09 -4.140341661539768324e-08 -1.756138070849381294e-08 6.898695891476747001e-10 6.345977961458512826e-10 -5.596492732149621077e-08 -1.413822354248565133e-08 -1.461616433501285324e-09 4.460134773094292972e-10 -3.493803348623280360e-08 -3.895617747445850256e-09 -4.240156788727972342e-09
4.272931011032126136e-01 -2.202993821748188030e-09 -5.127126502150212965e-09 4.608969275636731127e-11 -1.706359219343234030e-08 -1.809331954807784111e-08 -2.729772397613877286e-09 3.620689006901299296e-09 -3.155159692625083063e-08 -2.657400431153515604e-08 -1.747243509148673343e-09 9.167559957169424503e-10 -2.613112236930480995e-08 -3.153247416728926808e-09 -9.276682102678568515e-09
4.314914587673138180e-01 -5.321971681214432676e-08 -2.438458608479647913e-09 -6.137241790572108828e-09 -1.032900562485183865e-08 -1.167371045646568905e-08 -7.779215429994983208e-10 -7.170995388108309376e-10 -1.422133095534265291e-08 -4.718480440460703124e-09 3.866724593789156433e-10 7.903952544686113549e-11 -4.884232677013077426e-09 -1.170016773229151752e-09 2.118388731361618378e-09
4.356511643511531418e-01 -1.476315939711165315e-08 -2.410625196944268774e-09 9.965606650333875787e-10 -9.784922307866127870e-10 -1.742064696810716236e-08 4.242589331831612218e-10 -1.841420608188838898e-09 -1.232429814148053968e-09 -5.124008617036419720e-10 6.552925154087573524e-10 -1.225684040738970130e-09 1.540388798717423789e-08 -2.999922441069019096e-09 1.702450176431136924e-09
4.398424702607344750e-01 -7.824155341824128797e-09 8.513887214067452039e-10 9.497008675875805656e-10 -1.197939158358796077e-08 9.593939436943279414e-09 -4.208983937083428422e-10 5.125649084782471904e-10 -8.131470817504610514e-09 -1.061846848960716379e-08 5.571861016408221022e-11 -9.886594275832616839e-10 -6.821297499408048086e-10 -1.692597791118353157e-09 -1.228031278175622204e-09
4.440501074980069407e-01 2.312334831351737018e-08 4.254109179069150467e-09 1.835090346210015418e-09 2.786685742351671986e-08 3.430564799362126940e-08 1.053641713423408623e-09 -1.735637837383858361e-10 3.421999710603162444e-08 1.318978044712794585e-08 -2.427064180787628145e-10 4.842419573076394156e-10 1.041785225996919011e-08 -4.770674844857046442e-10 1.887356101000674697e-09
4.482267968899237842e-01 -4.240459999595725708e-08 -2.618054066061473611e-09 2.726616903081346717e-09 1.075362152805980437e-08 -2.699114458228737696e-09 -1.292285550825866139e-09 2.978008702393299178e-09 1.945438061856903901e-08 7.871824664591942926e-09 1.712593635869015828e-09 3.286099098384380583e-10 3.540284353852370200e-09 1.754354310626567564e-10 -3.176072496419185839e-10
4.524052929840755577e-01 -2.122131408566566915e-08 -4.962667170765622446e-09 -5.637787518432494749e-10 1.385472502296404821e-08 1.296945934458690050e-08 -1.756826239463554578e-09 8.198514328306441898e-10 2.293774426415257922e-08 8.458128114575999222e-09 3.081598795579818942e-11 -4.287209953869864003e-10 1.511104773101391857e-08 -6.811304845913452671e-10 2.911138937654339300e-09
4.566090347930675253e-01 -2.539120558890400558e-08 -2.386985863492491386e-09 -2.917956030432108728e-10 2.200465180768627791e-09 -1.423508781968182261e-08 -8.171429253936584947e-10 9.639038926270508794e-10 1.150136550785179253e-08 -5.041014488416773921e-09 -6.972057189057660654e-11 5.234157282660025213e-10 1.848657691830857530e-08 2.915972178889060873e-09 5.417125617329203185e-09
4.608167319022857811e-01 5.013560086752780736e-08 4.590894088917307303e-09 -2.429643570231115792e-09 -2.916271861322876778e-09 2.079573806608178717e-08 -2.010362884649303548e-09 -2.154007034045285355e-11 3.766720831258440088e-09 -1.143604244147218157e-08 -1.281325284901265392e-09 5.363631881133928668e-10 -1.966137951922278370e-10 -5.466867390591556063e-09 2.819180161776890319e-09
4.649806979855051203e-01 -1.831341617276711346e-08 4.899122658666494063e-10 -1.473026484012348195e-09 1.192353566016822503e-09 -6.905128239839676820e-09 -4.542398770568565438e-10 2.454076276421076770e-09 -1.353598857486775954e-09 -3.538089136449555445e-10 -1.797389867839088178e-10 -5.065799755727532093e-10 2.766076252590072982e-11 7.674662996986225311e-10 7.708908824164157405e-10
4.691538386770017222e-01 -9.780891371601994720e-09 -1.805489802712274021e-09 -5.090009976124510142e-10 -2.022563310373154651e-08 -1.718439288261704566e-08 -4.947726764347929178e-10 -2.083393350557324944e-09 -3.973205835780611925e-08 -2.752762720308431531e-08 5.998597637459046720e-10 -1.393234208371094528e-09 -1.784267121261412460e-08 -6.485934241519343041e-09 -2.152324736718833716e-09
4.733478629909182445e-01 1.429921851851517543e-08 -6.720703382725218830e-09 -1.202156236262258375e-09 -3.374608506814967493e-09 -7.089727011278788759e-09 -2.214158256330392542e-09 -2.776959768723542755e-10 2.214671465455888576e-09 -6.042318815015833137e-09 3.862341137867010394e-10 -9.392678054785658059e-10 1.867727604305053000e-09 -6.100193333824892200e-10 3.068815938062970341e-09
4.775500538217637980e-01 -7.723250192224581902e-10 -4.075902939044177317e-09 4.602602781110372704e-09 -1.190815761922733731e-08 -7.797984229034017669e-09 -2.110011037018003052e-09 1.965853593977651682e-09 -9.812701689775077307e-09 5.031546513317512924e-09 -5.106900927690523539e-10 4.764941738300568996e-10 7.690723821395676565e-10 -4.367461594603945926e-10 2.155616946136226027e-09
4.817339644282710998e-01 2.041038996645055759e-08 3.914575795008185287e-09 -4.676476077728207878e-10 -1.305242430081906227e-08 2.091205100253857954e-08 1.293627815511536240e-09 -1.009983299259772281e-09 1.101472506370668937e-08 2.964609722255214051e-08 6.149048951969371305e-10 -1.301375933799289950e-10 4.191365051584110892e-10 1.016856868556575101e-08 2.085909986093860459e-09
4.859144464692263798e-01 5.155550368066601225e-09 -1.438668223625953130e-09 8.111838130721773322e-10 1.181157874445161395e-08 6.443532202957586201e-09 -2.505841087451226886e-10 -7.027998461898263383e-10 1.253520980508038959e-08 -3.445779749548431339e-09 2.586412518939087327e-10 -7.497633360205658984e-10 7.494929454143796969e-10 -3.040804532360672346e-09 2.066347288000152036e-09
4.901252990058800885e-01 -2.630342370429975274e-08 -1.646566377374495892e-09 4.579461627746073706e-09 2.639780311976489440e-09 -8.392828927090971893e-09 -3.220793956473414163e-09 1.950007113755847196e-09 4.545381817212407244e-09 -2.102936061635549074e-09 5.581509458003649187e-10 5.325894895835496351e-10 3.924274990532175160e-09 -2.453566001017924123e-09 8.841263053727981085e-10
4.943123444065962158e-01 -4.522434597858745670e-08 -1.067937053365554748e-09 2.041836703974864062e-09 6.649274791531732289e-09 -1.607965427544485206e-08 3.566304595255213742e-12 -2.625772072704765666e-09 2.111000201225387915e-08 1.063894611081440997e-08 4.813809105944441106e-10 -2.460222760661766617e-10 8.368749593823827783e-09 2.314163394864366912e-09 1.297601144566542655e-09
4.984736335014697817e-01 4.790726843057898091e-08 -1.256755746438350534e-09 -1.196143674953967296e-09 2.879225888595357866e-09 1.185407453688347932e-08 6.482747020212644494e-10 -6.441391862207139598e-11 1.045621876846681268e-08 1.387576623056968829e-08 -3.289305112564690157e-10 1.184229540284141681e-09 1.015508307548252112e-08 4.694249072478512072e-09 1.580920241630083050e-09
5.026590164608074618e-01 -1.605610118206207637e-08 -4.361512243553949053e-09 3.824061657199227325e-09 -9.800885957464264855e-09 -1.253132734588818192e-08 -2.285775290192208907e-09 1.899272669326999547e-09 2.479086952788608473e-09 1.324636569501905161e-08 -4.953859286164505190e-10 1.674009578688777160e-09 3.394214016245536518e-09 4.720195558530828350e-09 2.830376247231414439e-09
5.068609875937976073e-01 2.822767875881378384e-08 6.368365636672993775e-10 -8.097954221107787078e-10 2.380779492459496363e-10 9.381956423010219345e-09 -1.979362666120108696e-09 1.328491785033356907e-09 -6.928882403415861471e-09 1.095040276495526066e-08 5.453695745831971502e-10 1.104397695310701137e-10 -1.288224064176863367e-08 -1.120965362067001015e-09 1.776638383069324386e-09
5.110594965365916620e-01 2.010532187743024670e-08 -3.396921958189596876e-09 1.059992725769086909e-09 1.923930409417254939e-09 1.341542061237046100e-08 -1.271800490854850221e-09 3.416291404320090159e-10 -5.677636586094410240e-09 -3.289199766268261297e-09 -5.647037166738526292e-10 -1.029249063376577433e-10 -3.435721158961586823e-09 -1.995181184743868834e-09 4.755145788786114856e-10
5.152492140965455603e-01 5.278407391674729069e-08 3.982513088062308369e-09 -3.110540604877253015e-09 -6.547069199060172245e-10 7.390026272361444827e-10 2.091256081666332581e-09 7.937995180898834433e-10 -1.816825547136865735e-10 -2.741765319008708379e-09 -2.905675185582406077e-11 -8.697649519082830594e-10 -4.535323099457168684e-09 -1.928465699094118927e-10 -2.566124734795516740e-09
5.194329442812991582e-01 -2.879541841828266532e-08 2.697852387994925612e-09 -3.622531424264778648e-10 3.857662928462207670e-09 -4.918207296201197857e-08 -1.719428519962339191e-10 -3.356629688641534291e-10 1.501119262514910608e-08 -1.469459397254124145e-08 5.477444569724813500e-10 1.155570709197001579e-10 1.090625187350859566e-08 -3.724716896931287086e-09 -1.836513817800151787e-09
5.236343964239100757e-01 -1.244767132192305676e-08 6.816888853725843231e-09 1.648112334843831577e-09 -1.000817332047013605e-08 4.106087145004481244e-08 -1.279477810727425087e-09 -3.240064071450378498e-10 -1.134522725540243784e-08 1.285597580530547028e-08 1.254728530104934825e-09 -3.649060059636562347e-10 1.085342516342275940e-09 1.399776598869806018e-09 1.021227741152433263e-09
5.278273205415198177e-01 6.549697131346112029e-08 1.746859587076354669e-09 -1.419579098248912302e-09 1.517917702052430973e-08 2.208876261501125741e-08 9.097036421028528188e-10 -2.745215678134481532e-10 2.248289636883990312e-09 1.660830066585566891e-08 3.684476111876961752e-10 5.001956561988481335e-10 6.145873130553758212e-09 2.467027240591036284e-09 -1.715708376480965104e-09
5.319960279023402405e-01 2.844408947298710374e-08 -2.552262320469228986e-09 2.509069960196547346e-09 -7.949335985964285360e-09 1.194472481150699094e-08 2.743139947365634978e-09 1.511204548952633127e-09 3.547907169227020822e-09 -1.762047791666867874e-08 2.578050935831298042e-10 -5.147119367988842681e-10 1.183603824556714640e-08 -5.375137112424444723e-09 -3.019798179662956174e-09
5.361714592099571242e-01 -2.956925834917135403e-08 -8.380702774137085057e-09 -1.966493120340771675e-09 5.252214488336669186e-09 1.084374546331217174e-08 -2.417140376242294901e-09 -1.089633125361702976e-09 2.079066320741993503e-08 2.252469645338468233e-08 -1.530768407322359311e-09 -1.121476937949250057e-09 1.872102173408720776e-08 5.294078843419987947e-09 4.561670162544698231e-09
5.403746330902056139e-01 4.589333740545123051e-08 -1.726021366809361102e-10 2.370547372393509055e-09 1.095724664998088566e-08 3.575935009722479272e-08 5.628181475438186472e-10 -1.382006094600147141e-10 1.219557397791929401e-08 2.530079289740161844e-08 -1.456405598492243079e-09 -2.339147187186356134e-10 6.299359467180363768e-09 4.652693790442337021e-09 -1.645102215860244964e-09
5.445761264886261888e-01 -3.449890182131706168e-08 -2.177206307662449446e-10 -5.624374354246658233e-09 -1.317688425809410768e-08 -1.017921465630866446e-08 -1.540886264132485543e-10 -5.494421790387493428e-10 -9.497301657850178912e-09 5.442086656777025762e-09 -3.269035631772641835e-10 7.471976829487627808e-10 -1.211444168371556361e-08 -1.759313302541085519e-10 -7.641829779552266696e-10
5.487504490749764985e-01 3.046565429887086235e-08 -4.787829492238114166e-09 2.037473909622449117e-10 -1.529300211271898622e-08 1.511198852645660880e-08 1.217742208307315597e-09 -2.210770919001048311e-11 -1.484810770188221104e-08 -1.168831642893184310e-08 1.212203830376366881e-09 -7.563041586566352002e-10 -5.245435587884320389e-10 8.870043269323738073e-10 -3.005255454188470617e-09
5.529407179677009454e-01 2.193553886765321028e-08 2.195306617063648804e-09 -2.090439639955353464e-09 -3.657221307265270332e-09 2.105083636408800515e-08 -1.645445201347850545e-10 -1.064973692286511666e-09 1.353396466003300879e-10 8.675189248345868599e-09 4.159626453792001423e-10 -1.024735105622815024e-09 8.887500739372053030e-09 -1.990911056067661816e-09 2.514622365235063055e-09
5.571409157079509900e-01 8.286391337434209047e-08 5.188614844296737565e-09 -3.094585821398592175e-09 -9.051763456146263427e-09 3.208177603165795938e-08 6.437178525233426482e-10 -1.476587217158423033e-09 -1.521725599903067212e-08 1.455810801351870382e-08 -1.746213404751612480e-10 -1.628719837258069238e-11 2.431693471137222646e-09 5.075294863995975014e-09 -3.389772093820950296e-10
5.613298693710127019e-01 1.222142568947552208e-08 -4.180829789117265132e-09 -1.442585829981358361e-09 -9.779356163845558825e-09 8.814611135822940706e-09 -1.485850376481921683e-09 5.872697075797716124e-10 -9.540451516285027045e-09 5.236500207091236918e-09 -3.937618799843054292e-10 1.477600118137346644e-10 -4.263841947437678426e-09 1.419398083444892931e-09 -1.913565214290201202e-09
5.655062246218995892e-01 5.879935932623895619e-08 3.069959475856420468e-09 -3.355927459700703584e-09 3.395287735383077215e-08 6.840736689675145447e-08 3.830836467560509719e-10 -4.558114997815880393e-10 4.263854392901961418e-08 3.252554173615745163e-08 1.409863479151098216e-10 -5.701649791052911324e-10 2.073429129774598987e-08 5.097610669895922507e-09 5.852649263730202468e-09
5.696867424029971039e-01 -1.322810508393884066e-08 -9.662673597737263874e-11 9.781983786363691996e-10 3.800751725297371702e-09 -3.337785317616130560e-08 1.624156197831419085e-10 5.768872868009381087e-10 1.905981500109412556e-08 -5.290942502562310133e-09 -4.677238111911427999e-10 5.018593966265779400e-10 1.944493372819557296e-08 -4.243396622789619866e-10 5.194254551120939880e-09
5.738956954203543459e-01 1.888607423493926370e-08 -3.972121541816278485e-09 -1.294187930502810148e-09 8.222417440801925957e-09 -1.818868860639096579e-10 -5.291088321184136900e-10 4.631557693366187853e-10 -6.525371077413408738e-09 1.677101346273843072e-09 -9.011810961319233613e-10 1.722700785141158179e-11 -2.053035291029888256e-08 -1.461608199212476625e-09 -2.208307380212712090e-09
5.780928920821047923e-01 9.005717758287851677e-09 1.530894956593237874e-09 6.444891618020005522e-10 -1.082242534866804895e-08 -2.165321665381869995e-09 -9.781128682028562458e-10 3.253972272892766576e-10 -6.644788388712929951e-09 -7.276750651384438463e-09 -4.397325966358777404e-10 2.948500959844874414e-10 -7.882965574486625614e-09 -3.005400524451561205e-09 -1.134140862127587613e-09
5.822632071880226023e-01 1.041360413415920194e-08 4.376978465261272857e-09 -2.006156118165628259e-09 -7.856730314619412004e-09 -9.583417424630033530e-09 2.193239891847465446e-10 -2.898669747879700037e-10 -1.875797846014224234e-08 -4.001228530177647079e-09 2.488091309593382703e-10 6.044548095668613884e-10 -4.882272018888475057e-09 -5.308392419572905075e-10 -3.326605506287799535e-09
5.864430803127811398e-01 -1.455824779775339563e-08 1.122540841698269783e-09 1.418328101640881093e-09 1.176601509226599523e-09 -9.949647554508719062e-09 -9.250148265803380534e-10 1.772887369232473311e-09 -1.609574550685600439e-09 -6.600503198978337120e-09 2.225133335165505053e-10 -7.812517406900318566e-11 -5.284504154846709889e-09 -3.917073678735249791e-10 -9.001826268884821832e-10
5.906376733072625784e-01 -1.510663512661979909e-08 -2.567418418773929946e-09 4.707570721446972581e-10 1.120174624638251187e-08 -5.033570516808581542e-09 -6.363305414778355474e-10 2.867217185236388183e-10 2.206738404661614226e-08 -6.546733754400957736e-10 3.243015594982133475e-10 -5.578078697961505232e-10 1.412358700517863733e-08 8.858143429751881701e-11 1.486186066951614534e-09
5.948356627105599870e-01 1.014100851470631740e-08 -4.064831863847589598e-09 1.038195868621860334e-10 -2.019869959890487039e-08 -1.567747297975447054e-08 -3.735779250307385761e-11 -1.142531881588863909e-09 -1.487293469929816465e-08 -9.759183883533134190e-09 4.858737788373557562e-10 -8.752825435744275908e-10 -2.453852085056488828e-09 -2.028034280100511249e-10 -3.186342782082347325e-09
5.990145239901687457e-01 7.836422497476343590e-09 2.937827251527024348e-10 2.870024928774661514e-11 -4.147490652649967304e-09 -1.079641308153357385e-08 -5.698793749670866985e-10 -4.148515277516922425e-11 -4.374441914852232448e-09 -7.743928282624813186e-09 2.412918635660029845e-10 5.059149627077842474e-10 -1.031853454115105604e-08 -1.416389389798680037e-09 -3.785303092835305955e-09
6.031829950841108845e-01 -2.244308047049306337e-08 1.182374943256981688e-09 3.342989775529584792e-09 2.345155121247578916e-08 3.479239441540204985e-09 -3.376790613707079820e-10 9.830497722551135175e-11 1.337055865200825078e-08 4.458053014301433788e-09 -3.001685059715182193e-10 -1.370438887896680958e-10 1.040888479176654571e-08 1.409078505893605405e-09 1.210079106102890319e-09
6.073740526175752663e-01 3.158810919018372087e-09 -2.522580935767497378e-09 5.135562296249353108e-10 -5.303073911448331023e-09 7.988005572358913055e-09 -1.293388827168432009e-10 2.668214867247718343e-10 3.241671174293373100e-09 2.182465902504681128e-09 -5.565531207545144999e-10 2.452901451127406462e-10 1.011741558757222738e-08 3.987329886152517910e-10 1.706770606850672068e-09
6.115768023320514724e-01 -8.453581759404079714e-09 9.181390880897145477e-10 3.729133108355970388e-10 -8.068374332394803244e-09 1.178936017257763215e-08 -8.549771954107139861e-10 2.986630030143167783e-10 1.733406042137228004e-08 8.904202569403717337e-09 3.110831586737615122e-10 -2.688877381498437303e-10 6.007567277255760126e-09 -3.295435163876984875e-10 8.850424458589795135e-10
6.157710000000914397e-01 1.180071597358967455e-08 -2.013686014982606494e-09 -9.132462024734045036e-10 -2.009777839601045616e-08 2.268238699173416628e-09 -2.491933898207043111e-10 1.601682992682526385e-10 -1.325419060170649211e-08 -1.691648008073737344e-09 -7.251806414113369098e-11 -6.866722039692572361e-10 -1.184447213939665546e-08 -1.019944135964185928e-09 -3.470625298062213805e-09
6.199632023912512446e-01 1.442156146279095358e-08 8.081245858061899229e-10 1.863273511307468601e-09 1.187282856680994434e-09 4.835794701888191283e-09 2.610343850386521535e-10 -4.483851848617826899e-11 -4.992371548219462583e-09 4.339186318294568986e-09 8.691218047146185216e-10 -4.092106640493918819e-10 -5.269774290119422933e-09 2.098691317003419949e-09 8.133610596520380364e-10
6.241630060990407403e-01 -5.773849291529839744e-10 -2.972138550667926413e-09 -6.016496336544620172e-10 7.985565070698537816e-09 1.700094641861081332e-08 7.059282146484928775e-10 -9.785614807825217063e-10 -1.267659149122929935e-09 7.630845478572428224e-09 4.567943777709655927e-10 -6.986855479357027681e-10 -2.978309572358331397e-09 3.267914862025132607e-10 -3.245909628140058149e-09
6.283593402461892241e-01 -3.583545422172491160e-08 1.394355468090240158e-09 1.775086901864534546e-09 1.359597344373972549e-09 -9.439009975381200034e-09 -7.575217431347963346e-11 1.214810742522789100e-10 9.297621053362890288e-09 1.642086243107261023e-09 -1.544353735628920349e-10 8.756526519750756793e-10 4.544715717339733754e-09 2.192870117051415253e-09 -1.067555140098906238e-09
6.325410955997395890e-01 -6.477067316726367692e-09 -2.515419256117809048e-10 -3.026381461277996669e-10 -5.252156216568510197e-09 -1.526742305666826061e-08 -6.465181151932934310e-10 -4.710919373563014302e-10 -4.348078999384492253e-09 -6.707921304391578111e-09 4.163023461477178072e-10 -9.008409634975044524e-11 2.859231662901988863e-09 -2.059501837762014979e-09 -2.826221058836937689e-10
6.367142920629192959e-01 2.609418640812827221e-08 -2.488407924494038282e-09 1.744858899505169981e-10 -1.378994336203697292e-10 1.859371387464148202e-08 -8.185349659509882049e-10 -2.987044068768657690e-10 -1.822099818575834008e-09 8.080794194274929605e-11 -7.488234077912268593e-10 5.281939596887036163e-11 -7.556807580180602954e-09 -1.472635789719247306e-09 -4.387226293934184496e-09
6.409035099394975177e-01 -5.855961412007602487e-09 -4.028077952433992166e-10 -3.464906123136753115e-09 1.617962102714257679e-08 1.322741885457346202e-08 -1.086753320931842637e-09 -7.988174917676560428e-10 1.912436247328586575e-08 7.587408548481101921e-09 -7.279731068705176815e-10 9.662014064145726666e-11 6.420646922361098221e-09 -7.901696788499324270e-10 5.432282128836355565e-11
6.451032402190634008e-01 -3.913547375013966516e-09 1.285603973677165074e-10 7.252095229102538875e-10 -1.426514914198527772e-08 -1.273641412925676815e-08 -7.687691500025741462e-11 1.288182036375470725e-09 -1.542221710931384734e-08 -1.093579718798212051e-08 6.654180005599344251e-10 -3.205063422560470329e-11 4.674004349938144810e-10 -2.412876027528369794e-09 -8.328742022199469349e-10
6.492879941711476866e-01 -2.990440264819032844e-09 2.699450182348579166e-10 3.533922410887989778e-10 -1.144161035491160684e-09 9.510458585620700263e-09 1.463721958410892036e-10 -3.823251596266989316e-10 2.127660210013698501e-09 1.094790243627720202e-08 2.671428486794345331e-10 -3.387496062214258442e-10 7.304753094893889957e-09 4.184425205236906426e-09 5.439836267686403986e-10
6.534659541563927476e-01 -1.365787198690930052e-09 -8.323653832861190025e-10 -1.666569345952489628e-09 -5.051686109967172713e-09 -3.083435062150642390e-08 -9.611782224660310794e-10 2.094031724948034459e-11 -7.218686275653856154e-09 -5.301305090088104262e-09 3.017843642847715334e-10 -3.382748172878505755e-10 -8.218913042871698532e-09 1.457316327596079527e-10 -2.010678574517647503e-10
6.576591076962554627e-01 -1.842880082969132563e-08 1.005366658316580358e-09 -8.823064890814608086e-10 5.809270418242148501e-09 -2.161415782892399621e-08 -6.547069572797313655e-10 4.435162908339678890e-10 -3.478286902013699066e-09 -5.794467257567874288e-09 -5.580908160329007353e-10 1.450095327822484330e-10 -7.447167854087205261e-10 3.847515448822207603e-11 -4.655148289113920567e-11
6.618529307405217610e-01 -1.816516300249476999e-08 -5.077359841033854833e-10 2.950078081690492412e-09 1.999822037603625232e-08 4.180361681637090381e-09 -1.396344907340570399e-10 1.050418651844229121e-09 1.085650125073510536e-08 6.942983586720356684e-10 -1.053766481965631157e-09 6.190216816774145798e-10 1.001450124531640710e-08 -4.767648835947663039e-10 -4.775049312316987071e-10
6.660240791386257131e-01 1.888329998350589691e-08 -4.156600067057389343e-09 7.560166722789822571e-10 -3.930562889482679148e-09 1.723567210594007925e-08 -4.146088114827976086e-10 4.942380559645478724e-10 -4.340517239252292346e-09 -2.768282727387084345e-09 -2.036673247857178088e-10 -9.369177313669587193e-11 2.844463992233350129e-09 -3.079764970445582483e-09 1.515430906383462011e-10
6.702067828716186115e-01 -2.313584622964832959e-09 -1.702511939208713448e-10 -2.243031557552466224e-09 6.954757069370665333e-09 -1.978640358785392033e-08 4.865619451233400767e-10 -2.600959183970664376e-10 4.954498776458531825e-09 -5.042311924081197892e-09 -2.043745675749809412e-10 3.840419324521590530e-10 4.219998873767970684e-09 -1.385689099399232082e-09 1.987161397592112416e-09
6.744172070879622671e-01 -1.029825083252762144e-08 -1.176868616442001239e-09 3.816295817265406900e-10 -7.083018533882984398e-09 -2.127662576807720000e-08 -1.273623736633104528e-09 1.839221163870830483e-10 -1.482407159005741370e-08 -9.100192247915656725e-09 2.566771085440799578e-10 1.511927303865125321e-10 -1.672821017282148888e-08 -2.369341383008661395e-09 -2.443843936341701805e-09
6.786118453466847278e-01 -5.870031505185274218e-09 3.758072858767348222e-09 -1.014778578216707753e-09 1.081496103678052344e-08 2.222189215713275850e-08 1.113807469250441813e-09 -7.640369977120448493e-10 -2.141406054518881414e-09 6.917854231231994197e-09 -1.183492327171731970e-10 -2.885488307560047303e-10 8.502458816940470608e-10 -5.921387223405248828e-10 -1.560148459241689825e-09
6.827984616056306244e-01 7.096959013647666945e-09 -3.218109642976026390e-10 2.255934874433230255e-10 5.896760593460238525e-09 -2.653309771129812312e-09 9.510089485130128866e-11 -5.666717140565596251e-10 -8.840631246964988604e-09 -1.111329213048673620e-08 5.865877714306554298e-10 -3.268646084102021424e-10 -4.711571979785705447e-10 -2.444639468140468478e-09 -1.419197969319419237e-09
6.869817177358829019e-01 -1.800924550210676930e-08 -8.736857808708353052e-10 2.375825107817025682e-09 -1.238199697064690569e-08 -2.104236966689633560e-08 1.344153852035038059e-10 6.878824642492298104e-10 -9.996517190948271814e-09 -1.306642495220138897e-08 -4.116671285326042077e-10 5.500651676731474869e-10 -5.257337001215067355e-09 -2.056365934364883477e-09 -3.555788661248201905e-10
6.911718524128840357e-01 1.381353501349989645e-08 2.703867960565190361e-11 -1.529005995043884746e-09 4.307654506555953427e-09 -3.788483910275620692e-09 -5.170996300091164702e-10 -2.138339076554982811e-10 -4.136984148572377249e-09 -1.441694672849541962e-10 -9.843853650566752158e-11 -1.376731248939642753e-10 2.126582834681467455e-09 8.531108834954460194e-10 1.668873320248454606e-09
6.953555746427921846e-01 -3.022172345494937523e-08 1.375985324371250173e-10 8.707226313022121358e-10 -8.862979790478299021e-09 -2.072017555835876775e-08 -9.996477111735563320e-12 -1.969494347370464364e-10 -1.178431214495720515e-08 -1.086428637948240448e-08 -2.511427639889816739e-11 1.360672109066551760e-10 -1.404230293863214029e-08 -3.538564752879758263e-09 -4.351171932787257963e-09
6.995344561305086861e-01 1.547271300313420403e-08 -2.832562520595818242e-09 1.300245408211863980e-09 3.299192561115080243e-11 1.418451035653344426e-08 -6.240359396072978717e-11 4.052157236762347981e-10 5.935763224711542659e-09 6.623316027528405559e-10 1.501405604994403558e-10 -1.023070148400110387e-10 -1.521816903963506389e-10 -8.778832494881972720e-10 -3.661547661934441432e-10
7.037287066792784485e-01 -1.017889346604984090e-09 -1.506525432077130965e-11 -1.552787202946784308e-09 6.603260890507160397e-10 -1.152879464151705446e-08 5.450611821347983349e-10 -2.595092917525092110e-10 -7.785770989916761801e-09 -3.629608226939079370e-09 -6.622251850524748676e-11 7.185954438478295916e-11 2.936354785116210825e-09 5.990430737376950669e-10 -1.019327714202671395e-09
7.079143033440539190e-01 1.803757306428444420e-09 -1.536839323054880893e-09 2.626136332917964169e-09 -1.712545077442045129e-09 -1.387415861794260293e-08 -8.541619456827354698e-11 -3.756107245738479553e-10 -1.275343574379440755e-08 -1.069445081641667422e-08 1.928045774204723664e-10 -1.443372855218960809e-10 -3.368334576786257862e-10 -1.421048177686986418e-09 -1.298718195447792324e-09
7.121186686741065586e-01 3.158629700288260643e-08 2.420278672784714710e-10 -1.790602989878804890e-09 1.037787830344769502e-08 1.216109551728628264e-08 -1.309432602310149081e-10 2.696096413777268112e-10 1.393879724674422770e-08 1.456194713959764263e-09 -3.461772896868435983e-10 1.649660857348102408e-10 5.612476745843721243e-10 8.750052373871791740e-10 -2.674367945887127204e-09
7.163134555705721329e-01 4.655864372935414098e-09 1.851444061009359347e-09 -5.387591921967845178e-10 -5.249592697928182947e-09 7.802384574369435986e-09 -9.110925443113437768e-10 3.510227781583972623e-10 -4.548935462984423654e-09 8.906277802892147367e-09 -1.816194859807870138e-10 1.172366193360375166e-10 6.998352850429512717e-09 2.375360108729295719e-09 -5.281267588183827895e-10
7.204913713645887396e-01 5.261822681687964072e-09 5.716874856788536688e-10 -1.672760946128351379e-09 1.167205399689243223e-08 3.204342525187390425e-09 3.303746271154578514e-10 -7.381828669188069863e-11 7.987118829688594603e-09 -2.893274514999039468e-09 6.522949197042587622e-10 4.258967346092575917e-10 9.017810221476992664e-09 -4.686510667920439059e-10 2.368650916863992911e-09
7.246803275165087932e-01 2.653999838534151341e-08 4.613982688582658915e-10 1.450315675649636509e-09 4.758564291078590619e-09 1.809051855717304645e-08 -3.599360611161905782e-11 -1.149590214533130121e-10 1.294741518631214616e-08 6.095883698247092391e-09 -1.740399555771564649e-10 -4.613426908573085550e-11 4.295632053912565346e-09 -1.139101627854557515e-09 1.044018195525975203e-09
7.288763115175647123e-01 -1.883541603544666109e-08 -1.633075426162578879e-09 2.470450437015989346e-10 -3.117264925191312468e-10 -1.500704835712477595e-08 4.597941814177873684e-11 -3.153330006248695132e-10 9.629612110944495806e-09 -6.142323627351706596e-09 3.067048690105496266e-10 -2.993280166705207023e-11 8.785180199881483335e-09 -1.287237358771469720e-09 3.229861878074843469e-10
7.330585840505703388e-01 1.966030497019299658e-08 -2.983790909947336835e-10 -1.012284882181552761e-09 -2.109522569318173677e-09 2.627875953762090982e-08 2.389375674043868383e-10 4.151112584058238341e-11 4.145936226279397246e-09 1.346426747967583145e-08 3.754778909458448304e-10 -1.554939474934245394e-10 2.988849920332948187e-09 2.885102476372603095e-09 -9.953065170872048162e-10
7.372316440474646626e-01 1.815316742102630094e-09 -3.919923948266388526e-09 3.040104696100187649e-10 -5.257387102399017838e-09 -4.968588209141909086e-09 -2.952219419082528351e-10 2.054833944000118316e-10 -5.077506254432638204e-09 -7.369079651753485633e-10 -5.577534541606535742e-10 1.583508311717971118e-10 -8.200497109357901165e-09 -1.703705516343068015e-09 -5.356281585696284206e-09
7.414228560306842519e-01 -2.590562776845746264e-09 -9.915009082585904843e-10 1.357156875060477342e-13 -4.748600664827661764e-09 1.126722412135045749e-10 2.636145321216487872e-10 9.367354562498859656e-10 4.067260343290661519e-09 -1.675035893011049027e-09 3.796654905473409265e-12 1.666848486322660932e-10 -2.466810177236976934e-09 -7.818393082026756898e-10 -1.515695566737386367e-10
7.456189213758863676e-01 6.752786939901149664e-09 5.273551449766208877e-10 -3.206892279922917106e-10 4.516262142817916379e-09 1.184767803713856940e-08 -1.359120751740167139e-10 -2.343718334700928481e-10 -5.174413307846866838e-09 8.398612785296620053e-09 8.281353873653125582e-11 -1.157358999729059616e-10 -6.865918975335767799e-09 2.361491351763299150e-09 -1.820400668800143427e-10
7.498104337627916616e-01 8.161545825490872261e-09 -2.310682831401189746e-10 -1.794944782365640703e-10 -5.483551173639807479e-09 -3.209016875325621287e-09 1.396049435495726879e-09 -9.429514225057189089e-11 -6.905197410005181811e-09 -4.480436516746671453e-09 3.908577528475091733e-10 -2.174067737663899529e-11 -5.167613451036039135e-09 -1.491564690184502194e-09 -1.373716832008530217e-09
7.539974189770904944e-01 -9.809929822352771613e-09 1.247831826767108615e-09 -2.571914999859841281e-10 2.570957321754908374e-09 3.255204953136344229e-09 -5.751386729121022052e-11 -2.717099787308516673e-10 1.944914318758810227e-08 6.518900985034277995e-09 -9.484720754804060250e-11 -4.503287821736784784e-10 1.353507593268477249e-08 1.104601303436372230e-09 2.669653238418212436e-09
7.581896411468850294e-01 -3.914930119480814672e-09 8.908146998867838898e-10 -2.553898802846812461e-09 2.296272921151357350e-10 -3.292114830755257597e-09 2.208760585843351478e-10 1.109065300291513004e-10 -8.131674747818444691e-10 -3.488016696459075440e-09 -2.217636950293633727e-10 -1.705904185591868876e-10 4.076676531388052577e-09 -1.961110423034155431e-09 4.957159717599492359e-10
7.623808615479977790e-01 -7.034863323032233140e-10 2.580449288579114699e-09 -2.257700081099854202e-09 -3.150648253308738511e-09 -3.173630235350697533e-09 3.008464634622122740e-10 -5.374030779469226182e-10 6.851321946650838836e-09 -2.634834980992988909e-09 -2.736390949802029821e-10 -1.344709592687218421e-10 5.281476133674146207e-09 -1.251770640896318713e-09 1.909544424907948207e-09
7.665651159623174671e-01 1.335520191752181717e-09 -1.627954185516979899e-09 -4.797802541913842236e-11 8.350262390236173059e-09 -7.440882222320299125e-09 -2.851825667806325801e-11 2.067686372319755864e-11 -1.038321893575517119e-08 -1.179880019384869898e-08 -8.754843652606279674e-12 3.253422485358216382e-10 -8.544929730816101374e-09 -4.515316996978020899e-09 -2.406615117592013010e-09
7.707536355579491794e-01 -1.546721480278885046e-08 8.910877194764890205e-10 4.214469771735198831e-10 -1.027043141807757289e-08 -9.073106990272325169e-09 -3.751721688713209536e-10 5.574956647713934503e-10 -1.468343048445933575e-08 -1.207532386559574228e-09 4.231690634857259159e-11 9.505375819823605233e-11 -1.526300632447768991e-08 1.001956291578338506e-09 -4.042994799887880832e-09
7.749462413082437440e-01 2.231427615625508521e-08 7.645744172111883996e-10 -2.455955076279255287e-11 1.088304317690047792e-08 1.119225887026227799e-08 2.265978526545647681e-10 -2.694914199333792713e-10 2.551555196641705905e-10 -5.579858108332548083e-10 -1.158715210434227319e-10 -1.631419226704933835e-12 -8.717156228003239843e-09 -2.637623656931300967e-09 -1.958106344972799124e-09
7.791369682448587852e-01 -7.408624856050571304e-09 -4.530652519700975160e-10 1.061491232182647900e-09 6.060912122435144496e-10 1.132814008451070116e-08 3.190046332823337157e-10 1.934459146690350741e-10 -5.945159301990763128e-09 1.479535286219818296e-08 -2.879663966093397053e-10 2.780813037969986211e-10 5.875423125412815162e-10 5.235933883823954692e-09 7.787076626816613443e-10
7.833258353347896108e-01 2.272816900719282615e-09 -2.254300699898299154e-09 1.285824014570427333e-09 3.212805320072839902e-09 -1.066829295124851321e-08 8.516824629019268102e-10 2.032184559971005616e-10 -1.439807867156740309e-08 -8.843185051294415667e-09 1.270635742341625597e-10 -1.965857586317700079e-10 -1.496082062280249031e-09 -2.687688555897814522e-09 -2.894729060771929437e-09
7.875159900600451346e-01 -2.604127231618629967e-09 2.837143987756296346e-09 -9.086418498231794400e-10 -9.346903991113059447e-09 1.677549556822128803e-08 1.711949694411385466e-10 -6.292650236709765670e-10 -6.011391344793145243e-09 5.577952908055619422e-09 -3.488665420697441343e-10 -2.050540916515991926e-10 -2.012060491760867025e-09 2.508914074296050305e-10 -4.558924105606415098e-10
7.917084457625156446e-01 1.464344431477065005e-08 -6.948068677570450123e-11 6.267461361943306007e-10 2.014377432182221729e-09 1.203032943104415454e-08 3.328626049592334369e-10 4.144560893017618403e-10 1.625746361769723817e-08 1.118437273297183689e-08 4.658945212077817716e-11 2.005206655782883627e-10 1.215100967542297229e-08 4.140949349546939173e-09 2.275899703058225563e-09
7.958821468706197555e-01 -2.132661277918134825e-08 1.579782072132457264e-10 -5.461582591703086953e-10 -1.018268377335767735e-09 -3.766200718309698009e-08 -3.257958417261800619e-11 7.320149621412189584e-10 8.491887230031089575e-09 -1.867684134733466919e-08 2.793799605238926035e-11 4.045058025661269357e-10 4.596536596123788721e-09 -3.242430148214868123e-09 1.046321514935424893e-09
8.000624692379799674e-01 7.024858119068807192e-09 -8.288233287950005942e-10 -1.282017164235921243e-10 1.025315418931477573e-08 8.322489949328201808e-09 -3.790689148981743670e-10 1.932657380623221950e-10 1.115687070215859768e-08 2.529932320418338080e-09 -6.804370260996065371e-11 -7.385695294237710851e-11 8.374737187511661701e-09 -1.611674468556314994e-10 2.347077626316994158e-09
8.042564613727184453e-01 -6.234098225687191112e-09 -1.866702318947050180e-10 1.039157059634938613e-09 -1.328792415609262179e-09 -2.217818138887728617e-08 -2.326765166414898838e-10 4.383232402272910871e-10 -4.659775226293682084e-10 -1.327944613347158978e-08 2.376179920550136953e-10 7.583205335666391817e-11 -3.692825902109157835e-09 -3.597884668000943833e-09 -1.588946243534842796e-09
8.084384822996342201e-01 2.057472717974485117e-08 -7.195712008012893401e-10 3.527185064200639473e-09 4.547425811865290658e-09 1.644312997673849879e-08 1.066079589060063438e-09 -3.301383170002987038e-10 8.990902446977527121e-09 6.824995850453447411e-09 1.436791571963786354e-10 2.686775322485356433e-11 4.599133159967206356e-10 1.684650166215112169e-09 -1.896087506225608869e-10
8.126333810499198895e-01 1.376075195772909734e-08 3.302817012548702072e-10 -1.317396861422126021e-09 -1.060117083370580831e-08 1.188706478318607834e-08 7.186543265080313496e-10 -5.689942921738986847e-10 -5.865685230722230714e-09 6.060402650353448792e-09 5.094564125800150527e-10 -6.039379097920425347e-10 -1.667244221173556192e-09 3.511620135098227904e-10 -1.705389678066224880e-09
8.168271958201180905e-01 1.798638459253580329e-08 -8.956406707658109531e-10 2.088244632820174138e-10 5.329339961528654537e-09 -9.935586849034025350e-09 -6.801536621969177175e-10 5.978435778439876468e-10 -8.604257104685039452e-10 -6.061730433033892898e-09 -4.619039347718259819e-10 2.064193319450836845e-10 -3.131778695499525058e-10 1.057366838484273858e-09 1.943779884942620018e-09
8.210214995694952167e-01 -1.603309176938333719e-08 7.846113344323587757e-10 -2.975707084632575079e-11 -1.242415290087222395e-08 -2.094492914850461597e-08 3.485170936833260952e-10 5.636633787643357402e-10 -1.932875675945729651e-08 -9.324690734995529969e-09 5.298520185932923729e-12 1.021341063895576259e-10 -6.447426259491844569e-09 -7.616183656060735373e-10 -2.701773187754917885e-09
8.252154145000215602e-01 1.509790143835278060e-08 1.707001298966465328e-09 8.823105193600672459e-11 -1.619676779865746376e-09 1.120513237333379075e-08 3.556811265146075644e-10 -4.479894696612399544e-10 2.355199018900811871e-09 7.571087821338048981e-09 5.469440918003334608e-11 -4.334067779135301517e-10 8.917634047677841799e-09 2.720424392265411035e-09 3.058216711732093701e-09
8.294030907808404018e-01 -4.021639945598809119e-09 -8.729401658825434981e-10 1.018439377327933837e-09 1.390457142959572174e-08 1.326818541644128054e-09 -4.804433481281868267e-10 -1.835106969561877357e-10 4.972322360340531871e-09 7.851508967469215349e-09 -1.309225914062867684e-10 -2.787639516517815019e-10 2.995103525991789569e-09 1.842747142457453045e-09 3.958998574986276907e-10
8.335906150371191758e-01 -2.163253105587287924e-08 8.620668552063322963e-10 -1.065587728202219779e-09 -1.760826812575065426e-08 -1.238065391053465862e-08 2.116991237084936049e-10 -1.966056625679456434e-10 -1.360910362990450109e-08 -5.444794341799131140e-09 6.834817811937613090e-11 -1.126766964899689826e-10 5.682878806145215507e-10 -9.775788430924262245e-11 -9.061198801805724449e-10
8.377685032221774408e-01 7.743507481373942256e-09 7.500897363159364077e-10 -1.244151596495972900e-10 4.239958597840262312e-09 -1.693458835483982656e-08 -1.493047525324821396e-11 -3.191373404501182775e-10 -1.488954708888478621e-08 -1.139853444036117503e-08 9.701693042054707928e-11 -2.907146946989233172e-10 -5.063841187877343589e-09 -2.380884324124241847e-09 -1.170784363569764054e-09
8.419567297582307708e-01 -7.083772138922532993e-09 -1.493602178694289699e-10 -2.625158502527648986e-10 3.361638291144451545e-10 1.194194644371590124e-08 2.232967959913632836e-10 3.817393350185585230e-10 1.254101601536153946e-08 4.840956551900830790e-09 -1.506013720943723309e-10 5.753227397717890263e-11 5.552230402746686817e-09 6.430142599571555482e-10 -1.778882232703078456e-10
8.461556544987137718e-01 -2.294421161443370757e-08 4.570696802625244832e-11 -2.053695115760563524e-09 7.580980010403902634e-09 -8.404533258601640188e-09 5.299537667069104955e-10 -9.821334180278991939e-10 8.683647324684780358e-09 -3.752182939136513633e-09 7.882211011316086251e-11 -2.497256163938920623e-10 6.740847423083111861e-09 5.563854928796995887e-10 2.707949668137379015e-09
8.503430790983292908e-01 -3.672123727404951407e-09 2.429970069286412210e-10 -5.957947518729047538e-10 -1.733055917578132949e-08 -1.143364468294416037e-08 -4.571723364769429200e-10 1.986829322580408518e-11 -3.516909312756438393e-09 -3.021116963827746551e-09 -1.358583132707699595e-10 -1.573478166865732572e-10 7.866620833846801422e-09 -3.172482052693030021e-10 -9.015814187745553118e-10
8.545245840949285965e-01 -1.719879255551703320e-08 -3.855246479222096330e-10 9.803926924394056213e-10 2.074058217880573952e-10 1.158033083727434298e-09 -4.874426309553255252e-10 4.265236628947340735e-10 9.556048555311023813e-10 1.460770793774181443e-09 4.280532510082977917e-10 -2.447827157491406232e-10 2.122834402621293129e-09 1.637042096218408805e-09 -1.018158359961283669e-09
8.587196449246210506e-01 -1.411781778005487970e-08 6.811820902551614617e-10 9.098030118010678790e-10 3.054806508596161264e-09 8.346656833472222499e-09 -7.580406568591678591e-10 7.990131208353416348e-10 9.952164124876670847e-09 5.430408465794161789e-09 -5.061091059527409083e-10 4.103685725270823589e-10 1.038460789285982238e-08 7.547490366583571762e-10 8.967203338481315836e-10
8.629074348139629258e-01 -2.224256956379968987e-09 -9.602422418410873590e-10 -1.093800008735756912e-11 1.111780401995963434e-08 7.045685049423905482e-09 -2.636084157516505998e-10 -1.517344828813893171e-10 5.895403923793610162e-09 2.815277507193673237e-09 9.836639173157920946e-11 -1.886131150056068147e-10 9.683430519618083441e-09 1.305772436845838773e-09 1.312928886030522111e-09
8.670852844200982457e-01 1.495530419767700711e-08 -1.508772517343458394e-09 1.064919200856803845e-09 3.366287427716853598e-09 -2.039642764480984297e-09 1.670989114583417806e-10 1.155165308751732883e-10 -8.259292461146958009e-09 -1.873014291443200430e-09 -4.429477069997233538e-11 -6.543364744118952897e-11 -6.257787478630280827e-09 2.966258848571109181e-10 -2.287153484820310750e-09
8.712764316473343706e-01 -5.583012084919487430e-09 -3.220004413154430152e-09 3.637886809612460707e-10 4.009578769371268520e-09 -4.275349645340508276e-10 -1.025973646275194793e-09 -4.946936057704262062e-10 6.218855444091254048e-09 -8.828400100233024705e-10 -1.356052204388304666e-11 -3.685537759781720915e-10 1.510909261276806338e-09 7.410643528416064902e-10 3.149703790567053940e-10
8.754762476624626810e-01 -2.670630085629788617e-09 7.123184499592076906e-10 -1.181479182609976109e-09 3.832635421291551102e-09 -6.791507635045264318e-09 1.220698847283082398e-10 -6.950332548301517491e-10 4.088773802077188768e-09 -1.556432882099623014e-09 -2.174450191727992026e-10 2.430125430045383237e-10 -4.509755835811903933e-09 7.270811821468949809e-10 -7.513663241592004052e-10
8.796707865602606535e-01 -3.740096538999119971e-09 -7.692492666220430090e-10 6.723343023887155458e-10 6.837481868894715170e-09 1.198252668147165655e-09 -9.680083043174680967e-12 -2.978802122534839695e-10 7.200697286332022138e-09 8.084662082306825822e-09 2.039200132225964028e-10 -7.794863199901464531e-11 3.194615876060381858e-10 2.120540363747392201e-09 2.155608571876600877e-09
8.838562222970675064e-01 -1.402682820286949811e-08 -1.238209334549023242e-09 1.796220575913092733e-10 -8.508128592873950312e-09 -1.578572094558977350e-08 -3.443814244601960907e-10 2.828352078827731548e-10 -7.658153810792065848e-09 -2.701103981416691613e-09 3.397558171905115668e-10 2.848220452485924695e-11 -2.232750244920056637e-09 2.214238431578790659e-09 -3.040290851624041246e-09
8.880381764417510926e-01 -8.103303072861227410e-10 3.006122876348732095e-09 -3.033030667917942254e-09 2.246028440752795597e-09 -3.549202190007078331e-09 4.649752764744541717e-10 -7.635581536290588208e-10 1.621629597785774099e-08 1.584745856990668434e-09 2.413723471900664142e-10 -2.616582035721217269e-10 -1.479154215819894459e-10 -2.229182072668261607e-11 2.189352305339834254e-09
8.922270316229049536e-01 3.569568832678506020e-09 6.397876886894140739e-10 5.305864558673759734e-12 6.965424996749045843e-09 -2.078049021553278568e-09 4.033919030925294660e-10 -1.980584701367739729e-10 8.151464933823271943e-09 4.342469812256957602e-11 2.905375399672477974e-10 -2.641913328252882439e-10 4.411746737934825878e-09 -2.646615903725195422e-10 1.893987625997910339e-09
8.964225585562245469e-01 4.656592688786155603e-09 6.502023261549429741e-10 -2.940076661120062370e-10 -5.059400900552128583e-09 4.469247345435876734e-09 -3.558684062054473710e-10 2.578481643495818233e-10 -7.378361202876236150e-09 2.389693728850798922e-09 -1.461924371634396891e-10 8.400831318641956655e-11 1.573754554172740798e-09 1.423190741980096588e-09 8.290113290550796823e-10
9.006049913569987853e-01 -1.258670619832019913e-08 -1.683411629791748289e-09 1.702121242275687244e-09 1.193154874215715385e-09 4.901456823201329641e-09 7.247607962477100757e-12 4.540268318423647221e-10 -5.849689027621082233e-10 3.790098130751420500e-09 -1.681616026019669888e-10 1.533087003923239298e-11 5.263806896131837607e-09 -1.587577475617945518e-09 4.911583072162700663e-10
9.047836582182254839e-01 -2.023656110860958223e-08 -1.092374642761059829e-09 1.090279065195757415e-09 -4.741174620814715808e-09 -1.090062103098292154e-09 -5.324379075062553555e-10 5.599270450099566882e-10 1.483957138901447216e-10 2.997950657668934740e-09 -2.906520613464142384e-10 2.414912378696846885e-10 4.439719153955246182e-09 1.137548874660600887e-09 -1.175407418942081969e-09
9.089780964569278421e-01 1.303694777113653452e-08 -6.694223232559564392e-10 -3.556801854011899416e-10 -5.250674005675125356e-09 1.049766546707939285e-08 -2.815177702225436052e-10 -8.831412250568832877e-11 -3.316331262696759852e-09 6.694309303512928114e-09 -2.113240925786246101e-10 -7.315943520610410782e-11 -3.179977442956604675e-09 1.963744051883696721e-10 -5.293092395726353073e-10
9.131704587403689510e-01 -2.013615237494968935e-09 5.622022499317434092e-10 1.303871161844589154e-10 -7.016945697589362559e-09 3.845479217323121095e-10 -4.588355650950859958e-10 -2.307513271486218428e-10 -3.033267167474681508e-09 1.353212972146179986e-09 -4.031227906271721349e-10 1.825225519556951013e-10 -2.861689660402467627e-09 1.351755458184121559e-09 -1.926555743003682705e-09
9.173547920329833127e-01 1.269081700481795866e-08 4.168581743906570741e-10 -1.329683044638564798e-09 -3.547144963242411087e-09 1.271390165831137826e-08 -2.069131270373324801e-12 -2.266845659213641253e-10 -7.613379379829282077e-09 7.057937751751177170e-09 1.647232757563622532e-10 5.082522916473812358e-11 -7.132959595767350329e-09 5.017935682341843162e-10 -1.453647008799798525e-09
9.215425617950214754e-01 7.860928975888231659e-09 -6.908914085832429465e-10 -9.352107392607614125e-10 -6.188655160382576779e-09 3.300320764425008676e-12 -1.634371062323290326e-10 -2.365336576017580701e-10 -1.177591862221099180e-08 -3.843495410363661518e-09 -1.551379202848550063e-10 1.635872536728790760e-10 -3.241106274719188147e-09 -8.624427776706755754e-10 -1.026537758255974674e-09
9.257400405750663142e-01 3.598122677060785256e-09 -1.376395759145673859e-09 -5.263868368612294216e-10 5.260327287009000823e-09 3.764591247726766756e-09 1.572241623351763626e-10 -1.683467868196890558e-10 9.974125005389702724e-09 2.039288103180057929e-09 6.161336119167729257e-11 -5.432782234613371862e-11 5.764356329335542487e-09 3.938812726755968688e-10 -8.532406686741506900e-11
9.299303352268617484e-01 7.649704612942608406e-10 6.851758401622292292e-10 -1.559984338231585791e-09 1.068380364038961359e-09 -2.953942577306897779e-09 4.340738697119875026e-10 -1.807007002767893126e-10 -1.126100018222967637e-09 1.965979134994450126e-10 -1.677518413834269443e-10 3.207141344027718875e-11 -1.198440716416878323e-09 -5.615182757480109585e-10 9.308001214624526846e-10
9.341108300097852313e-01 -8.533692952530416048e-09 5.217682414850036108e-10 6.818477874781227227e-10 1.155876580937500460e-08 1.456152255864628317e-08 5.762526612836679217e-11 4.063629769484922249e-10 1.546566629069151785e-09 2.044320551170816252e-09 -1.912190504410401858e-10 2.851795343833084585e-10 -2.360834921162397625e-09 -8.833118245121860387e-10 -1.464966932015841357e-09
9.382896253999645220e-01 -1.920621670692717241e-08 -4.113829043950874665e-10 -3.690131615295099592e-10 5.344424567304940436e-09 -8.364999407755907410e-09 1.048855155414022882e-10 -2.702857538071030541e-10 1.091395634708994003e-09 -7.780246622675965397e-09 1.138970000400946227e-10 -2.160621408194116313e-11 -4.446358640985630449e-09 -2.891671871470085299e-09 -1.600059425350046061e-09
9.424819561228944265e-01 1.720987433144869341e-08 -2.346177656807737112e-10 9.863371482857048341e-10 4.350802215923964831e-09 1.654723863276464970e-08 -8.083624981339200970e-10 7.371039715859336108e-11 -5.301489777731005233e-10 1.003835987363127295e-08 -3.521126524985169322e-10 1.997486084681686196e-10 2.313762941899051070e-10 2.940962800507874223e-09 -5.723433189063886626e-10
9.466849863120379016e-01 1.593610190399667470e-09 -8.780850085711439428e-10 2.052701281893548274e-10 4.674346204886091071e-09 1.888709851639132064e-08 1.390440259769859771e-10 -4.013892306866784838e-10 2.264573269327433977e-09 8.212497525495532016e-09 2.414782909602089467e-10 -1.671104320793760407e-10 4.327454423397288911e-09 1.909449720116712239e-10 9.096780056507088779e-10
9.508714331057195324e-01 2.687294377783228960e-09 5.987069188538402666e-10 3.264344922540031382e-10 3.826696810596212850e-09 -4.529714344076991221e-09 1.957388418105359912e-10 -1.933541915145035806e-10 1.626241744951807319e-08 -7.984439138695532122e-10 -2.017139950688988779e-11 -1.739443879078211855e-10 7.739611467337731656e-09 1.058819963809062390e-09 1.746606660586070120e-09
9.550563230073290111e-01 -1.624406338801542357e-08 3.839127876625080895e-11 -3.030790351835167855e-10 -1.442427825976257833e-08 -1.432378794257136470e-08 1.048155087419786293e-10 3.190588859028919150e-10 -2.598253881162041888e-08 -1.478907298975347326e-08 1.532123426277246208e-11 1.943609815281123819e-10 -1.000206298495318866e-08 -4.297241202700349628e-09 -4.542917810113328530e-09
9.592513211539739348e-01 -5.455712917280990483e-09 9.730986177148032684e-10 1.064308526356397057e-10 -5.266538063359147313e-09 -2.435895106682706477e-09 3.161524525210968333e-10 -1.730804263413205043e-10 -1.160789724491398897e-08 1.988234564896565858e-09 3.086636601583611077e-10 -3.250391621882208291e-10 -4.819073794677218033e-09 3.376886025698428692e-10 -1.312990161240093170e-09
9.634451052878124644e-01 1.057091954059705995e-08 -4.496533617121741904e-10 4.148131980891194808e-11 -8.073946228807851355e-09 9.003389752661631248e-09 -3.209678322809675274e-10 4.142424154017888823e-10 -9.476937167998330202e-09 1.961183916356140085e-09 -1.478934944129455772e-10 1.020398084440540592e-10 -8.244058473827708360e-10 -6.383203572344263380e-10 2.670433623113117548e-10
9.676230540453005791e-01 8.142227420709843802e-09 -9.167661670456453725e-10 5.627196331359999031e-10 -1.771308153541244148e-08 -1.527306775090348780e-08 -1.053730047541447481e-10 9.654499768206372879e-12 -2.558817880560863659e-08 -1.323824188255102881e-08 8.732318018100661080e-11 -1.114142335933240264e-10 -1.291812896955397149e-08 -2.653598888401493562e-09 -2.910640722890679527e-09
9.718094297475188270e-01 1.862548455631652102e-08 8.149657146987617777e-10 -2.922341377975701175e-10 -2.295189564546981962e-09 -1.514427153291698900e-09 -2.842412770796308546e-11 2.189431968962579280e-10 -6.494995472355110891e-09 6.841212733713007137e-10 2.018082210284816375e-10 -2.234154473066606728e-10 4.775847053343637842e-09 4.006876032205715172e-10 -6.138804883422102300e-11
9.760091362076940280e-01 -8.440028814047334078e-09 -1.460194368479312793e-10 -4.979423078766574471e-10 4.601068849401714904e-09 -9.693240038276733897e-09 -1.518513227423232538e-10 7.739118086134651917e-11 -1.737314068648187989e-08 -7.462082271526184132e-09 8.699070466173656799e-12 -3.352465021886634859e-12 -6.619370267744200536e-09 -2.496953841316028110e-09 -1.898060901319638699e-09
9.802075838006468755e-01 -7.652729270937095706e-09 -3.180769797807647645e-10 2.451415776629464015e-10 6.459337068623151797e-09 5.423517276602667258e-09 1.003056878166031814e-10 -1.541668109233460807e-11 1.952262503963405970e-08 7.719109976667165387e-09 -4.371799106997736236e-11 1.505860013471011204e-10 6.907511418442016877e-09 2.509004678313270457e-09 1.967241563474904941e-09
9.843901124947946890e-01 1.119759447910097100e-08 -1.597918220148865917e-10 3.758874947727671674e-11 -4.115639578143285434e-09 1.445688672196071912e-08 4.374081475947412850e-11 -1.528649846697849286e-10 -6.142361554002861765e-09 3.761795846329526960e-09 3.185127045814318611e-11 -1.210298885360234876e-10 2.099706360053375688e-10 5.665413118899366116e-10 -7.441622425043750141e-10
9.885650797815361823e-01 5.503467703703640717e-09 -3.787034059867359617e-10 8.602791388474667591e-10 1.805214392228281600e-09 3.852319486503078857e-09 -1.555108267701113927e-10 7.058092918898323073e-11 3.331514798799806102e-09 -1.189422113482016224e-10 -1.962884192109692875e-10 -1.901934111885723667e-10 4.045376703047226801e-09 -1.473241312127166564e-10 1.507445744331128076e-09
9.927561705083151056e-01 -6.754323063051511343e-09 -1.704168918935508990e-09 5.845548366210403669e-10 -7.749200575075969360e-09 -2.810505792733785198e-10 -2.508364997682617896e-11 -3.975054121829244463e-10 -1.296948861604956914e-08 -1.375091587665743362e-09 1.132841922599047999e-10 -2.901699887241701154e-10 -1.013925516248186272e-08 -1.278196390380768439e-09 -3.252360951632183705e-09
9.969400597939003239e-01 -9.279707907291687007e-09 -4.625170430519238865e-10 7.969060097196421513e-11 8.481367428862460366e-09 -1.823858239995429583e-09 -2.273474594040198352e-10 -4.285914338591530917e-11 1.172984546797484086e-08 9.701148121059952179e-10 -7.839340655486480803e-11 2.378805075667073366e-11 7.133563524437610459e-09 3.265632765916487514e-10 1.716348809477220866e-09
1.001125867816581083e+00 7.073692301639987837e-09 -5.048236287152187910e-10 1.118788665332146485e-09 2.351312627589791479e-09 1.250678719007215091e-09 -1.044043190090842411e-10 2.985863156273996653e-10 -4.620482718577454354e-09 2.119904229573999621e-09 -1.463515002566132273e-11 1.963938548721275407e-11 8.582109578748040679e-10 2.341816434620524510e-10 6.569142729590517560e-10
1.005315482813002204e+00 -8.019037459622042884e-09 -1.907269410755486624e-10 -1.369050793238848174e-09 -4.893687820302528168e-09 -1.521923960637534479e-08 1.120909902774243579e-10 -4.372964060277664736e-10 -1.734406189259957691e-08 -9.103521173410490536e-09 1.729210181366142955e-10 -1.352984693053530791e-10 -2.932032346519148069e-09 -1.370989839720783684e-09 -2.890270153062489636e-09
1.009503724426713545e+00 2.341531163625900717e-08 -1.690440357376749672e-10 2.542742238710537612e-10 3.884131462471729611e-09 2.242924357530914519e-08 -2.039813240082413472e-10 -1.246875498167924761e-10 9.447250972181850582e-09 1.671319095808536225e-08 3.525543673093914993e-12 3.835594695162737306e-11 4.973250262541001530e-09 4.370292706397717030e-09 5.846735981426614927e-10
1.013699103815393299e+00 -6.100471305639842866e-09 8.193925596307899288e-10 3.367976345012738622e-10 -2.523654243186643758e-09 -5.426046363945340100e-10 2.536149839505775079e-10 2.110180846232719491e-10 -1.479337851481536103e-08 -3.227353265407278291e-11 4.042675631178402137e-10 -1.148691010539005148e-11 -6.855711995109650640e-09 8.992367596563084509e-10 -1.399607641544265472e-09
1.017885842421875964e+00 -1.081097284841940594e-09 -6.915425821361285721e-10 2.401786048653460927e-10 -2.952102550597876796e-09 6.392107447291556501e-09 1.582351721902216777e-10 -2.547114978667684911e-11 2.725427212825853644e-09 5.900451643624263000e-09 -4.546236131169753597e-11 -3.401867747502742859e-11 1.014250983504832694e-08 1.271780801552683329e-09 1.731046299605620336e-09
1.022076284359184406e+00 -1.809824209829403966e-08 1.226676106970002662e-09 -2.716821261980214925e-10 -8.597375756521553813e-09 -1.905417744787392835e-08 -1.063360529456826495e-10 -2.076940324858507722e-10 -6.708148810329034782e-09 -1.489333476593463502e-08 -5.667244198483238729e-11 2.483348684255473079e-10 -1.208450316071309690e-09 -2.011291411993316125e-09 -2.155978214853771676e-09
1.026273875264014812e+00 7.045132291248354217e-09 -1.020509225150476753e-09 -7.195306415505888874e-11 4.652730542555590060e-09 3.044168581101486077e-08 -3.254359627295075893e-10 -1.150676331065326236e-10 1.331335309120727678e-08 1.619628592877316499e-08 -9.618715221833012549e-11 7.304557203560778486e-11 5.451701332851045105e-09 2.535833303967280783e-09 -6.797013216914083978e-10
1.030463237552156075e+00 -2.035289659371465534e-08 1.379013090284751022e-09 -1.022159227312855387e-09 2.359679660845898054e-09 -2.813553228539818373e-09 2.164065530920974100e-10 2.274653629560483682e-12 4.240271864893232298e-09 3.031344040730234842e-09 1.733063548379773318e-10 4.939180255600147190e-11 -6.937161280515317985e-10 1.380531731957265296e-09 5.579590492575935216e-10
1.034646639530784062e+00 1.043470520075206513e-08 1.292419214373097475e-11 -1.953677270227629204e-09 4.629007823189521724e-09 2.030255030436966394e-09 1.984846999768684320e-10 -4.858075554737598032e-10 9.517378660084990218e-09 1.851390391266329181e-09 -2.416757574049782050e-10 -6.862332117131668654e-14 1.642191768136928366e-08 1.380859686033543222e-09 1.967063674627309599e-09
1.038830480088573260e+00 2.255757134167203235e-08 3.130618023457539956e-10 3.475068724000754428e-10 -2.161674834913875787e-09 1.727275627139030444e-09 1.057943903021517376e-10 -3.165279347165852602e-11 -3.093123175132649107e-09 -9.369624097366306372e-09 1.313272053658686372e-10 5.203636927436686506e-11 -7.972554787042763317e-09 -3.199289202040350764e-09 -2.969885520638941465e-09
1.043023229532383578e+00 -1.048191007735375057e-08 -7.618000800240524895e-10 3.573480098700787096e-10 -2.330543625023518416e-09 -1.547521922017627682e-08 -1.159639163454011892e-11 3.542461205637234589e-10 1.090233309628233195e-08 -9.457600250446001074e-09 -6.305301920822708930e-11 4.400810119177705018e-11 3.084607532947542431e-09 -2.624171627553298254e-09 -2.153345277615824639e-09
1.047211320931656031e+00 2.441201426622433962e-08 2.072820258689269250e-09 -4.610489895412194973e-10 -1.118444655721744896e-08 7.829798927983358048e-09 5.649858075931090188e-10 -7.523914632273709320e-11 -6.809539781798903894e-09 -4.507464990998815381e-10 3.823931959632155695e-11 -1.383896852927374793e-10 -7.383277919416311172e-09 -3.219597282627885503e-10 -2.875461447400854133e-09
1.051395396220772938e+00 2.928438011096436068e-09 1.647495219944695898e-09 -1.221844297979498565e-09 -9.747698857062689548e-09 -2.863444960822856565e-08 3.546140187240727140e-10 -4.050755728127200106e-10 -1.115357706600357762e-08 -1.553695253878387693e-08 3.789347103229541703e-11 -8.098908138549943588e-11 -1.380108728836931773e-09 -1.165479426313745841e-09 -9.170607260217807027e-10
1.055587561333155788e+00 -1.493774504707474867e-08 -1.263172454239698976e-09 1.125918350331197189e-09 -1.281604115702136493e-08 1.005446582340650793e-08 -5.741773890985316607e-11 6.153085952447406574e-11 9.041320893515442324e-10 4.373190525504507830e-09 -1.296759711397684680e-10 5.667694016377409313e-11 -1.295729101359095853e-11 8.018019594749921942e-11 -1.285227436256595262e-09
1.059780855230085139e+00 -2.513109458029487918e-08 3.737038098988303585e-10 3.091543961202935076e-11 7.866725001186552791e-09 -7.612173848546490403e-09 5.393985723442211139e-11 3.849725496079992643e-10 3.716139188342528019e-09 -5.567920322904916987e-10 -2.136492835433141271e-11 2.378303031200531892e-10 -3.715948287126306938e-09 4.600134314392058342e-10 -1.602733721834827150e-09
1.063968553353427993e+00 7.532818951451250049e-09 -2.285657631978001155e-09 1.169922646864688154e-09 -5.970576670029791455e-09 8.339555058026649820e-09 -1.215325161636604478e-10 4.593870759522941628e-10 -1.502829296631159525e-08 6.643457373991984596e-09 -1.274540968020497500e-10 2.351996282253743967e-10 -6.550111713605859586e-09 6.113416422049189364e-10 -1.173376423644353787e-09
1.068144877931138659e+00 1.482151097033765555e-08 8.937848164654087025e-10 -3.538460750096849544e-10 -1.209308495046242964e-08 2.573630269842752818e-08 1.807128488349418461e-10 1.885581582853273211e-10 -2.211660704944888191e-09 3.473809629963685765e-09 -2.650636462566470134e-10 8.940781774721600744e-11 -8.329940473978049402e-09 -2.080170573674857115e-09 -1.402702460603029891e-09
