# Columns: ('k', 'S1', 'S2', 'S3', 'S4', 'S5', 'S6', 'S7', 'S8', 'S9', 'S10', 'S11', 'S12', 'S13', 'S14')
5.345493089407682419e-03 6.893485599093966520e+00 7.979605577256943434e+02 -2.780735948350694287e+01 -3.809933980305989287e+00 -4.021710713704426787e+00 3.367552897135416288e+02 -1.446883646647135357e+01 -1.316600799560546875e+01 -6.821397993299695983e+00 2.321441786024305429e+02 -1.175598144531250000e+01 -8.817982143825954466e+00 -2.244484371609158035e+00 -2.187416076660156250e+00
9.344366739594166943e-03 -3.076095679498487812e+01 8.098329763104839003e+02 9.605615431262600978e+00 -7.351381363407258007e+00 -3.145955534904233630e+01 2.199895255796371032e+02 9.338024508568548043e+00 -9.167341662991431051e+00 -1.121665905367943594e+01 1.243566579511088719e+02 4.243627732799899022e+00 -1.846666151477444506e+00 -1.312395895681073510e+00 2.369019293016002836e-01
1.312833575873958818e-02 5.042739556760203357e+00 3.856857461734693402e+02 -2.466116021603953712e+01 1.163413285235969319e+01 1.285574527662627453e+01 9.239227917729590445e+01 -1.629565429687500000e+01 9.001767528300382182e+00 9.432782854352677049e+00 5.526665138711734215e+01 -1.009822674186862201e+01 5.258211096938775420e+00 2.340678312340561007e+00 1.740792410714285587e+00
1.700891779646987109e-02 2.972830171130952692e+01 3.757832217261905043e+02 -7.337577659970239097e+01 1.038053850446428683e+01 1.954249906994047947e+01 1.409868954613095298e+02 -3.595248790922619264e+01 -1.335500604538690617e+01 -8.634028552827381020e+00 7.665429687500000000e+01 -1.625436197916666714e+01 -2.530620814732143131e+01 -4.970729282924107650e+00 -7.957073102678571708e+00
2.135270783943789275e-02 -1.024204520089285708e+01 4.184281696428571422e+02 -8.216031808035714334e+01 2.070177036830357054e+01 7.803919503348214270e+00 1.555510825892857270e+02 -4.105163783482142748e+01 8.285129743303571104e+00 2.022591029575892652e+00 8.228178571428571786e+01 -1.956088588169642861e+01 -5.256634695870535445e+00 -7.362520054408482340e-01 -1.782778669084821521e+00
2.564347439342075027e-02 3.334076171875000227e+01 5.198425347222222399e+02 -1.180077430555555509e+02 4.578890624999999659e+01 5.935720486111111427e+01 2.018952430555555679e+02 -5.368871961805555770e+01 4.852295572916666799e+01 2.883072048611111171e+01 1.058612586805555509e+02 -2.267580729166666842e+01 1.735296766493055642e+01 3.839379611545139070e+00 2.012022433810763733e+00
2.962205054058980949e-02 -1.574953929609634606e+01 4.271410402823920549e+02 -9.711007578903654291e+01 -3.630697966414036415e+00 -4.137867265365448333e+01 1.478548198712624639e+02 -2.982241162271594703e+01 -2.825055803571428470e+01 -3.136493589078073185e+01 7.578175612541528494e+01 -9.954790185060216956e+00 -2.524820260589700993e+01 -7.466780653031561243e+00 -6.386261290490033105e+00
3.361537140302770649e-02 2.965173628198818889e+01 4.338204970472440891e+02 -1.596735359251968589e+02 1.601394100639763707e+01 -9.606646520259186417e+00 1.438182004593175805e+02 -4.965054441437008137e+01 -1.461283526082677220e+01 -2.365370222276902723e+01 6.456749302821522463e+01 -1.421516029978674567e+01 -1.873851193405511850e+01 -4.992024419188812345e+00 -3.619938407357283339e+00
3.793950633336700545e-02 4.278796450853765521e+01 3.317102123467600450e+02 -1.338590876751313488e+02 3.212567042469351719e+01 3.096127271234675860e+01 1.017761328809106800e+02 -3.778837497263572942e+01 2.262386951346322306e+01 1.100361892513134876e+01 4.035864984676007339e+01 -9.782472840958844174e+00 4.321826513928415103e+00 1.920566859470774990e+00 7.846226466725043647e-01
4.227894994616508695e-02 3.060425000000000040e+01 2.625702249999999935e+02 -1.010345687500000054e+02 2.302082500000000209e+01 3.863866250000000235e+01 8.602714375000000757e+01 -3.617503125000000352e+01 2.212133750000000276e+01 2.015924687500000090e+01 3.933205937500000005e+01 -1.537639843750000068e+01 9.792940624999999955e+00 3.412160546875000033e+00 1.704160546875000071e+00
4.633325468672155889e-02 6.171164480452674184e+01 2.727832861796982229e+02 -1.294602409122084907e+02 3.343520929783950635e+01 5.833526234567900559e+01 9.168229166666665719e+01 -4.221163944615911845e+01 2.829381537208504582e+01 2.187459544324416783e+01 3.849631076388888573e+01 -1.361690886488340091e+01 8.938209983710562412e+00 3.519998767575445608e+00 1.856169524016203498e+00
5.038752484052157893e-02 4.154690514746416596e+01 2.560563499173098307e+02 -1.350827332552370592e+02 2.351408317254685798e+01 2.063941910143329750e+01 8.477486735115766692e+01 -4.372561500826901693e+01 1.923821664829106881e+00 -5.145223564980705433e+00 3.132764479396361779e+01 -1.253854891641400293e+01 -1.379324330726295500e+01 -2.882754358461962596e+00 -4.064258781525634134e+00
5.464179025701254577e-02 4.837049471992654048e+01 1.951566087006427779e+02 -1.074145575068870500e+02 1.918289966425619752e+01 2.151169543445821830e+01 6.203274219467401451e+01 -3.383764491505968408e+01 4.984997345615243547e-01 -2.882767214043847392e+00 2.199305914256198236e+01 -9.216736792642333143e+00 -1.038207357667584851e+01 -1.849129612890266339e+00 -2.733493044794536253e+00
5.886817576171304162e-02 6.293484162329863807e+01 1.773299639711769373e+02 -9.789475330264210129e+01 2.361420542684147250e+01 4.023721164431545105e+01 5.918730609487589334e+01 -3.247924276921536801e+01 1.718480722077661937e+01 1.122790576210968716e+01 2.252011452912329759e+01 -1.028594750800640512e+01 3.386313738490792424e+00 1.747625053167533915e+00 6.875992004541132685e-01
6.290140616743733482e-02 7.632253527841342589e+01 1.788186618039664495e+02 -1.115763968344775066e+02 4.263317601067887352e+01 8.575796147978643091e+01 6.259988200800915337e+01 -3.893217844202898448e+01 5.322978642257818649e+01 3.765140517734553782e+01 2.281371567505721032e+01 -1.207755068292334144e+01 2.474335848112128389e+01 6.763399986889779392e+00 4.855611770594966181e+00
6.703999982739437813e-02 7.732188529808269095e+01 1.649953003295386509e+02 -1.036540874026363070e+02 3.733748221240263376e+01 6.984462065608148862e+01 5.558327404134212202e+01 -3.562945860170761136e+01 3.869433418214499909e+01 2.567668233223487206e+01 1.929553975996105564e+01 -1.056834182144996959e+01 1.387030149977531401e+01 3.766943856725584183e+00 2.284557820223561908e+00
7.134254604642074893e-02 7.668059007254164783e+01 1.396194334363245559e+02 -8.832603439011285218e+01 3.684657106394411841e+01 7.027072978237507073e+01 4.673015180010747116e+01 -2.951120239454594341e+01 4.342587990327781000e+01 2.755688515918861015e+01 1.678992309242342884e+01 -9.145480000671682319e+00 1.877966315153143739e+01 4.627995281434713171e+00 3.541063639760209991e+00
7.561818311969153994e-02 7.487709832134292753e+01 1.324358812949640196e+02 -8.478314598321342999e+01 3.152251573741007107e+01 6.716355665467625613e+01 4.594975269784172411e+01 -2.949231302458033710e+01 3.288655200839328785e+01 2.348678432254196835e+01 1.588777353117506053e+01 -8.811691584232614005e+00 1.126803151229016819e+01 3.305340180980215870e+00 1.716200633243405216e+00
7.973924982214039558e-02 8.557517783386875010e+01 1.178823141349242860e+02 -7.781342502294630492e+01 3.306445760670032286e+01 7.428431189765947806e+01 3.910052274552547402e+01 -2.589925675481872602e+01 3.762413234281780916e+01 2.747466584442404880e+01 1.262334177088113840e+01 -6.999711378499311465e+00 1.510096374483708104e+01 4.207967925367141149e+00 2.618219187413951321e+00
8.385356877962653332e-02 8.078313095947557088e+01 1.046960667461263341e+02 -7.087941994437822757e+01 3.042340521950735166e+01 6.978038090981327457e+01 3.502643896503774101e+01 -2.426479005264203437e+01 3.668118047278505856e+01 2.619131158124751835e+01 1.129527183899483589e+01 -6.911846320023838253e+00 1.564605836561382546e+01 3.954876371920937661e+00 2.720657730557210829e+00
8.809929214337092196e-02 8.391172996149806806e+01 9.505948109905494903e+01 -6.394803333916695465e+01 3.468893835316765717e+01 8.003564162583128905e+01 3.275570419145957146e+01 -2.181645410395519846e+01 4.559297339866993326e+01 3.414962154357717594e+01 1.137264490177633824e+01 -6.391363318165907970e+00 2.270646930784038986e+01 6.204579076610080790e+00 4.693087974711235510e+00
9.230415729057904473e-02 6.795547580240722141e+01 7.688250689568705809e+01 -5.179255997158141156e+01 3.266511774908057220e+01 7.080665956201939082e+01 2.683250010448010414e+01 -1.795206713891674966e+01 4.504086216984286040e+01 3.239805614760949481e+01 9.338257611375793132e+00 -5.250370251379137265e+00 2.301955867602808326e+01 5.953696375585088241e+00 4.725954556377465643e+00
9.643309047658384092e-02 6.139319524386549176e+01 6.617962359890941570e+01 -4.690527018327779274e+01 2.707958762496213367e+01 6.128446398818540075e+01 2.298507317858224752e+01 -1.615422883217206973e+01 3.675569903059678722e+01 2.662354684186610143e+01 7.680625899348681784e+00 -4.702726505699030390e+00 1.853742947212965930e+01 4.734607528968494350e+00 3.738043100102241834e+00
1.005689403076158450e-01 6.692411903927069261e+01 6.302246669004208002e+01 -4.289360098176718594e+01 2.638139244389902061e+01 6.186260957223001355e+01 2.128163788569425208e+01 -1.455802068723702725e+01 3.444294354838709893e+01 2.536122677068723874e+01 6.973507626227209322e+00 -4.149757845371668807e+00 1.642518627279102361e+01 4.231291637447405662e+00 3.096922663920056440e+00
1.047818677762802908e-01 6.307020164301717813e+01 5.545123459671396660e+01 -3.695259988797609907e+01 2.640735856982822938e+01 6.219104742345033543e+01 1.918636420214090066e+01 -1.285285194174757351e+01 3.821370892457057522e+01 2.871382561613144091e+01 6.719407362459547173e+00 -3.800403947286532080e+00 2.077966104991287111e+01 5.466213903410505281e+00 4.431555051188698080e+00
1.090277847809041356e-01 5.693483470834301841e+01 4.803763362770160228e+01 -3.116487407041599056e+01 2.117212736753428004e+01 5.405602922379735276e+01 1.612737479665349838e+01 -1.041138631478038512e+01 3.046962874738554561e+01 2.442527923832210135e+01 5.586481270334649807e+00 -2.952797739222635443e+00 1.659453796769695444e+01 4.625781613118753910e+00 3.601878413316291105e+00
1.132170039508717807e-01 4.702719294617251222e+01 4.060297402382528276e+01 -2.669490231358923182e+01 1.836253584822413387e+01 4.406007335098168909e+01 1.330245129467240162e+01 -8.738314857710125949e+00 2.572696751599382381e+01 1.961619305647473865e+01 4.517497983537392514e+00 -2.503445436590006512e+00 1.385851326384292825e+01 3.714178489686741358e+00 2.983347164198654422e+00
1.174008294871188018e-01 4.353209069463963488e+01 3.528603694037342109e+01 -2.288119228066653221e+01 1.695704928729171002e+01 4.165326051495683402e+01 1.191650380822124156e+01 -7.800816540353342710e+00 2.471381719283276368e+01 1.899606630194740120e+01 4.116629520302148570e+00 -2.283144111686910449e+00 1.346411990564143757e+01 3.571611969233085659e+00 2.838424489623067704e+00
1.215998224695146873e-01 4.006470971563980754e+01 3.154789691943127750e+01 -2.030458086492890857e+01 1.579386848341232152e+01 3.880629146919431349e+01 1.077090639810426431e+01 -6.966672837677724495e+00 2.295513921800947799e+01 1.766464751184834014e+01 3.695281768364928610e+00 -1.974621778732227328e+00 1.254863744075829324e+01 3.349847452606634857e+00 2.696371075236966952e+00
1.257670529567683493e-01 3.441880177712453559e+01 2.643577409584892379e+01 -1.700811174951006777e+01 1.313482095136290795e+01 3.268089424104756802e+01 8.825961356449314010e+00 -5.679574063557812025e+00 1.876099567967218817e+01 1.446876391858186395e+01 2.988872093800106988e+00 -1.604098465615535485e+00 9.982127149029039970e+00 2.649996033204168988e+00 2.074358631747728499e+00
1.299386816717305049e-01 3.244909846863164660e+01 2.385704655853779244e+01 -1.482784970360612675e+01 1.254633341223448006e+01 3.158161380289807596e+01 8.067475917997695589e+00 -5.031697356640046692e+00 1.932326357442779496e+01 1.518518442285526149e+01 2.955500396220978043e+00 -1.521000998271035742e+00 1.116673827803392172e+01 3.002069868681047193e+00 2.454709883912399082e+00
1.340949335765710126e-01 2.880497877994605815e+01 2.057916617087101585e+01 -1.246353175075361008e+01 1.098913339877836037e+01 2.812857716563541288e+01 7.008121132793908359e+00 -4.267345101043154010e+00 1.633662541646835109e+01 1.299590224892908275e+01 2.535232478581627813e+00 -1.295165279678327952e+00 9.121238770228464077e+00 2.457827931639695596e+00 1.946985810328415223e+00
1.382635144665005922e-01 2.397180209389943428e+01 1.697049567091725919e+01 -1.016688704535574672e+01 9.237828417077235343e+00 2.373819238153890865e+01 5.835788631176641594e+00 -3.475718815660774119e+00 1.394566457759744971e+01 1.121150920156499176e+01 2.138311589805825363e+00 -1.033436333955223940e+00 7.942405878677003983e+00 2.181294773855238400e+00 1.738946772886176051e+00
1.424925284902303357e-01 2.067105318896570409e+01 1.419181450793005261e+01 -8.440341390470379679e+00 7.697524823776602076e+00 1.977837154331028557e+01 4.739724184966788378e+00 -2.832341811966246237e+00 1.156874618747458250e+01 9.192932848718990968e+00 1.726604067117391672e+00 -8.560256699454384943e-01 6.535503083909447675e+00 1.765165378880303448e+00 1.409922203300799648e+00
1.466886314558672189e-01 1.855565519283927856e+01 1.243940659141766325e+01 -7.153719190140844120e+00 7.001919445998419533e+00 1.828931650651572838e+01 4.224737406624324620e+00 -2.406699396143214376e+00 1.073931527247597728e+01 8.746073696854020696e+00 1.577010507848492615e+00 -7.164814235882585036e-01 6.232635003948926666e+00 1.729311580640384260e+00 1.378925146233710652e+00
1.508619291163366127e-01 1.535954213261213042e+01 1.011500907833961449e+01 -5.799587581287225291e+00 5.782093259997568957e+00 1.492694595539078684e+01 3.412290514464567881e+00 -1.970518543173392478e+00 8.916424197763461734e+00 7.144810437431627470e+00 1.282822328537133849e+00 -6.125866644319010179e-01 5.162057858271545285e+00 1.401054051256533484e+00 1.127158954509541733e+00
1.550655720814744509e-01 1.409466542060160776e+01 9.164465102891453441e+00 -5.162779544858342007e+00 5.491490687303252294e+00 1.429236803369476405e+01 3.173519341334382293e+00 -1.766188826221289476e+00 8.657623586335548183e+00 7.032376741576308099e+00 1.247870622376705096e+00 -5.700677616190100716e-01 5.120465707706657099e+00 1.403715856177859322e+00 1.131064547627375516e+00
1.592593054631499527e-01 1.197341286406438243e+01 7.637745675024635972e+00 -4.268710907560494761e+00 4.387173402770174313e+00 1.145160065148363060e+01 2.526300999808387182e+00 -1.428001157375725416e+00 6.650272363954888633e+00 5.367350884156356194e+00 9.295611125177926093e-01 -4.332485635453164341e-01 3.765037330285776918e+00 1.022777975473557532e+00 8.037926295781779862e-01
1.634144798183441161e-01 9.969151666666666856e+00 6.182539166666666475e+00 -3.280549999999999855e+00 3.546819583333333359e+00 9.429581666666667417e+00 2.014336458333333191e+00 -1.079877083333333321e+00 5.383426250000000302e+00 4.428266250000000070e+00 7.500123437500000323e-01 -3.292727604166666433e-01 3.088086249999999922e+00 8.536461979166666270e-01 6.676230729166666711e-01
1.675823816150099899e-01 8.888671295838687314e+00 5.490452332707324246e+00 -2.888694848398734916e+00 3.247887991746565284e+00 8.628140598744687750e+00 1.831610585833250981e+00 -9.647603507709795467e-01 5.056560507685084360e+00 4.167604650588119242e+00 7.125231954105712973e-01 -3.075493290995354179e-01 2.967734923272709047e+00 8.209951381338340681e-01 6.514770350956310407e-01
1.718045808093531246e-01 7.166685606060606339e+00 4.394316360722610781e+00 -2.263569165209790235e+00 2.644422712703962564e+00 7.064554924242424150e+00 1.481974613927738993e+00 -7.554214470425407724e-01 4.198247377622377208e+00 3.490637019230769411e+00 5.930137310606060641e-01 -2.443355277534965120e-01 2.509936625874126026e+00 7.019170673076923217e-01 5.577678831585081154e-01
1.760135070798979073e-01 6.115063091931518535e+00 3.679045766551316099e+00 -1.861860294201347799e+00 2.168696569643019600e+00 5.828811555186231175e+00 1.206358746072762056e+00 -6.144807650714870784e-01 3.378631627925507530e+00 2.809258072181495258e+00 4.705027611613241123e-01 -1.967447946310673101e-01 2.003689611601857656e+00 5.591846143338493613e-01 4.459711305322830444e-01
1.801930856696074279e-01 4.977981683147216785e+00 2.982609845175177021e+00 -1.490689898825760862e+00 1.820170648282328996e+00 4.883204423642485636e+00 1.004510451741113419e+00 -5.025042572164564181e-01 2.895688040768050531e+00 2.411983673067087164e+00 4.027034989424388423e-01 -1.627186235488502775e-01 1.745382160514875158e+00 4.892531923296181140e-01 3.929941900733100457e-01
1.843742315857553882e-01 4.252786789784543942e+00 2.536316166760252955e+00 -1.244478087825472201e+00 1.540332575544879790e+00 4.163137686132601267e+00 8.508424059978371146e-01 -4.141216412944014880e-01 2.459152375270360125e+00 2.062851273292571452e+00 3.468110087945054376e-01 -1.372550226231698811e-01 1.486601247296398087e+00 4.179088775632227026e-01 3.342508967055049518e-01
1.885797910080431738e-01 3.497397238495336236e+00 2.063751848791721244e+00 -9.909766016437986380e-01 1.258631809816542102e+00 3.398510066580590294e+00 6.887425145012718852e-01 -3.325024058380867675e-01 2.013170232164880780e+00 1.686734889289293049e+00 2.830883282827796332e-01 -1.124603593762044246e-01 1.219815840471556223e+00 3.425144862165651616e-01 2.742150689773953376e-01
1.927656394953895236e-01 2.772837159717436606e+00 1.625794172122674075e+00 -7.637746986034535945e-01 1.012169154773527868e+00 2.738199290240447503e+00 5.472477075197182961e-01 -2.541203661327915975e-01 1.618973564687189004e+00 1.368536695238915746e+00 2.268607258404165827e-01 -8.501875240794184996e-02 9.817065218431734186e-01 2.782843242387912919e-01 2.207817944042423097e-01
1.969014248243030341e-01 2.380969152184977844e+00 1.382797730495164634e+00 -6.335768928824619950e-01 8.503257669917472228e-01 2.304381600832545729e+00 4.585851723260379598e-01 -2.108312376731440452e-01 1.360254495610048631e+00 1.148356835781284113e+00 1.908585179426761369e-01 -7.176218370537336411e-02 8.273555656038682482e-01 2.344566228163855182e-01 1.868120464057841934e-01
2.010715633173454087e-01 1.928271675884194680e+00 1.110413853385398886e+00 -4.959574760889011724e-01 6.770646975848070293e-01 1.846309637979082208e+00 3.644858428339812773e-01 -1.643345774487373623e-01 1.076352229623959378e+00 9.127697793384023095e-01 1.509325624225899831e-01 -5.646583506206779429e-02 6.504562084996216020e-01 1.844057825831727782e-01 1.456835977817725336e-01
2.052920281681521186e-01 1.556448968596059190e+00 8.961928494458127892e-01 -3.980257401990968669e-01 5.502574661330049688e-01 1.502401221264367814e+00 2.957387879720853596e-01 -1.314270721084770110e-01 8.852772218801313597e-01 7.536119021962233155e-01 1.249942352345032870e-01 -4.578533504592569719e-02 5.407621998152709608e-01 1.540914601293103536e-01 1.219530448224548369e-01
2.095172134954577381e-01 1.261876393067544511e+00 7.206619605924327043e-01 -3.123311274789710712e-01 4.476881601072710826e-01 1.224891311196521837e+00 2.392062493108499666e-01 -1.039628033736847007e-01 7.188183612209375628e-01 6.134413543176233663e-01 1.014963539041333213e-01 -3.663411914690118537e-02 4.404782971890555121e-01 1.257600186415080978e-01 1.000842578198837401e-01
2.136973926115405542e-01 1.004370033914728788e+00 5.700499031007751904e-01 -2.413403282461240307e-01 3.588542272286821544e-01 9.852572068798449711e-01 1.903233406007751871e-01 -8.005022105135659038e-02 5.901861070736433845e-01 5.081157945736434201e-01 8.352625363372093159e-02 -2.858166598534399305e-02 3.712381298449612399e-01 1.071137808866279018e-01 8.621445009689922279e-02
2.178750580088065492e-01 8.266904653284672388e-01 4.673536154197080461e-01 -1.925063868613138829e-01 2.906172445255474357e-01 7.985846259124087521e-01 1.544449560903284613e-01 -6.402634580291971522e-02 4.691271099452554716e-01 4.028777372262773993e-01 6.658724908759124095e-02 -2.288936152771441773e-02 2.888057709854014443e-01 8.296910640967153361e-02 6.562416600136861122e-02
2.220823861956562617e-01 6.626036884942461125e-01 3.720753255979579177e-01 -1.510157886142959871e-01 2.379342995501212976e-01 6.571361063808033309e-01 1.253810505337902559e-01 -5.034727960658529761e-02 3.893658585332402389e-01 3.371976055240593628e-01 5.529960752400998880e-02 -1.832422099487628422e-02 2.426010530370339147e-01 7.020587526266429401e-02 5.566987438829187201e-02
2.262696194198526023e-01 5.295128048320250080e-01 2.962716508789866587e-01 -1.173377744045740190e-01 1.861356965677663788e-01 5.146437736729428947e-01 9.813485514903660945e-02 -3.877669317292913032e-02 3.061608404923972238e-01 2.657289979826535919e-01 4.373026718689959624e-02 -1.420819835931924797e-02 1.932274342604092254e-01 5.614295243732674023e-02 4.492759086850538208e-02
2.304259489101245229e-01 4.228759234349291352e-01 2.359671166770606621e-01 -9.218617699390624365e-02 1.481279347151823189e-01 4.102025616922536089e-01 7.795383203726248544e-02 -3.059386154198290991e-02 2.413416831560824816e-01 2.093230438272915550e-01 3.422027178095642802e-02 -1.121807285671457856e-02 1.502200725396077852e-01 4.353319156651385552e-02 3.447197984531739229e-02
2.345870463846415066e-01 3.404631541631674141e-01 1.892061760184443053e-01 -7.212185205597547444e-02 1.205363160764048036e-01 3.343144935852165878e-01 6.316395886418728345e-02 -2.395783192985093124e-02 1.989880671190258077e-01 1.736488375292665476e-01 2.846909637225944131e-02 -8.927510750289484667e-03 1.255228513736193763e-01 3.664095106759301945e-02 2.908189903356746611e-02
2.388019837064606632e-01 2.643789905494134396e-01 1.468574989137256814e-01 -5.483174134111126058e-02 9.285719471919809398e-02 2.576676162766137201e-01 4.867345231368887248e-02 -1.814406525764691858e-02 1.520547840577173848e-01 1.328502885793342303e-01 2.188320009814186812e-02 -6.827301436456347655e-03 9.535770013849997895e-02 2.785191268674111834e-02 2.202172335299313818e-02
2.430077036534963875e-01 2.074674599884704929e-01 1.148185245729924364e-01 -4.211302451523350060e-02 7.249843670140374008e-02 2.014899670309751312e-01 3.793530982655975159e-02 -1.395896193769537684e-02 1.193316148656278219e-01 1.044993957597881856e-01 1.718704208397963881e-02 -5.281697109434430396e-03 7.506259230286929651e-02 2.197180309847917429e-02 1.732592296369098520e-02
2.471758823520590620e-01 1.620020406990112793e-01 8.902536525099161158e-02 -3.157728541223557561e-02 5.817027913205621847e-02 1.617202769314785016e-01 3.014359780085939383e-02 -1.066233726390944728e-02 9.701572469964360457e-02 8.541195488546217407e-02 1.401849405933835481e-02 -4.144385349451742279e-03 6.186404426664175726e-02 1.821225346793084801e-02 1.445490875910769753e-02
2.513692271335918882e-01 1.271693269030896023e-01 7.002259970159949165e-02 -2.479672416295375728e-02 4.529514273513741279e-02 1.261313526350050507e-01 2.362503666756925538e-02 -8.403182942665596983e-03 7.436141376813378001e-02 6.531822108099755164e-02 1.073822639822245330e-02 -3.242787154183795519e-03 4.671844700108857690e-02 1.370200127575789927e-02 1.077063237753202868e-02
2.555723892733414715e-01 9.902359246338508780e-02 5.434572720714768435e-02 -1.898404994335878976e-02 3.438875457100104560e-02 9.609436566534074187e-02 1.794263709903852477e-02 -6.301845199284589194e-03 5.694026974015740233e-02 5.019719509571879401e-02 8.247687967235546938e-03 -2.442825002613436842e-03 3.615419325894197317e-02 1.064752895386145322e-02 8.415087687497319405e-03
2.597674079539822323e-01 7.858745123824761869e-02 4.304789432255839293e-02 -1.456411033052439075e-02 2.740069720617122062e-02 7.668688631472175832e-02 1.426513309842520651e-02 -4.854223876178777493e-03 4.561662538423713609e-02 4.035964980276470632e-02 6.644731554525631217e-03 -1.914462005355023521e-03 2.917569468401161673e-02 8.624054884043410446e-03 6.835924929427802249e-03
2.639178238801485610e-01 6.052819601909402436e-02 3.306077208186259525e-02 -1.093110298607913831e-02 2.134820178215162539e-02 5.975556362863208154e-02 1.108054232690044993e-02 -3.672615989527381209e-03 3.575776414147226884e-02 3.174228781397073901e-02 5.235681754327488335e-03 -1.469266987881192969e-03 2.299192712329905727e-02 6.821599796014937364e-03 5.409340324737504577e-03
2.680749044740857179e-01 4.620245068429462004e-02 2.520818488714502911e-02 -8.263596497990880960e-03 1.620633399490703855e-02 4.545630969165825874e-02 8.408266416683537678e-03 -2.754590868066584229e-03 2.691797431909987229e-02 2.392908435132943060e-02 3.930357608098880053e-03 -1.091718793946638453e-03 1.712973195429792067e-02 5.082880992351466315e-03 3.993329340692829306e-03
2.723023151079725368e-01 3.538448921213487031e-02 1.924609203483199429e-02 -6.154874751210366764e-03 1.252366480489693068e-02 3.512992894149218753e-02 6.475658561324297395e-03 -2.071805739936116199e-03 2.092033974408971306e-02 1.863386958512432828e-02 3.071560386281111353e-03 -8.432165094038148508e-04 1.342605193059310913e-02 3.992279780552378428e-03 3.149770636901460478e-03
2.765128983200950685e-01 2.738849308246952760e-02 1.487222707960309323e-02 -4.665295672213885976e-03 9.543768264023777884e-03 2.685407530459457681e-02 4.944575843848960858e-03 -1.557229180379367944e-03 1.598016675891574673e-02 1.427503121497507473e-02 2.350286719821604274e-03 -6.305396646841744017e-04 1.027616991159047317e-02 3.064222968273890881e-03 2.412866465353661043e-03
2.807027537381580062e-01 2.091393920705390125e-02 1.133768406427088787e-02 -3.481940908101882528e-03 7.289364576297827601e-03 2.052477493245914719e-02 3.769633565127503919e-03 -1.160569392907935754e-03 1.211096549616444765e-02 1.084177422410384853e-02 1.786618122964851209e-03 -4.722381388024608317e-04 7.742239322504832454e-03 2.312324026560578106e-03 1.810041476879612485e-03
2.848857026249724811e-01 1.606341955586368386e-02 8.695270401223425746e-03 -2.622609480094040182e-03 5.623972568144973427e-03 1.585635320656085881e-02 2.907495600524947002e-03 -8.808551553536596735e-04 9.489345407855937983e-03 8.511609604079864097e-03 1.405491833397982167e-03 -3.670984143889948533e-04 6.178615561175672052e-03 1.850184051756827066e-03 1.468599516623478275e-03
2.890807262117984777e-01 1.207125707204829458e-02 6.521071257619718772e-03 -1.928696113123069432e-03 4.171777997734057476e-03 1.178747772427207220e-02 2.157282594114426875e-03 -6.395285915991011892e-04 7.034364679616108597e-03 6.326169209129024404e-03 1.043955904504732237e-03 -2.657368666611394786e-04 4.585139011237958709e-03 1.377226648597162147e-03 1.092609434084076871e-03
2.932785946948970324e-01 9.152710611117579817e-03 4.939715223359434151e-03 -1.431626977201607255e-03 3.166480441929074661e-03 8.960143626135510034e-03 1.637445744067996412e-03 -4.754933259792781396e-04 5.350770636508267453e-03 4.822856323573261432e-03 7.973304391783740718e-04 -1.993016339990666874e-04 3.498258759912095239e-03 1.052991941045850919e-03 8.353184816966091825e-04
2.974321087309398370e-01 6.800662067078622024e-03 3.663511369219599276e-03 -1.040859871709310519e-03 2.359942801562250458e-03 6.686184812853354469e-03 1.218486491418673727e-03 -3.457765486249150875e-04 3.989867286139523773e-03 3.605393599793231714e-03 5.957953556860066729e-04 -1.455673265327598806e-04 2.611198016814917418e-03 7.879685494433733960e-04 6.240766688964609994e-04
3.016123743882810904e-01 5.139959194009822464e-03 2.765632187161256184e-03 -7.726796700242410249e-04 1.769491172754545250e-03 5.025209293107219151e-03 9.149926013096307742e-04 -2.554157163642338762e-04 2.972517038215046620e-03 2.691747890874600629e-03 4.444716601688785958e-04 -1.067905579820427174e-04 1.935990840065122129e-03 5.852962037154244273e-04 4.610711647171816981e-04
3.058101292111336522e-01 3.865370284072697140e-03 2.077286457166679316e-03 -5.737790119539650088e-04 1.338001261860622933e-03 3.794129499808336897e-03 6.900617229206655557e-04 -1.913033982428420860e-04 2.257678174330420701e-03 2.044148026540076966e-03 3.380662331007503840e-04 -8.117432922220500487e-05 1.473746502674380589e-03 4.455503882420240483e-04 3.515295642998881773e-04
3.100168993294901143e-01 2.883797728514896422e-03 1.546162622225137964e-03 -4.154588335429056567e-04 1.007435287532069219e-03 2.862842453306362923e-03 5.182765772525417970e-04 -1.386232213818834374e-04 1.719855753201255440e-03 1.564790372742604725e-03 2.585307656033945171e-04 -5.953016847328440993e-05 1.132701280596006563e-03 3.441101256366193369e-04 2.716166473207400024e-04
3.142092030053749707e-01 2.185059639678476467e-03 1.171522042719512317e-03 -3.106655983413749897e-04 7.494447967596410548e-04 2.134678136569363553e-03 3.869691585692975862e-04 -1.024543392972488852e-04 1.262251762124514580e-03 1.149499364940120448e-03 1.900331923571663432e-04 -4.336748359319984083e-05 8.233325618216247831e-04 2.503244592159296162e-04 1.960524562643613071e-04
3.183867557675504334e-01 1.628794872124627105e-03 8.714708048172591179e-04 -2.254157503814105954e-04 5.694625238233943457e-04 1.621306852017099761e-03 2.928850947262000813e-04 -7.569206834963569078e-05 9.719870237509300450e-04 8.868984985603268166e-04 1.467682434112236060e-04 -3.301998342728459707e-05 6.421716101859875408e-04 1.956138278379218284e-04 1.544847515409191309e-04
3.225872781332082551e-01 1.168949634906940463e-03 6.249545556555887544e-04 -1.601784303436258844e-04 4.041017128268766532e-04 1.151104123613701105e-03 2.078455450251238956e-04 -5.340874075746364325e-05 6.852455123883034608e-04 6.251414457765986418e-04 1.033881751037442825e-04 -2.320810402526570521e-05 4.490039740396809540e-04 1.366435152684523490e-04 1.070614444160792515e-04
3.267666109043823597e-01 8.748358961790332405e-04 4.665452538968354267e-04 -1.157261024850512034e-04 3.089673551691085314e-04 8.816354698740747325e-04 1.584721525926817594e-04 -3.880581800736330783e-05 5.323633660618003367e-04 4.882778243190345952e-04 8.089205299390136517e-05 -1.719758280174771671e-05 3.548067951885010285e-04 1.086854716808997900e-04 8.590266556008197376e-05
3.309328770241455886e-01 6.360409286504085675e-04 3.391779002331973087e-04 -8.381819937361722789e-05 2.161820693070685051e-04 6.172004767261699736e-04 1.112416593073740098e-04 -2.768955073993847196e-05 3.643020800813645500e-04 3.332362529917490160e-04 5.520374771465087597e-05 -1.211083976577984236e-05 2.382714968190761094e-04 7.270362518372066837e-05 5.684804440627596727e-05
3.351106074107195187e-01 4.683563087517717753e-04 2.496226018895867987e-04 -6.055231319581451041e-05 1.618908090053998178e-04 4.623730063781013614e-04 8.316494652022276028e-05 -2.022619532239924153e-05 2.773445545993982590e-04 2.544539877135917677e-04 4.220621356156175437e-05 -8.995996539806940521e-06 1.840476794316144938e-04 5.636671610389756344e-05 4.444855474672004228e-05
3.393095620710060434e-01 3.486516180871452740e-04 1.853756414729914443e-04 -4.381165089331062203e-05 1.201521759036871758e-04 3.438786378320777800e-04 6.167828396141487597e-05 -1.456428381821932309e-05 2.048792706178351490e-04 1.884642319838270897e-04 3.119348817608457613e-05 -6.449537691314391812e-06 1.356469588329823402e-04 4.164404407409780874e-05 3.271595815465463817e-05
3.435164896197421824e-01 2.465364239323027270e-04 1.311058207715937152e-04 -3.088240929515875311e-05 8.552099719960039521e-05 2.448340793454897401e-04 4.389056650743458561e-05 -1.026787333898134531e-05 1.477598425904574680e-04 1.360995954285972823e-04 2.257329118391754953e-05 -4.607099151187802767e-06 9.888994182090785122e-05 3.041014248814597214e-05 2.404079631446504845e-05
3.477107812306902690e-01 1.785600281537475876e-04 9.493069363012832443e-05 -2.197703955295971642e-05 6.180352490072735282e-05 1.767984094545481041e-04 3.172280048862879135e-05 -7.396369199360741805e-06 1.052382792725246863e-04 9.682156844435847883e-05 1.608006952485127445e-05 -3.332732011553810100e-06 6.959026919281116553e-05 2.136072452322929310e-05 1.675933905945677704e-05
3.518857617074659383e-01 1.326792710898729564e-04 7.037013606162517481e-05 -1.576312169847547310e-05 4.631833973667150671e-05 1.329552321955904766e-04 2.375256794214838089e-05 -5.275420221517492139e-06 7.984147872680689084e-05 7.384215700382094352e-05 1.225487024331186390e-05 -2.392880924765110714e-06 5.335241551433532117e-05 1.646851028159139108e-05 1.296081744667177890e-05
3.560773577310688554e-01 9.484025304720507710e-05 5.027427336618985320e-05 -1.115214637406791362e-05 3.257637300636981125e-05 9.357254902460994568e-05 1.671152416583388222e-05 -3.690391452721545625e-06 5.576725635788189309e-05 5.161945339933747849e-05 8.557028198375540940e-06 -1.659497546072401355e-06 3.722227696195788834e-05 1.149922306546119088e-05 9.053531282003150524e-06
3.602869550449780967e-01 6.710265284793453502e-05 3.554633941139241215e-05 -7.744977804381087660e-06 2.303581993048799584e-05 6.615892095847788102e-05 1.180730012143622486e-05 -2.571512160464730903e-06 3.943820823861605897e-05 3.651475073911399869e-05 6.058277326395170725e-06 -1.165328945773946449e-06 2.627019841859035956e-05 8.115104102379814104e-06 6.374866445498334771e-06
3.644651285618699665e-01 4.883036993710672337e-05 2.585386260377126744e-05 -5.608953658736866390e-06 1.685951426273534103e-05 4.844051904471818637e-05 8.641190915374313738e-06 -1.878812494320147664e-06 2.896740817153566950e-05 2.683888427712410245e-05 4.457692828039409409e-06 -8.606884239988724009e-07 1.933148754206036828e-05 5.974600692059714883e-06 4.692106556434626158e-06
3.686396944457170921e-01 3.458383378100772114e-05 1.829174353789765544e-05 -3.852321648305068356e-06 1.160898527640330934e-05 3.336848334600225679e-05 5.954153152404016070e-06 -1.270365046026391206e-06 1.967760759555168949e-05 1.823294282113946965e-05 3.028598435554447480e-06 -5.782385536853617939e-07 1.302732263375218900e-05 4.023504700342957922e-06 3.142552474617779206e-06
3.728293470315630076e-01 2.513990824099875761e-05 1.325760123028728005e-05 -2.723581000022034889e-06 8.553224074372987984e-06 2.471219454166558992e-05 4.388201092033068924e-06 -8.988185666224246752e-07 1.461380330905690515e-05 1.361899347694650428e-05 2.257561495914204748e-06 -4.121941227601516769e-07 9.723754904432562650e-06 3.019350440084354373e-06 2.353960753372074543e-06
3.770363921861874523e-01 1.751783705440944743e-05 9.240842909013008956e-06 -1.884780904797971439e-06 6.029587622122965505e-06 1.735363407248420649e-05 3.087616754630955571e-06 -6.304121508980856963e-07 1.039237513134546780e-05 9.670100931141015796e-06 1.608931637144958099e-06 -2.935518587712761153e-07 6.969173303855675594e-06 2.164016086951323946e-06 1.701337864250453078e-06
3.812363453093803867e-01 1.248484277261111228e-05 6.593248455168551876e-06 -1.316426478565411352e-06 4.312521841319940154e-06 1.241239702309833444e-05 2.203289973341776616e-06 -4.387495920264538286e-07 7.448309451453636108e-06 6.949437472176273795e-06 1.154566725589090265e-06 -2.043284572732004104e-07 5.014334798399120889e-06 1.559462737540834870e-06 1.225461473443828177e-06
3.854150971210312249e-01 8.914797566077968145e-06 4.689977176345504096e-06 -9.138006160341435288e-07 3.010877520795973406e-06 8.698100330593187257e-06 1.543992533942134922e-06 -3.026495533969845893e-07 5.182510254231667817e-06 4.827817611395892404e-06 8.018859539423330208e-07 -1.410266151078125398e-07 3.479534495536656547e-06 1.082182504471958973e-06 8.489383327871963839e-07
3.896036578152083374e-01 6.110653949214822299e-06 3.218305971290667317e-06 -6.181170407402537917e-07 2.125407535699948988e-06 6.117858387328185711e-06 1.082359199256131452e-06 -2.082472832279831722e-07 3.674617344855190045e-06 3.435939307140169946e-06 5.700296814484335729e-07 -9.834203026413009639e-08 2.471203542459866135e-06 7.717176381446888835e-07 6.051925697978222221e-07
3.937795161075864914e-01 4.320645559286899764e-06 2.279296559629276281e-06 -4.364004350540995773e-07 1.489857193440209121e-06 4.308390448987995521e-06 7.615735380213278453e-07 -1.461236086097658628e-07 2.566613922414047086e-06 2.394079345974053175e-06 3.983521489801795121e-07 -6.824258469378778359e-08 1.719299493694620549e-06 5.350359454526271032e-07 4.201533030523091856e-07
3.979440095093054186e-01 3.011109144993609444e-06 1.591907333600483235e-06 -2.976547809189786521e-07 1.036238174501646277e-06 3.002081844779968496e-06 5.286483837051508751e-07 -9.807134658568915318e-08 1.784642302529984873e-06 1.676113580324819620e-06 2.778239497926419049e-07 -4.659833722546859300e-08 1.196718912591104175e-06 3.764444949507588528e-07 2.943899696941073139e-07
4.021139069446590386e-01 2.109387497174049538e-06 1.111710202201219914e-06 -2.107312566088749550e-07 7.180751156936554999e-07 2.064518145114293922e-06 3.678015210566997069e-07 -6.902868255866141428e-08 1.230758637902199485e-06 1.156631243507674290e-06 1.940792025457394288e-07 -3.321923312953450468e-08 8.272461478071799399e-07 2.607631525453104536e-07 2.018220781179321696e-07
4.063125452039867413e-01 1.465405229909236501e-06 7.723778380358055425e-07 -1.410217760764839635e-07 5.071879576478812387e-07 1.447901139508986695e-06 2.555902144905010134e-07 -4.709426452216499734e-08 8.784761859715277789e-07 8.177833697410554141e-07 1.368540279622321357e-07 -2.266678047553965544e-08 5.868289216246502948e-07 1.839439168381967349e-07 1.433465302411072754e-07
4.105412315868290918e-01 1.002805820070760810e-06 5.157793541391586883e-07 -9.413668586550075365e-08 3.500070733161126087e-07 9.768562967321968632e-07 1.743700746468475060e-07 -3.260138467402370024e-08 6.009179156133301157e-07 5.536320295319669888e-07 9.312413966841517419e-08 -1.535938243998219997e-08 4.064274109301382568e-07 1.258964549096584443e-07 1.005311004538343313e-07
4.147348487769681458e-01 6.930087149528899667e-07 3.621271430093754768e-07 -6.311582394529496372e-08 2.349400751732698195e-07 6.924489297467667615e-07 1.226711717091494155e-07 -2.264025612648899019e-08 4.081555776977257809e-07 3.894323705699307589e-07 6.496321658008621272e-08 -1.082991838982459039e-08 2.864489492185481852e-07 8.891324185946227982e-08 7.154150133744554766e-08
4.189107045044477284e-01 4.646046681279418487e-07 2.495157750400846167e-07 -4.137977016113319854e-08 1.621548305226001417e-07 4.730248428018320115e-07 8.239967716099319939e-08 -1.440040690057626918e-08 2.753444050920093978e-07 2.663649483009795125e-07 4.387350276073470907e-08 -6.717648015152279202e-09 1.904859874767942984e-07 5.857309083871892186e-08 4.859098360829565163e-08
4.230974437456921922e-01 3.147384988619036982e-07 1.760749639647549278e-07 -3.333211776846441888e-08 1.117660322486168557e-07 3.284213486025770069e-07 5.938792102110349511e-08 -1.108206479309389757e-08 1.946930459773394498e-07 1.860043054735877117e-07 2.951138125482182964e-08 -5.182370312302102477e-09 1.329366602738809884e-07 4.173431620181969137e-08 3.382078422725604746e-08
4.272931011032126136e-01 2.440492862533707112e-07 1.163932818863168553e-07 -2.280132636333007923e-08 8.343995895608082045e-08 2.176530873853563107e-07 3.817581483350847554e-08 -5.405882872066739830e-09 1.322353779127527351e-07 1.215861620629203268e-07 2.035803897851918018e-08 -2.695533172122432494e-09 9.255925455377241617e-08 2.808086083226799516e-08 2.261724486897690242e-08
4.314914587673138180e-01 1.714469709263497314e-07 7.227026127251280499e-08 -1.137313933176400690e-08 4.864333633208805704e-08 1.378847998084068476e-07 2.502732494720706757e-08 -5.022475980504710135e-09 7.909073203490539120e-08 8.372400647490867345e-08 1.314306539946362132e-08 -2.029065771414211544e-09 5.490253553882273722e-08 1.959272077613353231e-08 1.218421778610954977e-08
4.356511643511531418e-01 1.078655961165551992e-07 5.406779482571828163e-08 -1.363326142598311053e-08 3.586266304839457565e-08 1.095511393077792688e-07 1.769379334911839317e-08 -2.001218866690049987e-09 5.076267300995432556e-08 6.188239437647001153e-08 9.000104476016450447e-09 -5.868665267071918960e-10 4.048063833994214881e-08 1.243986221224262376e-08 1.018380603589965655e-08
4.398424702607344750e-01 8.452866667464037623e-08 3.525772438656279700e-08 -4.426971395265030091e-09 2.727803715424481520e-08 7.119072357676103228e-08 1.098110729491276841e-08 -1.482501136874534772e-09 4.609819443799369198e-08 3.942966026036942508e-08 5.436217302532600841e-09 -1.037499328014684560e-10 2.567024363171463984e-08 7.820812930351275923e-09 7.345373743408952703e-09
4.440501074980069407e-01 3.858566855344585405e-08 2.789367880355155788e-08 -3.875537472479310661e-09 1.357466128884915902e-08 3.093201983707080556e-08 8.851901652864780939e-09 -1.792196590367377776e-09 2.099250758048411272e-08 1.744618822310302211e-08 5.222061087736281446e-09 -1.215555757183052783e-09 1.023681291288296336e-08 4.513938400069770341e-09 3.863625921402157421e-09
4.482267968899237842e-01 2.179807786857879109e-08 1.278052453412369279e-08 -8.173718584012704499e-10 3.364202875882594383e-09 1.916543479659592962e-08 5.507249610720699412e-09 -3.255489142573356393e-10 4.582865225195258510e-09 1.368118952280323146e-08 2.259318558246141155e-09 -1.514231849540324124e-10 6.166546205184648137e-09 3.545175460977890019e-09 3.221667801595321853e-09
4.524052929840755577e-01 2.865655564510620883e-08 1.178866536327546028e-08 1.087030752964725692e-09 9.864473101926692359e-09 1.087289824995255687e-08 3.587400881131416432e-09 -1.074529592572622120e-09 1.392330113482910312e-08 1.037734262831114410e-08 2.104250107432338653e-09 -7.679748645551488282e-10 5.803726694744158038e-09 4.076324147396652841e-09 2.371875254645985247e-09
4.566090347930675253e-01 -2.011028898912650295e-09 1.076896592400970581e-08 -1.535843520734670499e-09 1.133765612345298895e-08 1.241755756802072968e-08 3.133985080094461083e-10 6.441275115161046033e-10 9.213457081233231961e-09 1.304899458271144363e-08 1.092371948117775356e-09 1.568476226857105656e-10 2.994701469368389432e-09 1.887573212709115723e-09 8.029322291533050025e-10
4.608167319022857811e-01 -8.163602794464952652e-09 4.323897279432816534e-09 1.449648127663984975e-10 9.297191185851542355e-09 7.239692870480962526e-09 1.049336639581040818e-09 3.064386839868598419e-10 1.565709216289802672e-08 9.165424098274520308e-09 9.797274207994927801e-10 -4.263403482884449286e-10 1.028058240099292984e-08 2.064610567051635292e-09 7.296518083163353394e-10
4.649806979855051203e-01 5.308967611408415638e-09 -1.192067077379489151e-09 1.727454007186944586e-09 6.459812199244393596e-10 4.800429789563607459e-09 1.557833950855710696e-09 8.999804330998437127e-10 -5.879283767116766881e-09 -1.739720274326599243e-09 3.635348945751158598e-10 -5.280967426251925651e-11 2.500758746100468730e-09 2.773788204170211349e-10 -3.194605387130640046e-10
4.691538386770017222e-01 -2.080306389598665525e-08 -2.040631555905915606e-09 3.323127234307608332e-10 -3.196600393439093336e-09 -1.271060691494436861e-08 6.756492605391548761e-11 1.179025363018342372e-09 -6.617595954455014795e-09 -2.690957796010803315e-09 1.329412252898592713e-10 4.924768685934736584e-11 1.590457984083712933e-09 -8.855174011923276622e-10 1.658117301337721270e-09
4.733478629909182445e-01 -1.430080687630280388e-08 2.604184420354201157e-10 3.684418345445890831e-09 1.949172244020361494e-09 3.317544651908694485e-10 1.121310083891940278e-11 9.773295173495773568e-10 3.926845075861416607e-10 4.108698274844951256e-10 2.338579450303422292e-10 4.256102956640498618e-12 -6.598096219066498046e-09 -1.095227403060401537e-09 -7.650441766093799334e-10
4.775500538217637980e-01 -4.340248337282633341e-09 -3.042429824818287604e-09 -2.166871886262579128e-09 1.689672072858173648e-09 2.352987638263912080e-09 -3.091154913581839678e-10 1.145768281287765794e-09 -3.680108349482548910e-10 1.167591454300289022e-09 3.682207643842992439e-11 4.781957339899544924e-11 -3.467201172073842113e-10 7.933574680019351371e-10 6.255913599189623220e-10
4.817339644282710998e-01 1.059552893762452086e-09 1.113702980388392412e-11 4.719340787813934071e-09 6.416106062904913462e-09 3.488459761118353496e-09 -1.381552405774484878e-10 6.200182713754346217e-10 1.218550925761472591e-08 4.331582175091772296e-09 -3.680160776018535019e-11 3.608556410397389901e-10 4.715287623358045478e-09 4.062409226935915511e-10 1.336906167804985035e-09
4.859144464692263798e-01 1.725216296358620066e-09 9.484832965480181679e-12 -7.472389192869549506e-10 -7.159991229864860922e-10 -2.488907490200879599e-09 1.050018567525010387e-10 3.291124890319627730e-10 -3.721927722254183766e-09 1.591148991592849055e-09 -6.845608174862284083e-10 7.158673975248222093e-10 -8.900695356211662611e-09 9.083575362102192452e-10 -2.462743000972611208e-09
4.901252990058800885e-01 -1.935436355216396326e-09 1.095642808776926258e-09 -6.394309372462004869e-11 6.112042460960360328e-10 6.882176155931292918e-10 -4.427120271508875431e-10 1.685476342629007137e-10 7.723682761240905583e-09 2.069496923678733851e-09 -1.901120162074936333e-10 4.256388516629217027e-10 6.943062931895648396e-09 6.820311210229065345e-10 1.564351160433236547e-09
4.943123444065962158e-01 -9.828093116303804608e-09 6.926678259314970597e-10 1.780046331432016171e-09 5.663506929107478521e-09 -4.461468220381253678e-10 4.922790728313279533e-10 1.239779177105911655e-09 -7.576278001152286586e-10 3.314492042880624002e-09 -1.103815184715623112e-10 5.847937019357474361e-10 -1.025924500702779340e-11 2.877699730599940358e-11 4.113318163222937401e-10
4.984736335014697817e-01 1.243582055911504846e-08 1.461503460724209112e-09 1.470983797491344002e-09 1.758415774313402983e-09 -6.037570514136134946e-09 6.191842481511229487e-10 1.593574369070193608e-10 -1.412387104281045163e-09 -5.460386525313451955e-09 -3.698888785449188126e-10 3.001055311817743323e-10 -3.106102675295096974e-09 -2.485813479932723968e-10 -1.134142331765474135e-09
5.026590164608074618e-01 -2.357897374592232017e-08 -2.308932111278104060e-10 -2.424571659668039584e-09 5.888007686762218696e-09 -1.204221163889376690e-08 1.537907284980849859e-09 -1.076948343719007070e-09 1.123290881290173812e-09 -4.196156279534349931e-09 -1.110461303956358138e-11 -6.996867277108957369e-10 -7.376267873054845241e-10 -1.331716518656274083e-09 1.070048866744622063e-10
5.068609875937976073e-01 -1.099289249533241341e-08 -2.966965638831898716e-09 4.619719037792287217e-10 -3.869802659885560364e-10 -4.445895333375711467e-09 -5.836858175665048127e-10 3.298293409675872128e-11 -1.760800087371805887e-11 -1.275940931637010127e-09 -6.543452563790898655e-10 3.134504474975414808e-10 2.508009610212751708e-09 2.374741903383561716e-10 -2.970679048051387323e-12
5.110594965365916620e-01 -1.435375638290463260e-08 -2.850630678619832851e-09 -9.723236772055909904e-11 -3.930086188820591621e-09 -1.575522421370777883e-08 -2.572782645895518322e-10 3.438202201365269930e-10 -9.609167692230165854e-09 -9.863680799932659897e-09 -9.983153048269633226e-10 3.744455970216312848e-10 -5.531456216270003288e-11 -2.116508541531408969e-09 -8.892927494957034302e-10
5.152492140965455603e-01 -8.731313740024428945e-09 -3.156759017410243958e-10 8.184861443182955642e-10 -1.073942205204130303e-09 7.755403332265385963e-09 -1.273251355242635297e-09 6.704291074234459178e-10 -7.437283856091769731e-10 4.588209616409494940e-09 -6.701012017173538846e-10 3.492690649730461091e-10 -7.436644413193954940e-09 1.262773211394362025e-09 3.001534062744890881e-10
5.194329442812991582e-01 -7.441692722065336702e-09 1.587902541352285836e-09 -3.766688105594677444e-11 4.410028451644613153e-09 2.525943767798029191e-09 -2.721396687085059332e-10 9.616595055172268695e-10 -6.559417288180309362e-10 1.665421017704026226e-09 -3.462011111615740476e-10 3.067290127670467099e-10 -6.542897762375444103e-09 8.475385454816598083e-10 -1.877547392542611496e-09
5.236343964239100757e-01 -1.036739703746406570e-08 -1.755902673816324737e-09 1.286622308294527493e-09 2.574086078330951833e-09 1.763660945204583954e-09 -6.476689335974042323e-10 3.439269715993129408e-10 1.878641143167460370e-10 -2.315714017355485982e-09 6.364202181282582001e-11 -1.111396341586079135e-10 -5.091198796223988732e-09 9.412607266336853938e-11 -2.648511695873481417e-09
5.278273205415198177e-01 8.063030841248855823e-09 -1.084283132341385996e-09 -1.319684902832938344e-09 2.928443307074457731e-09 1.742756657261529555e-08 -1.828240376240687582e-10 1.061904991189716630e-09 1.024005331192845546e-08 5.880835701529409396e-09 -1.200047297213608011e-10 9.960632207252225827e-10 1.454340774235937615e-09 8.627708245624026003e-10 7.278282846758007962e-10
5.319960279023402405e-01 1.510522247422777028e-08 -2.058144242578112233e-09 1.940411794170151064e-09 -1.441017431648348016e-09 2.081599437987279231e-09 4.816428264771260361e-12 1.022579395934751411e-09 -1.484174069327843156e-09 -3.052773302113528990e-09 -1.643819058490504535e-10 2.074825109126204391e-10 -2.000951182534625622e-10 7.498368207873226742e-10 -1.943546019594095884e-10
5.361714592099571242e-01 -9.175552230408191741e-09 -1.348248378859297869e-09 -4.943145438693375775e-10 5.566384943693200597e-09 -3.306433179992741311e-09 -3.226031550521204387e-10 7.293398499044627485e-10 -7.733430253803996344e-09 9.312402207823742340e-10 -3.146890791515922397e-10 6.821692312926245091e-10 -2.387408588956697623e-09 -6.543727236792018908e-11 -1.122191922173543929e-09
5.403746330902056139e-01 8.375472494068333115e-09 1.600748804942945042e-09 5.264058938630863213e-10 -5.071766513210646867e-10 -3.024632151492209000e-09 3.942713454455137589e-10 -1.952757386591727905e-10 1.926638596268089307e-09 -1.613249308085583752e-09 -1.339152871159372353e-10 2.688412735646698082e-10 1.721228130361089364e-09 -3.690740258345029077e-10 -3.301083346728623847e-11
5.445761264886261888e-01 1.353632271584515323e-09 -1.275408311732888544e-09 2.122661663569386645e-09 3.323241868791108673e-09 1.106664980654951101e-09 5.124033877173030901e-10 4.563637926953112528e-10 -2.276621400729426035e-09 2.939650462383977807e-09 2.736930924009687856e-10 -1.719931007976333833e-10 -2.770058373481294478e-09 -1.009911863400064819e-10 -1.053408064535219361e-09
5.487504490749764985e-01 2.545688722687815671e-09 -2.499939963194870738e-10 -8.865367184782942363e-11 -6.735587271089247499e-09 -6.000877929330490501e-09 -4.941630905869046937e-10 7.224417285216605268e-10 -4.489147279208744497e-09 -4.364163444016103708e-09 4.284421645102203349e-11 4.780921621523119145e-10 -2.922675284202928006e-09 -9.776292806519729661e-10 -2.114477811378974484e-09
5.529407179677009454e-01 -1.327123079656852160e-08 2.481675671294581087e-09 -6.203881011665103443e-10 2.495872141404968344e-09 -6.394593318417603741e-09 2.845347717320451161e-10 -1.541586811285143942e-11 -2.991875456649708676e-09 -3.657299007383687394e-09 1.789519493590529383e-10 -6.530932004167615124e-11 4.143466014417284030e-09 -1.120862268055460067e-09 5.476067624067634439e-10
5.571409157079509900e-01 2.326762444449749914e-09 -3.250300747513661410e-10 7.028115483796157910e-10 -3.352776719047109798e-09 -3.884630492251110377e-09 -5.016999111974981507e-10 5.387688266088293055e-10 -5.519836883067335840e-09 1.648827864249670964e-09 -4.882205922433107579e-10 4.381731830856771251e-10 3.225054860870394578e-10 -5.872096733718359795e-10 -1.755410090101019720e-10
5.613298693710127019e-01 -5.200277374511682763e-09 1.578770213557861623e-09 7.266960804535091063e-10 -4.326555986334235504e-09 -2.030249180133079052e-09 5.665002715841427121e-10 -3.972128110550692179e-11 -3.358307912359350462e-09 -2.909219736066754626e-09 2.082152194228158699e-10 2.125082189552333318e-10 -6.489636450919022935e-09 -1.612233947352323633e-09 -3.474898129285224142e-10
5.655062246218995892e-01 4.077932013868860064e-09 3.698428533661543399e-09 -1.201952191645936190e-09 4.437817483605434646e-11 -3.588629034126611203e-09 5.589671351982037874e-10 -3.716601957925725279e-11 -4.785728197192203468e-10 3.452998787076576371e-09 -1.186190700562467494e-10 2.802553580470589698e-10 1.949543951988339005e-09 1.106750703492214834e-09 -1.710251139885278450e-10
5.696867424029971039e-01 1.530083171124795245e-08 2.576060161019987504e-09 -2.754631416258713940e-09 8.623749728674351210e-09 1.436952312873853169e-08 1.676401097762969143e-10 -1.131588715224458542e-09 8.095190926333821217e-09 6.871843103955944003e-09 2.060623236943510068e-10 1.053860910764010181e-11 5.035310722653088714e-09 9.956396637654208832e-10 1.493671813364588027e-09
5.738956954203543459e-01 -1.218034551426689257e-09 -1.821702536787351289e-10 6.661798235062724058e-10 -2.488959658982161484e-09 -4.025244372500422520e-09 -9.246009613991598534e-11 4.539497790498321795e-10 -5.478488362526771561e-09 -1.937813503072039845e-09 1.541488618111318229e-10 1.218583427031512571e-11 -1.203009031072269871e-09 9.334304233728762764e-12 4.118003913741839277e-10
5.780928920821047923e-01 3.355964963111388412e-09 1.320930513930611729e-10 -1.511084652916717578e-09 -9.242752133927506626e-10 7.639922135252723239e-10 7.032604699995003148e-10 -3.572115883363393005e-10 2.785729708094540041e-09 2.685931054910491917e-09 -8.002273052688341649e-11 -2.771157771606788068e-10 1.269392038287064758e-09 -4.086399775734802636e-10 8.346498626337891901e-10
5.822632071880226023e-01 6.473834356776146024e-09 4.653986610965620526e-10 1.626829837348339956e-09 -3.775104529342329001e-09 1.327620741300532650e-08 -2.949051244143035643e-10 6.297272629611528936e-10 -2.483884829728058705e-09 6.489930203097718401e-09 -2.636300316059696887e-10 7.405111301820392693e-11 -4.193245963576000600e-09 5.148201280586767372e-10 -6.687014266931397790e-10
5.864430803127811398e-01 1.604562713026131957e-08 2.926557369329218917e-09 -4.663263049637382242e-10 4.130522856091010615e-09 4.999139032506496829e-09 5.685592313246160465e-10 2.324312468848504825e-10 4.441996974289425831e-09 -2.900609859650348348e-10 -4.601200532621943935e-10 2.467200174655700312e-10 2.004452772503547918e-09 1.637454676726439167e-10 -4.564929522207422356e-10
5.906376733072625784e-01 -1.199598060955641840e-08 2.165507954889419280e-10 1.650054400219063132e-09 1.165175729259120853e-10 -4.222209211015094581e-09 1.445473010069426888e-11 2.277687920902196649e-10 -1.645949565952945064e-09 1.066408853948373450e-09 1.543902794484969749e-10 -1.441338711648364321e-10 -3.231054836731778770e-09 3.427269338550067831e-10 4.774580420157993232e-11
5.948356627105599870e-01 1.799685385463822621e-08 7.226337515496187787e-11 -9.826893464829872511e-14 5.568044901190430409e-09 1.270634144987595789e-08 -2.204902936530033240e-10 2.007161415616748109e-10 7.709893575803382254e-09 2.658515881118875813e-09 -2.148545131178218754e-10 -1.428148640468517836e-11 2.009537324210827557e-09 -1.386301000331119850e-10 2.559237861631182926e-10
5.990145239901687457e-01 5.838603280835917927e-09 1.420152029200699146e-09 1.453895441588208974e-09 1.929626811182210400e-09 3.246376265805679211e-09 3.199624510328046896e-10 7.463632009262851030e-10 4.212320796849999897e-09 -5.302635591470507722e-10 -1.391384116006644049e-10 3.376465530788424995e-10 3.223176983426733639e-09 3.091122319332772355e-11 -1.093565865148459341e-09
6.031829950841108845e-01 -1.143284097059875465e-08 -2.226381296337534660e-10 2.077958932055012649e-11 -1.816718814254978795e-09 3.497092944731651190e-09 -2.490263662632111466e-10 -7.003671345533021916e-10 -7.578939093220897551e-09 -8.475982834394614882e-10 -2.034004131919320514e-10 -3.438173768416626247e-10 -3.311314205351212027e-09 -7.503328425120426428e-10 -1.163670416223892363e-09
6.073740526175752663e-01 -4.923216938348025501e-09 -8.500518189987634403e-10 1.113467356631962220e-10 5.372335083581178045e-09 -6.358967391529416182e-09 -3.699071270117957195e-10 -5.763957253837764831e-11 9.592449591872393143e-09 1.297052590106041185e-09 -2.486817879934515075e-10 -1.834656901170954621e-11 3.299074831648214520e-09 1.121516755784254064e-09 5.149258365066679641e-11
6.115768023320514724e-01 2.273329632001413053e-08 -1.949311930355062654e-10 -4.047803167169057773e-10 1.340731424070145305e-10 1.199361746173720258e-08 -9.788407874807076104e-10 8.462862381131506489e-11 -3.144563381332925775e-09 2.651236115523795372e-09 -1.213522248554346118e-10 2.190614728925297816e-10 -2.274960190343027135e-10 2.359032994913997281e-10 2.229153433945206631e-10
6.157710000000914397e-01 1.864420774182191735e-08 6.325711044433398929e-10 -1.328720176088634250e-10 8.944909174304927188e-09 1.478581501944428132e-08 -3.366155094415037055e-10 -1.418551306915001493e-10 9.341024436542945452e-09 4.818469532532482084e-09 -1.428371205226158513e-10 3.068435690170010261e-10 5.564784161963411010e-09 2.381397815490129176e-10 1.106008895981314065e-09
6.199632023912512446e-01 2.332397865709825430e-09 2.333415706666702541e-10 -1.779358554576724877e-09 -2.728998253347271803e-09 2.528330032160208665e-09 -2.087548450852504504e-10 -7.723548765874994960e-11 -2.454601088707399059e-09 -1.106838781968172476e-09 -1.408855100047528218e-10 1.541029082709179501e-10 -1.496870409746958149e-10 -6.600449900695756358e-10 -1.766194844305626494e-10
6.241630060990407403e-01 5.215097295467440135e-09 2.326328302603802074e-09 -2.931248390784997554e-09 4.365432056445432818e-09 3.600172184490409698e-09 -2.337723970313491291e-10 -4.905259551366669190e-10 4.369079617423050670e-09 3.569977077247286366e-09 -1.356387788981224284e-10 -1.540615664196540264e-10 6.430125658858822150e-09 1.241190441528742710e-09 1.679367986333043103e-09
6.283593402461892241e-01 1.005029722595012102e-08 -1.766651715861931280e-09 1.794614994416197730e-09 1.619060965698393359e-11 1.040452523409691794e-08 -6.368904489933574857e-10 7.938424275879780554e-11 -2.250558334983679580e-09 2.419608213155548216e-09 -1.248229047036054750e-10 -1.059665289478485661e-10 -3.361585131327636245e-09 1.371437258910758971e-10 -1.491654403262459965e-09
6.325410955997395890e-01 9.972205989486823726e-10 -7.693438422056724468e-10 1.147088639346186059e-09 4.249559721595321156e-09 9.811964383346275797e-09 -6.449846453173329444e-10 2.954347005995281844e-10 9.036646586251292038e-09 7.680329910672204086e-09 -1.401705312133634796e-10 3.017040618683920828e-10 4.652003125158362722e-09 3.611816793491294460e-10 -2.236690146035819843e-10
6.367142920629192959e-01 -6.782869737098427684e-09 1.034497272996317357e-09 9.755850224091667223e-10 8.554329055331449202e-10 -9.770759654827014706e-09 -3.579086886998851162e-11 2.481650821173612890e-10 -1.769652564775112686e-09 -8.097770408000080572e-10 -1.741203426433239201e-10 1.385009778072581243e-10 -1.026734337295471081e-09 3.209076910812456522e-10 -3.140630411384990279e-10
6.409035099394975177e-01 -1.269178103737527678e-09 -1.058796351823207378e-09 3.145918311373205894e-10 2.533428973275805181e-10 5.783105868753651305e-09 1.391258005427922416e-10 -2.085398455446343452e-10 -9.843330876497873164e-10 1.743340733046247955e-09 -1.046982661955038842e-10 9.867822009659900048e-11 -1.041959015893924621e-09 2.535790594433407080e-10 -3.097243663624294352e-10
6.451032402190634008e-01 -8.111450109706921656e-09 -4.520993947997017442e-10 2.786999472057136464e-10 -3.917914047664213814e-09 -1.053078033129092859e-08 -1.826158030958370932e-10 -3.788062772615219375e-10 -8.013907023104734386e-09 -4.282768710576328093e-09 -1.189528016592630758e-11 6.836869467629418449e-11 -5.342296312213208532e-09 -5.821217956840412316e-10 -1.167318414583302523e-09
6.492879941711476866e-01 1.196447469228546586e-09 4.717520195205524191e-10 -3.288550529095728962e-11 3.296443525794682888e-09 -3.136780454092295897e-10 3.250385456150249443e-10 -2.075416953002898696e-10 -1.330792581698141856e-09 -1.337855032825016963e-09 1.802269580024295031e-10 -1.898008634779124075e-10 1.194116896256427929e-09 -5.522035537602486141e-10 6.624555191499893105e-10
6.534659541563927476e-01 -3.509432972038753859e-09 2.362585160951314939e-09 -1.610354795674502598e-09 -3.102160900838433004e-09 5.508407421602963418e-10 6.334046318169799208e-10 -6.270695640129573638e-11 -5.697902324874277912e-10 3.531662255041514952e-09 1.230211166860882378e-10 1.769028896833082210e-10 2.604433807142458340e-09 6.682886353641486811e-10 3.683540787158584534e-10
6.576591076962554627e-01 1.047470825249074378e-09 -1.625349210071064506e-09 6.372450242152472522e-10 -1.410520494585602198e-09 -3.570662445274989770e-09 -3.125369971811408499e-10 1.603664073296693287e-10 2.040237004732095405e-09 3.295888888754169525e-10 1.971460881590910553e-10 5.802652516744161168e-11 1.849248888138984467e-09 2.496505102256717854e-10 4.675408991565122434e-10
6.618529307405217610e-01 1.045695584348027715e-09 1.279436483806550259e-09 8.055604911065140964e-10 7.915863284933323301e-11 -2.860570430865131380e-10 -5.067710683300708308e-10 5.694660988646684463e-10 -4.115294752411355177e-09 -1.840434796046470102e-09 -2.626751259818831503e-10 2.651466303812199791e-10 -3.441760674691659660e-10 -3.087215016228924388e-10 7.679328661489795109e-10
6.660240791386257131e-01 8.174846664874592062e-09 1.232707903014628236e-09 6.460391752852370215e-10 6.641206134746466155e-10 5.915656553671328195e-09 -2.481979921378207081e-10 -1.584368743462810005e-11 2.910796149409626651e-09 8.547094202188239512e-11 -3.467485745155069796e-11 -6.708197245792719066e-11 1.218482345263143438e-09 -4.225128506915278524e-10 9.404545752702733083e-11
6.702067828716186115e-01 -5.469613940494668762e-09 -6.148678930496135796e-10 -7.150255645178728465e-11 3.183308253689702921e-09 -7.426594310570830375e-09 -7.424267534212958508e-11 1.661851385740739641e-10 3.373242861910449051e-09 2.444176566226654288e-09 2.254417366079780276e-10 -1.619483606806093234e-11 3.542384658474298861e-09 8.436310926341647335e-10 6.847055066838432247e-10
6.744172070879622671e-01 3.390400221959329838e-09 1.534013917185162742e-09 -7.456913848091022279e-10 -2.022019185309460677e-09 8.453390304353820483e-09 7.906086674807866693e-11 -4.321422600930096413e-10 3.891512763597740418e-09 3.807597229922130282e-09 4.015107059649509118e-12 1.485272096381447309e-10 1.343438490051878658e-09 5.730407999503177383e-10 -2.309402481676759406e-10
6.786118453466847278e-01 1.041708871897815209e-09 -8.520511728024413968e-10 -3.607455234303482120e-10 -2.376298873909250493e-09 -1.066375830100829002e-09 -2.335756534423227617e-10 -1.200654017190551623e-10 -1.220012625366519405e-09 2.104206498352368134e-09 1.293481540270727993e-10 -2.628085861714584816e-11 -2.945856372632574430e-09 4.803190620736983708e-10 -1.787298092689969372e-10
6.827984616056306244e-01 1.052766975013113028e-09 -6.061918117010096110e-10 -1.584581183360229442e-10 1.327887763273751117e-09 3.373774233858268211e-09 1.139734809208821597e-10 -3.195320979672281284e-10 2.350678614082599342e-09 2.205111893187760925e-09 -9.524638926443498226e-11 8.427153268635925495e-11 3.269621197228988061e-09 3.317629384032106142e-10 1.482991383079923889e-09
6.869817177358829019e-01 5.891313145734563109e-09 1.061385260080967924e-09 -1.487345637777279102e-09 -3.914937742774527443e-10 1.289525437312507298e-09 3.557474408608645007e-10 -1.900710468096623413e-10 5.541645830039925342e-10 1.389776988765352663e-09 3.309888711105635844e-10 1.048737996816324690e-10 -1.764693352193581361e-10 7.519651193037682979e-10 4.411737711797829232e-11
6.911718524128840357e-01 -1.437870960096854511e-08 -1.640004644234966537e-09 1.193016480655366014e-09 -2.533940200012281255e-09 -3.838967339843976541e-09 -2.823902461531946701e-10 1.520281088496041451e-10 6.129447746191831139e-09 7.465146130808801011e-10 -1.361226492982520561e-10 1.792060836277073405e-10 6.612475273721183367e-09 8.564893253886930988e-10 4.780150160193356952e-10
6.953555746427921846e-01 -1.526968462187747877e-09 -2.572196591650681386e-10 6.319004434317646929e-10 -2.282679744142799578e-09 2.862413435569533231e-09 4.286409013358671774e-10 -3.532714211327189691e-11 -6.163707601429554284e-09 -4.212059690922418358e-10 1.932959765427670613e-11 8.361534711197104536e-11 -2.406161244811911077e-09 -8.176118113179733712e-11 -3.447857427946963932e-10
6.995344561305086861e-01 7.266367122988191199e-09 9.976758768488753727e-10 2.282946637394643426e-10 -2.240886312329733108e-09 6.228450562523382852e-10 -4.865403615989358931e-10 2.239687045533519879e-10 4.004716067203367665e-10 8.722319406893891288e-10 -3.061094342573411227e-10 2.562341066555707067e-10 8.409279640500418409e-10 5.641249497298012854e-10 -2.297715776900824806e-10
7.037287066792784485e-01 -2.496831095371378833e-09 -2.070263634367103490e-10 1.242393009443722750e-09 2.346180522755191071e-09 -6.153599821091083646e-10 -5.904601623481840226e-10 6.386813991120612577e-10 -3.578793732781575005e-10 -1.013220768957027466e-09 -3.024125177987922827e-11 1.795205595452232379e-10 -2.974127083477856242e-09 -7.060346984575530444e-10 -1.403993912843422885e-09
7.079143033440539190e-01 1.648117404771856692e-08 -2.866112376600273822e-10 -3.114731843812720375e-10 -4.962617127218683987e-09 2.233081459076089089e-09 -1.299798572659503427e-10 4.361231306829528575e-10 -6.125981724099730646e-09 -6.698688543627290451e-10 -2.721850911473020058e-10 2.356973099972232410e-10 -2.259168788372383543e-09 5.179424373846274576e-10 -3.308051224769143760e-10
7.121186686741065586e-01 -1.091177184962050734e-09 7.933578012541220897e-10 -9.086271640295268696e-10 2.875707291398799136e-09 -6.630765179895712253e-09 9.206965389430156145e-11 -3.211823297499861174e-10 4.554055261401339773e-09 -2.486668025041078872e-09 -1.567279052721163753e-10 5.422929665558132611e-11 1.852434539613106681e-09 -2.858688495812071017e-10 8.671219993780066479e-11
7.163134555705721329e-01 5.154210166442856871e-09 -1.070588612073048627e-10 -1.048871864610314234e-09 1.866126056778981723e-09 9.493048768146852913e-10 1.178728006987385305e-10 -1.559301503920701888e-10 -7.213681256707377876e-10 -6.910877624653253633e-10 -2.883689484328160988e-10 1.655683427894702910e-10 8.608494722810745093e-10 1.601943456763630323e-10 -2.091266871885571774e-10
7.204913713645887396e-01 -3.270647714379335602e-10 -8.302539155600457037e-10 9.113274062103223129e-10 -1.746619212976003844e-09 -1.536218493971725278e-09 -3.945883960138060670e-10 6.132781153501218025e-11 1.147569089403140258e-09 -1.258506385890381508e-09 -5.970128292051385816e-11 -3.772731217278833105e-11 1.984349285709350076e-09 1.375443642581449549e-11 3.823776106317840394e-10
7.246803275165087932e-01 -2.284874473584469775e-09 -2.671713847871580384e-10 -1.271361246948833083e-09 -1.170601195260634808e-09 -9.558942435735346885e-09 -7.303388608736693225e-11 -3.226905760143454531e-10 -3.452598926745414700e-09 -4.292174452036853519e-09 -1.917221972104168663e-10 8.899721548698077305e-11 2.236077143557325663e-10 -6.179347922481387575e-10 2.255329154090883804e-10
7.288763115175647123e-01 -2.846411125045819854e-09 -1.731737388564662153e-09 1.436124504371671444e-09 -6.844484969744687124e-10 1.459176212437695467e-09 -1.408753104610859082e-10 5.594901267542355675e-10 2.918338107895706839e-09 3.311102741596551616e-10 -8.244040557220731625e-11 1.551370403113346823e-11 1.165339776037740017e-09 2.388389964484441185e-10 -1.937710863337063728e-11
7.330585840505703388e-01 -8.255182317029913732e-09 1.779381018617953359e-09 -1.396565695116294997e-09 -1.885803937409321210e-09 -6.691750077003848962e-09 3.496264393445949951e-10 -2.230948308504942959e-10 -4.601569742451239257e-10 -1.121293635963450680e-09 1.252054952925988472e-10 -7.508833139689828818e-12 -1.911127039899709566e-09 -4.096944318456959016e-10 -7.131636708747155367e-10
7.372316440474646626e-01 -3.234248269236824369e-10 2.275650836265526927e-10 -5.051923953544277724e-10 -3.113869452358753030e-09 -6.989628826863113925e-09 3.638437133365673562e-10 -3.255683146909990661e-10 -9.939480973931602343e-10 -4.731657954630683569e-09 2.994647843953974911e-10 -1.733172384538728106e-10 -1.747717688214487724e-09 -1.007339143514586666e-09 -6.000573801346990279e-10
7.414228560306842519e-01 -1.783721606261987413e-08 1.138909934063654572e-10 -1.664690785233574349e-09 -5.558034565943052956e-09 -6.926542805709354042e-09 -1.402446383693342570e-10 1.650290216051903080e-11 -4.080249130194760089e-10 -1.969948715513194815e-09 1.030078556768897026e-11 -3.980792364606393655e-11 -1.063099060465566748e-09 9.075469825237605653e-11 -2.672342146761863725e-10
7.456189213758863676e-01 1.894806551069281211e-09 1.324375357464644470e-10 -1.619426879294204388e-10 -2.627512739305702605e-09 3.379618469703582275e-09 1.388758050663183183e-10 -9.134055531248634185e-11 -2.330574952540631147e-09 -2.609130881866592461e-09 1.494718971576075737e-11 1.482193901371405515e-10 -1.053623990927681446e-10 -1.013557008268605390e-09 4.959978801858738011e-10
7.498104337627916616e-01 9.071614938305665219e-10 -1.036029636053785828e-09 -8.107350395133730476e-11 -8.236828584531347365e-10 -3.314638175412786575e-09 4.770074520288918470e-11 5.869868883202532562e-11 -7.277074092406764295e-10 -1.540458042881677254e-09 1.939904881514308474e-11 -2.046608597470719497e-10 2.695136463712480277e-09 1.385188862826215270e-10 5.378291951130710657e-10
7.539974189770904944e-01 -9.128172869263061576e-09 -7.520080419892508043e-10 -3.947024893082508458e-10 4.647183427121126661e-10 -7.129779745294348668e-10 1.854140981963527570e-10 -1.029555726771057401e-10 2.992306220906942428e-09 9.840723285935042031e-10 1.645701341118339076e-10 -2.817386529606546556e-10 2.177711375733212010e-09 3.209569123931073726e-10 5.134813592677231926e-10
7.581896411468850294e-01 4.899645176235515679e-09 3.430539236145040406e-10 5.868046897393302490e-10 8.090023423222710847e-10 2.161178337649351041e-09 2.828472169539857007e-10 1.474531387646254737e-10 7.091750801447693548e-11 1.832383064685724451e-09 -5.533396766331195230e-11 -4.325704068387425818e-11 4.206928301569088876e-10 9.553305100605723008e-13 5.188910287553429779e-10
7.623808615479977790e-01 4.550017061694484969e-09 1.489587767835912635e-11 -3.110242484174305945e-10 -9.936465735222837329e-10 3.267333770034001848e-09 3.943067456586007204e-10 -1.649002757849750443e-10 2.836995981120091374e-09 -2.836203124461743702e-10 4.643027451166620542e-10 -2.675788041946247699e-10 1.874441230653213250e-09 -3.549774116974366451e-10 7.867957719558060940e-10
7.665651159623174671e-01 9.460634102451651973e-10 2.556907895926954667e-10 4.695734390930083189e-11 -3.807259364116078423e-09 -3.619623676805465503e-10 1.704677876919501300e-10 -4.658327771416732681e-11 -2.180974643447631053e-09 -2.131357816467481951e-09 2.664169112185106961e-10 -1.195738822930033598e-10 -2.939258706720755562e-10 -5.050808350400544371e-10 -2.993416809770671460e-10
7.707536355579491794e-01 -4.291524138079838678e-09 6.532396509953749713e-10 -4.008788359588001916e-10 -5.397733125304024129e-10 -1.259889809009634086e-09 -1.663718655480909857e-10 2.946875991492500163e-10 1.336333363182379454e-09 1.448042692217694678e-09 -1.069096344381221869e-10 9.187371732831265933e-11 2.609855239897392602e-09 2.192290138420341341e-10 6.316262814183468398e-10
7.749462413082437440e-01 -5.272633532856787802e-09 1.950961717703316395e-10 -4.076124986462652357e-10 -3.537060263425437743e-09 -9.966129880135647774e-09 1.617951031524793690e-10 1.035190853177564854e-10 -5.160456964565934707e-09 -4.108215696262470822e-09 -5.872788568932761519e-12 5.159265000771767699e-11 3.033260117480149096e-10 -5.589371879666598033e-10 5.286455452532549268e-10
7.791369682448587852e-01 6.636531889110611039e-10 1.050820876240364764e-10 4.102864764100210160e-10 -1.734724761930064959e-09 -2.566932627279018199e-09 3.469697559875320938e-10 -2.335730264354264557e-10 -3.707048730256623544e-09 4.614863493880740526e-11 2.556672306293101612e-11 8.522559692316079917e-11 -2.642215041917884962e-11 -3.446643677571944726e-11 1.620191083390713129e-10
7.833258353347896108e-01 1.228477190390118824e-09 1.195696527591433242e-09 -3.602525577327620486e-10 3.134852017937912314e-11 5.224304767964563483e-09 1.235516831766497430e-10 -1.024132163982154294e-10 1.297671114564999189e-09 2.289811142196041366e-09 -6.877091810921013476e-11 4.758509703317580467e-11 4.956299938084565145e-10 3.850829959914649701e-10 3.109172099369107563e-10
7.875159900600451346e-01 -4.728093678457666131e-09 -4.510203077015777988e-10 6.165460939106675313e-10 -2.743457947494859654e-09 -1.050869821401816176e-08 2.233709400536422748e-10 4.137143826183969769e-11 -1.950610782791044191e-09 -3.470399959365687050e-09 5.924129195480883854e-11 -8.196377589926088100e-11 7.179470332367341536e-10 -2.477196423576369003e-10 4.907321570923747674e-10
7.917084457625156446e-01 9.372858937851889361e-09 7.322856591515399215e-10 -2.195627564126890190e-09 3.471316053598015991e-09 9.819223045484891777e-09 2.829794006866174532e-10 -4.575734682583138890e-10 3.367988541046797663e-09 2.343174279159670860e-09 2.515931682444708265e-10 -1.468215504794933041e-10 3.034270669483155213e-09 2.788615176025028006e-11 8.068073749467881114e-10
7.958821468706197555e-01 -4.640013631018654960e-09 -4.516489275335166511e-10 7.784676253438817993e-10 -2.455955672355579405e-09 -9.511121304416218165e-10 -2.606979175106294955e-10 2.871964100961806160e-10 -2.988322392926877240e-09 -2.623287099846871862e-10 -1.807243867754376049e-10 2.902066890505114936e-10 -7.567034670638779885e-10 4.570717375695300392e-11 -6.161740078811628293e-10
8.000624692379799674e-01 -4.323853129334396918e-09 -3.981086580848893811e-10 2.220383494821446443e-10 1.060031315821003925e-09 2.510808505860399562e-09 3.299975163024754304e-10 -2.231732813283640433e-10 -6.388328593621123058e-10 1.032896877025996783e-09 -4.378277103563301483e-11 -8.855609598261001152e-11 -6.080209392983932214e-11 3.988868961604312888e-10 -1.635986294183900341e-10
8.042564613727184453e-01 -3.232921957862839593e-09 -1.568421773031438660e-10 4.164839296207232390e-10 -2.145777319378142223e-09 -5.357147010519854861e-09 9.570263097609861932e-11 -1.214232713882036555e-10 1.559822239878935187e-10 -2.550047225304663278e-09 1.477504432287409632e-10 9.337701775591691724e-11 -1.798321426810946194e-09 -1.102761836888130149e-09 3.553468185318960083e-11
8.084384822996342201e-01 -9.132043195414872538e-09 2.012609468698380856e-10 -5.345451006140409521e-10 5.185213388557488137e-10 -1.108009706532214992e-09 -6.283585871197417936e-11 8.541466332989674300e-11 4.590015275708607223e-11 9.757619717190393422e-10 -1.743311151124366294e-10 1.951425683257836046e-10 4.043655027080402605e-10 4.702164909393758065e-10 4.509764061791581533e-10
8.126333810499198895e-01 3.018575921684883936e-09 6.865462209838744562e-10 -2.898709354155724183e-10 -2.570252731926943554e-09 -1.221976903586754808e-09 1.909228877353877249e-10 -1.538325977416288827e-10 -3.279250127345345993e-09 -5.250121733600686306e-11 1.835225639430674689e-10 1.576512889701669887e-11 -3.118334570894703173e-09 -8.198041365831190715e-11 -1.930423521370718412e-10
8.168271958201180905e-01 3.606669070887620331e-09 -2.488166903725979902e-10 3.884877345071189119e-10 3.710122378808411233e-10 -1.593280685904617698e-09 -1.031825099358792732e-10 -5.251334040372386120e-11 -3.600805196684621866e-09 -2.522178764687619636e-09 -1.769569838633938807e-10 -4.816279009165706589e-11 -1.851210643327538966e-09 -4.392498231226104649e-10 1.593225306496892596e-12
8.210214995694952167e-01 -3.085518364397961786e-09 -3.748594620086842055e-10 -1.567083071648046535e-10 2.081808696072660674e-10 -1.025997364515123600e-09 -4.978165703496278064e-11 -3.656277539496996034e-11 2.943108176395282075e-09 7.639431531855244670e-10 -8.223484195420262855e-11 2.772089635231876928e-11 3.517959358943749255e-10 5.526082226816897143e-10 -4.248842789740238200e-10
8.252154145000215602e-01 2.457901757954082848e-09 2.335748975798838311e-10 -8.385859298880092179e-10 -4.198200262838050642e-09 1.595268191295882877e-09 -4.043036272294323940e-11 -1.503663943199539449e-10 -2.049408064486713566e-09 -7.095708803227593119e-10 1.672313442576398783e-10 -1.494422023361889430e-10 1.576568378143096660e-09 -4.873740470039121341e-11 1.003841974385974245e-09
8.294030907808404018e-01 8.122803718264860389e-10 9.698601324781303473e-11 -5.996676143104531248e-10 -5.466452557094501740e-09 -7.948268876389510141e-10 3.570129219901665384e-10 -5.068225845654715038e-11 -3.381913075077449858e-09 -1.688841864736227681e-09 2.706457886031585593e-10 6.789343638546266655e-11 1.234947677895771600e-09 -5.072197641764137142e-10 3.601944591388294908e-10
8.335906150371191758e-01 -1.906158812596118590e-09 2.385085123430459714e-10 -5.213729201442297035e-10 3.325578428653527231e-09 1.816500705345062757e-09 1.091633182481186960e-10 -8.727918860586090888e-11 1.353271529593981305e-09 2.910404155716778265e-09 2.775706282889550661e-11 3.795414285684239370e-11 3.404502606582619750e-10 4.530232613898645354e-10 -2.263568383696914736e-10
8.377685032221774408e-01 2.325225399103689034e-09 -6.246047526646746450e-11 8.105322979716294757e-10 1.833112507418605577e-09 3.516582033867373679e-10 9.870409890901960650e-11 -5.267454344601469047e-11 4.837691462270523887e-09 2.632796725041939440e-10 8.006345116198238605e-11 -1.385768838091431816e-10 1.976676484116540292e-09 2.981193733084268480e-11 4.389014457634476178e-10
8.419567297582307708e-01 -1.612556235477280465e-09 2.638829626319456330e-10 -5.423041630734199662e-10 -3.537950177586741244e-09 -2.453887116907222234e-09 -9.088644817940372671e-11 -8.917315832646051734e-11 -1.807339046852766152e-09 2.572015149156699479e-10 1.109637294427914213e-11 -1.303482909321056841e-10 2.115681518130404753e-09 1.516363063244068263e-10 9.438410181970863540e-10
8.461556544987137718e-01 -4.553455408266167951e-09 1.516447761912540031e-09 -1.270782935845189136e-09 -6.088952227748467888e-10 3.450369286603980102e-09 7.672955884090059826e-11 -1.110668402918444765e-10 -1.318130694978909139e-09 2.949465697732521777e-09 1.789829373666198320e-10 -1.022112643307709101e-10 1.743367448739541937e-09 2.946464999441024759e-10 1.068799380074961588e-09
8.503430790983292908e-01 3.860780611722075065e-09 7.557277876641141358e-10 -2.349978769960536233e-10 6.261423338402507301e-10 3.993782745334929113e-09 2.194742985204918252e-10 -6.841879428069640914e-11 -3.771926976738887595e-09 1.670884242760455550e-09 -1.109183551473589597e-10 1.134179951489380895e-10 -1.165108839839837696e-09 6.286272431281591988e-10 -3.272431847959330137e-10
8.545245840949285965e-01 1.226450547598590176e-08 3.974498773221213542e-10 5.964708652954846681e-10 6.451667447110833201e-10 3.603217293840499926e-09 -8.113914026763127406e-11 -2.908144298052119809e-10 6.281185367806394100e-09 2.190563535134273398e-09 3.483741208614616734e-11 7.780043384544371684e-11 2.991085330819821536e-09 3.484209145850625416e-10 7.055109059663828837e-10
8.587196449246210506e-01 1.040341219944846868e-08 5.831943461040748236e-10 1.113556424724904436e-11 1.985341736005464159e-09 7.910177365923007236e-09 6.492108915272931869e-11 9.083175953104276603e-11 -4.952200005134528330e-11 6.477439303109513684e-10 1.345881128551288318e-11 -1.196979132029865274e-11 -4.948812790451987219e-10 -1.262013064353082488e-10 5.202378318693797612e-11
8.629074348139629258e-01 -8.821460501368629478e-09 -2.675913986201512084e-11 -3.847154798350883282e-10 3.148653368212474895e-09 -1.974897305827156380e-09 -1.951868198933527149e-10 -1.665972490615169636e-10 2.021347511655857726e-09 1.027060549617565800e-09 -1.624204390594830696e-10 3.614657092607546047e-11 1.545114574015700011e-09 1.054698198607899989e-10 2.941691069507279128e-10
8.670852844200982457e-01 2.835919564849809530e-09 -3.936160506147894933e-10 5.572457993952008144e-10 -9.129016740092914026e-10 1.801584775227096822e-09 -5.171910233985779368e-11 1.594595461726895860e-10 1.000005665877537059e-09 3.622033966393555763e-10 3.953309729691863519e-11 -2.889531070613710741e-12 -7.102746837839986461e-10 1.946888380787104648e-10 -1.517854806189461926e-10
8.712764316473343706e-01 -2.062569792189643797e-09 -9.207496038516823842e-10 2.870667145524158477e-10 3.398615807541860905e-09 -6.069489620462893434e-09 -9.830512328222392756e-12 1.370750807457863085e-10 3.581228022538638308e-09 -1.173951484678788979e-09 2.401601951484082126e-10 -5.594479704425558940e-14 1.614981837576281259e-09 -4.589224719525045258e-11 -2.486949403646058382e-10
8.754762476624626810e-01 -1.125624834657741218e-09 -1.115631915389469310e-10 5.732367139348702599e-10 2.190209921254109293e-09 1.722012915730254474e-09 1.728647576815001845e-10 -2.100014694693363213e-10 3.382986294638574036e-09 2.172197534359060638e-09 -5.628231905402185987e-11 1.191334981077928360e-11 1.905469720536612361e-09 6.157057164561806159e-10 1.537068721229692730e-10
8.796707865602606535e-01 4.524312857926670952e-09 3.712957228393390292e-10 2.190899977914217057e-10 -1.889734655995996598e-09 2.321146871761061690e-10 3.540992919667530026e-10 -9.294073069803462163e-11 -1.211346875392812766e-09 4.877276984822007323e-10 3.839926682787250464e-11 -2.276168960191321218e-10 -5.943227851604755925e-10 -9.058070898661618002e-11 -4.765481547111711996e-10
8.838562222970675064e-01 -6.647304824730114414e-10 1.501131919369043625e-10 -6.443568835809617492e-10 -3.652161451589599164e-09 -5.798598377863693607e-11 1.493018051380684568e-10 -3.253514955577949868e-10 -2.321386272811307433e-09 -1.261044894715320219e-09 1.180500473256320333e-10 -4.174556601380767756e-11 -1.272213835437098486e-09 -4.164691395398101688e-10 -9.465790915553302648e-11
8.880381764417510926e-01 7.546527875378039056e-09 -1.718846617490740842e-10 -7.499430527737630477e-11 2.382944593424459513e-09 3.919218503476702644e-10 6.891010267452219950e-11 -2.729398520074582045e-10 3.235381129027677228e-09 1.554032450353215649e-09 8.899721078386223157e-11 -6.159842553256299709e-11 2.076221092186799795e-09 4.686981495732503610e-10 5.389032929511802939e-10
8.922270316229049536e-01 -2.675182442742631856e-09 5.808159612919729316e-11 -2.902853721373536806e-10 -9.527283226940274135e-10 3.247960828663098489e-09 -7.159899449341538526e-11 1.803199899317416873e-11 -1.566834480481759044e-09 9.099749837948862408e-10 -9.824440542301997599e-11 2.134194886511231483e-11 -8.310054878817541060e-10 1.822965268369405209e-10 -2.122777028928168716e-10
8.964225585562245469e-01 -2.478857633549316874e-09 2.436927442922105936e-10 -3.162807539585265353e-10 -5.676418132562125356e-11 2.381329964090737258e-09 -1.334734826527096219e-10 4.653638150080363840e-12 -1.115628668312678391e-09 7.624244623987539362e-10 -2.888208078712628168e-11 -6.809296800773607911e-11 1.068955017862482520e-09 1.450270214177534497e-10 -1.595901010822110142e-10
9.006049913569987853e-01 -2.451370651380110511e-09 4.799126685452699787e-10 -2.078673093990539958e-10 -3.671586570497028384e-09 -8.838429755626667788e-09 -4.324801968562113553e-11 -1.560442719105692863e-10 -5.190515458881116028e-10 -2.347796501218566310e-09 9.174067775040826526e-12 5.515035922671197754e-12 -3.043707191988240914e-10 -6.087960992440805882e-10 1.217976409879728300e-10
9.047836582182254839e-01 -2.229581228157496510e-09 -7.225989493923743371e-11 5.277804279774335955e-11 4.597479918014863501e-09 2.623582806960414471e-09 1.268758541764570407e-10 4.274832568959633679e-11 3.399122421336504429e-09 1.383986411049136568e-09 -1.310324474337713768e-10 3.237164812233282178e-11 1.380826894293103029e-09 1.474680592968251871e-10 9.350754573643623049e-11
9.089780964569278421e-01 -3.935236447953547983e-09 -8.078940735159067645e-11 -5.641018802427268922e-10 2.795934724200428751e-09 1.410364810717234455e-09 1.279060388988547025e-10 -8.352472437922387224e-11 7.446303683270816356e-10 1.444729348761496832e-09 -5.713037252825908685e-11 -4.048754329201544613e-11 9.819072278846630547e-10 2.035716113073968404e-10 2.455062806423401628e-10
9.131704587403689510e-01 3.081226173016965733e-09 7.959870982982439774e-10 -2.071357139334213852e-10 1.711674669819286745e-09 6.424393469654727296e-10 -3.096085285837536700e-11 -2.017229637432278424e-10 1.754088961730129427e-10 -4.870195140462120017e-10 1.434761147237359619e-10 -1.312938086799604490e-10 -3.867488118191317841e-10 5.532270246558908009e-12 -5.113464048314575133e-10
9.173547920329833127e-01 1.587208838434771771e-09 3.586453766729636085e-10 -9.051225699411830335e-11 -2.846706352294269450e-09 -1.637989018067611609e-09 -1.412261344719409362e-10 -4.830865330652865267e-11 -2.598526455283753295e-09 -1.688506231910397356e-09 -1.382468000790240812e-10 1.234156042809837617e-10 -1.062550606980175181e-09 -1.823171196282040428e-10 -1.213515736401588951e-11
9.215425617950214754e-01 4.829218173217928121e-09 2.620048879174928739e-10 -2.117986456840866073e-10 -9.586949777172302638e-10 -3.047876605227589748e-10 -3.617267049390657066e-11 8.103457606070842209e-11 1.475397673945807501e-09 -2.931908970503593682e-10 -1.029547217768582677e-11 7.028521005097602424e-11 -1.121998467821276640e-09 -3.089732689967364240e-10 -4.860869934105110112e-10
9.257400405750663142e-01 1.420946727919927430e-09 2.959093200448422728e-10 -3.351943261407118855e-10 9.418061044356287268e-10 2.219902321280166793e-09 -3.602319232811960408e-11 2.234901665272696417e-11 1.255979928301548950e-09 6.429252701409641842e-10 -7.824973373790337956e-11 6.283911612625711976e-11 8.873381072006604538e-10 3.711320922100243835e-11 4.778880941671918540e-10
9.299303352268617484e-01 3.229308986011197502e-09 1.066836645207563195e-10 -2.432259608562486090e-10 -2.502753317836984085e-09 -1.453194385260035615e-09 -1.232666152018389798e-11 8.205536232435456282e-11 1.397185538655157141e-09 1.205978726378002471e-09 2.015469680149483715e-13 -4.684879496185777542e-12 2.055611371575282965e-09 4.586806016051399431e-10 8.343518342089073380e-11
9.341108300097852313e-01 -6.887712312779733151e-09 -1.139294963922753375e-09 3.058295505460752019e-10 2.192772233038109770e-09 -3.275511162796527760e-10 -2.076872887345698271e-10 -6.563491515918726163e-11 2.903520507182140087e-09 -7.906929903238240128e-10 -1.762952816103081097e-10 9.853245828159978916e-11 2.029364137858658882e-09 -4.882483335952386336e-10 1.872329065350506574e-10
9.382896253999645220e-01 -6.323043982717367372e-10 3.288162129203685759e-10 -1.107602597382665176e-10 -5.570578487470478899e-10 -1.190737406274772266e-09 1.253771192211577828e-10 -2.202347715220830759e-10 2.242134979809814888e-09 1.130717330318166023e-09 1.452346533534846906e-10 -1.404481946033343151e-10 1.009820739081286188e-09 4.795744643239301540e-10 9.560299362229376038e-10
9.424819561228944265e-01 3.960046480414592667e-09 -7.881858572229852236e-10 7.481411785985890006e-10 7.644346991580673928e-12 2.011814285350232268e-09 -4.474059971596006659e-10 2.844633325162942048e-11 -2.727086401382733754e-09 -8.272005840549869071e-10 -4.738877473218112339e-11 -3.234836863498132454e-11 -1.429284876125813859e-09 -3.983191936429424746e-11 -6.566375995458912637e-10
9.466849863120379016e-01 -1.817772432375556105e-09 -1.713765531474856321e-10 5.883208911517624856e-10 -9.767636489198022307e-11 -1.403464114582328653e-09 -7.234075428008220652e-11 3.498558146983334880e-11 -3.373790820139665333e-10 -8.024082776191923340e-10 -5.081474777533890017e-11 5.961198159287977946e-12 -2.891692568415685196e-10 -3.990245902936965340e-10 -5.534044786612453737e-10
9.508714331057195324e-01 -2.987953912905316858e-09 -6.376965380246963922e-10 3.470129450358219994e-10 -4.624825525405316291e-09 -4.018309004673212338e-09 -4.417875716212129571e-11 -1.142310049531854623e-10 -1.555374904025714837e-09 -1.972423269115454398e-09 1.343219489537575941e-10 -2.120984434744254684e-10 4.725918820863193026e-10 -5.509900342164915538e-10 -2.028184983517660351e-11
9.550563230073290111e-01 5.090514648265120875e-09 -3.929857171953760096e-11 4.242579943444550249e-10 6.989075409109918141e-10 1.576749505623236675e-09 -1.383603800187471832e-10 9.873623344025971080e-11 -7.415684859703566092e-10 -2.025253432647015482e-10 -1.446011985254488584e-10 2.217440188936819023e-11 -8.218160333530392278e-10 -2.898231398149889235e-10 3.337510004583759519e-10
9.592513211539739348e-01 4.520718238502161298e-09 -2.428446022624155197e-10 4.913814328754440809e-10 -1.481008835924114101e-09 6.250144692032897782e-09 2.393889887425120714e-12 1.879683590538915738e-11 -3.195462241562802047e-10 1.275834905005757756e-09 -1.049455902761232514e-10 6.600859182041172345e-11 5.005033751532145486e-10 2.494957101781380848e-10 8.717932856742147852e-12
9.634451052878124644e-01 1.606902452147888879e-09 -9.472508708810160442e-11 -1.026047782121868636e-10 2.025736438783134486e-10 -1.011586487129131231e-09 -1.888238896050067401e-10 8.636375017794369379e-11 9.097775971738871815e-10 -1.327455042778233445e-09 -1.627622848938530910e-10 1.784460663511010040e-10 -3.162654543278873216e-10 -6.384624946032852483e-10 1.739934578225343232e-10
9.676230540453005791e-01 -1.836489777684945823e-09 1.230229237068512881e-10 -3.217582439628287036e-10 1.888177175687295186e-09 -7.585342990218834220e-10 -1.787124636723393579e-10 5.121159688974282251e-11 -1.984382543631514247e-09 2.518977109755878394e-10 -5.592375233125506185e-11 4.919209858516859667e-11 -7.042861791538147807e-11 2.083795050847975679e-10 4.084981612076338137e-10
9.718094297475188270e-01 -5.147454270876456010e-09 1.667172523419163573e-10 7.769527863082020245e-11 -3.802006040072116733e-10 1.731824024090562441e-09 1.808416112760164430e-10 -1.441159914323194928e-10 2.323320029914968548e-10 1.661470687026110982e-09 -3.347166163783392097e-11 5.189718738822089783e-11 -3.233016069534853736e-10 3.430196648909900827e-10 -4.692773750439777267e-11
9.760091362076940280e-01 -1.822119190088992455e-09 -3.235083852340338433e-10 4.764732655579068289e-10 -6.940569689926130513e-10 -2.167934023856154145e-10 -1.426332362150233351e-10 1.337088216186359021e-10 2.265914472816309114e-10 -3.861393277406703448e-10 -6.464820522411260132e-11 8.159853003224158668e-11 8.356272164064676442e-10 -6.898081470274392517e-11 -1.669283859626934284e-10
9.802075838006468755e-01 -1.155445537858145424e-09 -3.748426655923393339e-10 8.947420139951168330e-12 2.823449900141338050e-09 6.010433310469049826e-10 1.317224550943886884e-10 -5.650504148582508666e-13 1.363645303254670842e-09 9.611875597642241136e-10 7.988908579122678391e-11 -5.071260501802741582e-11 -2.931080070341598478e-10 2.280414699524139057e-10 4.959194599269655646e-11
9.843901124947946890e-01 -2.945915143822452440e-09 2.162903669280963903e-10 2.010529752209180583e-10 -2.391666550920668575e-09 -2.192366668533636626e-11 -4.847451621127326769e-11 1.077256706755928576e-10 1.072521642254744837e-09 1.614710312323710230e-09 -9.557674811436204088e-11 -1.292992872597092353e-11 1.035822689302380931e-09 3.411577360962329772e-10 1.642674105181330460e-10
9.885650797815361823e-01 -5.122754555106109117e-09 1.655835014210827887e-10 2.549620231370026701e-10 -4.787658722443103658e-10 -5.667387950528664341e-09 -5.372564834889825525e-11 -3.404866105956440088e-11 2.461695705173488813e-10 -1.620091163601847274e-09 8.709535683095531627e-13 1.645029039941684575e-11 3.835977594298720036e-11 -1.574747744916820269e-10 -3.719851057472621291e-10
9.927561705083151056e-01 3.599445768126741131e-09 -2.704151279330649200e-10 2.133862418130310362e-10 7.125497926841312742e-10 -1.113253127960483156e-09 -2.819742848701433148e-10 1.087338600747212807e-10 9.642786943834982634e-11 -6.192320393508173124e-10 -1.328470036186730605e-10 -5.487550634066277334e-11 -2.256300994160478981e-10 -3.646377592961164931e-10 2.230601158951939536e-11
9.969400597939003239e-01 8.679110939599126848e-10 -7.370644804002553923e-11 -1.590227845760941141e-10 4.233444091417416511e-11 2.651558387094035467e-09 2.430588541512988073e-11 -6.675938721170636902e-11 -5.501100712184489096e-10 4.069546967943807792e-10 8.212859527558024069e-12 -3.717234038397822860e-11 -1.728625272919080602e-10 1.014969148750958773e-10 8.390348824576679797e-11
1.001125867816581083e+00 -3.123782051904649094e-09 -1.565445405740327331e-10 2.177089236626943735e-10 3.806369064609839306e-10 2.100057379305783084e-09 -5.016775820278364175e-11 -7.818414884731357987e-11 1.118980812563241109e-09 2.656951855451387294e-10 -2.189074662981009269e-11 -1.386648775105978773e-11 -8.239158337132737597e-11 -3.329818233623777926e-10 -4.451217276556452012e-10
1.005315482813002204e+00 4.997119106360065925e-09 -3.775813097476587798e-10 -1.809799080787438495e-10 1.737722200520437175e-09 2.962694748044632813e-09 -8.518013193450324336e-12 -4.508638179542830989e-11 1.851042946004339371e-09 1.477254261273997725e-09 7.653914019820051004e-11 -6.450530570825672933e-12 -9.894677766335385925e-11 2.683319574348981730e-10 5.761542969682134276e-10
1.009503724426713545e+00 6.678658099539113974e-10 6.021076981147834896e-11 -2.666521942456436563e-10 1.991171955046240620e-09 -2.084988212799257146e-10 2.452073607705964957e-11 -8.331343964327090619e-11 1.343336149904922256e-09 5.115352994104078119e-10 7.861568460224307707e-12 1.134859683363466065e-11 4.034137596192766865e-10 2.598019066592884088e-10 -3.477611533078399175e-12
1.013699103815393299e+00 -1.367394494708679226e-09 -7.013539342173665953e-10 -1.179904313652267824e-10 -1.154708370408259762e-09 1.200251133401551124e-10 -9.935145732428904321e-11 -5.795907822596226918e-11 -9.896261889106773823e-10 6.900523014768453907e-10 3.027649301691177476e-11 -6.063339342645329005e-11 1.942664736862786844e-10 1.312543463297159246e-10 -1.781162707242387413e-10
1.017885842421875964e+00 5.441669390663469843e-09 2.803901391980996335e-10 -4.603185948554077851e-11 1.087815106552066367e-09 1.270500920916021744e-09 -5.966543914491388429e-11 6.812144753101776247e-12 -1.016345427913947505e-09 2.774301942655170546e-10 -1.046778319860485614e-10 6.856548935524041952e-11 -1.890763712787907179e-09 1.563417682669693497e-10 -4.149685550308950300e-10
1.022076284359184406e+00 3.261991589250380053e-09 -4.234277984281562206e-10 9.451947675592040669e-11 3.816045871262034090e-10 -1.005227087078206082e-09 -1.002277375580481251e-10 -7.425080419686781056e-11 9.548096953352204441e-10 -1.587113358454406809e-09 -1.128918424714725290e-10 1.029281108598357722e-10 -9.208582655621987706e-10 -1.632628136828614567e-10 2.399176795976728326e-10
1.026273875264014812e+00 -1.795106416250210572e-09 2.144187019496090246e-11 6.241457795506208761e-10 1.385250314466597654e-10 1.077989739467841001e-09 -1.260773882488027550e-10 1.280315658096079503e-10 2.949715584838447597e-09 3.826414259431285078e-10 -7.544971492708482274e-11 2.274986658128631448e-11 8.090236112640620677e-10 -6.580165841477994285e-11 4.374712865763946197e-10
1.030463237552156075e+00 -1.219580961610398413e-09 -9.660983213278891317e-10 3.841163882168794894e-10 2.587311271074206836e-09 -1.625327282837726939e-09 -3.351739333703643354e-10 1.515219755869043613e-10 -1.182020706972908226e-09 -9.545714867570563607e-10 -5.204518896992330471e-11 -2.161439275403934702e-11 -1.816499864032282230e-09 -3.326388728595534335e-10 -5.247517877970242455e-10
1.034646639530784062e+00 -1.552933530470984172e-09 -1.886830879772937116e-11 3.996043983543500227e-10 1.844771011989847464e-09 -1.287407178788064446e-09 -3.017686740806329900e-11 1.759857737136051349e-10 -1.548249545977778608e-09 -1.464308234855876784e-09 3.412693662334629234e-11 -4.972105306699601160e-12 -7.152164418730210432e-10 -4.036058445912427178e-10 -1.994859376595370305e-10
1.038830480088573260e+00 4.825707434579178611e-09 3.753937777294730028e-11 -7.310561019521799057e-11 -9.088955287140489687e-10 5.121040574324105868e-09 6.244440847912870968e-11 -9.404389072391209136e-11 -6.829616842025872877e-10 3.331138791613266400e-09 -9.320934906849576285e-11 -1.559666013662869890e-11 1.377477707114578975e-09 5.565090712559924562e-10 7.659564329598160954e-11
1.043023229532383578e+00 6.254456366599488306e-09 -6.628964708794538496e-11 -3.264229271035008953e-11 1.249287541828171658e-09 -1.042212261856535540e-09 -3.636505351815445322e-11 5.022093142968059440e-11 3.392547032075304380e-09 -1.880107581879639324e-09 9.245866537571414689e-12 -3.313012165171329496e-11 1.468013700485381023e-09 -3.751390258448403071e-10 5.204519503792656175e-10
1.047211320931656031e+00 -2.694471878829875477e-09 -2.197491451025970544e-10 1.282353367526544929e-10 -1.279112743723301388e-09 -1.800097855511936991e-09 8.975713613730913490e-11 1.400189493475754570e-10 -2.581816387139043888e-10 -2.019321819994968108e-09 -6.532792643603428873e-12 -1.587003977669824418e-11 -1.346802970611921063e-09 -5.396304524170000007e-10 1.340528077094702168e-10
1.051395396220772938e+00 9.579160249087484450e-10 -8.957383458710281336e-10 5.819024293981719196e-10 -8.897990228120740558e-10 4.457300059799073034e-09 -2.321429904395011636e-10 1.134667247915628415e-10 1.500451332965945684e-09 2.142217454775731077e-09 -7.842819608623510386e-11 7.664607184598661725e-11 -1.445191487559260573e-09 9.618520603310317800e-11 -2.538404859243867048e-10
1.055587561333155788e+00 2.019231764611465583e-09 -4.619075514441232480e-10 2.797483511110096494e-11 9.895774156988509563e-10 -3.428365248374267554e-10 -1.693632948061817285e-12 1.507570589791495944e-11 4.966123524722819942e-10 -1.618573684479408196e-09 -2.516002012293562672e-11 -6.980543676497467037e-11 -1.838827827688518999e-10 -4.293618256603525691e-10 1.549437006600388439e-10
1.059780855230085139e+00 5.307214052263068101e-09 -1.597553935501368575e-10 -1.203646811263367096e-10 1.694621419064322092e-10 1.001240145056358372e-09 -3.505006709555225091e-10 1.729972853377216109e-10 -7.758176255689250881e-10 -1.553063683950436002e-09 -1.149934422047733217e-10 9.405267249023257618e-11 -1.135636481363560146e-09 -5.257813228480188365e-10 1.300856386072485024e-10
1.063968553353427993e+00 -4.411853523628713326e-09 -1.032650406741525631e-10 7.403211151422556393e-11 -1.598291413596352116e-09 -3.399945460533714375e-09 -6.096289453252741945e-11 -1.471900745342097721e-10 -2.435424926105596135e-09 -1.186471367793824976e-09 5.908550333467983001e-11 -1.508862394318384943e-10 -2.226335214008388570e-09 -1.499405761519309492e-10 -2.417288553566762152e-10
1.068144877931138659e+00 -4.103020921817851122e-09 3.242606022731918021e-10 -6.571776708654889347e-11 -7.394101295485225403e-10 -2.650847480703895696e-09 -4.726881411949263306e-11 3.794292513841747839e-11 -2.312973453667376786e-09 -9.456900546966042191e-10 -1.888110544712194169e-11 6.295342233069293838e-11 9.138391244386160931e-11 -6.502504226911863311e-10 -4.563643963260509123e-10
