# Columns: ('k', 'S1', 'S2', 'S3', 'S4', 'S5', 'S6', 'S7', 'S8', 'S9', 'S10', 'S11', 'S12', 'S13', 'S14')
5.345493089407682419e-03 -2.482393052842881698e+00 5.180358072916666288e+02 1.359732564290364465e+01 1.113596428765190893e+01 -3.453634897867838394e+00 1.419479437934027715e+02 1.011063130696614465e+01 1.789299180772569287e+01 -3.010995652940537948e+00 1.239565158420138857e+02 4.907041761610242858e+00 1.328793928358289911e+01 -4.190482563442654018e-01 3.477976693047417189e+00
9.344366739594166943e-03 1.858968820879536210e+01 5.703527595766129252e+02 -2.015152666645665391e+01 1.380676761750251913e+01 7.874083980437247554e+00 2.165794795866935374e+02 -1.290344336725050312e+01 2.914513372605846797e+01 5.658326179750504004e+00 1.303952951738911281e+02 -1.099867494644657206e+01 2.079092899445564413e+01 1.286349758025138623e+00 4.625842186712449511e+00
1.312833575873958818e-02 6.613277513153698273e+00 5.208845663265306030e+02 -5.151783223054846417e+01 2.624986547353316269e+01 3.023276815609055923e+00 1.875983139349489761e+02 -2.270662019690688638e+01 2.462005739795918302e+01 3.749080424406090462e+00 1.179092893016581485e+02 -1.330959771603953889e+01 5.027505680006377098e+00 9.246963968082348995e-01 -2.121108697385203801e+00
1.700891779646987109e-02 -1.763629092261905029e+01 5.513005208333333940e+02 -6.233016183035714874e+01 7.758458891369048160e+01 -6.254231770833333925e+00 1.690778645833333371e+02 -2.143297991071428754e+01 1.210994419642857309e+02 -5.695853678385416785e+00 8.706568080357143913e+01 -1.086363467261904781e+01 7.283855096726190936e+01 -3.122343517485119513e+00 1.541942661830357331e+01
2.135270783943789275e-02 1.626090541294642833e+01 5.683457142857142799e+02 -1.056608928571428550e+02 6.652597098214285154e+01 -7.806919642857142183e-02 1.832026785714285779e+02 -2.752376674107143018e+01 9.645467633928571161e+01 -5.708979492187499893e+00 1.003842857142857099e+02 -1.011942034040178484e+01 6.730549665178571672e+01 -2.635060163225446228e+00 1.878577845982142946e+01
2.564347439342075027e-02 1.933180989583333442e+01 5.374130555555555020e+02 -1.820549652777777681e+02 1.106861284722222223e+02 1.081825737847222157e+01 1.966843055555555679e+02 -7.128398871527777203e+01 1.618945138888888948e+02 8.381334092881944642e-01 1.024961111111111052e+02 -2.681417534722222129e+01 9.548416666666666686e+01 -1.633618706597222303e+00 2.277785373263888857e+01
2.962205054058980949e-02 1.704267675456810593e+01 5.085667566445183070e+02 -1.536021984011627808e+02 9.461633098006645071e+01 -1.204167180362333944e+01 1.733355871054817214e+02 -5.388758500311461574e+01 1.311104780938538283e+02 -1.519295220359219378e+01 8.446379905523255616e+01 -2.230620100965531449e+01 7.732856623754153702e+01 -3.925934953150955309e+00 1.764107597072259281e+01
3.361537140302770649e-02 2.325677185859580121e+01 4.071505905511810965e+02 -1.298119668635170569e+02 9.693156373031496287e+01 6.887360179831036433e+00 1.261552452427821436e+02 -4.080531803641732580e+01 1.296251742946194270e+02 3.623886308645013266e+00 5.459306307414698267e+01 -1.314599353059383269e+01 7.168707451607610892e+01 8.250573826587106474e-01 1.617654250738188892e+01
3.793950633336700545e-02 2.834316166812609339e+01 3.204614163747810949e+02 -1.094892868870402793e+02 8.101788255253940463e+01 1.283339604312609517e+01 1.165627189141856377e+02 -4.163112275612959934e+01 1.091775530866900112e+02 5.977404806534588610e-01 5.458391938485113570e+01 -1.475127585923817897e+01 6.062931671409807421e+01 -1.758532094871935181e+00 1.382159947597416760e+01
4.227894994616508695e-02 1.111856328125000104e+01 2.815803750000000036e+02 -1.281925500000000113e+02 6.327664375000000518e+01 -1.302807890625000020e+01 9.150577499999999986e+01 -4.145791249999999906e+01 8.747634374999999807e+01 -1.840505625000000123e+01 4.077817500000000450e+01 -1.636246875000000145e+01 4.798468749999999972e+01 -5.426549218749999959e+00 9.579593750000000796e+00
4.633325468672155889e-02 6.836456189986282084e+01 3.075189686213991536e+02 -1.434725651577503243e+02 8.910623499657063462e+01 2.163624453446501761e+01 9.702186213991768682e+01 -4.525353652263374471e+01 1.201359953703703667e+02 2.148437500000000000e-02 3.659511102537722849e+01 -1.255977928883744710e+01 6.479404042352537374e+01 -2.371612674414866007e+00 1.409820146390603490e+01
5.038752484052157893e-02 8.687310501653803385e+01 3.012415587100330754e+02 -1.572938257993384923e+02 1.002613096058434365e+02 3.585072698456449558e+01 1.013486338891951561e+02 -5.248971110115766692e+01 1.383839494900771854e+02 1.357072702763230510e+01 3.959803524669239039e+01 -1.666562801474641731e+01 7.236164036659316423e+01 3.802967681380065024e-01 1.454897670893054062e+01
5.464179025701254577e-02 7.019024764692377971e+01 2.401901256887052227e+02 -1.345941373966942081e+02 8.760441775711662160e+01 3.865844524793388359e+01 8.134199236685032020e+01 -4.379790088383838054e+01 1.263661329201101893e+02 2.389252611340679522e+01 3.210597093089990750e+01 -1.359348276802112032e+01 7.215298582415059059e+01 3.680288323576675680e+00 1.606166422750229472e+01
5.886817576171304162e-02 7.929818855084066342e+01 2.165035528422737912e+02 -1.298059697758206426e+02 7.745806645316253025e+01 4.614085956265011390e+01 6.726773919135307267e+01 -3.859038168034427230e+01 1.087092674139311441e+02 3.679980234187349453e+01 2.603972553042433802e+01 -1.268726700110087968e+01 6.123411228983186305e+01 7.878315933997197540e+00 1.317123698959167299e+01
6.290140616743733482e-02 5.481596824942791812e+01 1.760299032227307521e+02 -1.024649718726163314e+02 6.269258319031273885e+01 1.769218690408085592e+01 5.637947535278413369e+01 -3.279750667429443212e+01 8.197261155606408067e+01 4.663036774170480570e+00 2.139538490417620409e+01 -1.094408788615560724e+01 4.181413281845919272e+01 -2.727499815637514646e-01 8.151148932112890932e+00
6.703999982739437813e-02 8.200546734571599927e+01 1.735866349610545285e+02 -1.093049168663870603e+02 6.947328115638106283e+01 5.091173606950269459e+01 5.771652186938286633e+01 -3.652078106276213276e+01 9.099552501497903734e+01 3.279026316282205045e+01 1.980956972738166755e+01 -1.045855957908927536e+01 4.517436058268424404e+01 5.293036623726782963e+00 8.911215314185140457e+00
7.134254604642074893e-02 7.312386653680817972e+01 1.579121440085975507e+02 -1.052138215341214504e+02 6.927884034121440493e+01 4.682699993283181072e+01 5.464935266657711566e+01 -3.563744290703922957e+01 9.468567806286942812e+01 2.928458322138635239e+01 1.913060014777001783e+01 -1.055676761485760373e+01 5.003342037211177029e+01 5.044369836445460109e+00 1.036033529520419272e+01
7.561818311969153994e-02 8.773569394484412953e+01 1.481679706235011906e+02 -9.640326738609113022e+01 6.342834982014388601e+01 4.855747901678657286e+01 4.899711480815347642e+01 -3.219458558153477412e+01 8.705085431654676142e+01 2.984520758393285433e+01 1.650096485311750527e+01 -9.196245503597122450e+00 4.594196642685851373e+01 4.932136166067146554e+00 9.704191022182254045e+00
7.973924982214039558e-02 8.916193638136759603e+01 1.361119206057824726e+02 -9.259311180587425838e+01 6.099489444699403862e+01 4.742684430931620199e+01 4.534401173129876383e+01 -3.049136286714088939e+01 8.473215207664065929e+01 2.886527112494263392e+01 1.541840974931161057e+01 -8.911533028338688212e+00 4.528899079279486273e+01 4.940194398233134443e+00 9.460506360429096873e+00
8.385356877962653332e-02 9.310991507747317542e+01 1.173431912991656674e+02 -8.021256704410011196e+01 5.752329161700436799e+01 5.473779549066348693e+01 3.864328193285657420e+01 -2.659665834823202246e+01 8.005112733412792636e+01 3.570491594656336787e+01 1.278313716726261440e+01 -7.704706433750496686e+00 4.200674165673420646e+01 6.393277665002980115e+00 8.474879413736591260e+00
8.809929214337092196e-02 8.592505797164858450e+01 9.940778132656632238e+01 -6.764529007700384966e+01 5.135318953447671930e+01 4.968915164508225502e+01 3.335045228823940988e+01 -2.292798936821840883e+01 7.137017632131606604e+01 3.201780167133356514e+01 1.090631289376968738e+01 -6.421303487049351943e+00 3.704118721561078331e+01 5.544473756890969440e+00 7.415428388606930099e+00
9.230415729057904473e-02 8.551165997993982160e+01 9.161193998662653826e+01 -6.264857071213640438e+01 4.447092318622534179e+01 4.737946130056836580e+01 2.903534562019391529e+01 -2.007069124038783059e+01 6.052092736542962115e+01 3.000693225509862927e+01 8.979655111166833237e+00 -5.247025581954195772e+00 3.100773675192243317e+01 5.303171232447342121e+00 6.258184710381143212e+00
9.643309047658384092e-02 7.108038283853377948e+01 7.540696474553165274e+01 -5.166131001969100112e+01 3.966961242805210475e+01 4.181827003180854518e+01 2.496940321114813699e+01 -1.693344819751590435e+01 5.561805608149045810e+01 2.684735922826416399e+01 8.386998021432898298e+00 -4.852203877612844884e+00 2.955699267267494790e+01 4.695786433088458445e+00 6.032904328233868796e+00
1.005689403076158450e-01 6.729635781907433056e+01 6.609429347826086598e+01 -4.493909537166900492e+01 3.987842741935484270e+01 4.554305750350631143e+01 2.342201086956522005e+01 -1.571047510518934232e+01 5.832202840112202580e+01 3.235794398667601968e+01 7.974140953716690738e+00 -4.431470240182328268e+00 3.138313025946704116e+01 6.031212197580645196e+00 6.438368359922861828e+00
1.047818677762802908e-01 6.203811924321632887e+01 5.964757592730893521e+01 -4.120894401916853411e+01 3.293327965521533685e+01 3.628079101319392663e+01 1.944666028752800457e+01 -1.349130356142643805e+01 4.519301951082897517e+01 2.329735732511824864e+01 6.294876657020163968e+00 -3.782542359036594526e+00 2.310673777072442192e+01 4.019322177620114900e+00 4.509495289550659258e+00
1.090277847809041356e-01 6.064103532419242271e+01 5.233255867999070432e+01 -3.496592856727864529e+01 2.991351419068092099e+01 3.711219643272135471e+01 1.734663316290959756e+01 -1.163401805426446600e+01 4.306496920752962865e+01 2.541417688240762374e+01 5.699282295782012397e+00 -3.198695858993725327e+00 2.303907520915640106e+01 4.617853369015803011e+00 4.708221825615849454e+00
1.132170039508717807e-01 5.583298519192587150e+01 4.616894165012133300e+01 -3.022501654533421345e+01 2.584202652768586006e+01 3.369713076329141899e+01 1.501759148191043458e+01 -9.882142069269798768e+00 3.718377040591219895e+01 2.350383817284359012e+01 5.118543872711228460e+00 -2.850138911868519642e+00 2.033256466468122525e+01 4.474508551869623041e+00 4.242459377757555217e+00
1.174008294871188018e-01 5.158167285685605208e+01 4.232832889981931146e+01 -2.766147297229472102e+01 2.469127214665729753e+01 3.288937964264204084e+01 1.409068993425015037e+01 -9.036587469885565937e+00 3.590686483637824011e+01 2.335553540955631391e+01 4.928449592827745640e+00 -2.581978902642541485e+00 1.976683898815499063e+01 4.492440022083918905e+00 4.180792480174663872e+00
1.215998224695146873e-01 4.202204680094786937e+01 3.377295023696682108e+01 -2.218174614928910060e+01 1.976821978672985836e+01 2.590521030805687275e+01 1.132853969194312782e+01 -7.379776362559241853e+00 2.885340343601895796e+01 1.822340491706161103e+01 3.866704309834123166e+00 -2.060422097156398014e+00 1.592864780805687097e+01 3.497008664099526154e+00 3.394110263625592427e+00
1.257670529567683493e-01 3.804563624621414419e+01 2.933617272403349574e+01 -1.884544806698735187e+01 1.686223805228932804e+01 2.271139820505968387e+01 9.596073707242116058e+00 -6.198429566408337976e+00 2.410576173614822793e+01 1.520070177489755991e+01 3.183210988998752988e+00 -1.711108002627828251e+00 1.297194013896312192e+01 2.782677524552378490e+00 2.691144232696419003e+00
1.299386816717305049e-01 3.525992610736044952e+01 2.585490850897414816e+01 -1.592042133212580346e+01 1.611363051621933096e+01 2.277205973159887975e+01 8.743475218178824449e+00 -5.350474178741972509e+00 2.392742981228387933e+01 1.649874701547834732e+01 3.148526907006421904e+00 -1.557600303083319648e+00 1.343601031203688478e+01 3.211435349086118940e+00 2.864491782273999920e+00
1.340949335765710126e-01 3.002386760272886335e+01 2.174702522608281896e+01 -1.333594121846739711e+01 1.245217679081389939e+01 1.765592649333650854e+01 6.933533015032525171e+00 -4.305452264794542572e+00 1.843987238219895275e+01 1.252306069530382437e+01 2.455856214302713170e+00 -1.269784880463668220e+00 1.040737545613200155e+01 2.441220326630176185e+00 2.228101635629859079e+00
1.382635144665005922e-01 2.625403926967106472e+01 1.869738534270395647e+01 -1.139910882480799970e+01 1.121997378097377229e+01 1.617528483190842081e+01 6.146575224605130394e+00 -3.750592928108245516e+00 1.613116305607882950e+01 1.101969823214026967e+01 2.082886255162295530e+00 -1.049536383993261879e+00 8.669954988407477359e+00 2.014848391537458649e+00 1.767010244212795289e+00
1.424925284902303357e-01 2.290145680832316444e+01 1.613568142537616623e+01 -9.773411024129048386e+00 9.594817507116713884e+00 1.392480746746644904e+01 5.268564351192896567e+00 -3.229943203961637366e+00 1.425824776331842081e+01 9.922169411684965468e+00 1.874634103463467483e+00 -9.413416488748813649e-01 8.042304205639148051e+00 1.935293236156296448e+00 1.732753617663006507e+00
1.466886314558672189e-01 1.933174073647492364e+01 1.332493089377385687e+01 -7.936714328024219611e+00 8.367447676714492744e+00 1.244567345662761504e+01 4.529631351191259370e+00 -2.679973642967618641e+00 1.279593918652099482e+01 9.227906574963800068e+00 1.701485526770435630e+00 -8.184681247531919723e-01 7.337595740917467246e+00 1.829139483513228859e+00 1.584438141700671210e+00
1.508619291163366127e-01 1.650701387200680870e+01 1.109528458125683770e+01 -6.566081006138325016e+00 6.697401657651634643e+00 1.007042170596815467e+01 3.652019455755439292e+00 -2.173367798103804649e+00 9.734769091102467797e+00 6.986084785614440129e+00 1.290001908730399993e+00 -6.335447734973258527e-01 5.315091030296584584e+00 1.304823770055913545e+00 1.099602727680199399e+00
1.550655720814744509e-01 1.468694801504022251e+01 9.609528936399673427e+00 -5.539450984464264316e+00 5.771042377142356905e+00 8.873956147254284943e+00 3.099074924215926341e+00 -1.799006882505538085e+00 8.519561764020053829e+00 6.204529100355602012e+00 1.100427560627258883e+00 -5.287015669632446624e-01 4.724366856855543695e+00 1.169992353277661046e+00 9.899195568453421634e-01
1.592593054631499527e-01 1.231422366007883440e+01 7.880047800558414473e+00 -4.405104600076644950e+00 4.948974529179896997e+00 7.720475370907696977e+00 2.596448404823168854e+00 -1.455182164780192799e+00 7.508024642778933888e+00 5.628747570623015228e+00 9.799536835856235140e-01 -4.507943699188382558e-01 4.345909921438738444e+00 1.113426563526497270e+00 9.489089830491076460e-01
1.634144798183441161e-01 1.097005000000000052e+01 6.985675833333333529e+00 -3.864257083333333398e+00 4.349919166666667003e+00 6.854280416666666653e+00 2.304104375000000093e+00 -1.289334999999999898e+00 6.518053749999999980e+00 4.919385416666666622e+00 8.544120312499999814e-01 -3.953888541666666923e-01 3.679825000000000124e+00 9.447291666666666199e-01 7.773891145833333738e-01
1.675823816150099899e-01 9.006272703123455514e+00 5.633761166230107698e+00 -3.034310674483542414e+00 3.546850289117327026e+00 5.656297877335178192e+00 1.873472365511021032e+00 -1.020054136138430323e+00 5.332904239151922354e+00 4.064851781036868061e+00 7.022490185146288422e-01 -3.162847226512305876e-01 3.010257526008203843e+00 7.796077880980033514e-01 6.353935323897894616e-01
1.718045808093531246e-01 7.687821969696969404e+00 4.732865675990676202e+00 -2.483906432109557194e+00 3.050340909090909047e+00 4.973551864801864397e+00 1.598081657925408017e+00 -8.308811370920745620e-01 4.728097319347319250e+00 3.724230405011654810e+00 6.349415883595571630e-01 -2.666041120337995229e-01 2.787103001165501137e+00 7.488875837703962146e-01 6.139097100815851249e-01
1.760135070798979073e-01 6.264615443720972898e+00 3.820515265003187277e+00 -1.969256023187778926e+00 2.497906006681996249e+00 4.086390697568527131e+00 1.299674135296193356e+00 -6.724983245207631910e-01 3.895443692514342970e+00 3.059499433680903380e+00 5.203472902058100535e-01 -2.227926494840520022e-01 2.298902116439759613e+00 6.120154805744012494e-01 5.047644884487979544e-01
1.801930856696074279e-01 4.899566985977325650e+00 3.007920387221890923e+00 -1.560122818280624157e+00 1.858544534779643875e+00 3.035459266580001980e+00 9.787065920424516952e-01 -5.121234935747165373e-01 2.832745170381894440e+00 2.215657399465092769e+00 3.772147265391910254e-01 -1.624465850031433789e-01 1.648784803618617456e+00 4.383805795008950956e-01 3.605518115063719997e-01
1.843742315857553882e-01 4.419975979535812449e+00 2.657525924683886487e+00 -1.319459825513684459e+00 1.675066030280342844e+00 2.804083738873637710e+00 8.816278868750520026e-01 -4.381245986840737183e-01 2.611298066924548689e+00 2.099333328134098675e+00 3.538887919448257535e-01 -1.433200821901516042e-01 1.549217905124365746e+00 4.227992452011063995e-01 3.428355846019465747e-01
1.885797910080431738e-01 3.518023611539351059e+00 2.092937615624759218e+00 -1.017243370244931722e+00 1.335616972510213385e+00 2.240515758691127512e+00 6.958233265724966810e-01 -3.403167877514838291e-01 2.090594708721960959e+00 1.686070197477453014e+00 2.820655271706139500e-01 -1.129327384579992960e-01 1.242679959097741316e+00 3.395316534822322985e-01 2.747979351947313353e-01
1.927656394953895236e-01 2.906864099950225988e+00 1.723435166838961807e+00 -8.265961812734513581e-01 1.099194042422850126e+00 1.858311317865074086e+00 5.741805744003178891e-01 -2.731881808044260840e-01 1.708079826412818969e+00 1.386749559690634959e+00 2.321825577367620241e-01 -9.014457447330385953e-02 1.012804791594877241e+00 2.785072271158779422e-01 2.239596046069760593e-01
1.969014248243030341e-01 2.420770695484621537e+00 1.426806594470297229e+00 -6.727565548198574108e-01 8.927876673498509330e-01 1.514490872446011771e+00 4.664720879080927474e-01 -2.220767244533010942e-01 1.386618629798952895e+00 1.125800251536028362e+00 1.871012943766814374e-01 -7.322730260840816519e-02 8.255156971433504909e-01 2.270077508657201981e-01 1.835545895100159919e-01
2.010715633173454087e-01 1.987993247049817835e+00 1.162389986367233341e+00 -5.385979726097502862e-01 7.230912782546617956e-01 1.233846972192596203e+00 3.775470722880685526e-01 -1.757044615325896453e-01 1.127008897853161828e+00 9.229584716679282153e-01 1.538055867196638782e-01 -5.829069929884788531e-02 6.721712008876350453e-01 1.863262838238835817e-01 1.494161791805718176e-01
2.052920281681521186e-01 1.610587027914614167e+00 9.283420566502462723e-01 -4.141530685550082191e-01 5.940782789408867171e-01 1.028353858784893271e+00 3.073481758004926179e-01 -1.369831114018883467e-01 9.347130285303776320e-01 7.770571633825944513e-01 1.280195585103653388e-01 -4.672847954510467999e-02 5.624484298029556184e-01 1.575943048286124748e-01 1.253913947044335009e-01
2.095172134954577381e-01 1.243364592850166872e+00 7.171152992289395733e-01 -3.186375885557778398e-01 4.652615472008694852e-01 8.032277941095393725e-01 2.411071342779282922e-01 -1.070064929007702725e-01 7.329900545806816714e-01 6.076178520375212777e-01 1.011359961269768792e-01 -3.702191601673256172e-02 4.393858098103459175e-01 1.228059032344764046e-01 9.771132047051225844e-02
2.136973926115405542e-01 1.017531613372093080e+00 5.822102713178294309e-01 -2.519178476259689714e-01 3.746753875968992231e-01 6.527451550387597390e-01 1.938105317344961387e-01 -8.369693253391473353e-02 5.902542999031007431e-01 4.939093083817829299e-01 8.179286276647286524e-02 -2.906554702640503848e-02 3.575818495639535022e-01 1.008436213057170572e-01 8.059518834786821850e-02
2.178750580088065492e-01 8.597902600364963899e-01 4.871312728102190071e-01 -2.025948762545620452e-01 3.210240932937956093e-01 5.636439324817518193e-01 1.646706774635036674e-01 -6.798461735857665167e-02 5.244980041058394660e-01 4.448259010036496597e-01 7.336986770072992381e-02 -2.480866146783759080e-02 3.284021156478102443e-01 9.395132869525547881e-02 7.580466611541970823e-02
2.220823861956562617e-01 6.746273560458622143e-01 3.824549173753314379e-01 -1.604896761031900376e-01 2.494309858372821265e-01 4.383244893471117676e-01 1.285609109030363406e-01 -5.387123612749090268e-02 4.007910117687707996e-01 3.385678614807214881e-01 5.591430423048174975e-02 -1.945714842427864397e-02 2.472824051059119010e-01 7.031037218781731324e-02 5.647474861241855854e-02
2.262696194198526023e-01 5.170522382939013450e-01 2.926726773926826564e-01 -1.198933774084646187e-01 1.895686485322775339e-01 3.336797788466816517e-01 9.798703327420815734e-02 -4.028998778720597335e-02 3.053134713626008412e-01 2.586070928339600505e-01 4.291148410053109707e-02 -1.472228477885525848e-02 1.886850141265713487e-01 5.384688872880585148e-02 4.307771335025319809e-02
2.304259489101245229e-01 4.055873825699272683e-01 2.287451620219866366e-01 -9.285141840766147903e-02 1.490856304485563555e-01 2.637481713749270096e-01 7.680072402771880025e-02 -3.094953767092046767e-02 2.393743821652247750e-01 2.036956937745475205e-01 3.364678556945292082e-02 -1.131572230379392086e-02 1.465440333746881874e-01 4.189374923807288875e-02 3.297917933089737630e-02
2.345870463846415066e-01 3.400392414395327356e-01 1.905916526298544467e-01 -7.437241432375171768e-02 1.222226099245431880e-01 2.180490540858655291e-01 6.310001904711914911e-02 -2.459451338835525261e-02 1.989879677081742848e-01 1.708609596089733784e-01 2.817993505787302205e-02 -9.110022860519418481e-03 1.247609293284280135e-01 3.602817636558698633e-02 2.881432851349760918e-02
2.388019837064606632e-01 2.623104253292014576e-01 1.466007935271629037e-01 -5.621163150859363744e-02 9.281862820903540034e-02 1.660940074243832387e-01 4.798933287103811923e-02 -1.841692596908493448e-02 1.494962284970489663e-01 1.288071227535243779e-01 2.108313507491144101e-02 -6.626969514588136774e-03 9.293826454098876033e-02 2.692978766448758318e-02 2.136958010877076236e-02
2.430077036534963875e-01 2.058933896287976073e-01 1.149579771222602603e-01 -4.336310333018351948e-02 7.380844795975372019e-02 1.321483418541696264e-01 3.804570589222888016e-02 -1.444434276271216663e-02 1.188552893444230485e-01 1.024300216103860572e-01 1.694201638682368144e-02 -5.429306106447680594e-03 7.341071684599795311e-02 2.120902469946779959e-02 1.666775283882396264e-02
2.471758823520590620e-01 1.598835355469648278e-01 8.876588794658255011e-02 -3.304975820590940611e-02 5.740181156946999597e-02 1.030819090954817191e-01 2.947384467424264340e-02 -1.095498322508586808e-02 9.352239739020465348e-02 8.094070655610485776e-02 1.334088172658226025e-02 -4.182589511866952048e-03 5.844710844087721430e-02 1.696865479133134041e-02 1.339951982495976059e-02
2.513692271335918882e-01 1.251397470296704839e-01 6.926722854374535443e-02 -2.512717834421907340e-02 4.477603540582879293e-02 8.075666200159457853e-02 2.301467709205149911e-02 -8.336948005643217072e-03 7.308733860286475981e-02 6.362068997937726789e-02 1.045708032172074087e-02 -3.152161258862611580e-03 4.602144800658341389e-02 1.345577192412941540e-02 1.067815280410321262e-02
2.555723892733414715e-01 9.884922724366879132e-02 5.464399507668761535e-02 -1.930790902124791125e-02 3.462994513291000470e-02 6.255844632537418959e-02 1.788270265399507369e-02 -6.399389676707847863e-03 5.624803887553877363e-02 4.894993878527469783e-02 8.118423113115565137e-03 -2.467969905943088755e-03 3.532656837185584042e-02 1.030941952684401482e-02 8.177991090694289658e-03
2.597674079539822323e-01 7.751204381494058993e-02 4.260766282772789071e-02 -1.457352694615788626e-02 2.738620333642696747e-02 4.991747067376014341e-02 1.405488147901370194e-02 -4.748821513884669485e-03 4.492449973547493758e-02 3.957210094044774640e-02 6.497168121608157786e-03 -1.824899349691114009e-03 2.851337134781634780e-02 8.420423556479962601e-03 6.661336023341923353e-03
2.639178238801485610e-01 5.815492633517495291e-02 3.200092350799953883e-02 -1.090085642552946453e-02 2.056881268624027870e-02 3.746523981033865469e-02 1.058309768542497857e-02 -3.592984281680030884e-03 3.389400250345303567e-02 2.983735148736443507e-02 4.923581286688535549e-03 -1.404152361434833325e-03 2.167570341674979542e-02 6.403035007177843886e-03 5.100628201254603540e-03
2.680749044740857179e-01 4.448272116676203064e-02 2.444160491911393646e-02 -8.255682077780397005e-03 1.587299661103224249e-02 2.891871133453514583e-02 8.172884337789319137e-03 -2.744061196660145963e-03 2.620166305445503427e-02 2.306449106686071782e-02 3.815484267993723630e-03 -1.080731838350776526e-03 1.669578376139884898e-02 4.929504027519990977e-03 3.902080574513646771e-03
2.723023151079725368e-01 3.447700961721782836e-02 1.889166610698026286e-02 -6.225102418098019466e-03 1.201802424922582789e-02 2.197197018279719097e-02 6.191663976561056007e-03 -2.041124120660444373e-03 1.947753138937996856e-02 1.717791988396075858e-02 2.838637467827058967e-03 -8.004945094538254901e-04 1.222335242766685141e-02 3.607191839375057784e-03 2.821481556256788276e-03
2.765128983200950685e-01 2.622359519846402184e-02 1.435027501937518289e-02 -4.613279703725097804e-03 9.403465167892369886e-03 1.721818681431697834e-02 4.827712409805425334e-03 -1.541493080078196794e-03 1.558138291131775342e-02 1.382017804600333202e-02 2.287553301983748233e-03 -6.214555805744432625e-04 9.967665593815589267e-03 2.961599928213288439e-03 2.333080197493826377e-03
2.807027537381580062e-01 2.015138692123528280e-02 1.097958648043511655e-02 -3.455740084570209456e-03 7.128482618182766482e-03 1.309051057865489448e-02 3.657584826319105770e-03 -1.151768039722808005e-03 1.172484600822570715e-02 1.041437476491115406e-02 1.719496342738259910e-03 -4.630144944071162491e-04 7.453877970699350139e-03 2.215842416428488899e-03 1.736106061491348752e-03
2.848857026249724811e-01 1.543445121951219495e-02 8.374011863734244498e-03 -2.535914276442652847e-03 5.448400134362713608e-03 1.004358331908521314e-02 2.785932038456739607e-03 -8.416170367309956483e-04 9.178966741083078792e-03 8.209967537731920062e-03 1.355845421922841120e-03 -3.469615219687997398e-04 6.004891744474085725e-03 1.800243119797624060e-03 1.438040262323626818e-03
2.890807262117984777e-01 1.110834105281510720e-02 6.034666084116137828e-03 -1.841821614846430276e-03 3.946142423488375149e-03 7.274267898673835928e-03 2.022626410769255006e-03 -6.137994256505819972e-04 6.579619240816646231e-03 5.875089342920632000e-03 9.713378509590949242e-04 -2.522447645394830930e-04 4.231393134720200233e-03 1.264765124726357440e-03 9.942527133975753283e-04
2.932785946948970324e-01 8.581717879157579193e-03 4.655263932106585255e-03 -1.393649405374817758e-03 3.049552485439795645e-03 5.630636263512258516e-03 1.563018947412222678e-03 -4.662944184281999846e-04 5.103623427250290542e-03 4.569400273417077545e-03 7.563683463362967652e-04 -1.930609616649597664e-04 3.298375005329083620e-03 9.884965952263156681e-04 7.775496825733103651e-04
2.974321087309398370e-01 6.500376804541413943e-03 3.516711429683129844e-03 -1.025465248452982724e-03 2.313138045155051312e-03 4.277806025220503086e-03 1.183527232702498303e-03 -3.461018068942471907e-04 3.907592734418700864e-03 3.507059885896546096e-03 5.807308070820057242e-04 -1.459890191540162512e-04 2.554343237136906617e-03 7.673918029190119564e-04 6.091847175109190880e-04
3.016123743882810904e-01 4.809221633035952459e-03 2.597808025388545061e-03 -7.489615155557655330e-04 1.687775168918718288e-03 3.126938397819441565e-03 8.637817559241523641e-04 -2.501478301105879501e-04 2.838409623471493254e-03 2.550401314741651462e-03 4.223227664141391701e-04 -1.060865974745466852e-04 1.852982725778635304e-03 5.570054616482675303e-04 4.418366578875584797e-04
3.058101292111336522e-01 3.501324169823758891e-03 1.890953774894538414e-03 -5.412830379897837782e-04 1.185579491273702464e-03 2.200456685676388437e-03 6.087234259559844932e-04 -1.750004526427814363e-04 1.963168855470390217e-03 1.764439980191389017e-03 2.910392177064549581e-04 -7.209085522196244421e-05 1.268967402895543068e-03 3.816729147082502252e-04 3.010957152320846344e-04
3.100168993294901143e-01 2.582769742288830179e-03 1.394400525056818836e-03 -3.918088106052882965e-04 8.714979062781908880e-04 1.619503677255635472e-03 4.483435621849690147e-04 -1.274657737247885574e-04 1.435757736936833784e-03 1.292253355408108911e-03 2.139973713645682246e-04 -5.282029219209256909e-05 9.215093109849816248e-04 2.773223284098225421e-04 2.167245066385877525e-04
3.142092030053749707e-01 1.967097297036324039e-03 1.058225435874655040e-03 -2.862950017961381037e-04 6.837090091390999680e-04 1.274576939712013203e-03 3.504006935433189723e-04 -9.493140339752643183e-05 1.146614127657160460e-03 1.038286007928639976e-03 1.721060599819899646e-04 -4.025993203352803545e-05 7.478771025045050829e-04 2.265679915603055169e-04 1.784611513670968466e-04
3.183867557675504334e-01 1.462300688407696010e-03 7.853543784939367566e-04 -2.082150818782266765e-04 5.028675666552971700e-04 9.386727910391443313e-04 2.576461824294355913e-04 -6.872152530327323258e-05 8.393688997397623537e-04 7.609211444474557476e-04 1.260549107792975848e-04 -2.926554137262352736e-05 5.440988719727180099e-04 1.648523840758587633e-04 1.290899511710695438e-04
3.225872781332082551e-01 1.088660518598881261e-03 5.826627980594943157e-04 -1.503426375240783739e-04 3.790451964395034445e-04 7.091259959542597219e-04 1.937473334293469854e-04 -5.012517808642506767e-05 6.374442645790834999e-04 5.802557347788700253e-04 9.595227804859973438e-05 -2.138717456838505699e-05 4.183090285328070943e-04 1.273801180027686792e-04 1.005764717954514147e-04
3.267666109043823597e-01 7.959152596086466582e-04 4.268052388363489632e-04 -1.102866248885984746e-04 2.752801657308662935e-04 5.156981838300172703e-04 1.411627912064185124e-04 -3.640902835522220589e-05 4.609402856831568336e-04 4.195360949607404729e-04 6.951638035821964157e-05 -1.560396892591637430e-05 3.008058717796728825e-04 9.150923326450547031e-05 7.186241136804151616e-05
3.309328770241455886e-01 5.802296756247069280e-04 3.106575408384985968e-04 -7.834694044774154448e-05 1.997219338682672566e-04 3.738270206466504293e-04 1.021742337076548873e-04 -2.598603116285409133e-05 3.330993915164506651e-04 3.032970508773139245e-04 5.033343574854690588e-05 -1.124253048274172025e-05 2.158329557358326005e-04 6.565721819389776248e-05 5.105023069074360147e-05
3.351106074107195187e-01 4.233753414552062638e-04 2.265600328160630986e-04 -5.678030664915146712e-05 1.438811050866911124e-04 2.698713371966103471e-04 7.381902759289363345e-05 -1.870910480560756541e-05 2.433936059378123825e-04 2.219306548267666068e-04 3.680337090559576707e-05 -8.165889213521018196e-06 1.609271486952768752e-04 4.906484548351131041e-05 3.890193403921588466e-05
3.393095620710060434e-01 3.046812316543813927e-04 1.625231578987313644e-04 -3.946418185320396384e-05 1.047783190519706125e-04 1.969059681917043395e-04 5.348127746325229636e-05 -1.303997094365279287e-05 1.756726077557172068e-04 1.608059800826493993e-04 2.660928581791200718e-05 -5.648499157900327852e-06 1.146199454267958327e-04 3.507661907733585724e-05 2.732306838485559799e-05
3.435164896197421824e-01 2.192591262416205601e-04 1.169150014131239729e-04 -2.814033656444364095e-05 7.404169426823119379e-05 1.391410219382955692e-04 3.790928060247629201e-05 -9.311691383798136181e-06 1.233315492051983433e-04 1.126788744015085639e-04 1.871659624875908088e-05 -4.097937247874399191e-06 8.021793676814330211e-05 2.446602483048365635e-05 1.908514170925675689e-05
3.477107812306902690e-01 1.581471156917501003e-04 8.426716331358693579e-05 -1.987986597363482170e-05 5.471164517451905285e-05 1.029908537239341182e-04 2.794976710799364572e-05 -6.590109388484421085e-06 9.257186319466986812e-05 8.493343285657203227e-05 1.411795784193871160e-05 -2.942303199857102091e-06 6.092692491480551029e-05 1.867580063405362264e-05 1.461297956142311368e-05
3.518857617074659383e-01 1.148371731423129447e-04 6.119410196940103263e-05 -1.419713602285267969e-05 3.942804712892879361e-05 7.434937336463952806e-05 2.016513578702445444e-05 -4.702930505408766578e-06 6.717039176620104562e-05 6.169054629239105795e-05 1.026657983654949336e-05 -2.124930034332046736e-06 4.450884297536446087e-05 1.366192507803890436e-05 1.074398102536217610e-05
3.560773577310688554e-01 8.167351942731859639e-05 4.343595406619947004e-05 -9.884335563453133726e-06 2.824365226657091181e-05 5.333680791308311939e-05 1.442598576141379248e-05 -3.304170440660158826e-06 4.806340713565986555e-05 4.423052465166340386e-05 7.352840257348897062e-06 -1.490502574809552989e-06 3.176370054928146804e-05 9.765789792146427413e-06 7.633137321109608592e-06
3.602869550449780967e-01 5.798150005855411414e-05 3.085531602006885287e-05 -6.974333482338591668e-06 1.978494581950634906e-05 3.745675217527047549e-05 1.014735255386485852e-05 -2.285712342892091364e-06 3.349818666056705217e-05 3.086887550399057024e-05 5.136943415878293062e-06 -1.018235455564013003e-06 2.221488366944832232e-05 6.837929732998839105e-06 5.377720249569790023e-06
3.644651285618699665e-01 4.238721369919772747e-05 2.253955969946454228e-05 -5.002544312794169388e-06 1.441337693900676888e-05 2.728573426397025740e-05 7.383791446817015823e-06 -1.653304953294416352e-06 2.417999146771437595e-05 2.229698485753162896e-05 3.713995900262424241e-06 -7.442032120699665212e-07 1.590797233375622710e-05 4.896426494101515210e-06 3.821847387786369756e-06
3.686396944457170921e-01 2.981933723005938871e-05 1.580648218121926616e-05 -3.448821169046164930e-06 1.025526118243699350e-05 1.941056011033753803e-05 5.243770615953602726e-06 -1.144300079547665634e-06 1.735522009435839374e-05 1.603974385621048407e-05 2.667088489194036944e-06 -5.167248096503712315e-07 1.147041798843831577e-05 3.531253815560017779e-06 2.754241455433892583e-06
3.728293470315630076e-01 2.120600407742272554e-05 1.121357028014873588e-05 -2.365855075779931274e-06 7.146366717093375386e-06 1.359399886795673135e-05 3.653294775380523227e-06 -7.804905068421151322e-07 1.212388967628261033e-05 1.123531111767830506e-05 1.860136660042922746e-06 -3.528393627899151765e-07 8.026819815546236669e-06 2.492150974340646447e-06 1.956393168890699840e-06
3.770363921861874523e-01 1.487423307145707596e-05 7.852252806263694367e-06 -1.632138027853407709e-06 5.050011226826214355e-06 9.602233324498040461e-06 2.576440546593711151e-06 -5.325071353151943319e-07 8.545237705830490207e-06 7.933094111296712926e-06 1.319615112804439271e-06 -2.418551312597746713e-07 5.646858871628032237e-06 1.750335217870133603e-06 1.366224707491810082e-06
3.812363453093803867e-01 1.027417617162620202e-05 5.421105912623865940e-06 -1.107263687983337764e-06 3.503697380528372627e-06 6.645161992749739045e-06 1.787268852376519811e-06 -3.643200724779945282e-07 6.012086224048206767e-06 5.596862933396075832e-06 9.316208275961051102e-07 -1.671227621207338964e-07 4.047004315186135540e-06 1.255480772361964930e-06 1.002379947169571257e-06
3.854150971210312249e-01 7.279313505374071019e-06 3.851030283299051661e-06 -7.901347518839327970e-07 2.494311405789030845e-06 4.720813301295479445e-06 1.267337972596403965e-06 -2.544262299109811967e-07 4.187879813382613782e-06 3.893104001837375556e-06 6.444282115011318790e-07 -1.161420885663702050e-07 2.777282139281669559e-06 8.558534462532240307e-07 6.714661138900174855e-07
3.896036578152083374e-01 5.042778306336592362e-06 2.648852795898961288e-06 -5.287490610090312787e-07 1.714889921012249847e-06 3.286606460727888595e-06 8.697544184388791647e-07 -1.757867455695540982e-07 2.939767677445313341e-06 2.754367063609248670e-06 4.532690497221199658e-07 -7.990190163061173578e-08 1.979841232132872518e-06 6.156009099483181778e-07 4.803594804804244494e-07
3.937795161075864914e-01 3.513579849795217588e-06 1.872070376597359764e-06 -3.658106148424898548e-07 1.235859051020833519e-06 2.347888249403358403e-06 6.271923858538947769e-07 -1.205132387234912646e-07 2.106338065972362876e-06 1.964963154475571512e-06 3.250989847427145266e-07 -5.610985946362864750e-08 1.416123185959552609e-06 4.439223414049812643e-07 3.513352549420812248e-07
3.979440095093054186e-01 2.526400726521317390e-06 1.307217174504286142e-06 -2.435169653295971972e-07 8.144942842503116945e-07 1.628413732480494256e-06 4.354499929050305859e-07 -8.611991802271173254e-08 1.465192540278918641e-06 1.363604170345402295e-06 2.299102962476609860e-07 -4.037768250331183168e-08 9.987456791209150803e-07 3.096312499386372096e-07 2.499871374235769515e-07
4.021139069446590386e-01 1.658734542669917977e-06 8.741538177358238789e-07 -1.646589562689037032e-07 5.808927550164852699e-07 1.070627023172045361e-06 2.879624970470082615e-07 -5.879952770058573695e-08 9.529189076391963585e-07 8.859779900786113917e-07 1.502905350536254570e-07 -2.500763043551667643e-08 6.215564410920405808e-07 1.988788126911673937e-07 1.454114301898603198e-07
4.063125452039867413e-01 1.157167773568521526e-06 6.197131418028333855e-07 -1.197231378379122686e-07 3.692692204768604911e-07 7.658993723280750189e-07 2.036181709206425441e-07 -3.945639372120873306e-08 6.735422472601043691e-07 6.330342399020687237e-07 1.038169503084501048e-07 -1.967001174446299167e-08 4.551488835695623383e-07 1.414199128307602302e-07 1.082293503685907098e-07
4.105412315868290918e-01 8.557984653650943520e-07 4.268834881054280420e-07 -7.438730598899664621e-08 2.696545981848514271e-07 5.414346874361641117e-07 1.412048841096305766e-07 -2.668938479222101671e-08 4.819337920169081203e-07 4.526200297945223954e-07 7.517266820622562366e-08 -1.288363163579740216e-08 3.277432717458815985e-07 1.004412107445115204e-07 8.212261094561808131e-08
4.147348487769681458e-01 5.554380068488804541e-07 2.897632340266318281e-07 -5.124085849397100306e-08 1.634032880413375206e-07 3.443972754316371390e-07 9.406239004253862729e-08 -1.708677518972161969e-08 2.702831299282114504e-07 2.773404328884993916e-07 4.853460321687872966e-08 -9.100732741941055480e-09 1.941351632695397738e-07 6.412248608423340266e-08 5.383561289406143594e-08
4.189107045044477284e-01 3.747510569869368065e-07 1.887930694080083334e-07 -3.674807818025390939e-08 9.331140066404124902e-08 2.412026125205433712e-07 6.281140433397422741e-08 -1.011765090081396349e-08 1.948607385077998414e-07 2.169417371792327376e-07 3.306570082166200439e-08 -4.725185115659912440e-09 1.408374260504895322e-07 5.259242463392347604e-08 4.021096810273303118e-08
4.230974437456921922e-01 2.368041994568151798e-07 1.414906608722670815e-07 -2.288323644659375686e-08 7.285675691715760405e-08 1.348296302567685930e-07 4.426825973807914185e-08 -6.533033245095866522e-09 1.457492875480011993e-07 1.313425359324961042e-07 2.100768108427993985e-08 -1.586430295746782422e-09 8.722745874238856257e-08 3.132657029158388746e-08 1.961548315531583148e-08
4.272931011032126136e-01 1.924802900727531225e-07 9.439543044528703749e-08 -1.773248839445608639e-08 5.437532760018488552e-08 1.374340737898160422e-07 3.395816292612891440e-08 -9.493062774524441405e-09 1.200362850000329071e-07 1.135622657332574732e-07 1.819366881964302919e-08 -3.702786452642245552e-09 7.924166309332460540e-08 2.372977485859239479e-08 1.986786003468853831e-08
4.314914587673138180e-01 1.115192654059350104e-07 6.477164570903804715e-08 -8.207974909389517435e-09 2.170104454705878434e-08 7.378980150769927365e-08 1.669813696514492082e-08 -1.696349890161798147e-09 7.159699170364545922e-08 5.200049088139107831e-08 7.964541506245584145e-09 6.314026416453477328e-10 4.813359946324957221e-08 1.294603724238737415e-08 1.452964760522563766e-08
4.356511643511531418e-01 1.708074998265625820e-08 3.239752342265455819e-08 -3.534198781331044448e-09 4.737768662799371817e-10 1.985043574814006273e-08 1.286794932971851015e-08 1.780975587320066737e-09 2.599393120387089650e-08 3.790002073997745393e-08 5.623281930876973741e-09 2.169761577843391011e-09 2.090352635301477241e-08 8.645250165930655027e-09 1.010684041868177771e-08
4.398424702607344750e-01 1.596926999064704132e-08 1.972755531606970912e-08 -2.380848357954904542e-09 1.355992892096256410e-08 2.988260653142488159e-08 9.968071664599770070e-09 -3.602111459986692290e-09 5.289377172906737029e-08 2.679993397838137718e-08 5.036286794105228887e-09 -1.116596750000440731e-09 2.238947169356342243e-08 5.604981332027034778e-09 7.962671168755324590e-09
4.440501074980069407e-01 2.158693997601295411e-08 1.109675974784040551e-08 3.363925775698450921e-09 9.630777405523169848e-09 6.285818366397885365e-09 8.602108092707031019e-09 -6.672921626741396602e-10 3.403702018086187170e-08 -1.081686914145190959e-09 2.735253518748098131e-09 -2.575871367887982433e-11 1.535095090136693467e-08 2.542185041059990304e-09 1.433995018920924440e-09
4.482267968899237842e-01 2.960381786300290594e-08 1.143964368963675946e-08 -9.583881600159765271e-09 -4.631765757018560818e-09 3.506373002072311317e-08 3.002799067664995901e-09 -9.579008937040064278e-10 4.523615781975096327e-09 1.800331487795708120e-08 6.399921048350867058e-10 1.823891860828803343e-09 -3.589231502393675905e-09 2.925850472707056924e-09 6.077481114491970990e-09
4.524052929840755577e-01 2.863677514547790010e-08 1.323333725676436467e-08 -1.324436532292881791e-08 1.687657906123304505e-08 9.073759962259545722e-09 5.387738650046860849e-09 -1.864580630540122368e-09 3.051335019040446580e-09 9.653058867283100350e-09 8.369068921378219879e-10 -6.862297716787512930e-10 6.007519549030157836e-09 1.890417714665944328e-10 2.122854200435527198e-09
4.566090347930675253e-01 1.759759041950863283e-08 -1.088529431106262364e-09 8.877351017062386911e-09 2.840122361313533115e-09 4.441411828840447416e-09 3.872251602052316924e-10 1.423669360155209429e-09 8.809022602946348115e-09 -2.777878995001850400e-10 -7.341144205566521020e-11 -2.510582094247351726e-10 2.040110783168654613e-08 1.507690466923093421e-11 5.985268320884571555e-09
4.608167319022857811e-01 3.504054747765237465e-08 -1.407852441551434899e-09 9.067879501331323379e-10 -9.262575571081051435e-09 -2.169347304937576866e-09 2.205969538717533390e-09 -1.188387731172705833e-09 -1.661562843018645300e-08 8.102014879035254752e-09 5.071627050606810269e-10 7.684167314849308868e-10 2.576409148261927617e-09 4.527888091197361448e-09 -6.462460780446599357e-10
4.649806979855051203e-01 3.474243682717485640e-08 1.216816660003904036e-09 3.312967883053569960e-09 -2.701545199295177187e-08 -6.065093467098527249e-09 2.435387541160645660e-09 -7.065459139264842833e-10 -1.076645624478254433e-08 -4.622445972570407851e-09 1.663320205487312555e-09 -1.655548964040176403e-09 -5.162724838156012361e-09 -2.046301630970932070e-09 -2.383483768633959367e-09
4.691538386770017222e-01 -2.869566410303560789e-09 9.687396887910090409e-09 6.921148467347153440e-09 -1.255205329658851205e-09 1.804203722611009936e-09 1.838176258542841985e-09 1.430999721941029884e-09 -3.219452281752181852e-09 -2.503051464151093661e-09 1.227718685934957294e-09 2.774616421680538344e-10 4.173159950699039660e-09 -2.444678802995276325e-09 -8.186349677609580571e-10
4.733478629909182445e-01 4.587354966456918233e-08 9.311805499227893214e-09 -5.651882427884123275e-09 -1.895884434400176306e-08 3.189174908805682525e-08 -7.010734652513653690e-10 -8.789183614762391867e-10 -1.873955387079479313e-08 1.336419315726886878e-08 -9.353388481477085615e-10 1.079974240911881231e-09 -6.234025339362577879e-10 3.163038090117752716e-09 1.241543270393110269e-09
4.775500538217637980e-01 1.141430586465680621e-08 9.753942818607868756e-09 2.347574320833101367e-09 -2.376072174714872162e-08 3.467367173617440108e-09 3.011450673504712002e-09 -1.065390990080345132e-09 -1.564119607520709967e-08 -2.317894096127763870e-09 5.805310744640716370e-10 2.553346712880512958e-11 1.011290980610543408e-09 1.734122533198041450e-09 4.736864687690694251e-09
4.817339644282710998e-01 9.985078060579443801e-09 -8.176492508229197773e-09 6.504714750349995248e-09 -5.347863860488030365e-09 -1.389731276416720166e-08 -2.285695820952000169e-09 5.039140190723034904e-10 -6.623619333940421298e-09 -2.741729211039298465e-09 9.197107823373574139e-10 -1.639790603103731135e-09 3.626948230623590729e-09 -7.775555378244268282e-10 4.327693409159379837e-09
4.859144464692263798e-01 8.227590669998183517e-09 7.085813730867391752e-10 -7.326969937749002211e-09 1.393664054723918683e-08 -1.121002510146144337e-08 -8.511048099281052977e-10 2.540431336933197850e-10 -2.352645018099334873e-10 -1.584525963893033427e-09 -1.889529309274169501e-09 9.678368725887125517e-11 -6.059020311342185295e-09 2.320248522314037091e-09 -2.237806974808486199e-09
4.901252990058800885e-01 4.476022886692124612e-08 2.281742764168117108e-09 -8.236857120958922382e-10 1.333317159193674376e-08 1.451152728296016148e-08 -7.857102993614088758e-10 -3.128642005446619733e-10 2.070875311884518876e-08 -1.202011449163028584e-09 -4.624662945549674153e-10 1.623671754407595010e-10 -7.489307639053554722e-09 -3.912391254504514964e-09 -1.740915004215277329e-09
4.943123444065962158e-01 -2.554694719185257216e-08 1.004356127837934713e-09 -7.571462899985827630e-10 -9.117859501733084865e-09 -9.140250307935851519e-09 -8.561452386039651897e-10 -8.480738143941427374e-11 -2.215942695144074320e-08 -1.624289306696723303e-08 -2.855466498875736732e-10 -7.679757487586214745e-10 -1.635924813726757938e-08 -6.007703816660242047e-09 -7.702396496605450031e-09
4.984736335014697817e-01 2.964533773087675741e-09 8.226495058637155413e-09 6.281390208889836209e-09 5.763286775283541037e-09 -4.390542440709913007e-09 -1.664509584594481153e-10 -1.339069909692588894e-09 -2.793166281095282418e-09 -2.854257028586029279e-09 7.347403506625078444e-11 -1.918847474599966065e-10 -1.361536253186997652e-08 -2.904442359512191864e-09 -4.704057361990162033e-09
5.026590164608074618e-01 1.755788841739576871e-08 -2.193698219076644664e-09 2.171166531146235042e-09 3.915917330324001739e-10 6.134596702737478627e-09 3.705282675694766676e-11 9.012218128589280141e-10 2.382089659513289540e-09 1.236652655774136832e-09 -1.630202072124956822e-09 5.490425241067955647e-10 4.502199380686486240e-10 -5.309304715558068641e-10 2.615536311459683595e-09
5.068609875937976073e-01 -2.351693020465866450e-09 4.979335422543954435e-09 -3.638382154652562416e-09 7.857863163554423225e-09 1.501349254271888929e-10 -1.130696200874592188e-09 3.757311928762193117e-10 1.418950334203441747e-08 5.086795986668249643e-09 -5.116291802782709897e-10 5.856565948945780563e-10 -6.084829975467555114e-09 1.876455226867950094e-09 -1.177112257801622991e-09
5.110594965365916620e-01 8.777423795338945653e-09 -9.441168387035844642e-10 8.654751931798375267e-09 2.117418391789158472e-08 -7.285718266907499967e-09 -5.993699192304606667e-10 2.926000463074224615e-09 1.309508418446300485e-08 -1.224152477175661655e-08 -1.145967171232980668e-09 1.419791825786719153e-09 1.479365909690461993e-09 -2.078576975059466365e-09 4.825744672630392829e-09
5.152492140965455603e-01 -5.759657134207727504e-08 -5.357343772041970276e-09 3.518448878231405917e-10 -2.998153161399468049e-09 -2.258445250063782168e-08 -1.365839933264271221e-09 1.116637180286426624e-09 1.156654908920242978e-09 -1.945430057982421163e-10 1.696440860575233952e-10 7.579595850396329618e-10 8.766585899793522851e-09 9.285160627965075445e-10 2.939624861176474549e-09
5.194329442812991582e-01 1.509924316066394818e-09 8.802916519949355705e-09 -9.165265178919680784e-09 1.754860170315178074e-08 2.171296099948630570e-08 2.941438617660551437e-09 -4.285897599627894679e-10 2.752083598462419744e-08 2.716379030744265541e-08 2.082315668561980261e-09 -3.985643157649477900e-10 1.146340954633072821e-08 4.211191420503857973e-09 6.182811575970613689e-10
5.236343964239100757e-01 2.414240526088962070e-08 -9.053195864619089335e-09 7.164663582364832209e-10 -1.865145694019298500e-08 2.193646016264572111e-08 5.409888484898735921e-10 2.244556037097129262e-09 -6.014605288674422062e-09 8.737398150179403345e-09 -5.604799474302060526e-10 6.046674420327150976e-10 -8.238020260109647312e-09 -1.938685868323442685e-09 1.941213189563584992e-09
5.278273205415198177e-01 8.429352315605323459e-09 2.457237166580809329e-09 -3.160422320522812192e-09 2.143853325544791926e-08 1.227555999757412137e-08 -9.618396175146976933e-11 2.354684418521030867e-10 -2.421546602423800174e-08 1.152048197073494356e-08 5.585872419069590650e-10 -6.337718556297758890e-10 -1.248117138789616001e-08 2.070995979434229000e-09 -3.052336694408551478e-09
5.319960279023402405e-01 2.906575708644751983e-08 1.739928246731806576e-09 2.056817321092502506e-09 -3.573647890386531853e-09 -4.995987303250793957e-09 2.166207967820630096e-09 -2.248028370862205940e-10 2.121887925944980893e-08 -8.050492574962995635e-09 3.583358169875097109e-10 -1.191833834685855447e-09 -1.879987431115308885e-08 -4.680755296277250933e-09 -3.205975404701089011e-09
