# Columns: ('k', 'S1', 'S2', 'S3', 'S4', 'S5', 'S6', 'S7', 'S8', 'S9', 'S10', 'S11', 'S12', 'S13', 'S14')
5.345493089407682419e-03 -3.719713338216145360e+01 4.219417100694444343e+03 -3.303605397542317412e+00 -2.971597629123263573e+01 -7.008310275607638573e+01 1.469248806423611086e+03 5.281721327039930358e+00 -5.902332899305555003e+01 -5.073507690429687500e+01 9.077570529513888005e+02 6.924214892917208708e-01 -4.657024468315972143e+01 -1.374911922878689197e+01 -1.393725246853298572e+01
9.344366739594166943e-03 4.370318012852822065e+00 3.664966985887096598e+03 4.117491494455644840e+01 1.883471285912298399e+01 -5.550973215410786032e+00 1.577819052419354875e+03 5.002593797253024377e+01 2.326007080078125000e+01 4.665960496471773800e-01 1.093299017137096826e+03 3.303087591355846797e+01 1.866266459803427225e+01 -7.067255819997479982e-01 2.040929486674647020e+00
1.312833575873958818e-02 -8.019505341198978954e+01 5.720133290816325825e+03 1.243539740114795755e+01 -7.024459901147959329e+01 -1.288272082270408134e+02 2.544152423469387486e+03 2.168215880102040671e+01 -1.197426757812499858e+02 -8.005027802136478954e+01 1.701402901785714221e+03 5.729561630560426888e-01 -7.566013133769132537e+01 -1.863780492665816269e+01 -2.072253916214923208e+01
1.700891779646987109e-02 -1.970820684523809803e+02 7.864201190476191186e+03 -2.798288690476190936e+02 -1.525541852678571502e+02 -4.604189732142857565e+02 3.757682738095238619e+03 -1.287210751488095468e+02 -4.331865327380952522e+02 -3.730633184523809973e+02 2.550270238095238255e+03 -8.612536272321429465e+01 -3.740395833333333826e+02 -1.059757068452381077e+02 -1.094412946428571587e+02
2.135270783943789275e-02 -1.181039062499999943e+02 7.384191428571428332e+03 -5.377909375000000409e+02 -4.979802455357143032e+01 -2.874640178571428351e+02 3.235459642857143081e+03 -1.972348214285714221e+02 -2.510516517857142844e+02 -1.839313727678571411e+02 2.095903035714285579e+03 -1.220799776785714243e+02 -1.923448660714285836e+02 -4.041949218749999773e+01 -4.752527901785714448e+01
2.564347439342075027e-02 1.040352647569444455e+00 5.901267222222221790e+03 -5.815212500000000091e+02 2.929888454861110958e+01 -1.178860243055555515e+02 2.706711666666666588e+03 -2.339311805555555566e+02 -1.345239583333333258e+02 -1.121215104166666663e+02 1.769787638888888978e+03 -1.376960416666666731e+02 -1.502817361111111154e+02 -3.227112847222222314e+01 -4.645522135416666742e+01
2.962205054058980949e-02 3.754839662063953654e+01 4.522358803986710882e+03 -5.976137354651162923e+02 4.183031496573920549e+01 -8.127731779485049657e+00 2.040490240863787449e+03 -2.614062500000000000e+02 -5.485326905107973516e+01 -5.106052091985049657e+01 1.306110361295681059e+03 -1.408629308554817214e+02 -8.990120172342193428e+01 -1.892231137095099669e+01 -2.874871522009966895e+01
3.361537140302770649e-02 -1.913254593175852847e+01 4.417116141732283722e+03 -7.380394520997375594e+02 6.064656895915354617e+00 -1.348246801181102228e+02 2.018501640419947535e+03 -3.172267880577427945e+02 -1.783916502624671807e+02 -1.279121555118110223e+02 1.240944225721784733e+03 -1.550904999179790025e+02 -1.768617125984251857e+02 -3.437123728674540502e+01 -4.606206426345143967e+01
3.793950633336700545e-02 1.267895687390542889e+02 3.875135288966725057e+03 -7.238951401050787808e+02 1.093336662653239983e+02 7.811441002626970942e+01 1.715298817863397517e+03 -2.936699595008756773e+02 2.987270824211908860e+01 3.998590739929947624e+00 1.049099058669001806e+03 -1.556359457092819696e+02 -3.475786038747811091e+01 -5.043823883537653430e+00 -1.529398977944395810e+01
4.227894994616508695e-02 1.337622250000000008e+02 3.685062800000000152e+03 -8.128328000000000202e+02 1.187593250000000040e+02 4.349271562500000243e+01 1.673201400000000149e+03 -3.390039000000000442e+02 -3.636956874999999911e+01 -3.739421875000000028e+01 1.011941800000000057e+03 -1.668205499999999972e+02 -1.115617250000000098e+02 -1.620662187499999973e+01 -3.367787812499999944e+01
4.633325468672155889e-02 5.417032107338820168e+01 3.126145404663922818e+03 -7.484705932784636389e+02 6.117053004972564878e+01 -9.757305598422496473e+01 1.393680126886145217e+03 -2.999909336419752890e+02 -1.328585390946501832e+02 -1.405691229423868265e+02 8.299024348422495905e+02 -1.519399648491083497e+02 -1.862472565157750068e+02 -4.648198516803840619e+01 -5.871311299725650912e+01
5.038752484052157893e-02 1.640242902425578961e+02 2.858996968026460763e+03 -7.937743936052921754e+02 9.844218577728776154e+01 8.456166448456450269e+01 1.279116593164277901e+03 -3.232974090407938093e+02 -1.844035539553473058e+01 -1.914549381546306606e+01 7.467236769570010892e+02 -1.514453555678059615e+02 -8.826534075248071076e+01 -1.414435574869073875e+01 -2.901640237389746346e+01
5.464179025701254577e-02 2.203483987603305820e+02 2.724144628099173588e+03 -8.601270087235996016e+02 1.576109532828282909e+02 1.732800734618916465e+02 1.222892791551882510e+03 -3.625823002754821118e+02 4.724271478994490536e+01 1.781836116850321261e+01 6.813106634527089227e+02 -1.549121470385674968e+02 -6.027971476124885442e+01 -5.849842530417814324e+00 -1.968776364497245268e+01
5.886817576171304162e-02 2.043227081665332037e+02 2.606118094475580165e+03 -8.797467974379502493e+02 1.855267964371496987e+02 1.676229983987189769e+02 1.159150520416332938e+03 -3.696769165332265743e+02 8.284047863290632563e+01 1.809068504803843069e+01 6.447228783026420160e+02 -1.637408176541232763e+02 -5.594631330064051156e+01 -8.129563807295836497e+00 -2.574913055444355336e+01
6.290140616743733482e-02 2.802655892448512986e+02 2.408977307398932226e+03 -8.941873569794050809e+02 2.283339292524790380e+02 2.897071653318078006e+02 1.014915713196033607e+03 -3.515962766971777569e+02 1.988934854118993201e+02 1.110327397978642381e+02 5.334181922196796677e+02 -1.439665212623951334e+02 5.708002598207475842e+01 1.915571963196033778e+01 1.062506853070175517e+01
6.703999982739437813e-02 2.203022019173157560e+02 2.154983223487118266e+03 -8.438603954463751506e+02 1.571502583882564466e+02 1.467760447872977920e+02 9.237538196524865270e+02 -3.342423606950269459e+02 2.548511927052127035e+01 -1.307765222438585972e+01 4.871175479328939559e+02 -1.372412747153984469e+02 -9.139223524565608159e+01 -1.777385878520071927e+01 -3.256878183043738773e+01
7.134254604642074893e-02 3.499880104782375270e+02 2.089726356797420976e+03 -8.539372649113380476e+02 2.069638970983342574e+02 3.236420943041375722e+02 9.089365932294465438e+02 -3.517975214938205681e+02 1.253833372514777125e+02 8.249459296077378667e+01 4.713493081676518273e+02 -1.436555111499194197e+02 -2.492125999126813696e+01 1.625696345210908333e+00 -1.647146821265448935e+01
7.561818311969153994e-02 2.659967625899280392e+02 1.820616306954436595e+03 -7.901920263788969123e+02 1.590790167865707474e+02 1.848684352517985587e+02 7.706474820143885154e+02 -3.120364208633093313e+02 5.414104841127098666e+01 5.097674048261390922e+00 3.933341127098321408e+02 -1.263391187050359719e+02 -6.282829361510791699e+01 -1.289763657823741028e+01 -2.516524280575539763e+01
7.973924982214039558e-02 3.865359970169802750e+02 1.713179210647085938e+03 -7.917746672785681312e+02 2.768289352914180768e+02 4.372776789811840672e+02 7.420535796236805481e+02 -3.254916819642037922e+02 2.857594653510784610e+02 1.812566544286370060e+02 3.708736519045433511e+02 -1.285056361863240113e+02 9.409656809316200565e+01 2.993890008318035711e+01 1.342060219710876545e+01
8.385356877962653332e-02 3.207274781485895687e+02 1.574118096940802616e+03 -7.420527413587603860e+02 1.896692863528009525e+02 2.718409813269765323e+02 6.742382300357568283e+02 -2.999377234803337160e+02 1.154062996622963908e+02 5.737126911998410606e+01 3.328328615415176728e+02 -1.167289556019070318e+02 -2.501199344457687701e+01 -1.137415574096146242e+00 -1.608867047824791285e+01
8.809929214337092196e-02 4.026993787189359182e+02 1.408344504725236220e+03 -6.950200822541127081e+02 2.338065059502975203e+02 4.345766100805039969e+02 5.963212285614280290e+02 -2.790694347217360587e+02 2.463522051102555110e+02 1.799839429471473409e+02 2.886339254462723147e+02 -1.072808234161708043e+02 8.621329191459572883e+01 2.984206554077703899e+01 1.381779128018900948e+01
9.230415729057904473e-02 3.710671180207288558e+02 1.284019224339685707e+03 -6.575139585422934942e+02 2.381102892009361369e+02 4.195130391173520366e+02 5.442117184887997610e+02 -2.644404254429956609e+02 2.667867352056168215e+02 1.779775994650618429e+02 2.562949682380474883e+02 -9.848407723169508188e+01 1.030301425108659288e+02 3.044162174022066125e+01 1.804588766298896729e+01
9.643309047658384092e-02 4.042047106937291687e+02 1.170269918206603961e+03 -6.153210390790669635e+02 2.556329142684035105e+02 4.811337473492881145e+02 4.986925931535898258e+02 -2.481412829445622492e+02 3.242206906997879514e+02 2.393629771281429726e+02 2.392183429263859296e+02 -9.642726635867919072e+01 1.594038738261133119e+02 4.924711261738867307e+01 3.471881626779763508e+01
1.005689403076158450e-01 3.919515778401122361e+02 1.058904838709677506e+03 -5.814132187938289462e+02 2.305320827489481132e+02 4.225082748948106541e+02 4.440273842917251272e+02 -2.319672159887798273e+02 2.618043828892005536e+02 1.747105189340813638e+02 2.051273492286115072e+02 -8.641498071528752689e+01 1.012502542075736329e+02 2.870070126227209073e+01 1.661028883239831799e+01
1.047818677762802908e-01 4.228566094100074793e+02 9.993067587752053669e+02 -5.579243216330595487e+02 2.558542600199153583e+02 4.938005974607916073e+02 4.216329039083893235e+02 -2.234110654717450757e+02 3.176064227035100771e+02 2.240186395319890380e+02 1.914520164301717671e+02 -8.171649396315658009e+01 1.404033949464774764e+02 3.984433345780433200e+01 2.603219714650236583e+01
1.090277847809041356e-01 4.323862421566349212e+02 9.295594352777131917e+02 -5.254152335579827877e+02 2.483396177085754175e+02 5.064438182663258203e+02 3.893863874041366557e+02 -2.090566174761794116e+02 3.244208110620497223e+02 2.392272687659772146e+02 1.745355856379270278e+02 -7.494304845456657915e+01 1.562547786428073380e+02 4.535438574831513137e+01 3.196042731815012772e+01
1.132170039508717807e-01 3.966191815574674706e+02 8.544730311052283014e+02 -4.957170747849106647e+02 2.383828038826384272e+02 4.827042245753364114e+02 3.615358482241340994e+02 -1.983250055151113997e+02 3.214046988749172442e+02 2.382381700860357228e+02 1.641880101478049880e+02 -7.262788164570923755e+01 1.627380046326935883e+02 4.693638318994043601e+01 3.427445951908228494e+01
1.174008294871188018e-01 4.470249447902027669e+02 8.464730977715317977e+02 -4.967306263802449280e+02 2.741499196948403778e+02 5.512429732985344799e+02 3.598030515960650746e+02 -2.008825662517566855e+02 3.749174864485043486e+02 2.703823278458140749e+02 1.599583166030917596e+02 -7.203555385464765948e+01 1.891894699859466016e+02 5.289165077293716166e+01 3.941576114234089800e+01
1.215998224695146873e-01 4.217166824644549479e+02 7.610776303317535394e+02 -4.559582464454975934e+02 2.598528199052132663e+02 5.353178199052132413e+02 3.226979383886255732e+02 -1.836756161137440699e+02 3.751092890995260518e+02 2.739516587677725283e+02 1.426715402843601908e+02 -6.538398104265402822e+01 2.016611374407582957e+02 5.526238151658767350e+01 4.373644253554502370e+01
1.257670529567683493e-01 4.204920719757705569e+02 7.330131836807411219e+02 -4.457005166577587829e+02 2.524956351327276138e+02 5.241945483698557382e+02 3.081446419027258230e+02 -1.786030197755211191e+02 3.603985391056476146e+02 2.639573089257081620e+02 1.339189159094958086e+02 -6.294773294138607156e+01 1.902750757170853433e+02 5.249951006591840752e+01 4.040431253340459961e+01
1.299386816717305049e-01 3.839840688292442223e+02 6.541324715955870488e+02 -4.033014161040671866e+02 2.174632389263955190e+02 4.597484356989955927e+02 2.713852297052527547e+02 -1.604040219002140759e+02 2.981151407870904109e+02 2.208899637740820197e+02 1.155815186069487908e+02 -5.565043018277622622e+01 1.493179441791536419e+02 4.194860962456775866e+01 3.056053947801745707e+01
1.340949335765710126e-01 3.533990956687292169e+02 5.850100349040139918e+02 -3.642910915437093990e+02 1.937767134697763254e+02 4.136871331112168946e+02 2.392609075043630185e+02 -1.423987783595113683e+02 2.671563541170871190e+02 1.986992305251467599e+02 1.007799857210852110e+02 -4.878677812152943716e+01 1.367486712676503373e+02 3.819166964144059051e+01 2.879159477629700348e+01
1.382635144665005922e-01 3.845226054195044298e+02 5.746136429502970486e+02 -3.589526880162295583e+02 2.185540139110273969e+02 4.795686132444573673e+02 2.390610237646718019e+02 -1.425095094913780542e+02 3.199467106216490606e+02 2.434551514273293833e+02 1.019755651354876136e+02 -4.957968048108969583e+01 1.735844805100710175e+02 4.843310752064918034e+01 3.742709842776409346e+01
1.424925284902303357e-01 3.608623085265012378e+02 5.169883421445031217e+02 -3.274720075911616846e+02 2.046953029686864340e+02 4.455947539650263707e+02 2.144540802494238676e+02 -1.295713789480818718e+02 2.995041683611223675e+02 2.240565609326284289e+02 9.006334722787039482e+01 -4.409108123220821085e+01 1.611617527450182763e+02 4.424156161041073432e+01 3.440397095702859787e+01
1.466886314558672189e-01 3.800159273397393349e+02 5.087040937212057088e+02 -3.236345926023429911e+02 2.153823219691983581e+02 4.748411544030537925e+02 2.113042319336580022e+02 -1.280167171251809748e+02 3.248232855074371059e+02 2.461666776359088828e+02 8.950709984204290492e+01 -4.420869257601684410e+01 1.823447413452678632e+02 5.052528136106357692e+01 4.029321607213373113e+01
1.508619291163366127e-01 3.587085207244439289e+02 4.485325756654916631e+02 -2.841133766865199846e+02 2.009203537133827808e+02 4.528570560350066785e+02 1.872780782788379668e+02 -1.123933162149021570e+02 3.093695757870426633e+02 2.399453780235809006e+02 8.032557432843077549e+01 -3.888026087881366522e+01 1.786733165187796430e+02 5.033105931688343304e+01 4.042592226814148404e+01
1.550655720814744509e-01 3.510781158913372906e+02 4.262132447242625517e+02 -2.737227177334732460e+02 1.985562113792701382e+02 4.461692025183630221e+02 1.776960329952197526e+02 -1.084870146904512040e+02 3.102771948233648232e+02 2.363706132680424332e+02 7.504294916637518043e+01 -3.706541112859974163e+01 1.796911361781508560e+02 4.921312813337996772e+01 4.029478547277602729e+01
1.592593054631499527e-01 3.338754516588196566e+02 3.845999945253476540e+02 -2.476495401292017959e+02 1.834299244497974257e+02 4.178156137085294972e+02 1.588915881966495078e+02 -9.738084419139384806e+01 2.840586882732946492e+02 2.185638344465126579e+02 6.665760155480127480e+01 -3.321299135004927194e+01 1.635460281397131155e+02 4.505727170699660888e+01 3.654021816489652963e+01
1.634144798183441161e-01 3.091944799999999987e+02 3.486172533333333377e+02 -2.259858933333333368e+02 1.639836799999999926e+02 3.748658933333333039e+02 1.425324133333333236e+02 -8.806123999999999796e+01 2.504186666666666667e+02 1.919789333333333445e+02 5.903114666666666466e+01 -2.970792666666666548e+01 1.421619333333333373e+02 3.914629333333333250e+01 3.151984666666666612e+01
1.675823816150099899e-01 3.035415142828901480e+02 3.284076307205693297e+02 -2.127880794701986815e+02 1.625645201146584782e+02 3.748312246713452396e+02 1.351022165661757413e+02 -8.339617722645053277e+01 2.528107640604922324e+02 1.947651230601956911e+02 5.605038548976969537e+01 -2.816004312049026126e+01 1.449546925966195374e+02 3.976563581101116540e+01 3.195461846397153138e+01
1.718045808093531246e-01 2.996158275058274967e+02 3.117338461538461729e+02 -2.011386247086247181e+02 1.633779370629370646e+02 3.775046620046620092e+02 1.294030652680652622e+02 -7.976439976689977129e+01 2.589020512820512749e+02 1.998352913752913764e+02 5.410603729603729306e+01 -2.724220862470862414e+01 1.514855594405594275e+02 4.141209790209790498e+01 3.394340909090909264e+01
1.760135070798979073e-01 2.700211957016664996e+02 2.740440761314998781e+02 -1.762731763955924009e+02 1.456855477643202050e+02 3.418909935342865083e+02 1.140852950550951590e+02 -6.973352836717967307e+01 2.333098078499226062e+02 1.820762680994444906e+02 4.798484882979692401e+01 -2.374635165285492988e+01 1.374531463436845513e+02 3.780468536563154913e+01 3.079303171386941074e+01
1.801930856696074279e-01 2.634584434404569038e+02 2.610271502855681547e+02 -1.684855297928565392e+02 1.390173258886710528e+02 3.242192481459381384e+02 1.062922598243969077e+02 -6.528676689966755475e+01 2.189709743414883860e+02 1.703360647003665633e+02 4.378322926434234574e+01 -2.166537379592532631e+01 1.274432593129315592e+02 3.511949375586053890e+01 2.841326666524593136e+01
1.843742315857553882e-01 2.522835870559853504e+02 2.439310165543631967e+02 -1.580886573496381402e+02 1.332837430330255302e+02 3.137536810581482314e+02 1.002220177189917649e+02 -6.187324785791531667e+01 2.131705764911405083e+02 1.657912611263622011e+02 4.176328404458863730e+01 -2.094632310123949637e+01 1.256376133433158628e+02 3.434683054654355061e+01 2.814901006571832554e+01
1.885797910080431738e-01 2.375510290603561145e+02 2.239593578971710315e+02 -1.439455792800431482e+02 1.246639944500115575e+02 2.964547136360132527e+02 9.180426655361134181e+01 -5.601788811377475952e+01 1.996321976412549191e+02 1.568975950050104018e+02 3.801502640098666319e+01 -1.869397739535959246e+01 1.180225564634240243e+02 3.252919043397826471e+01 2.653305422801202340e+01
1.927656394953895236e-01 2.233724251474079381e+02 2.043828968527452616e+02 -1.302571119534420916e+02 1.169642679378206651e+02 2.796722949689869324e+02 8.415579293973505060e+01 -5.071306187303775914e+01 1.900480511524619089e+02 1.499085688031242967e+02 3.553740236618424575e+01 -1.720178133854047076e+01 1.136854372463435254e+02 3.135144584194808459e+01 2.568397991806417124e+01
1.969014248243030341e-01 2.160875081800334385e+02 1.912842652512179029e+02 -1.225212135534065254e+02 1.142684868755907814e+02 2.747159892387115292e+02 7.906376790518432074e+01 -4.789834036210281454e+01 1.887590343924961758e+02 1.495572693230567722e+02 3.357324765505707376e+01 -1.633333863520686435e+01 1.152522722315131176e+02 3.185204137279139047e+01 2.648995900894350086e+01
2.010715633173454087e-01 2.006096126057937283e+02 1.746831693387463247e+02 -1.108520436248537919e+02 1.047318860524324009e+02 2.514630496112296214e+02 7.199990968829560245e+01 -4.335386706117112965e+01 1.721806922177114245e+02 1.360465406316658630e+02 3.067760441753251399e+01 -1.488862094027386007e+01 1.043090896580196869e+02 2.876040089795637655e+01 2.374359001926649881e+01
2.052920281681521186e-01 1.878039408866995075e+02 1.596356650246305264e+02 -1.012366666666666646e+02 9.710008210180623678e+01 2.347748768472906420e+02 6.541010673234811179e+01 -3.936876847290640313e+01 1.595578981937602521e+02 1.262834975369458164e+02 2.754932676518883383e+01 -1.331231527093595979e+01 9.665341543513957845e+01 2.662697865353037585e+01 2.200272988505746952e+01
2.095172134954577381e-01 1.785698443702350175e+02 1.474288009577216201e+02 -9.274706225190598730e+01 9.260668829941401725e+01 2.250304801209753691e+02 6.080243840967802527e+01 -3.619583280826665117e+01 1.542349095835170942e+02 1.226188330918026566e+02 2.583597048075105462e+01 -1.225435542813937317e+01 9.479918562157394035e+01 2.619828618234515716e+01 2.186560393169932581e+01
2.136973926115405542e-01 1.654264651162790756e+02 1.348191472868217033e+02 -8.506031782945736097e+01 8.372696124031007514e+01 2.042187131782945642e+02 5.490284496124031222e+01 -3.297796899224806566e+01 1.378256124031007630e+02 1.094266821705426338e+02 2.300125968992248104e+01 -1.108457267441860417e+01 8.343193798449613041e+01 2.301230232558139477e+01 1.895789147286821574e+01
2.178750580088065492e-01 1.543977810218978277e+02 1.230603211678832167e+02 -7.691309489051094772e+01 7.789460583941605876e+01 1.911261897810219068e+02 5.022350729927007507e+01 -2.981098540145985609e+01 1.301277080291970947e+02 1.039252700729927028e+02 2.142252919708029424e+01 -1.021449452554744575e+01 8.026102919708029049e+01 2.219825729927007529e+01 1.850202554744525685e+01
2.220823861956562617e-01 1.468037174930896356e+02 1.136562447114571057e+02 -7.037664297399447833e+01 7.366459355784961360e+01 1.821827720426468034e+02 4.633585420544931566e+01 -2.718752291701923696e+01 1.237835646189428616e+02 9.950255260337338825e+01 1.988160715293055958e+01 -9.325637621989056214e+00 7.693913239690867556e+01 2.137990071642127887e+01 1.785978662492243529e+01
2.262696194198526023e-01 1.374119915463577968e+02 1.041035914255914747e+02 -6.387003211286161530e+01 7.027615002470220418e+01 1.743314486468683242e+02 4.309750850853598081e+01 -2.486870093868364862e+01 1.200809134325080976e+02 9.683637536367129428e+01 1.889745498709996241e+01 -8.665106768403139981e+00 7.536209309985179061e+01 2.093036037766920998e+01 1.750134489762309897e+01
2.304259489101245229e-01 1.266640571094952463e+02 9.510116899315323735e+01 -5.838136908868955999e+01 6.289443235497054729e+01 1.565763494506661004e+02 3.871134759301523331e+01 -2.251542679528687430e+01 1.057813544928613112e+02 8.512196141393769722e+01 1.659868106788387010e+01 -7.700038314049148624e+00 6.529198954407939937e+01 1.806054117350459265e+01 1.495075400721830050e+01
2.345870463846415066e-01 1.197170687636789381e+02 8.848441874077467162e+01 -5.377980734972260279e+01 5.957459154069323404e+01 1.485433145009416194e+02 3.609036366875349700e+01 -2.075145378429276732e+01 1.008522102611085671e+02 8.125808647630681492e+01 1.562373549396854600e+01 -7.160636802056293604e+00 6.275308571283147785e+01 1.738228641777370598e+01 1.447840001017967104e+01
2.388019837064606632e-01 1.090101264906097640e+02 7.938980953990248679e+01 -4.830247308453628818e+01 5.375018104572008326e+01 1.341692415391300131e+02 3.216513481871288604e+01 -1.853925372954183359e+01 9.088665330951576493e+01 7.318976005407232321e+01 1.382649785159078881e+01 -6.358392072611404267e+00 5.654148964418481427e+01 1.562715746149761209e+01 1.303215522860039677e+01
2.430077036534963875e-01 1.016115152379593951e+02 7.272562164218133773e+01 -4.368435613084201208e+01 5.040260542956306722e+01 1.264590762135691477e+02 2.971469833119383708e+01 -1.684426555888365939e+01 8.570722198450054918e+01 6.955932938715352520e+01 1.294426466742737603e+01 -5.833420250320924261e+00 5.365936266818808775e+01 1.494305377264299040e+01 1.242574986331003650e+01
2.471758823520590620e-01 9.507458036330190509e+01 6.708943435272476563e+01 -3.983561738330650570e+01 4.698563462865026708e+01 1.182233731892389130e+02 2.738163658312255677e+01 -1.531620918601977444e+01 8.051924580363302653e+01 6.539376293400782458e+01 1.207457748907794937e+01 -5.366583194412508639e+00 5.087161991262359351e+01 1.417216888939986319e+01 1.186827575304667803e+01
2.513692271335918882e-01 8.604227386110017051e+01 6.030345499102884332e+01 -3.573098277974705894e+01 4.209011367117413016e+01 1.062248369874403835e+02 2.449856133210800735e+01 -1.372516930331276619e+01 7.178223053695681699e+01 5.844711391186381633e+01 1.070274892236663611e+01 -4.757129748151065485e+00 4.501847019824077734e+01 1.255427825915714912e+01 1.042358512756553424e+01
2.555723892733414715e-01 8.060391023716601921e+01 5.526360595273835230e+01 -3.229358139983703069e+01 3.930175676545010077e+01 1.001638504095724187e+02 2.251957799030750351e+01 -1.237487267873225605e+01 6.772764506583180832e+01 5.558748981429858560e+01 9.970167286743578217e+00 -4.333755950593987549e+00 4.302075738731397792e+01 1.206754728309817004e+01 1.006993824248402447e+01
2.597674079539822323e-01 7.529448140215018270e+01 5.118328047122790991e+01 -2.974770873666433246e+01 3.653951785640730066e+01 9.303219096263953247e+01 2.081610166000741557e+01 -1.140541330271450349e+01 6.277445215636198839e+01 5.142667442435227088e+01 9.211304037772377384e+00 -3.989981837232771777e+00 3.962029389957572789e+01 1.108290769040655732e+01 9.194149812579809122e+00
2.639178238801485610e-01 6.789212195621034596e+01 4.556903519541641145e+01 -2.631726007775731446e+01 3.324589727849396326e+01 8.449091467157765578e+01 1.865958282177204808e+01 -1.017884182525066450e+01 5.736613464293021991e+01 4.691446695314098037e+01 8.317217873951298301e+00 -3.606658609576427033e+00 3.630158072437077976e+01 1.013401562819725754e+01 8.433033430529976116e+00
2.680749044740857179e-01 6.274166892966597686e+01 4.181382627924118367e+01 -2.410255266322690559e+01 3.008198442409900153e+01 7.696329091826045499e+01 1.691364394615354527e+01 -9.219887157155602253e+00 5.171689878573921817e+01 4.241844473755673306e+01 7.474044206075182828e+00 -3.229824552895992351e+00 3.268273072894440645e+01 9.137359613221088139e+00 7.594586501532373468e+00
2.723023151079725368e-01 5.719803105934553855e+01 3.762050286559438206e+01 -2.138063875023109617e+01 2.738425078572749172e+01 7.020177481974486966e+01 1.522800887409872495e+01 -8.173812742651136887e+00 4.738545017563320272e+01 3.896254390830097947e+01 6.808510699759660056e+00 -2.900493968386023358e+00 3.015080421519689580e+01 8.448261000184876579e+00 7.037539286374561165e+00
2.765128983200950685e-01 5.211583109327244756e+01 3.393398110984276173e+01 -1.904766496667525644e+01 2.458724730272121306e+01 6.338228633501491061e+01 1.363181223993813695e+01 -7.213530351290642351e+00 4.242883050410575407e+01 3.503325109548182326e+01 6.095486430754501583e+00 -2.544683748665168999e+00 2.704096549692528484e+01 7.605396398718561990e+00 6.336858936001767084e+00
2.807027537381580062e-01 4.780089615181866236e+01 3.079963978211210573e+01 -1.724460991038481694e+01 2.238726937269372641e+01 5.770777982779827653e+01 1.231020251273941390e+01 -6.535825206466350679e+00 3.857679230363731904e+01 3.176073625021964375e+01 5.484333267439817305e+00 -2.317432129678439701e+00 2.448743630293445861e+01 6.854565322438938679e+00 5.704822307151642846e+00
2.848857026249724811e-01 4.443040430047667400e+01 2.839018736300059231e+01 -1.577426737935353707e+01 2.076529174350231344e+01 5.379299171914686184e+01 1.135872860199714651e+01 -5.961833704464006622e+00 3.602968320517727108e+01 2.982407536272224391e+01 5.105575441007619730e+00 -2.124377522528791751e+00 2.306859103719425264e+01 6.491434275077415883e+00 5.416081338505967402e+00
2.890807262117984777e-01 4.023806617622801696e+01 2.538784102530267361e+01 -1.383857585854253891e+01 1.866513954408999254e+01 4.859977155015999273e+01 1.014693365882624576e+01 -5.215282531422161583e+00 3.237643090423250669e+01 2.695280490218717873e+01 4.580963612971332033e+00 -1.853898028486127947e+00 2.073457138851317794e+01 5.868044444627717127e+00 4.866292411671559570e+00
2.932785946948970324e-01 3.700876956507531901e+01 2.317955755971636833e+01 -1.259178838675946821e+01 1.718991193673823048e+01 4.467565271378623493e+01 9.272853151651800019e+00 -4.761346926771885535e+00 2.993853747998562298e+01 2.481682759860144571e+01 4.221633959497435029e+00 -1.725021724790053446e+00 1.918797176747377975e+01 5.395308977061072930e+00 4.491237072345848347e+00
2.974321087309398370e-01 3.354942464439827177e+01 2.085280885408342755e+01 -1.119087921527888874e+01 1.572873581588620873e+01 4.098370624900112347e+01 8.427373341857119726e+00 -4.269622023333866423e+00 2.767559533322678789e+01 2.307266062010548424e+01 3.888180737573917245e+00 -1.557268484297586797e+00 1.795569961642959811e+01 5.081696999360715949e+00 4.252100647275051770e+00
3.016123743882810904e-01 3.020112201430092824e+01 1.866366385212231904e+01 -9.956009432527004321e+00 1.389355127034839477e+01 3.633886353263350344e+01 7.455862524722348894e+00 -3.749462526624068204e+00 2.419701810436634659e+01 2.018311463563060926e+01 3.403314221055834476e+00 -1.349920127795527280e+00 1.554083656625589605e+01 4.396448539479689721e+00 3.647692739236269688e+00
3.058101292111336522e-01 2.753385268272201003e+01 1.690012521368803178e+01 -8.946982874966259658e+00 1.238618581861260282e+01 3.256386272980835628e+01 6.655025042737606533e+00 -3.333468137989982871e+00 2.154614536784332657e+01 1.802244099211228701e+01 3.027022866493716879e+00 -1.194213834238071037e+00 1.386446555498905298e+01 3.932338684281558194e+00 3.264760641289026211e+00
3.100168993294901143e-01 2.532820884386926608e+01 1.538191734339579320e+01 -8.038347585296564901e+00 1.162905140750093302e+01 3.053433742718586075e+01 6.145844392952452218e+00 -3.028983749533702419e+00 2.038826795603891284e+01 1.707404803581164643e+01 2.837748662084995210e+00 -1.105384345677064006e+00 1.318514161095009918e+01 3.740285768601681493e+00 3.109549861545525040e+00
3.142092030053749707e-01 2.287940372147487977e+01 1.385183181960985976e+01 -7.175807467940479079e+00 1.041118745180361671e+01 2.744130572930054512e+01 5.511385503241653439e+00 -2.694416404264130538e+00 1.829370162511067477e+01 1.536369705537943098e+01 2.551924240639191321e+00 -9.873275863607803293e-01 1.186617827664010605e+01 3.373284788864136186e+00 2.804826510867392209e+00
3.183867557675504334e-01 2.047820155060072267e+01 1.229351270172930555e+01 -6.293553081956396511e+00 9.064709743491050631e+00 2.402759945564017485e+01 4.802353394001045217e+00 -2.320182123415720721e+00 1.593080031891788018e+01 1.341608731064251003e+01 2.225780025705880849e+00 -8.484153123539438512e-01 1.037852940367855403e+01 2.958899372474088185e+00 2.464626061914057420e+00
3.225872781332082551e-01 1.849012648511547141e+01 1.105282422240021312e+01 -5.632605376451742529e+00 8.216203610999865958e+00 2.176196268855960625e+01 4.333282856093979341e+00 -2.086437892137231298e+00 1.435780770257642480e+01 1.208958083032973008e+01 2.000005423174476160e+00 -7.590040340074756253e-01 9.280853691095982683e+00 2.644359898544920817e+00 2.188188325991189398e+00
3.267666109043823597e-01 1.681613665777449285e+01 9.978542398510340306e+00 -5.005972504688202207e+00 7.449288185732020118e+00 1.975176467869311381e+01 3.904424655318137649e+00 -1.855699136314413300e+00 1.304765705475291249e+01 1.099751393254272180e+01 1.812484730329362748e+00 -6.839061592073638618e-01 8.472749828319379617e+00 2.414652858482343234e+00 2.006633640157418075e+00
3.309328770241455886e-01 1.542663119752991996e+01 9.091585808517697487e+00 -4.517006526065988403e+00 6.804893433106228962e+00 1.809900737451836150e+01 3.557164478552655051e+00 -1.674715999706550384e+00 1.193396903467809977e+01 1.008031749980862024e+01 1.656834108423282048e+00 -6.189424168771849866e-01 7.751952078389344081e+00 2.212725111000536149e+00 1.834617574446911314e+00
3.351106074107195187e-01 1.395065288016993499e+01 8.189979538922903757e+00 -4.018321254529551467e+00 6.146274834437085666e+00 1.638695176808696630e+01 3.206855437023615973e+00 -1.488539746813694720e+00 1.082965919030363544e+01 9.179012557790828808e+00 1.506294905035611587e+00 -5.550368807009871119e-01 7.067273210046232101e+00 2.022852563101336987e+00 1.677201127702111716e+00
3.393095620710060434e-01 1.241569569999759715e+01 7.253567306998774278e+00 -3.550255226239992457e+00 5.420187516529224148e+00 1.447992150121414667e+01 2.821699452131368524e+00 -1.305415912833890468e+00 9.524564680354867363e+00 8.078674596686942877e+00 1.321033963046666537e+00 -4.850225511203808404e-01 6.205399646575145312e+00 1.776975693025268699e+00 1.471713426838650696e+00
3.435164896197421824e-01 1.124405236458554747e+01 6.542114012708760917e+00 -3.163849346254694606e+00 4.899938803651997077e+00 1.311502403562232644e+01 2.546274663087898293e+00 -1.162497896144851550e+00 8.654648117308010313e+00 7.358366995015708234e+00 1.203095103111047948e+00 -4.348153701013393602e-01 5.668000584650272344e+00 1.627268657135095387e+00 1.349770808972905245e+00
3.477107812306902690e-01 1.011934332609248344e+01 5.857638929008850859e+00 -2.791697478797402709e+00 4.364962707693019084e+00 1.170425265176900176e+01 2.262436486088323040e+00 -1.021238254078755903e+00 7.689854239364037447e+00 6.547498584567744473e+00 1.068730429482587230e+00 -3.830520763524599692e-01 5.037395575763177646e+00 1.448273714267557244e+00 1.200604844533542881e+00
3.518857617074659383e-01 9.025440664215851783e+00 5.199105552340753889e+00 -2.458325532711552519e+00 3.890698396759479483e+00 1.046705868336850642e+01 2.013873405836566821e+00 -8.975847502099075781e-01 6.895129149930786738e+00 5.888730512628496783e+00 9.586766493351033258e-01 -3.385751295612362544e-01 4.537475605328249451e+00 1.307483668334581406e+00 1.084338195248144787e+00
3.560773577310688554e-01 8.097344135768750562e+00 4.642962144136860481e+00 -2.173705182547138737e+00 3.451480191286678600e+00 9.295356846337039514e+00 1.782666590650877181e+00 -7.902197209082566509e-01 6.105477370053966624e+00 5.216379399812099749e+00 8.488918195175773063e-01 -2.988785651177652825e-01 4.015021084139919871e+00 1.157087681482007469e+00 9.586423466210752808e-01
3.602869550449780967e-01 7.318313282441108569e+00 4.182944595653760977e+00 -1.933785921159999033e+00 3.086133949086301786e+00 8.344193562240974416e+00 1.595998343855354218e+00 -6.986471435531146357e-01 5.425673127509716309e+00 4.648586640254245950e+00 7.550264795250059002e-01 -2.625560072822049063e-01 3.551793440915630207e+00 1.025796063368335176e+00 8.454918709334535709e-01
3.644651285618699665e-01 6.395688678845869113e+00 3.645724401447956620e+00 -1.674509376521518433e+00 2.694440769279621062e+00 7.277253699273905418e+00 1.390608792523127191e+00 -6.062923130914075198e-01 4.747579462943754436e+00 4.063336173500709414e+00 6.603649626103431647e-01 -2.290271941616037754e-01 3.113776818412752334e+00 8.985267238140096646e-01 7.423456055907196038e-01
3.686396944457170921e-01 5.769128312807122683e+00 3.274443196537615730e+00 -1.484176141620576983e+00 2.422643126631988331e+00 6.562791701790818166e+00 1.246981785985977753e+00 -5.346559316338385104e-01 4.287508095688467691e+00 3.683540501572876824e+00 5.969526961212657801e-01 -2.023304900975594900e-01 2.827335027859448680e+00 8.191354929117750094e-01 6.773560541614409569e-01
3.728293470315630076e-01 5.101128498344869477e+00 2.890429707091985545e+00 -1.301065333784732880e+00 2.128667149413181026e+00 5.781116461029190745e+00 1.096979307728959796e+00 -4.669427961054268827e-01 3.758953380479486572e+00 3.236194390109339292e+00 5.248393457217374047e-01 -1.772728270137426121e-01 2.475493404554117927e+00 7.180336386548300531e-01 5.921184186603470900e-01
3.770363921861874523e-01 4.616916244273321368e+00 2.606839116872989859e+00 -1.161427923043181654e+00 1.931949690515645024e+00 5.244612047957891043e+00 9.929336436299834867e-01 -4.196929982210741983e-01 3.421632834584267702e+00 2.944559045715956724e+00 4.782345836582513332e-01 -1.616592747831172849e-01 2.257874945170094794e+00 6.543298110195926443e-01 5.403813876839848040e-01
3.812363453093803867e-01 4.156631251806881089e+00 2.338102293533776965e+00 -1.028489237014551527e+00 1.722583899489255277e+00 4.692888720246699563e+00 8.846461826635829695e-01 -3.683899790401850560e-01 3.049905439915197025e+00 2.633783547749831477e+00 4.265203394526356773e-01 -1.416904572612508462e-01 2.012506324082104836e+00 5.848175351739424155e-01 4.813426779175098980e-01
3.854150971210312249e-01 3.671337544430443689e+00 2.058428090854381054e+00 -8.963748048821770231e-01 1.494301619242848655e+00 4.081034430067891350e+00 7.682873738786601958e-01 -3.180607110281533645e-01 2.641420457751114004e+00 2.282541480168506443e+00 3.692757602542643958e-01 -1.221099458077877786e-01 1.744255484456396887e+00 5.072637311229383217e-01 4.178807412831699875e-01
3.896036578152083374e-01 3.307611231643726946e+00 1.849311150341790499e+00 -7.963996111095755781e-01 1.356412834190112937e+00 3.708956341090412945e+00 6.949599708879184989e-01 -2.829804371533727325e-01 2.402483451716322715e+00 2.082077961186961979e+00 3.361344930950933008e-01 -1.091526000497484855e-01 1.590970648388701392e+00 4.638707322241261699e-01 3.823056944175741156e-01
3.937795161075864914e-01 2.939247557032675040e+00 1.640130112846124533e+00 -6.981302663782670281e-01 1.198215075953253939e+00 3.281228268428372452e+00 6.136335413543341222e-01 -2.466855296238010808e-01 2.121322566515542629e+00 1.841484836443111783e+00 2.973177102148547024e-01 -9.539249758412658708e-02 1.404333388273756755e+00 4.100749682775499672e-01 3.371334067314812888e-01
3.979440095093054186e-01 2.608056524990652214e+00 1.452013658277096386e+00 -6.139089793183882815e-01 1.054012612733925769e+00 2.891086841847545497e+00 5.406472643938854405e-01 -2.166146248341820901e-01 1.866628142750307306e+00 1.621454111839176759e+00 2.623464097638931181e-01 -8.406081539012838499e-02 1.236136258925232934e+00 3.611136537143213587e-01 2.967712942477876426e-01
4.021139069446590386e-01 2.301154381309862718e+00 1.279336547588230344e+00 -5.349726168133575044e-01 9.192105660540167422e-01 2.525035594097851277e+00 4.720339937117093987e-01 -1.875222631644231641e-01 1.625030605531107231e+00 1.413486792432479211e+00 2.288540385818448597e-01 -7.269597314802830890e-02 1.076503715808093897e+00 3.149318588747950787e-01 2.587778213715592468e-01
4.063125452039867413e-01 2.033199737298553078e+00 1.125894616304329521e+00 -4.641834442306720376e-01 8.152573916356532502e-01 2.244528895054139994e+00 4.176827359050569455e-01 -1.629582737799538383e-01 1.445751782917669814e+00 1.261109161081454211e+00 2.040009839463735319e-01 -6.360288182881673746e-02 9.611003727918764339e-01 2.819029054506340115e-01 2.317022680102049093e-01
4.105412315868290918e-01 1.824539623501610697e+00 1.009179933441266330e+00 -4.114604414013311451e-01 7.241234014456491286e-01 1.997855392156862697e+00 3.716879057711491297e-01 -1.437945920262391764e-01 1.279516529297290317e+00 1.117412488348133337e+00 1.808260323911674849e-01 -5.607443307024644746e-02 8.479216110443342780e-01 2.488383906523410072e-01 2.037266617708384520e-01
4.147348487769681458e-01 1.594909365017610048e+00 8.798770374314031084e-01 -3.565954802809402913e-01 6.264899357031697980e-01 1.727976799901711935e+00 3.208773369031042710e-01 -1.237991376750757766e-01 1.105379740355475482e+00 9.647767528053076136e-01 1.560077990621672739e-01 -4.839690654691211624e-02 7.328917192235236966e-01 2.149517165871488444e-01 1.763212269125235543e-01
4.189107045044477284e-01 1.436967699308481006e+00 7.908907777601144051e-01 -3.155585866087751157e-01 5.662160450282172075e-01 1.566756666799141495e+00 2.899453106370717959e-01 -1.096022306702567339e-01 1.004349689015181513e+00 8.803922457475558128e-01 1.422589743462363832e-01 -4.304477299598601092e-02 6.690573831571416941e-01 1.970524749622446503e-01 1.614912709393132584e-01
4.230974437456921922e-01 1.250763636984164151e+00 6.883062373235041553e-01 -2.733860931527419824e-01 4.867923711873000658e-01 1.347433619042046837e+00 2.496740220814805955e-01 -9.435118129095482198e-02 8.592336692604727322e-01 7.527161830095950856e-01 1.218066886189445308e-01 -3.693999827526522894e-02 5.708736787190887840e-01 1.680390192292690321e-01 1.376254851197441231e-01
4.272931011032126136e-01 1.125848082736613964e+00 6.172543565926683629e-01 -2.406337551719925916e-01 4.403802010969967706e-01 1.220205577163839594e+00 2.251571547408659779e-01 -8.341241863892620567e-02 7.815339466883979291e-01 6.863877114600668294e-01 1.111421968754294082e-01 -3.316367677741919456e-02 5.210311397850283521e-01 1.536819404657846777e-01 1.256589489547231264e-01
4.314914587673138180e-01 9.770410464433675335e-01 5.352070783977206370e-01 -2.076860599789114581e-01 3.798550759691748380e-01 1.054619845649930499e+00 1.944972154217331495e-01 -7.172300994553999776e-02 6.718865678422398791e-01 5.907130908713599249e-01 9.549202648498376911e-02 -2.835071460053319517e-02 4.463871116476720302e-01 1.317444317782414109e-01 1.074019160903777886e-01
4.356511643511531418e-01 8.733775259362442922e-01 4.774899739797290321e-01 -1.826470344873623863e-01 3.360155748173819790e-01 9.354874436087418088e-01 1.720683343712187952e-01 -6.233043672648745648e-02 5.986500408929985584e-01 5.280557013055883209e-01 8.539704487399728261e-02 -2.479875457245343112e-02 4.017089398816903745e-01 1.189786693530316825e-01 9.755340480894193755e-02
4.398424702607344750e-01 7.691877041262861203e-01 4.200204637713643163e-01 -1.590282743813061228e-01 2.938310056710640716e-01 8.185153881868248993e-01 1.505666505678179556e-01 -5.413806980807681773e-02 5.200651358529365664e-01 4.588348102470506396e-01 7.426181136285203710e-02 -2.149917408625692111e-02 3.476558052804223919e-01 1.029776393884572067e-01 8.424480695390214324e-02
4.440501074980069407e-01 6.711527296684068888e-01 3.661572451082549806e-01 -1.378866741290524500e-01 2.565786724540165542e-01 7.148735899113760617e-01 1.313363690395749628e-01 -4.694284134413630877e-02 4.549553479344780049e-01 4.017233354552826041e-01 6.507641517863493874e-02 -1.877834096983157369e-02 3.046565487325205712e-01 9.030731052267522430e-02 7.394919057712277810e-02
4.482267968899237842e-01 5.920085449252754373e-01 3.226162500696407864e-01 -1.198791982516679011e-01 2.191238023959914683e-01 6.131249390643063180e-01 1.127494364536470867e-01 -3.993261886051123477e-02 3.833360301004916648e-01 3.390261507705753519e-01 5.482720323881917074e-02 -1.561591405281557640e-02 2.542125606745407329e-01 7.543867442668217294e-02 6.123329926737886009e-02
4.524052929840755577e-01 5.237928029526347506e-01 2.850148550167452277e-01 -1.048936320462545285e-01 1.969275825943202773e-01 5.506945868361697860e-01 1.009180995723976404e-01 -3.533005022512131221e-02 3.496056372172099969e-01 3.097344145137037597e-01 5.011817400767206582e-02 -1.414914981460597271e-02 2.349566790974642605e-01 6.985859967705555784e-02 5.724273508517872810e-02
4.566090347930675253e-01 4.586645370063059945e-01 2.491075132758048538e-01 -9.026375290408231167e-02 1.718597535678725585e-01 4.812379169432459136e-01 8.807454156986392613e-02 -3.034672992553103313e-02 3.043015163458346883e-01 2.700327746432127363e-01 4.376249792565549412e-02 -1.219408766439180301e-02 2.038964487222037769e-01 6.070241194407566959e-02 4.947275348489877517e-02
4.608167319022857811e-01 3.972778697980436369e-01 2.156502944305659919e-01 -7.793243113702490177e-02 1.463017315718103672e-01 4.102369905834880592e-01 7.512801368084903730e-02 -2.590765079769639587e-02 2.572683753225509240e-01 2.282356300275155681e-01 3.695037197752511215e-02 -1.032552494750319308e-02 1.715171957900522848e-01 5.102127002675033857e-02 4.147909909142673268e-02
4.649806979855051203e-01 3.506400629408467085e-01 1.901394905939125801e-01 -6.777507234041513229e-02 1.278147775720674395e-01 3.589841661886074009e-01 6.574662881646110846e-02 -2.235777321290043085e-02 2.255579644128345995e-01 2.004527234709709560e-01 3.255555503494178549e-02 -8.974774132281711225e-03 1.510610623590268597e-01 4.502748072518057698e-02 3.665219582495371498e-02
4.691538386770017222e-01 3.065430838100034472e-01 1.660864178322121465e-01 -5.872343375869408522e-02 1.123452183141081667e-01 3.156394802395702803e-01 5.770692811664639849e-02 -1.946794534704274562e-02 1.989358261120190707e-01 1.769833919669213107e-01 2.873305623915219445e-02 -7.878494025886669319e-03 1.336617418015912384e-01 3.988075911196046347e-02 3.252638041321437301e-02
4.733478629909182445e-01 2.699825677837393578e-01 1.461395528467303306e-01 -5.109693781783353900e-02 9.913172507749380691e-02 2.785683524941179323e-01 5.087628762456584963e-02 -1.696102628282983305e-02 1.768318123747339154e-01 1.575525290912995480e-01 2.564208719959479299e-02 -6.967678734193909380e-03 1.195980942436729033e-01 3.573809179475967435e-02 2.923746052853732832e-02
4.775500538217637980e-01 2.356663081498092671e-01 1.273921145461359428e-01 -4.404191424198059673e-02 8.504407224622489991e-02 2.395479688318850331e-01 4.371946806521248563e-02 -1.443014928167770695e-02 1.498405907606244758e-01 1.336353138025435372e-01 2.169315509085050636e-02 -5.825021291897531858e-03 1.003953048256572139e-01 3.001362802841373023e-02 2.437401261867618713e-02
4.817339644282710998e-01 2.040607111091918557e-01 1.103181095789846911e-01 -3.794873435738572304e-02 7.305120044137969337e-02 2.061087732735736033e-01 3.762109164291580626e-02 -1.233125007812784120e-02 1.282282305530807187e-01 1.145231867333054571e-01 1.858426362284386346e-02 -4.930041371769579989e-03 8.574613413972630160e-02 2.567318143955234916e-02 2.080906043363698124e-02
4.859144464692263798e-01 1.806077398255813704e-01 9.753193304754194382e-02 -3.313835047468353945e-02 6.444809988592875571e-02 1.820224991720635621e-01 3.318935480755078049e-02 -1.074774229214196276e-02 1.138227894097733200e-01 1.018171479430379639e-01 1.655355943663526508e-02 -4.349574015215630987e-03 7.657058962871650387e-02 2.295990430434942386e-02 1.866632667611127505e-02
4.901252990058800885e-01 1.577359967894800818e-01 8.503223797735076639e-02 -2.850538889346536722e-02 5.584830903042731914e-02 1.578725346632097459e-01 2.874878715799255441e-02 -9.221749983109182175e-03 9.853504673066028341e-02 8.821774346081474871e-02 1.434715628856887172e-02 -3.756792090246826189e-03 6.633701006692738211e-02 1.990423956364243199e-02 1.618969074809522082e-02
4.943123444065962158e-01 1.367620481981839664e-01 7.369389272344072095e-02 -2.450427550332386420e-02 4.835354642231762257e-02 1.368683674573303310e-01 2.489505156967031577e-02 -7.889714418113549788e-03 8.563327821115161720e-02 7.684437857078162126e-02 1.250018419985738510e-02 -3.218846879016455578e-03 5.791198589370536581e-02 1.742027751550513648e-02 1.419072472175937627e-02
4.984736335014697817e-01 1.193457065500231895e-01 6.426749979140504443e-02 -2.115880582964579926e-02 4.200335749499371774e-02 1.189274780727805486e-01 2.163134716459344520e-02 -6.807192164218681292e-03 7.421115970666598838e-02 6.659421748252045137e-02 1.084287144288139694e-02 -2.784557148533842782e-03 5.005659243160913430e-02 1.505362879218567936e-02 1.223099536388860646e-02
5.026590164608074618e-01 1.043264207936381444e-01 5.613832394755008393e-02 -1.833764108325953643e-02 3.646142377765371201e-02 1.033666283408598424e-01 1.878697038020759116e-02 -5.867302097113205953e-03 6.441375137856020228e-02 5.787060214374704914e-02 9.421217272516942132e-03 -2.402045721766503123e-03 4.348930633927982486e-02 1.309056349765129121e-02 1.063941388781648560e-02
5.068609875937976073e-01 9.029201670349185083e-02 4.854418427723256046e-02 -1.568463263501057581e-02 3.110250956917936724e-02 8.830202770021146341e-02 1.604852302533481614e-02 -4.972741645606564877e-03 5.456470823957599442e-02 4.904468116290734009e-02 7.986750191891911141e-03 -2.028461041176700137e-03 3.664243272345876767e-02 1.103059656674449697e-02 8.918249995552175041e-03
5.110594965365916620e-01 7.839074065914698741e-02 4.209291724996928885e-02 -1.342764049582225068e-02 2.720406299901998587e-02 7.730831373970584175e-02 1.401968040315140253e-02 -4.266231662893141090e-03 4.800470030094743795e-02 4.324980861164962748e-02 7.043716894029518165e-03 -1.755051995817077546e-03 3.236915453998034931e-02 9.765956184877057356e-03 7.903124699586630900e-03
5.152492140965455603e-01 6.838471172798948894e-02 3.672321061925098995e-02 -1.163736936391261516e-02 2.347205568331143383e-02 6.675793569316688936e-02 1.211646887319316711e-02 -3.670565751786301380e-03 4.124590382720105114e-02 3.717277585003285478e-02 6.061894300262812840e-03 -1.505448410294842531e-03 2.776274535972405103e-02 8.380054127997700608e-03 6.772451313033837211e-03
5.194329442812991582e-01 5.891238413304252658e-02 3.160649323541439570e-02 -9.891098092982421319e-03 1.991798791916575898e-02 5.675375350521887768e-02 1.029450887583086699e-02 -3.084839203155021695e-03 3.491677742184660233e-02 3.151359631400269673e-02 5.138464132969504904e-03 -1.261358681563035577e-03 2.352080980292880347e-02 7.108939636804149226e-03 5.748715539114023117e-03
5.236343964239100757e-01 5.127535848898383264e-02 2.748695328971925006e-02 -8.517760316114366542e-03 1.730941441045956083e-02 4.937113205313638231e-02 8.947125125982641203e-03 -2.651853685605019394e-03 3.048467860752494471e-02 2.755505760602560555e-02 4.495739505098257822e-03 -1.090842251463676341e-03 2.065606967576946729e-02 6.253956168207829361e-03 5.079752735521729338e-03
5.278273205415198177e-01 4.467050410294889917e-02 2.393449553970359786e-02 -7.330917166887438927e-03 1.497052849408554362e-02 4.272941394377859081e-02 7.740367374535527326e-03 -2.272655786306112397e-03 2.624933135390687330e-02 2.374498993668401614e-02 3.873952894893449225e-03 -9.327071745587745119e-04 1.770140939670905925e-02 5.361262133052231010e-03 4.327777572239416108e-03
5.319960279023402405e-01 3.869029459756248568e-02 2.069797273261568885e-02 -6.262875231030376466e-03 1.281816459415986188e-02 3.664706775086612467e-02 6.633666901563660401e-03 -1.927176222769348603e-03 2.248865872850160791e-02 2.036290135486265931e-02 3.324269741013981868e-03 -7.954487166939263514e-04 1.517618845312113281e-02 4.599053850860708795e-03 3.713017921287274214e-03
5.361714592099571242e-01 3.306741027003386874e-02 1.769196232921394635e-02 -5.336888852701250456e-03 1.107517543929012818e-02 3.163895084126309987e-02 5.722321370731793186e-03 -1.653775272146073812e-03 1.950680409854587544e-02 1.767051617996722584e-02 2.885645494497164187e-03 -6.876323817379590385e-04 1.321184963376268763e-02 4.005993839932214286e-03 3.241222755929686668e-03
5.403746330902056139e-01 2.877810079847958197e-02 1.538519597520482569e-02 -4.575878379182716713e-03 9.597298970697394627e-03 2.742476167843885607e-02 4.958230172776456439e-03 -1.414133804740086127e-03 1.696917686423651470e-02 1.539133118671854976e-02 2.518906174625206232e-03 -5.931888833940077111e-04 1.152831623317538204e-02 3.500416304348471022e-03 2.832471226020246390e-03
5.445761264886261888e-01 2.501079603897357270e-02 1.335509418941772768e-02 -3.921161270296038420e-03 8.187504211025251055e-03 2.347205247356726546e-02 4.239449958915840130e-03 -1.192318498973245471e-03 1.436333132258410007e-02 1.305313471661896478e-02 2.133829012073616260e-03 -4.945618005054922125e-04 9.722874588900958653e-03 2.957058014835166337e-03 2.386972657353325644e-03
5.487504490749764985e-01 2.167473844753012996e-02 1.157523158698660348e-02 -3.375258007193469249e-03 7.025318304283066639e-03 2.015580937409428008e-02 3.641328924079553862e-03 -1.017533644700451814e-03 1.231988799811726924e-02 1.120370798477687661e-02 1.831920634728465003e-03 -4.218343158875604670e-04 8.360000627613443230e-03 2.544551264422874586e-03 2.058781404045592102e-03
5.529407179677009454e-01 1.864524735046539650e-02 9.949715343304002882e-03 -2.872735181812769659e-03 6.036442519367041064e-03 1.732683229663474836e-02 3.128558694784982618e-03 -8.651580254034752079e-04 1.057508472373684325e-02 9.625772813331469335e-03 1.575862532696730399e-03 -3.596890089957369943e-04 7.158231207457837510e-03 2.180340337603551681e-03 1.757229971281742877e-03
5.571409157079509900e-01 1.606610562205728829e-02 8.572789164810662443e-03 -2.455136280905508180e-03 5.167438972271941669e-03 1.484534849388548239e-02 2.680738664024481886e-03 -7.364569589342423667e-04 9.021883398925952674e-03 8.217897402331935178e-03 1.344947616217999787e-03 -3.048316487929246402e-04 6.097603379792695608e-03 1.858494911411169006e-03 1.496165727411174085e-03
5.613298693710127019e-01 1.369293905190907198e-02 7.299367678003514624e-03 -2.072685150880317247e-03 4.374349092100742430e-03 1.257517210601200031e-02 2.269554773646211346e-03 -6.197306536251899738e-04 7.675145142817334752e-03 6.995887722298995900e-03 1.145697904618969568e-03 -2.587810431977425035e-04 5.218803869430304818e-03 1.591919552659689513e-03 1.287101788014591861e-03
5.655062246218995892e-01 1.183699430342694849e-02 6.311581452772894833e-03 -1.779358989107994275e-03 3.773600160165633145e-03 1.085629215183583733e-02 1.958216857386523360e-03 -5.290252390969954824e-04 6.604946230157856743e-03 6.026319286124193382e-03 9.869703026851373625e-04 -2.206210948606382254e-04 4.472746390000395360e-03 1.365206664898352840e-03 1.098201016978560740e-03
5.696867424029971039e-01 1.015503832002375914e-02 5.408938575550948334e-03 -1.502490637429937598e-03 3.208779464636400246e-03 9.240421151035361699e-03 1.665892944760371478e-03 -4.446623231827542323e-04 5.638820319944884071e-03 5.152007296589680013e-03 8.449689535144479322e-04 -1.868101931151693994e-04 3.839897893084494480e-03 1.173752359893995593e-03 9.474403135791728504e-04
5.738956954203543459e-01 8.797761789609072000e-03 4.681519007411918606e-03 -1.283926449270030154e-03 2.765785605270495821e-03 7.968620116341593521e-03 1.434763240856716223e-03 -3.783394092577491608e-04 4.832534938252414439e-03 4.418337778916019837e-03 7.242234951883833212e-04 -1.587661096286570816e-04 3.268086170083320165e-03 9.992461363368930222e-04 8.006049569558247028e-04
5.780928920821047923e-01 7.534234701528536547e-03 4.007007496884149207e-03 -1.090206229159391580e-03 2.350625934296323750e-03 6.779357640308958377e-03 1.220716822182272296e-03 -3.196392696661183542e-04 4.114417984021206086e-03 3.764933994307838143e-03 6.176188777783763600e-04 -1.344664704744747232e-04 2.793374934179790759e-03 8.548385213938127988e-04 6.871670248272453239e-04
5.822632071880226023e-01 6.405442676835406204e-03 3.406944306820794757e-03 -9.216984759261232559e-04 1.979239601695438524e-03 5.713640790752450363e-03 1.029322244922124298e-03 -2.685563118647073255e-04 3.452959461940752380e-03 3.161037485424658157e-03 5.187574921515147527e-04 -1.125793138478793876e-04 2.342512904064475345e-03 7.171043054247456996e-04 5.764564434711657529e-04
5.864430803127811398e-01 5.557985199684078829e-03 2.956353071266074311e-03 -7.951251750048048518e-04 1.709047928043765964e-03 4.934414604080739238e-03 8.894016024237747691e-04 -2.313540833421143456e-04 2.977819657348734512e-03 2.726230219958380128e-03 4.476984894795645823e-04 -9.719835279254665473e-05 2.018326466294242776e-03 6.178566329349332665e-04 4.966763103357661312e-04
5.906376733072625784e-01 4.755444297055692708e-03 2.526645819609422972e-03 -6.693144063574153367e-04 1.458463665541368448e-03 4.214897789850233396e-03 7.582156921275836703e-04 -1.934036065969007526e-04 2.542828173705813204e-03 2.332495914948395661e-03 3.830532382226498381e-04 -8.139332056333649379e-05 1.725925559338436143e-03 5.293791002526324367e-04 4.247808418641190343e-04
5.948356627105599870e-01 4.058877430168392891e-03 2.154251873727679439e-03 -5.640036691852757557e-04 1.229405658683971770e-03 3.559140256462699301e-03 6.400379714961625804e-04 -1.614643683457009165e-04 2.139509135614855659e-03 1.964595062087876043e-03 3.225809983889413898e-04 -6.782511429333961252e-05 1.451614298047939136e-03 4.456353962064306721e-04 3.576449051033321331e-04
5.990145239901687457e-01 3.457134042820279602e-03 1.835656830115388067e-03 -4.790130311279689932e-04 1.045394201867718559e-03 3.024328241242634982e-03 5.442541933137285065e-04 -1.375056537730461493e-04 1.815130052954193199e-03 1.666157471798993027e-03 2.737802550879451765e-04 -5.775749632307433055e-05 1.231610228188085134e-03 3.780171300089505142e-04 3.036800579111257844e-04
6.031829950841108845e-01 2.974088809731173771e-03 1.578407718658418135e-03 -4.071798489932367416e-04 8.931344551252813927e-04 2.586163193685928671e-03 4.651398804795886456e-04 -1.163882078536504131e-04 1.549199674409650106e-03 1.423103940107147509e-03 2.339040308065983226e-04 -4.909091968422531351e-05 1.049222055107841296e-03 3.221487035046363473e-04 2.580846640873159584e-04
6.073740526175752663e-01 2.534349801109613519e-03 1.343666596143336172e-03 -3.418147784830569526e-04 7.532568302618252191e-04 2.184368897912507702e-03 3.924409510350838860e-04 -9.660792735695368472e-05 1.311976912858667200e-03 1.207408593921007302e-03 1.985748497634142839e-04 -4.089913649712595552e-05 8.950197072327733660e-04 2.754085485229800651e-04 2.217705569190647514e-04
6.115768023320514724e-01 2.164670023324523351e-03 1.147253430415541087e-03 -2.899262761762010240e-04 6.424291346408010292e-04 1.863335485301724622e-03 3.345675834729409394e-04 -8.176781486160143112e-05 1.118891100456512796e-03 1.030131171587760812e-03 1.694224877146357318e-04 -3.471475017284504682e-05 7.618813623271098899e-04 2.344758366095104219e-04 1.882005614970902994e-04
6.157710000000914397e-01 1.849153941372331730e-03 9.797876344982338771e-04 -2.451498069951135901e-04 5.473781677309474611e-04 1.588445549065452787e-03 2.850737277321223925e-04 -6.900873631679011963e-05 9.516479735822873983e-04 8.768092102140234755e-04 1.442440392933620448e-04 -2.937500527108727333e-05 6.469878385096854232e-04 1.992071064092652615e-04 1.596670406205940749e-04
6.199632023912512446e-01 1.573977982868210706e-03 8.331089756591975775e-04 -2.058416519131264105e-04 4.607597178822751480e-04 1.339337710072241580e-03 2.401193754690289517e-04 -5.725762164315986507e-05 7.976707971263961383e-04 7.361766358422938087e-04 1.209973259432003479e-04 -2.416537444457755106e-05 5.414920037899069449e-04 1.670056595469092387e-04 1.335460335641525543e-04
6.241630060990407403e-01 1.343379454148301228e-03 7.111745871314443385e-04 -1.747127535545773701e-04 3.895632455442484508e-04 1.132969689652557231e-03 2.032769926568034726e-04 -4.838724761606730837e-05 6.738241277298718775e-04 6.219883020227345892e-04 1.022975489637054395e-04 -2.039513652110841048e-05 4.574262456391198651e-04 1.411177131007223899e-04 1.128170542085769320e-04
6.283593402461892241e-01 1.137023367726298657e-03 6.016184664808078104e-04 -1.464694633228435074e-04 3.271141546694433626e-04 9.525473626286752290e-04 1.707790442759365133e-04 -4.018423873679202713e-05 5.665236400743787907e-04 5.233823345632674685e-04 8.612309545987691648e-05 -1.703654731720222475e-05 3.854255021051299925e-04 1.189883186185334733e-04 9.528660161059716394e-05
6.325410955997395890e-01 9.679973094105599534e-04 5.120638682045743073e-04 -1.238108508971553839e-04 2.755113030423053731e-04 8.025913831791947140e-04 1.439383852869354700e-04 -3.374376098684179755e-05 4.774734984525403790e-04 4.413115542236867501e-04 7.268101218355635992e-05 -1.433141879397989981e-05 3.251813983592845942e-04 1.004364161353110094e-04 8.039832654430567258e-05
6.367142920629192959e-01 8.206746776642369779e-04 4.338894881407852995e-04 -1.037043754932569391e-04 2.317299035544225698e-04 6.756279089762333000e-04 1.211211847222512701e-04 -2.810122113171818577e-05 3.977720482314869052e-04 3.678846953724373287e-04 6.053741225158809798e-05 -1.180925665544367814e-05 2.693087365290525951e-04 8.322056734880128686e-05 6.637713520341158183e-05
6.409035099394975177e-01 6.967798446505729182e-04 3.682824815722801496e-04 -8.735996010751439448e-05 1.950759963866451323e-04 5.691239595424543284e-04 1.020777462476658669e-04 -2.356598366329999271e-05 3.361168087261099703e-04 3.110306732416715132e-04 5.125121960460245495e-05 -9.953080618031006743e-06 2.282741767915790062e-04 7.057771588367362870e-05 5.635832605439858691e-05
6.451032402190634008e-01 5.931041756682745286e-04 3.132852831566931406e-04 -7.366416206724394798e-05 1.671777085097787482e-04 4.873988326664535262e-04 8.733567620338866940e-05 -2.002102620099387585e-05 2.882053980581412273e-04 2.667431438137733940e-04 4.396078206045446777e-05 -8.519637937261549801e-06 1.960100198239598450e-04 6.061743455728940314e-05 4.849781522699970305e-05
6.492879941711476866e-01 4.973415089147636232e-04 2.626500675182416090e-04 -6.130091255174812813e-05 1.387934000904983401e-04 4.052689365443453546e-04 7.257866025966942976e-05 -1.647041276340618080e-05 2.395463233505034230e-04 2.219868225806170099e-04 3.657254747394778310e-05 -7.003642532863128981e-06 1.631218971241911366e-04 5.049740764467930491e-05 4.038315608325790705e-05
6.534659541563927476e-01 4.266984679643770332e-04 2.251920095237848452e-04 -5.191152083587591802e-05 1.174848133576539218e-04 3.434210342012010116e-04 6.149276451927663493e-05 -1.378699487516374209e-05 2.015839851301119505e-04 1.869420421117346453e-04 3.081112190951356479e-05 -5.823104357817483164e-06 1.367822989367078589e-04 4.237586898219516805e-05 3.379189590593689621e-05
6.576591076962554627e-01 3.614560980445070460e-04 1.907880712345775393e-04 -4.377132948882036742e-05 9.778676720703665835e-05 2.860702596835393513e-04 5.126556845419576815e-05 -1.152851109375914411e-05 1.676241391103876850e-04 1.554309750681545762e-04 2.562341606784130797e-05 -4.874426171702260233e-06 1.139593215524378181e-04 3.529537923647620671e-05 2.820699973793024514e-05
6.618529307405217610e-01 3.036333413899952507e-04 1.601519283611202427e-04 -3.628960722866140078e-05 8.182743247062608408e-05 2.395482501046301393e-04 4.288902606574578253e-05 -9.490773937062973138e-06 1.395929274054376161e-04 1.296064115464795857e-04 2.136411010195159434e-05 -4.001240259330476198e-06 9.434632309926618094e-05 2.925405606434513698e-05 2.321253070157139358e-05
6.660240791386257131e-01 2.554200327651448359e-04 1.346787194356015879e-04 -3.034047700900992575e-05 6.914603793382603444e-05 2.024308332937615194e-04 3.622570421549314260e-05 -7.955135538749080604e-06 1.188412550188624686e-04 1.104371913407000522e-04 1.822433278075768627e-05 -3.385292464039550290e-06 8.084908704224856948e-05 2.509470851929068618e-05 1.999854552666081213e-05
6.702067828716186115e-01 2.176362820036386496e-04 1.146568352940715760e-04 -2.547226575820150292e-05 5.880686766915905469e-05 1.723367963701071860e-04 3.079732472214257046e-05 -6.651019150886591658e-06 1.009814360043062277e-04 9.396526538238535056e-05 1.548996373254184282e-05 -2.828123467245077309e-06 6.883556918913095503e-05 2.139374073705913360e-05 1.708667223490621778e-05
6.744172070879622671e-01 1.823312603577827910e-04 9.600771543730474025e-05 -2.109523251450535431e-05 4.913215066677804790e-05 1.439885964091371150e-04 2.571612885136179307e-05 -5.511287363401268382e-06 8.422671649579978684e-05 7.841962528636861780e-05 1.293749616563491787e-05 -2.351308013940907909e-06 5.720881387216658566e-05 1.778171191067861288e-05 1.413726345712454862e-05
6.786118453466847278e-01 1.540558727569938465e-04 8.114697551642974607e-05 -1.779638734865946156e-05 4.106966067117912391e-05 1.204557624392845567e-04 2.153390442264847311e-05 -4.604553397812019321e-06 7.038239738687429321e-05 6.550733896067835427e-05 1.081215426298084711e-05 -1.959699098466137016e-06 4.787757929594307254e-05 1.488697267515658931e-05 1.186301473502818624e-05
6.827984616056306244e-01 1.306537738741135786e-04 6.877900353190037164e-05 -1.491176296368864171e-05 3.455410403811544519e-05 1.014125666349637196e-04 1.811449726037449504e-05 -3.826962295219025010e-06 5.930753922432740034e-05 5.525986328430829744e-05 9.121514882192672280e-06 -1.632558424177660293e-06 4.041986581903617728e-05 1.257905644867196221e-05 1.002360112450582637e-05
6.869817177358829019e-01 1.101849820495563677e-04 5.796351709418925881e-05 -1.243840307942010721e-05 2.863333261229116935e-05 8.419254980942541427e-05 1.502808429699737192e-05 -3.149070374138295441e-06 4.868423789371481515e-05 4.541532380966166552e-05 7.489035057660336940e-06 -1.330589646331099400e-06 3.293352467419721405e-05 1.025306052649542988e-05 8.112908005767638850e-06
6.911718524128840357e-01 9.199696711723674941e-05 4.841436739443477465e-05 -1.033829264295361507e-05 2.388233140177752024e-05 7.014781749254118102e-05 1.253403499895283825e-05 -2.616542493238971016e-06 4.070854387688392916e-05 3.794440008662604811e-05 6.268185803593551386e-06 -1.109486570482063936e-06 2.765479786899533932e-05 8.611580734491080532e-06 6.849414330089595027e-06
6.953555746427921846e-01 7.730837745997900287e-05 4.065746858982457665e-05 -8.610123812072653754e-06 1.986586022853826399e-05 5.840196545626155964e-05 1.043488765849266628e-05 -2.160251231808917421e-06 3.380516000350282352e-05 3.156797997391416207e-05 5.214661962391857029e-06 -9.144188143752398747e-07 2.296830108170055382e-05 7.156166412628931185e-06 5.673514963523294562e-06
6.995344561305086861e-01 6.517059378438408988e-05 3.423386595122457468e-05 -7.154790313098888128e-06 1.680738589541283325e-05 4.941360676534621512e-05 8.814492192627677356e-06 -1.802280562107214773e-06 2.864365576368299953e-05 2.676363419308662746e-05 4.420519609034930525e-06 -7.727798883454074687e-07 1.948232462842585660e-05 6.079435008007733112e-06 4.832681883432046884e-06
7.037287066792784485e-01 5.453146213822736830e-05 2.864863389325161076e-05 -5.949116560866219374e-06 1.392625804701572849e-05 4.097303775321808195e-05 7.313774334932967440e-06 -1.485469769352353142e-06 2.373726685740535448e-05 2.220282350604765723e-05 3.667492838507859460e-06 -6.310282623975224107e-07 1.618257176507534764e-05 5.054958438577872235e-06 4.019371750737774399e-06
7.079143033440539190e-01 4.548720571742283962e-05 2.390619048593095784e-05 -4.934018057306792229e-06 1.158739056145205489e-05 3.412688084935652680e-05 6.084244443932444873e-06 -1.227532347214240491e-06 1.976207734579890575e-05 1.846671268666994568e-05 3.052147922494698108e-06 -5.231510839308390559e-07 1.343437620544799620e-05 4.197012374575873986e-06 3.331539022259787637e-06
7.121186686741065586e-01 3.858005439640396642e-05 2.027347437020424753e-05 -4.135696121416618945e-06 9.724124608770318978e-06 2.863359714639150645e-05 5.109586284916539593e-06 -1.022718916517023379e-06 1.661450893582080778e-05 1.553844031156281059e-05 2.569743387838262435e-06 -4.392779064049789203e-07 1.133464724856792389e-05 3.540235753497279909e-06 2.822165204987129488e-06
7.163134555705721329e-01 3.188599296872864151e-05 1.674149830962266179e-05 -3.390130224765212002e-06 8.030985245139317868e-06 2.369717346409978744e-05 4.226761685990800434e-06 -8.372840311452887044e-07 1.368877329236777177e-05 1.282330622469295959e-05 2.120304438757670183e-06 -3.583467546662553709e-07 9.332746385449359916e-06 2.919134422772135608e-06 2.317696981669117292e-06
7.204913713645887396e-01 2.683349776406968008e-05 1.408003809177327340e-05 -2.828821024303527855e-06 6.710403701840778383e-06 1.977967935964696281e-05 3.525823679191085770e-06 -6.990773062272785856e-07 1.142793726398465088e-05 1.069380099655962685e-05 1.770424531420244563e-06 -3.007385751863631806e-07 7.790204630022739906e-06 2.434209027075729141e-06 1.934454309434851496e-06
7.246803275165087932e-01 2.218545671200346703e-05 1.164057250821696304e-05 -2.315174041664607507e-06 5.460983052103336148e-06 1.607586727436664941e-05 2.869216990696758290e-06 -5.616996171913987883e-07 9.178812188164646115e-06 8.616854525565882946e-06 1.425695366806753658e-06 -2.395485730586751992e-07 6.238749902927761168e-06 1.950737515539756124e-06 1.547979324258517213e-06
7.288763115175647123e-01 1.861958706226404163e-05 9.780418967347249916e-06 -1.927462646518711958e-06 4.520192171130689580e-06 1.336040896592311200e-05 2.382783365482955300e-06 -4.645025355508264729e-07 7.655329421927997542e-06 7.180746874879260980e-06 1.186596267054979753e-06 -1.986078325513112991e-07 5.199552552430599352e-06 1.625719532586187111e-06 1.288514641717036778e-06
7.330585840505703388e-01 1.559567774057541803e-05 8.169006252662976361e-06 -1.597536640570767736e-06 3.756900657651930057e-06 1.112792295204931769e-05 1.987769585258611382e-06 -3.851187076233608926e-07 6.364578030787772980e-06 5.956973914346185669e-06 9.860759843988016303e-07 -1.646433951530514197e-07 4.312742561266918647e-06 1.349686359904482042e-06 1.065097589418215970e-06
7.372316440474646626e-01 1.295639560428832397e-05 6.799266735498487774e-06 -1.315973567169007127e-06 3.173101629304115359e-06 9.357105786184701651e-06 1.668732378298692760e-06 -3.180282203953857663e-07 5.372024555168403501e-06 5.052664932731723155e-06 8.377164966877578855e-07 -1.366955693082039693e-07 3.661834808136379384e-06 1.147679575563515731e-06 9.111794577577239897e-07
7.414228560306842519e-01 1.088943785886249658e-05 5.707299237749098215e-06 -1.095994186707552085e-06 2.625156012957751558e-06 7.741166600977601026e-06 1.377041430990959568e-06 -2.634595456381647292e-07 4.433518647269481388e-06 4.157406486745054648e-06 6.881320040327321839e-07 -1.125885530454583620e-07 3.008462607459969028e-06 9.441740114407674195e-07 7.523425200741168204e-07
7.456189213758863676e-01 8.967457315451926348e-06 4.674123373236409266e-06 -8.933835865939412578e-07 2.149372515668306931e-06 6.331035150911345466e-06 1.125868306037904412e-06 -2.118366261762479020e-07 3.621924380623818937e-06 3.378073225614445395e-06 5.623470713360999925e-07 -9.218100085628844653e-08 2.462985149376076898e-06 7.714720351861379608e-07 6.115165984577644046e-07
7.498104337627916616e-01 7.494770681706140517e-06 3.919790422164622890e-06 -7.410726801840780325e-07 1.771703468641911422e-06 5.274054506337169903e-06 9.334796423803242420e-07 -1.751475304031882290e-07 3.010432743455836593e-06 2.827709005718230574e-06 4.663034433249475495e-07 -7.495953114198206833e-08 2.035683365589332019e-06 6.409718435022405794e-07 5.079222366467719347e-07
7.539974189770904944e-01 6.244424460930406493e-06 3.264048967820754882e-06 -6.084059796060584846e-07 1.469712629295785444e-06 4.365945532526517785e-06 7.686650713003770214e-07 -1.414095559893271444e-07 2.469980493064497675e-06 2.336140511787181236e-06 3.836962402989804426e-07 -6.115521188267677373e-08 1.680594296668442730e-06 5.293324035387744413e-07 4.140077161491065575e-07
7.581896411468850294e-01 5.111717736465608587e-06 2.681935565977001522e-06 -5.002578268200329343e-07 1.194594649894885579e-06 3.521141336545185205e-06 6.269581584559060993e-07 -1.175996099143302099e-07 2.001057006280645195e-06 1.867193222628024182e-06 3.097425095226646069e-07 -4.921812481677622650e-08 1.353683301939232847e-06 4.218859816021885519e-07 3.326111910400586143e-07
7.623808615479977790e-01 4.274254291851450426e-06 2.224440934513132433e-06 -4.037428055371287365e-07 9.672062868150605940e-07 2.891205993035300081e-06 5.132966164911222268e-07 -9.315703018550415410e-08 1.636500566906339082e-06 1.538395987847275105e-06 2.560845987232391919e-07 -4.091640049463178066e-08 1.110116884495590947e-06 3.471191392317289453e-07 2.720740376991147434e-07
7.665651159623174671e-01 3.568475974882541094e-06 1.855539482282951705e-06 -3.430645098505234120e-07 8.179972663822986605e-07 2.434374424079272451e-06 4.297723127810423959e-07 -7.834197526818340571e-08 1.368249979348889499e-06 1.276984603718227994e-06 2.099565340512332997e-07 -3.261207816322191173e-08 9.165656551845440963e-07 2.885836318034288525e-07 2.274437161963635293e-07
7.707536355579491794e-01 2.937181557048145701e-06 1.542588143345799227e-06 -2.788310255513223387e-07 6.713660680877869047e-07 1.991014162772680391e-06 3.532408370465648131e-07 -6.591418221887338199e-08 1.107491331775995666e-06 1.054920508535298051e-06 1.766071132263936434e-07 -2.797432973599379864e-08 7.565806220983996013e-07 2.387282997674788631e-07 1.896495472339281649e-07
7.749462413082437440e-01 2.442226003613201540e-06 1.268405277783482587e-06 -2.280072283496294370e-07 5.456120354623060796e-07 1.628129424724284463e-06 2.880094270558548171e-07 -5.187624733949343579e-08 9.176840813420991139e-07 8.645948624836413567e-07 1.428617610978246347e-07 -2.380191933638740655e-08 6.225639602666582563e-07 1.940066638712928906e-07 1.559072414647245952e-07
7.791369682448587852e-01 2.013878649301366965e-06 1.051312526636823417e-06 -1.884705887825446315e-07 4.638168663065720282e-07 1.349634883824112422e-06 2.398085541705421135e-07 -4.119768063432611952e-08 7.455354380348867584e-07 7.225477292211430332e-07 1.180720512551846497e-07 -1.812446840590205059e-08 5.086233656370758614e-07 1.608452845302323612e-07 1.282678231796666076e-07
7.833258353347896108e-01 1.662710076571134731e-06 8.688814426088258671e-07 -1.571008369776900680e-07 3.781229747289002156e-07 1.119122589182429403e-06 1.972415913348924608e-07 -3.677236855754514203e-08 6.338260450853412214e-07 6.041328248803336480e-07 9.929931936467264522e-08 -1.658015728853641069e-08 4.375037193133432003e-07 1.365064947020263961e-07 1.086139012597732066e-07
7.875159900600451346e-01 1.381719987130568031e-06 7.272123026907559483e-07 -1.298081876643305976e-07 3.056669635794234273e-07 9.214732695286528551e-07 1.643386948235136234e-07 -3.022889115351192411e-08 5.040418340524138574e-07 4.860230212346295630e-07 7.948702414316952887e-08 -1.246668844840831344e-08 3.476235672043285476e-07 1.104653638310127055e-07 8.601241785692684143e-08
7.917084457625156446e-01 1.155418200464285375e-06 5.949764692951450313e-07 -1.012527031944279772e-07 2.421589561162093906e-07 7.361981574033443040e-07 1.324469784640205777e-07 -2.200657091911168412e-08 4.053986525838844250e-07 3.846924084712698476e-07 6.469505882845274676e-08 -9.080937618491340043e-09 2.833894079243681850e-07 8.773014255775722405e-08 6.967031426737894845e-08
7.958821468706197555e-01 9.269361667736251308e-07 4.818902886614526028e-07 -7.995983142608638984e-08 2.091703653103829020e-07 6.087302486499134763e-07 1.067278334464715604e-07 -1.783779373507945532e-08 3.379560792971896168e-07 3.232887769637578315e-07 5.253854904414208641e-08 -8.172490035467647824e-09 2.339737726811606504e-07 7.414260054031040148e-08 5.647419492459221618e-08
8.000624692379799674e-01 7.854549489996466697e-07 4.010430963722653198e-07 -7.533440124454343144e-08 1.554464061931649552e-07 4.848330993672929673e-07 9.266474996059497775e-08 -1.613880324011544060e-08 2.711604140776114258e-07 2.578320891020305522e-07 4.623194582179240999e-08 -7.658925097474186039e-09 1.806602938850051516e-07 5.922613652629240817e-08 4.536007902755109581e-08
8.042564613727184453e-01 6.482589767544423469e-07 3.305716875438591096e-07 -5.402202650537907193e-08 1.428511668799563037e-07 4.371037958522430124e-07 7.214633853868597994e-08 -1.256741892853717741e-08 2.184881561470795429e-07 2.211871587557720009e-07 3.550958865583217297e-08 -5.638637672995945652e-09 1.478461445085526312e-07 5.138258272203071344e-08 4.025665790262574546e-08
8.084384822996342201e-01 5.023266061284665181e-07 2.747246990790973792e-07 -5.033389235041842157e-08 1.156197017328228889e-07 3.444886783549267682e-07 5.504247731954056611e-08 -1.062174778097689378e-08 1.992938033585473900e-07 1.831694296557492819e-07 2.685433055399845751e-08 -2.942746970708833755e-09 1.274769242950848775e-07 4.041998274456064981e-08 3.115881881839452790e-08
8.126333810499198895e-01 4.446114024582883531e-07 2.265099616811530313e-07 -3.527517055682933266e-08 9.888367998690315454e-08 2.940929766462204448e-07 4.699847961425002146e-08 -8.174240639122158762e-09 1.635912111577596449e-07 1.562142989690978536e-07 2.376876052618312914e-08 -2.942188431847935537e-09 1.088503912630339727e-07 3.246355833933027609e-08 2.545487837961540394e-08
8.168271958201180905e-01 3.405090485906678485e-07 1.831523229726561667e-07 -2.819794142403081767e-08 7.739992308261798250e-08 2.133583344068311862e-07 3.709590065598341332e-08 -7.745453254580220408e-09 1.356119772664568250e-07 1.207407238803264872e-07 1.902129544713076963e-08 -3.424920197749673196e-09 9.060724532046675031e-08 2.617172063003309631e-08 2.112538505555726080e-08
8.210214995694952167e-01 2.750536620556652721e-07 1.532991200019565273e-07 -2.149356916925907207e-08 5.522684644196197860e-08 1.907384296969524119e-07 3.376414137238614279e-08 -5.282661024303737212e-09 9.882810772920153979e-08 1.006034371836493968e-07 1.516251067297959543e-08 -1.835245742657863753e-09 6.506903927570244249e-08 2.120287746611001028e-08 1.987340762126875535e-08
8.252154145000215602e-01 2.515606438510729376e-07 1.285413555466334041e-07 -1.848502340596994506e-08 4.487107230692644001e-08 1.503904611995187597e-07 2.750757729729838491e-08 -2.463120021389088286e-09 7.734986519740593959e-08 6.843025762783531653e-08 1.195258753544148517e-08 -1.382974629359226792e-09 5.616429126183601842e-08 1.685542786188192932e-08 1.152929099353269863e-08
8.294030907808404018e-01 1.924913199032571071e-07 9.832785915798637193e-08 -1.309865950075378920e-08 3.456594086679484202e-08 1.320858774930738262e-07 2.243870555639963954e-08 -2.084820305656709294e-09 6.348530842204629702e-08 6.961907818229288677e-08 1.195573749358756390e-08 -2.061658491027503684e-09 4.510426375272222025e-08 1.527613485247362878e-08 1.035778490778527678e-08
8.335906150371191758e-01 1.237521108458713051e-07 8.092547337431599605e-08 -1.823354761150031297e-08 3.174332801805735319e-08 6.464055915552920330e-08 1.712226238594235698e-08 -1.839579143023013300e-09 6.889923363700052542e-08 4.764869679150357266e-08 7.498720409023868870e-09 -7.079521037199277549e-10 4.039408494954635832e-08 1.144319347352023875e-08 1.302222190577805378e-08
8.377685032221774408e-01 1.249745487038162664e-07 6.660864526216860237e-08 -1.200048905468543667e-08 2.214259694145530191e-08 8.222224218134030203e-08 1.489931136477461282e-08 -3.377567680681126527e-09 3.316331237915597920e-08 4.021183128121718718e-08 7.615445568875379421e-09 -1.677724196813975078e-09 2.291530757897376945e-08 8.324934376333438582e-09 4.105052410587746761e-09
8.419567297582307708e-01 1.318941988796432458e-07 6.554270016990529697e-08 -1.278064347776255215e-08 2.408145204314834888e-08 7.778355921995610484e-08 1.028234973059878529e-08 -2.213875771135638110e-09 3.424245525599365166e-08 3.592231606660411024e-08 5.060112065824321266e-09 8.638549005547368704e-10 1.656898496023745064e-08 7.625781579372452927e-09 7.095262086389667818e-09
8.461556544987137718e-01 9.181709543175533288e-08 5.257736660808170278e-08 -1.012071082661703651e-08 2.900043981808315702e-08 6.266999243809043197e-08 1.053466366442214133e-08 -2.169424499011622491e-09 4.041605507464991731e-08 2.792083498118801964e-08 3.133309913479906259e-09 -3.701103266661764942e-10 2.742513728125743215e-08 4.802120140286727437e-09 8.811344185452375383e-09
8.503430790983292908e-01 7.128303052537652004e-08 3.909973132254603986e-08 -7.501364542002349693e-09 1.839625788604115436e-08 5.272530259101230328e-08 7.765600559732510219e-09 -1.673579244446974104e-09 2.981840443642369978e-08 2.978403183143370776e-08 3.192529355806780331e-09 -1.872499813423732689e-10 2.644623175788654275e-08 6.582869444658531514e-09 5.734315832208522955e-09
8.545245840949285965e-01 6.051916939173512752e-08 3.313866136211852046e-08 -5.524381746564240437e-09 6.630885320118254028e-09 2.525612766595139044e-08 5.959148316698724248e-09 -5.914903758113139517e-10 1.434501173253759193e-08 2.048869388972965841e-08 4.268295972245186013e-09 -1.025038220748199691e-09 9.121206691972959061e-09 4.011585799486560003e-09 3.962120837865750752e-09
8.587196449246210506e-01 3.217336213527297078e-08 2.428639069999239691e-08 -8.097111250628446703e-09 1.344157879653745696e-08 1.850789546835360581e-08 4.311251235522045883e-09 -1.220494401040389463e-09 1.639142684208783769e-08 8.265873518327133173e-09 1.250579075852410813e-09 -4.811109570234525445e-10 1.678522828215379276e-08 2.470008939376800955e-09 3.446985639557362751e-09
8.629074348139629258e-01 5.587414299792080262e-08 1.841202004030482810e-08 -1.790239678240441909e-09 8.263136446549077521e-09 2.192432495797693791e-08 2.383302167706224625e-09 -8.259010399488956364e-10 1.069002698716622540e-08 1.089537173529726778e-08 1.366756822445646173e-09 3.579219535021453931e-10 7.763520598860921293e-09 1.228194142457049549e-09 -1.456756086673200342e-09
8.670852844200982457e-01 1.790459431810642301e-08 1.342821587968332469e-08 -1.242831066905660377e-09 2.179990415642777160e-09 7.720890338542564904e-09 1.311316272125250236e-09 -1.222386479069314060e-09 7.439757353771334317e-09 1.068716754990145763e-08 5.539267795115014544e-10 5.397949400577858421e-10 -6.863763796147397463e-09 2.617033838271657553e-09 -1.088604712720569775e-09
8.712764316473343706e-01 1.635433968346972470e-08 1.431652192004673857e-08 -2.778025202534881640e-09 5.130422997570628729e-09 -7.593797137880860937e-10 -3.855255993192215334e-11 -7.613901261442827252e-12 1.818171428284108800e-08 5.787962785512118515e-09 -7.930290755103906163e-10 3.264356183954362280e-10 1.134282364178038592e-08 2.838770496242330922e-09 8.412001323588657940e-10
8.754762476624626810e-01 4.757369015350792014e-08 1.184465833654810496e-08 -1.301258598109915545e-09 2.270669755826675125e-10 6.496613154533643076e-09 2.222292967127452762e-09 1.435197921250787875e-09 -2.457859583984848426e-10 -3.511416070752395138e-09 4.387305297615965460e-10 1.432498862139086690e-10 5.506765531748806372e-10 -1.221225995301102817e-09 1.155100024046824974e-09
8.796707865602606535e-01 -1.706577984789055898e-10 6.560908743120112876e-09 9.021180857634267347e-10 -9.793774389115791173e-09 -4.567340013998003277e-09 -1.471689307743646234e-10 1.519586838134580444e-09 -7.365534129591071987e-09 3.577552353554099625e-09 4.315792267456056922e-10 1.257170559147431276e-10 -1.241885035447132282e-08 4.002407904199499902e-10 -1.848476902197270937e-09
8.838562222970675064e-01 3.773513896494318042e-08 7.945339771322033758e-09 -2.048921821987505977e-10 6.813283650447132268e-09 1.628211923784288578e-08 1.336231189012129393e-09 -1.762924951789431986e-10 4.837574820885943358e-09 8.811479675495658778e-09 8.891859846293020168e-10 -3.701833500116257035e-11 -1.319872334033976783e-09 1.878522487271834645e-09 6.863017739376058707e-10
8.880381764417510926e-01 2.105520884496654659e-08 4.331089777749975298e-09 -8.987251256008382039e-10 -6.018540534901375448e-09 1.454764048437526814e-08 -2.411392777546352927e-10 1.497688210765360559e-09 -3.603128714402974441e-09 2.449804022736907462e-09 2.917954838048717323e-10 -6.485578999138578603e-10 3.341557892536903482e-09 -2.504600188430367127e-10 1.860658929543213137e-09
8.922270316229049536e-01 1.591029940397235391e-08 2.973117789982509726e-09 -2.025750954290415699e-09 -1.955563918540665532e-09 1.264645450176771194e-08 1.646674396688974698e-09 -5.631264237354950940e-10 3.980671265843028790e-09 1.065056515680217756e-08 -5.194570570083994208e-11 -7.530326237154987753e-10 2.953226171216374307e-09 2.248249808022884633e-09 -3.571872625320664734e-10
8.964225585562245469e-01 1.601435069148574521e-08 3.809484225129034865e-09 2.772286363727904979e-09 1.509332856437456227e-08 4.568444659465618237e-09 2.476966970989105275e-09 -5.825025986012404857e-10 1.127045932835432551e-08 2.168557863539907216e-09 -1.690919823340603039e-10 -5.780480264465916279e-10 7.853370239141862129e-09 1.789360831977677266e-09 2.324626840246109446e-09
9.006049913569987853e-01 -5.868752475970968992e-09 1.613729117044616411e-09 1.121268512645480119e-09 1.105688460115018119e-09 1.302871453946857093e-08 1.527017687010665440e-09 -5.291250466293525197e-10 3.932143047689006437e-09 6.685075072223307215e-09 1.692306222912764828e-11 -2.521193163339352660e-11 -2.987514633881190477e-09 -3.206153087048362244e-11 -2.631170408869379026e-09
9.047836582182254839e-01 -1.755898604632520666e-09 -2.024024399797452794e-09 3.252177560721118398e-09 -2.390827896297048292e-10 1.108268552544371471e-08 6.590602872395960836e-10 -8.437926303409124286e-10 1.530476833966652744e-08 9.872896123910181790e-09 2.632560247335972847e-10 -1.038256066399133445e-09 1.043715182614045733e-08 2.207813260905531258e-09 1.294943496545658975e-09
9.089780964569278421e-01 3.300325394623099059e-09 4.974344140134733913e-09 -9.702100971953488094e-11 5.170593355659992297e-09 1.612042763131467818e-09 7.244896428411273533e-11 -1.069883859719548767e-10 -2.987759755635976029e-09 2.059405698679381233e-09 6.481878161240348466e-10 2.438035641371836555e-10 -1.266925559594416553e-09 5.123656974950996511e-10 1.216906291632079776e-09
9.131704587403689510e-01 2.097174781853789157e-08 6.464835692858905988e-09 -6.934471040375839874e-10 3.140260133358772285e-09 7.899629843179942068e-09 2.694518822849622769e-09 -6.629814930081818214e-10 3.555643300657660859e-09 1.093613747343051687e-09 6.187292471440436069e-10 2.054026364460305974e-12 6.372539317943327355e-09 -8.232725321846015665e-10 2.258370604236202965e-09
9.173547920329833127e-01 4.518429463091834610e-10 1.890795029321644186e-09 1.867179620957763502e-10 3.605661121806866200e-09 -4.231638933872712875e-09 -1.330998355917869663e-09 8.945603237360081161e-10 -9.141430176219401527e-09 -2.589738806123536414e-09 -2.115439681053949239e-10 -1.429260549240062662e-10 4.923088860918717757e-09 -1.402191086188482008e-09 1.168568940587659983e-09
9.215425617950214754e-01 4.170710742863193410e-09 1.286151523625323863e-09 -3.966732557885899070e-09 -4.036910805554820269e-09 4.979296421840698689e-09 9.336235416157062265e-10 -7.103172338364987842e-10 -8.125256704846678585e-09 -1.966576790703136625e-09 3.387813812729067698e-10 -5.046617675415043636e-10 -4.697991945603771647e-09 -1.193770813161243172e-09 -1.401395086872009261e-09
9.257400405750663142e-01 -2.551233447767328428e-10 1.204647735427553232e-09 1.154424960702926710e-09 2.354570213136011245e-09 -2.847215832808487716e-09 6.225860317408043017e-10 1.843668650841186318e-10 4.453751236227864493e-09 3.810941530477459471e-09 2.938134536914865323e-10 -4.344755525627949217e-10 2.850965402006177591e-09 1.308311540892757050e-09 1.023406922484917991e-09
9.299303352268617484e-01 -8.156852700922909445e-09 1.268459159419945968e-09 4.405843853263689026e-10 7.071486475116002220e-09 5.995516856162504064e-09 -1.997124741817822710e-09 -6.875194238235532746e-10 5.435553529723710219e-09 6.433486333258373899e-10 -7.246773471654216198e-10 3.252691076766301091e-10 2.874550837769928703e-09 5.047576005586708398e-10 -2.267991220745645625e-09
9.341108300097852313e-01 2.727419846310004808e-09 1.728290293132102933e-09 4.339767376472937550e-09 3.199055760848229926e-09 9.826309134736290818e-09 -3.978029720082048000e-10 2.055813458375216131e-09 5.194482868181829510e-09 4.056732199027895058e-09 -1.273750630093394156e-10 4.465142216722434459e-10 4.817801655955590559e-09 6.846196917717660961e-10 1.205624450693687508e-09
9.382896253999645220e-01 -2.432441895754878609e-09 1.450062154715517532e-09 2.014806270674812831e-09 2.959869872534410751e-09 9.449273648932749558e-09 4.793554425479690071e-11 1.865916319274044632e-09 1.020074980430514892e-10 2.856414300654926236e-09 -5.991822723950354678e-10 8.412530724420065251e-10 2.574980980247990357e-09 6.472800846079350306e-10 5.347604912703812272e-10
9.424819561228944265e-01 3.929839780418804852e-09 5.789471087154552006e-10 5.477485088849553399e-10 8.646629184602868044e-10 -3.525145740257045567e-09 -7.149854746407477404e-11 -3.583359454891053357e-10 -5.858639987715396737e-09 -3.398556890720119762e-09 3.795485236379315153e-10 -6.204020652631147736e-11 -1.250004989205481155e-09 -1.463942380702983441e-09 8.074550772865992551e-10
9.466849863120379016e-01 -3.119001553365193824e-09 -1.210604444280438674e-09 9.810208978901108945e-10 3.551520304552947104e-09 -7.824979502860022304e-09 -5.861375855740389432e-10 1.692703012865054176e-10 4.012170124045685708e-09 -3.298305563543315865e-09 -5.567682259045479364e-10 2.296826332377068313e-10 4.201827691294310188e-09 -4.267674137882795906e-10 8.781216738732806196e-10
9.508714331057195324e-01 2.418265221561547394e-09 -1.782376437553647112e-09 2.398049049460843380e-09 -2.202864779582137486e-09 4.681964320894237708e-09 -4.850794597288125765e-10 5.960104710881328493e-10 -3.027891922616836167e-09 1.614360560561803090e-09 -7.048340730631532780e-10 4.919444105635566610e-10 -5.065696920226321085e-09 1.184411921518288897e-09 7.805262259409379319e-10
9.550563230073290111e-01 1.803856061933950835e-08 -2.510250068769000352e-09 2.837334653573354482e-10 1.584895496259941520e-09 1.251018726138357578e-09 -1.168122890068351119e-09 6.002574066921899246e-10 -1.487350077514183275e-09 -3.224095696561927530e-09 -8.538032135036164576e-11 -7.033988183387102967e-10 -3.987848187496591269e-09 -5.523825430736570061e-10 -1.223135805577935795e-09
9.592513211539739348e-01 1.235841599588346700e-08 1.130322183573349184e-09 2.809126033111085524e-09 8.609711760828330467e-11 1.177993890157737120e-08 -4.737370269887352799e-10 -1.809770161607582751e-10 3.822224898038906939e-09 3.638607004356583255e-09 1.890489898295437517e-10 -6.519463104797849282e-10 3.869508040257022145e-09 2.350833444221146774e-09 -2.360207863481264096e-10
9.634451052878124644e-01 2.801267086397050076e-09 2.138613389621773656e-09 6.502650632578565152e-10 3.355141819949838008e-09 -1.375705328554957407e-08 7.395049112053237832e-10 6.046035867715915425e-10 -5.883096348995674892e-10 -7.630058669901321163e-09 1.084625127180927760e-09 -5.416416804640663572e-10 2.417591999647312458e-09 -1.091369777412163363e-09 -3.450664787670200507e-09
9.676230540453005791e-01 2.004087436211514805e-08 2.123505212276699042e-09 -1.675557532675318523e-09 -1.112586110342377523e-09 -5.538833370396890677e-09 1.798540570496044219e-09 -5.567526260646873015e-10 -4.867288858758263079e-10 1.121359260691359370e-09 3.049725228440884200e-10 1.859588612435248983e-10 1.659095500024462628e-09 1.688253674728448774e-09 -9.650877981455294596e-10
9.718094297475188270e-01 7.654847539880910901e-09 3.855897291854911699e-10 9.409053560572275010e-10 -4.713161484415553248e-10 6.842914815368855907e-09 1.217523713300568035e-09 -8.890321545535415317e-10 -2.433270424550080795e-10 -2.045896149841248479e-09 -1.797619732353735742e-10 -5.297710723755856173e-10 5.854020803150229745e-10 -2.740831076456087962e-10 -1.183985521237414490e-09
9.760091362076940280e-01 1.572630795858353350e-08 -2.351912731859076805e-09 3.770245592530505019e-09 -8.438645584723156805e-09 3.597943508992686548e-09 -2.955220129223102370e-10 4.450831933640896511e-10 -8.239757942705194533e-09 -1.718758095008968768e-09 1.604928825441705138e-10 -4.109119981084738378e-10 -6.719437496841099956e-09 -2.778083606337193830e-10 -1.213889878445503169e-09
9.802075838006468755e-01 -7.227707362277704145e-09 2.187964298228939810e-09 -1.371940281027799752e-09 3.938169072649415715e-09 -1.071841751494156970e-08 -1.014442031150218847e-09 4.466448827681948629e-10 6.083516792078615615e-09 -8.172085520857060809e-09 7.333511990651642355e-10 -4.252685955351795155e-10 -1.558503262229285241e-09 -1.325154992965083104e-09 -2.106668699363663318e-09
9.843901124947946890e-01 9.077959618540313574e-10 -5.707582696971898040e-10 8.116448944664732513e-10 -1.557790046270716871e-09 -9.573706554512559915e-09 -3.539410260674956428e-11 7.246822592084964736e-10 2.321220101283065495e-09 -8.420455702594131014e-09 -8.680805489150610519e-10 8.741991825053794330e-10 -6.991765579119667964e-09 -2.704559799125307740e-09 -2.049313853731521154e-09
9.885650797815361823e-01 -2.989138743607519330e-08 6.781603290383329615e-11 1.196310428934809571e-09 -2.954973708920137595e-09 -2.172846053705961443e-08 9.001815516075474196e-10 5.835953674105709425e-10 -8.565085718448875674e-09 -6.889631056593508613e-09 8.158954921708994988e-11 -7.046679495305087768e-12 -3.638810610883308331e-09 -1.744064895039397643e-09 -1.848912371785376696e-09
9.927561705083151056e-01 -7.769889534775758816e-09 -4.058611400458566122e-09 2.715251913865922204e-09 3.320848257925957801e-09 1.142801858156614684e-08 5.393698305683626616e-10 4.995212127796637903e-10 -1.122365769385537338e-08 -2.911777069256102120e-12 6.796817273643107054e-10 -2.602895675262812076e-10 -8.405745099134144497e-09 -1.262131629618727523e-09 -2.506672166382226679e-09
9.969400597939003239e-01 1.157096051101002095e-08 -1.622545946040023879e-09 5.670833914334552757e-10 -1.104200840752893581e-09 8.996275563761973533e-09 -5.608308071631376696e-10 2.293058390320813629e-10 1.599767901879846422e-09 3.814785472673073751e-10 1.727841199704103507e-10 -1.918109086717503659e-10 -1.132865049186425962e-08 6.898848317980570601e-11 -1.141665523019515600e-10
1.001125867816581083e+00 1.800036426405477818e-08 2.635872640507244204e-09 -8.237724922026298397e-10 1.338816249219500104e-08 9.919599672132644427e-09 1.144369095087946101e-09 -1.052982103480119846e-10 1.938734028232575868e-08 2.259597047219775882e-09 6.213772334167640718e-10 -5.345003800545574232e-10 1.693642351592811833e-08 -2.868635538907353881e-10 2.103619792207807006e-09
1.005315482813002204e+00 1.179902595440464029e-08 2.477619463017590076e-09 1.033372189314483327e-09 2.227361578663231521e-09 -7.476056734143181882e-09 4.119682359464360903e-10 3.173080727189789642e-10 2.999707164133902877e-09 -6.347313760555751504e-09 4.052009556652683013e-10 9.213393059578185399e-10 -3.300854138702453128e-09 -1.106422098579807856e-09 -1.403850955548852411e-09
1.009503724426713545e+00 9.430551689123596920e-09 4.903357464028399950e-09 -2.191236788553558836e-09 3.926205596733683040e-09 8.892954832772476762e-09 -8.205647372840210411e-10 -2.811804567184685138e-10 5.813749120464602449e-09 5.757597439021931120e-09 -2.934309528647042347e-10 -9.779853434525797043e-11 4.123529654759457471e-09 1.690170767685323946e-09 2.080065256769408701e-09
1.013699103815393299e+00 -2.064505518979263588e-08 3.155082822299088104e-09 -1.097240198654164621e-09 -5.574004344521183818e-09 -9.578876556390285025e-09 5.432782465228740927e-10 -9.439668433489728356e-10 -1.753173184830401420e-08 -4.103034260238851296e-09 -3.568606250958643278e-10 9.705093745374255303e-11 -2.548570981059180622e-09 -3.173319813716209755e-10 1.759719418557299094e-09
1.017885842421875964e+00 2.737906579338030284e-09 5.461855852532376964e-09 -1.898538687149614706e-09 2.431063936905941934e-09 -2.148758926263629642e-09 2.769668925592689053e-09 -4.507424012087170772e-10 6.950732802970734496e-09 -4.943311478018684409e-09 4.306191438068276119e-10 -2.697891120267627155e-10 1.390623662007830463e-09 -1.782226755103408409e-09 -1.712658788495921977e-10
1.022076284359184406e+00 1.767487753886839322e-08 2.440622939876602087e-09 -8.834192241992485283e-10 1.479804142613358894e-09 1.036979413516355877e-08 7.118504912953819915e-10 -1.810451633846939418e-09 -2.371326339271571674e-09 5.541840965530015586e-09 5.571966687831286968e-11 -9.612469602274726702e-10 1.510046507896866756e-09 1.266181317852979052e-09 -1.411656396819561221e-09
1.026273875264014812e+00 6.122162880626794754e-09 5.269146746078642096e-10 4.078153336321298289e-09 9.422034019625542059e-10 4.423793950132176948e-09 4.512756981883644343e-10 -3.354035001206716709e-10 -7.401534983121261232e-10 -8.496409560054139314e-10 -2.445248650485586134e-10 2.386440862300557395e-11 -1.985703336907424670e-09 -2.295138373246246041e-11 -2.427383745869279124e-09
1.030463237552156075e+00 -1.585679917253996923e-08 -8.637326153892259500e-10 -2.127513853269315374e-09 -1.497146887136774845e-09 -1.825295959008888908e-08 -2.234808029597023116e-10 -4.476978602335326239e-10 -1.748790326119171043e-09 -7.842671996085982331e-09 -7.174459178874466688e-11 -6.535762482294654714e-10 4.738282897531244713e-10 -1.558568406961022053e-09 8.005688272119225187e-10
1.034646639530784062e+00 1.098152568822690843e-08 1.808283289319685780e-09 2.049266147356300891e-09 -8.932893701875802949e-09 4.129438882481438166e-09 4.082231294256244951e-10 1.195334527876812618e-09 -1.569799287718729051e-08 -1.530234467138926042e-09 2.430611561723055542e-10 8.732876242977317851e-10 -9.675979249624682604e-09 -1.603709683766380941e-11 -5.339059707813357891e-10
1.038830480088573260e+00 -3.231809539355491315e-09 3.459334108136378616e-10 -2.100467604186896210e-09 5.995594120160457036e-09 -5.705782030225244862e-09 -3.423222756666393459e-10 -5.693016595834829637e-10 4.984653494169156740e-09 8.388004307672351760e-09 4.368254609446296824e-10 3.994376111668005212e-10 2.259638567577024932e-09 7.441919318402178588e-10 2.010661410664256521e-10
1.043023229532383578e+00 1.544733021113617243e-08 -9.390322450499935399e-10 2.274427244129390703e-10 -7.983107900552357199e-10 4.447827526480628865e-09 -8.953367468666224997e-10 5.582295893271573764e-12 1.864233457499879675e-09 -1.073099019855414747e-09 -8.499004998481911463e-10 1.105543198618691949e-10 5.042147457167118431e-09 -4.142904588761525654e-10 4.706535292172936128e-10
1.047211320931656031e+00 1.088876537841001485e-09 -5.393628340584676655e-10 -4.151691393697968055e-10 2.367367584673169938e-09 4.037332117074799519e-09 4.697338212579511995e-10 7.578800515563896310e-10 -4.833653623672555307e-10 -2.365567580328232406e-09 4.386780688800416157e-10 -1.482873899792154246e-10 2.418894137680780720e-09 -9.285434551834312982e-10 1.844664253184938829e-09
1.051395396220772938e+00 1.314235394182202162e-09 1.284244409248292693e-09 -6.043790445257791344e-10 -4.356392030526332370e-09 4.652893900325049359e-09 6.858990044905595897e-11 1.317050662440176768e-09 -3.756636766581744619e-09 -8.220437378911694298e-09 9.712943968068688487e-11 2.047899495237972216e-10 -6.356651234717637127e-09 -1.991546980918390099e-09 2.073297703289564747e-10
1.055587561333155788e+00 -6.171682293089306587e-09 2.215880460189285792e-09 -1.438857864509814252e-09 3.312808052291932249e-09 -8.714803538032955803e-10 -6.328992628977308023e-10 -1.443672153073860699e-10 5.890122106049585588e-09 -1.848118025434461536e-09 -5.967961668649024978e-10 2.990266244999628934e-11 1.966868765671694678e-09 -7.019273462961743763e-10 -5.591340865758916783e-10
1.059780855230085139e+00 -2.594677845394031821e-09 1.583260930047501236e-09 -1.775634110343103254e-09 5.067523113084462506e-09 1.574902783086099183e-09 5.635607277714217018e-11 3.769864430850276564e-10 2.531928326377977276e-09 1.848734090831664661e-09 -2.802416295796808675e-11 -5.459756706149127866e-10 -5.451619541807715193e-10 6.941045292976002327e-10 -4.556126160723150262e-10
1.063968553353427993e+00 4.707928798707608385e-09 -4.100007643001331611e-10 -2.507300584170177617e-09 3.800183220787594514e-09 5.394727572385498075e-09 1.540059737663744201e-09 -5.492649388140454166e-10 6.688571097373549490e-09 -3.187191948091244996e-09 -3.357751934719117741e-10 -1.128133026349556278e-10 8.033991980954676045e-09 -2.235235654650097503e-11 8.411275553183134058e-10
1.068144877931138659e+00 -6.123562306495790833e-09 -1.511745814783264975e-09 4.520583096953328442e-10 2.150012926033840319e-09 -1.144946947038726123e-08 -1.034375203301175068e-09 4.474070377492739231e-10 1.985653911293540812e-09 -2.451869613158340862e-09 -2.042782581873255256e-10 -3.455388011323010273e-10 -7.561036749376470611e-10 3.805559336774375799e-10 -1.350681516597599843e-09
