# Columns: ('k', 'P')
5.345493089407682419e-03 8.740704166666665697e+04
9.344366739594166943e-03 1.647417338709677279e+04
1.312833575873958818e-02 6.904698979591835814e+04
1.700891779646987109e-02 3.256804285714286016e+04
2.135270783943789275e-02 1.621130571428571420e+04
2.564347439342075027e-02 4.526096888888889225e+04
2.962205054058980949e-02 2.479272425249169464e+04
3.361537140302770649e-02 2.146494488188976175e+04
3.793950633336700545e-02 1.791727495621716298e+04
4.227894994616508695e-02 3.062359360000000015e+04
4.633325468672155889e-02 2.644624142661179576e+04
5.038752484052157893e-02 2.064883572216096945e+04
5.464179025701254577e-02 2.076023691460055124e+04
5.886817576171304162e-02 1.822039231385107996e+04
6.290140616743733482e-02 2.083262852784134520e+04
6.703999982739437813e-02 1.554667705212702276e+04
7.134254604642074893e-02 1.801887802256851137e+04
7.561818311969153994e-02 1.467550791366906560e+04
7.973924982214039558e-02 1.718735933914639827e+04
8.385356877962653332e-02 1.386416845450933579e+04
8.809929214337092196e-02 1.477103115155757769e+04
9.230415729057904473e-02 1.394302373788030673e+04
9.643309047658384092e-02 1.463818842774916629e+04
1.005689403076158450e-01 1.406205666199158622e+04
1.047818677762802908e-01 1.390384067712223077e+04
1.090277847809041356e-01 1.444844341157332019e+04
1.132170039508717807e-01 1.343515552614162698e+04
1.174008294871188018e-01 1.349537843806464662e+04
1.215998224695146873e-01 1.371174976303317453e+04
1.257670529567683493e-01 1.297151327275966469e+04
1.299386816717305049e-01 1.313642944179153710e+04
1.340949335765710126e-01 1.499281485007139599e+04
1.382635144665005922e-01 1.321434226923634378e+04
1.424925284902303357e-01 1.381397315982106375e+04
1.466886314558672189e-01 1.414860076345925881e+04
1.508619291163366127e-01 1.349164847453506809e+04
1.550655720814744509e-01 1.379357071237029231e+04
1.592593054631499527e-01 1.369038432059564184e+04
1.634144798183441161e-01 1.356081151999999929e+04
1.675823816150099899e-01 1.323452723139270529e+04
1.718045808093531246e-01 1.369328186480186559e+04
1.760135070798979073e-01 1.370598087605864748e+04
1.801930856696074279e-01 1.349824021822521536e+04
1.843742315857553882e-01 1.313626353880708848e+04
1.885797910080431738e-01 1.319212764973406229e+04
1.927656394953895236e-01 1.422187671337774918e+04
1.969014248243030341e-01 1.406963426161564712e+04
2.010715633173454087e-01 1.404541058281153346e+04
2.052920281681521186e-01 1.356163047619047575e+04
2.095172134954577381e-01 1.411921416419885281e+04
2.136973926115405542e-01 1.356156725581395403e+04
2.178750580088065492e-01 1.341897062773722610e+04
2.220823861956562617e-01 1.444439239578044726e+04
2.262696194198526023e-01 1.386554536970961271e+04
2.304259489101245229e-01 1.422644488084496516e+04
2.345870463846415066e-01 1.392342036952206399e+04
2.388019837064606632e-01 1.378761087239897824e+04
2.430077036534963875e-01 1.465639709028669313e+04
2.471758823520590620e-01 1.400606521039319341e+04
2.513692271335918882e-01 1.379899628025031780e+04
2.555723892733414715e-01 1.390930908779002493e+04
2.597674079539822323e-01 1.374275108127033855e+04
2.639178238801485610e-01 1.403063212604870023e+04
2.680749044740857179e-01 1.375193823951584636e+04
2.723023151079725368e-01 1.416198838972083649e+04
2.765128983200950685e-01 1.414473056670471669e+04
2.807027537381580062e-01 1.406716851168511675e+04
2.848857026249724811e-01 1.414770536863713824e+04
2.890807262117984777e-01 1.352845419456998570e+04
2.932785946948970324e-01 1.380817619187661512e+04
2.974321087309398370e-01 1.406910966917052974e+04
3.016123743882810904e-01 1.361086724478928954e+04
3.058101292111336522e-01 1.395725063731517912e+04
3.100168993294901143e-01 1.389473350741771719e+04
3.142092030053749707e-01 1.444748133550395687e+04
3.183867557675504334e-01 1.407518060099524519e+04
3.225872781332082551e-01 1.406547932185289028e+04
3.267666109043823597e-01 1.416414104223343384e+04
3.309328770241455886e-01 1.344142570619306571e+04
3.351106074107195187e-01 1.398020542296638632e+04
3.393095620710060434e-01 1.336521510831149499e+04
3.435164896197421824e-01 1.390556133512862289e+04
3.477107812306902690e-01 1.365995128602130717e+04
3.518857617074659383e-01 1.388886849569972946e+04
3.560773577310688554e-01 1.387908147436037325e+04
3.602869550449780967e-01 1.382848985376537894e+04
3.644651285618699665e-01 1.370431855035034641e+04
3.686396944457170921e-01 1.355731249871497130e+04
3.728293470315630076e-01 1.394970295917343901e+04
3.770363921861874523e-01 1.363664887415927478e+04
3.812363453093803867e-01 1.371815977642864163e+04
3.854150971210312249e-01 1.344336050251067172e+04
3.896036578152083374e-01 1.345459053304589725e+04
3.937795161075864914e-01 1.348063132416957160e+04
3.979440095093054186e-01 1.369109524403055548e+04
4.021139069446590386e-01 1.341229483130554945e+04
4.063125452039867413e-01 1.364761982385531155e+04
4.105412315868290918e-01 1.346961526762498215e+04
4.147348487769681458e-01 1.322257298714063472e+04
4.189107045044477284e-01 1.332949736904856582e+04
4.230974437456921922e-01 1.323814263203057817e+04
4.272931011032126136e-01 1.334926729468525264e+04
4.314914587673138180e-01 1.311856801423849356e+04
4.356511643511531418e-01 1.321010364041049797e+04
4.398424702607344750e-01 1.333469860109009642e+04
4.440501074980069407e-01 1.321776394440730110e+04
4.482267968899237842e-01 1.313804643648063211e+04
4.524052929840755577e-01 1.343029961041623937e+04
4.566090347930675253e-01 1.317182619316296041e+04
4.608167319022857811e-01 1.337154863936174479e+04
4.649806979855051203e-01 1.315571947483018084e+04
4.691538386770017222e-01 1.332820412248362481e+04
4.733478629909182445e-01 1.318601889728491733e+04
4.775500538217637980e-01 1.311223039329197672e+04
4.817339644282710998e-01 1.305323665102973428e+04
4.859144464692263798e-01 1.311787256991462891e+04
4.901252990058800885e-01 1.277804141375602558e+04
4.943123444065962158e-01 1.289477332167872373e+04
4.984736335014697817e-01 1.297394526468225740e+04
5.026590164608074618e-01 1.277977932035951198e+04
5.068609875937976073e-01 1.289494472699669313e+04
5.110594965365916620e-01 1.298806173828521423e+04
5.152492140965455603e-01 1.280040367936925213e+04
5.194329442812991582e-01 1.280409318170016013e+04
5.236343964239100757e-01 1.286193719168339703e+04
5.278273205415198177e-01 1.293990601492371570e+04
5.319960279023402405e-01 1.281262198465726397e+04
5.361714592099571242e-01 1.274931747622894181e+04
5.403746330902056139e-01 1.260827645657106405e+04
5.445761264886261888e-01 1.266821831602534621e+04
5.487504490749764985e-01 1.274122188876111431e+04
5.529407179677009454e-01 1.265387795143759467e+04
5.571409157079509900e-01 1.260243616435387958e+04
5.613298693710127019e-01 1.268121565612379163e+04
5.655062246218995892e-01 1.268238105713305049e+04
5.696867424029971039e-01 1.259806766768829220e+04
5.738956954203543459e-01 1.245256604630431866e+04
5.780928920821047923e-01 1.262621062257233643e+04
5.822632071880226023e-01 1.259697977781275767e+04
5.864430803127811398e-01 1.242213089807064171e+04
5.906376733072625784e-01 1.230092671644538314e+04
5.948356627105599870e-01 1.231716688522273034e+04
5.990145239901687457e-01 1.232876994552272117e+04
6.031829950841108845e-01 1.245772239335673839e+04
6.073740526175752663e-01 1.227031977477035434e+04
6.115768023320514724e-01 1.231130676312322794e+04
6.157710000000914397e-01 1.231199440275149027e+04
6.199632023912512446e-01 1.239728392588883253e+04
6.241630060990407403e-01 1.221270023912345277e+04
6.283593402461892241e-01 1.231833253427805721e+04
6.325410955997395890e-01 1.222934092646491627e+04
6.367142920629192959e-01 1.215278679204928812e+04
6.409035099394975177e-01 1.229261362293445200e+04
6.451032402190634008e-01 1.219563680558801752e+04
6.492879941711476866e-01 1.226463416878362841e+04
6.534659541563927476e-01 1.198126670546462810e+04
6.576591076962554627e-01 1.212833462679459626e+04
6.618529307405217610e-01 1.195873939734638225e+04
6.660240791386257131e-01 1.195186260227941420e+04
6.702067828716186115e-01 1.193743624502665807e+04
6.744172070879622671e-01 1.200991257662176395e+04
6.786118453466847278e-01 1.212513610780816634e+04
6.827984616056306244e-01 1.203973233278255429e+04
6.869817177358829019e-01 1.200160947703663987e+04
6.911718524128840357e-01 1.168708087401835837e+04
6.953555746427921846e-01 1.173805782647402702e+04
6.995344561305086861e-01 1.176452472560299066e+04
7.037287066792784485e-01 1.171471305486122401e+04
7.079143033440539190e-01 1.166760234935827793e+04
7.121186686741065586e-01 1.170632407776642685e+04
7.163134555705721329e-01 1.171558341215385008e+04
7.204913713645887396e-01 1.175315975911006353e+04
7.246803275165087932e-01 1.173562811381274878e+04
7.288763115175647123e-01 1.163646837794698695e+04
7.330585840505703388e-01 1.160550050547642968e+04
7.372316440474646626e-01 1.156240184406556909e+04
7.414228560306842519e-01 1.159915167463385660e+04
7.456189213758863676e-01 1.149919100381016324e+04
7.498104337627916616e-01 1.158789929939187823e+04
7.539974189770904944e-01 1.145864007352760564e+04
7.581896411468850294e-01 1.152228069818477888e+04
7.623808615479977790e-01 1.148473717815989585e+04
7.665651159623174671e-01 1.131814035737519589e+04
7.707536355579491794e-01 1.146990442757718483e+04
7.749462413082437440e-01 1.146124335131674707e+04
7.791369682448587852e-01 1.138966679098120949e+04
7.833258353347896108e-01 1.128436984487411064e+04
7.875159900600451346e-01 1.134998032999204042e+04
7.917084457625156446e-01 1.143749444654830404e+04
7.958821468706197555e-01 1.136844791819235070e+04
8.000624692379799674e-01 1.119971394874160615e+04
8.042564613727184453e-01 1.128846202813178934e+04
8.084384822996342201e-01 1.128257078874915896e+04
8.126333810499198895e-01 1.115177866584691037e+04
8.168271958201180905e-01 1.122139395539684665e+04
8.210214995694952167e-01 1.101880368910805373e+04
8.252154145000215602e-01 1.111717361039814386e+04
8.294030907808404018e-01 1.094593175137944672e+04
8.335906150371191758e-01 1.103841431973597719e+04
8.377685032221774408e-01 1.096882914558841730e+04
8.419567297582307708e-01 1.099590377574415834e+04
8.461556544987137718e-01 1.095749416033696252e+04
8.503430790983292908e-01 1.091006831241596592e+04
8.545245840949285965e-01 1.094967964148625470e+04
8.587196449246210506e-01 1.096826982350214348e+04
8.629074348139629258e-01 1.079121222846491401e+04
8.670852844200982457e-01 1.088061615430579877e+04
8.712764316473343706e-01 1.077858188300589973e+04
8.754762476624626810e-01 1.078669967665022705e+04
8.796707865602606535e-01 1.077062668462152214e+04
8.838562222970675064e-01 1.076645176822955000e+04
8.880381764417510926e-01 1.062374470105181717e+04
8.922270316229049536e-01 1.075130356498052606e+04
8.964225585562245469e-01 1.069991867702795935e+04
9.006049913569987853e-01 1.072730998177208494e+04
9.047836582182254839e-01 1.067877808853510396e+04
9.089780964569278421e-01 1.065485327851478542e+04
9.131704587403689510e-01 1.045673190088198135e+04
9.173547920329833127e-01 1.051655375355070100e+04
9.215425617950214754e-01 1.049933897283752231e+04
9.257400405750663142e-01 1.053516446086773249e+04
9.299303352268617484e-01 1.053748028626183259e+04
9.341108300097852313e-01 1.036450674033927498e+04
9.382896253999645220e-01 1.032399802567262486e+04
9.424819561228944265e-01 1.027860839211147686e+04
9.466849863120379016e-01 1.044518892486865298e+04
9.508714331057195324e-01 1.032768313275766559e+04
9.550563230073290111e-01 1.028999499915836532e+04
9.592513211539739348e-01 1.032896727032778108e+04
9.634451052878124644e-01 1.018548417052084915e+04
9.676230540453005791e-01 1.015012281916408028e+04
9.718094297475188270e-01 1.027037764824736405e+04
9.760091362076940280e-01 1.013970087971385146e+04
9.802075838006468755e-01 1.016389603580821677e+04
9.843901124947946890e-01 1.002195822841060544e+04
9.885650797815361823e-01 9.944759081426773264e+03
9.927561705083151056e-01 1.005050699059889848e+04
9.969400597939003239e-01 9.888884990747546908e+03
1.001125867816581083e+00 9.908903173415725178e+03
1.005315482813002204e+00 9.860847784008306917e+03
1.009503724426713545e+00 9.800094073901929733e+03
1.013699103815393299e+00 9.737129126258416363e+03
1.017885842421875964e+00 9.696676627551971251e+03
1.022076284359184406e+00 9.575537356130307671e+03
1.026273875264014812e+00 9.612462800020137365e+03
1.030463237552156075e+00 9.579685236834702664e+03
1.034646639530784062e+00 9.402862972066688599e+03
1.038830480088573260e+00 9.429963315698472798e+03
1.043023229532383578e+00 9.323707841593199191e+03
1.047211320931656031e+00 9.191692347707677982e+03
1.051395396220772938e+00 9.141406471538222831e+03
1.055587561333155788e+00 9.015359746228070435e+03
1.059780855230085139e+00 8.919009443924060179e+03
1.063968553353427993e+00 8.863960550923351548e+03
1.068144877931138659e+00 8.724535186819724913e+03
