# Columns: ('k', 'S1', 'S2', 'S3', 'S4', 'S5', 'S6', 'S7', 'S8', 'S9', 'S10', 'S11', 'S12', 'S13', 'S14')
5.345493089407682419e-03 1.356289333767361143e+02 7.210133246527777374e+03 -4.489517144097221717e+02 1.642971733940972001e+02 2.023551296657985858e+02 2.851209201388888687e+03 -1.961091715494791572e+02 8.998618570963540719e+01 7.295583767361110006e+01 2.282903645833333030e+03 -1.016593695746527715e+02 2.255409240722656250e+01 6.122569613986544645e+00 2.658485624525281921e+00
9.344366739594166943e-03 -1.006166125882056406e+02 4.995621471774193196e+03 2.578928301411290391e+01 6.854114163306451246e+01 -4.479846191406250000e+01 2.631566028225806349e+03 1.729064232610887188e+02 1.278887427545362812e+02 4.286222593245967971e+01 1.966614667338709523e+03 1.566321037046371032e+02 9.771372542842742348e+01 2.680691823651713790e+01 3.193081566595261833e+01
1.312833575873958818e-02 7.815412946428571104e+02 1.102886734693877406e+04 -1.477502551020407964e+03 1.991680883290816269e+02 2.904111128826530148e+02 4.300357780612244824e+03 -3.587373644770407850e+02 1.528424944196428381e+00 -1.767394770408163041e+01 2.579519132653061206e+03 -1.291167988679846701e+02 -6.214050542091835894e+01 -2.231891990194515074e+01 -2.107067123724489477e+01
1.700891779646987109e-02 -6.267031250000000853e+01 6.413733928571428805e+03 -6.948841517857143799e+02 -6.786221168154762395e+00 -2.488471540178571786e+02 2.920300595238095411e+03 -3.180613095238095411e+02 -2.828945684523809518e+02 -2.336778273809524080e+02 1.878250446428571649e+03 -1.718870721726190709e+02 -2.298052827380952579e+02 -4.961136532738095895e+01 -4.564234561011905100e+01
2.135270783943789275e-02 -3.795842857142857270e+02 7.182109285714285761e+03 -1.038004642857142926e+03 -2.724671875000000227e+02 -6.661636160714285779e+02 3.385308214285714257e+03 -4.969442857142857406e+02 -6.879088392857142935e+02 -4.445461160714285711e+02 2.184983392857142917e+03 -3.336130357142857292e+02 -4.934876785714285461e+02 -1.155072991071428561e+02 -1.201592522321428618e+02
2.564347439342075027e-02 4.137561197916666345e+01 7.158437777777778138e+03 -1.326960972222222154e+03 6.084245659722222399e+01 -5.655055989583333087e+01 3.094594166666666752e+03 -5.902015277777777555e+02 -2.369958159722222319e+02 -2.061967534722222126e+02 1.828139166666666597e+03 -3.040255208333333599e+02 -3.011219097222221990e+02 -7.065188368055555657e+01 -8.483832465277777146e+01
2.962205054058980949e-02 -7.150426962209301962e+01 7.349221760797342540e+03 -1.893609426910299135e+03 1.991069481935215890e+02 -4.278729235880398960e+02 3.005039244186046744e+03 -6.766181478405316057e+02 -1.794095982142857224e+02 -3.136109323089701206e+02 1.651192275747508347e+03 -2.799323089700996547e+02 -3.244540593853820951e+02 -8.518426858388704659e+01 -9.841399761212625208e+01
3.361537140302770649e-02 4.353885334645669332e+02 7.122586614173228554e+03 -2.438400590551181267e+03 3.856642880577427945e+02 2.677425976049868837e+02 3.332845144356955188e+03 -1.127518536745406891e+03 -1.416147576279527414e+02 -2.150874958989501238e+02 1.818266896325459356e+03 -4.706167979002624406e+02 -5.033928805774278317e+02 -1.154767983103674567e+02 -1.617346210629921188e+02
3.793950633336700545e-02 5.248503174255691874e+02 6.148301225919439275e+03 -2.329188047285464108e+03 3.594734292907180588e+02 2.625785901926444694e+02 2.656280866900175170e+03 -9.635229859894920992e+02 -2.757864492119089306e+01 -1.025365791922066592e+02 1.400715739929947404e+03 -4.151595884413309818e+02 -2.889151981173379795e+02 -5.923832913747811091e+01 -9.005600098511384033e+01
4.227894994616508695e-02 7.930355500000000575e+02 5.130593600000000151e+03 -2.258709200000000237e+03 6.329234999999999900e+02 8.309521000000000868e+02 2.215971600000000308e+03 -9.178500000000000227e+02 5.190261000000000422e+02 2.957949000000000410e+02 1.141990099999999984e+03 -3.826521000000000186e+02 8.002217500000000427e+01 3.502268125000000509e+01 -3.270796875000000270e+00
4.633325468672155889e-02 8.126211419753085465e+02 4.447586762688613817e+03 -2.168124657064471648e+03 6.621609224965706062e+02 7.297171639231823974e+02 1.708933641975308547e+03 -8.251665809327845409e+02 4.803267318244169815e+02 2.052406121399176868e+02 7.324104938271603942e+02 -2.897644032921810435e+02 4.744854895404663608e+01 2.090279117369684414e+01 -3.955348052769203981e+00
5.038752484052157893e-02 6.055130926130099169e+02 3.927587375964718831e+03 -2.008449007717750874e+03 3.346105981256890800e+02 2.874296444321940385e+02 1.570316152149944855e+03 -7.431849503858875323e+02 2.469638058158765048e+01 -5.666583689360529519e+01 6.955833792723263969e+02 -2.504524014608599884e+02 -1.800174166207276869e+02 -2.984197775978500644e+01 -4.731153528114663942e+01
5.464179025701254577e-02 1.317054981634527167e+03 4.027954086317722613e+03 -2.310203397612488516e+03 8.109715335169880746e+02 1.435479797979797922e+03 1.666209710743801679e+03 -9.066510560146923581e+02 9.010447084481174898e+02 5.965548668503213321e+02 7.219925390266299701e+02 -3.050894455922864950e+02 3.724414887511478582e+02 1.088114310720844742e+02 8.148881571395776291e+01
5.886817576171304162e-02 1.091277121697357870e+03 3.468132506004803417e+03 -2.057176741393114298e+03 6.279211869495595693e+02 1.003004603682946254e+03 1.415714771817453766e+03 -8.155275220176140465e+02 5.028349679743794809e+02 2.784464321457165283e+02 5.741813951160928582e+02 -2.660826661329062972e+02 4.348861902021616999e+01 1.932796236989591421e+01 -1.522509413781024712e+01
6.290140616743733482e-02 1.636162662090007643e+03 3.232030129672006296e+03 -2.082473493516399685e+03 9.554564263920672147e+02 1.775411517925248063e+03 1.313082761250953581e+03 -8.220437643020595715e+02 1.174498855835240420e+03 7.283644641495042151e+02 5.158195080091533100e+02 -2.670848112128146568e+02 4.849840770404271666e+02 1.116463100686498962e+02 8.061333190312738850e+01
6.703999982739437813e-02 1.292535650089874252e+03 2.929457759137208086e+03 -1.838149640503295359e+03 7.263126872378669532e+02 1.544583582983822680e+03 1.206436039544637424e+03 -7.213273666866386975e+02 9.531947273816656434e+02 7.369441282204912795e+02 5.081599760335530505e+02 -2.528215623127621257e+02 4.870742959856201537e+02 1.476548269922109000e+02 1.125796416267225908e+02
7.134254604642074893e-02 1.249351826974744881e+03 2.450843901128425841e+03 -1.622602632993014595e+03 7.274621171413218690e+02 1.414481192907039258e+03 9.893758060182698273e+02 -6.276602632993015050e+02 8.693429607737775768e+02 6.078114588930683340e+02 3.825005709296077612e+02 -1.983770486297689501e+02 3.584504298764105670e+02 1.030243316765180026e+02 6.413922286405158957e+01
7.561818311969153994e-02 1.177752517985611576e+03 2.256307434052757799e+03 -1.516487769784172770e+03 6.645336330935251681e+02 1.247751798561151190e+03 9.126998800959232767e+02 -5.957305155875300215e+02 7.631113908872902130e+02 5.011348920863309218e+02 3.539550959232614105e+02 -1.935550059952038282e+02 2.720183453237410163e+02 7.521116606714628006e+01 3.875280275779376638e+01
7.973924982214039558e-02 1.408909132629646592e+03 2.042276044056906812e+03 -1.387919917393299784e+03 8.374359798072511012e+02 1.797353028912345053e+03 8.320719366681964857e+02 -5.305586851766865948e+02 1.189956746213859560e+03 8.895005736576410982e+02 3.242171867829279677e+02 -1.654929726938962915e+02 6.183549793483249459e+02 1.714378155117026097e+02 1.310305472693896434e+02
8.385356877962653332e-02 1.426017679777512967e+03 1.865661899086213680e+03 -1.290614819229241220e+03 7.778131704410011480e+02 1.669824791418355289e+03 7.435439014700040161e+02 -4.924164680174811224e+02 1.083145510528406930e+03 7.891944775526420699e+02 2.855919994040524443e+02 -1.593749255065554280e+02 5.507698649185538216e+02 1.452427244735796705e+02 1.112589392133492225e+02
8.809929214337092196e-02 1.365637381869093360e+03 1.658895519775988760e+03 -1.156266363318165986e+03 7.595099754987749066e+02 1.611231886594329580e+03 6.626277126356317240e+02 -4.461778963948197543e+02 1.044531151557577914e+03 7.513508925446271860e+02 2.434859336716835685e+02 -1.374477489499474814e+02 5.248350542527126663e+02 1.394153504550227467e+02 1.077362836891844609e+02
9.230415729057904473e-02 1.326059010364426513e+03 1.418669508525576703e+03 -9.659571213640922451e+02 7.171743564025408659e+02 1.641803410230691952e+03 5.916920762286860054e+02 -3.853591190237378328e+02 1.102505432965563386e+03 8.504123202942159878e+02 2.378867853560682022e+02 -1.251019412403878306e+02 6.288157806753594059e+02 1.745639836175192272e+02 1.417474193413573857e+02
9.643309047658384092e-02 1.139621175401393430e+03 1.198489700090881570e+03 -8.306455619509239341e+02 5.862265980006059181e+02 1.348477128142986885e+03 4.840729324447137287e+02 -3.250557028173280969e+02 8.765789154801575478e+02 6.644163889730384653e+02 1.847932634050287675e+02 -1.033418661011814663e+02 4.776710087852165998e+02 1.287311231445016801e+02 1.023767040290820916e+02
1.005689403076158450e-01 1.125878541374474025e+03 1.087096563814866840e+03 -7.408169004207574062e+02 6.276333800841515540e+02 1.441508976157082770e+03 4.537717741935484241e+02 -2.946539621318373179e+02 9.783561009817672129e+02 7.492057503506312059e+02 1.804901647966339624e+02 -9.583691269284713599e+01 5.587212482468443113e+02 1.507393232819074456e+02 1.225005785413744803e+02
1.047818677762802908e-01 9.104019168533731090e+02 9.021728902165795034e+02 -6.326258401792382529e+02 4.647060617376151299e+02 1.060864326611899514e+03 3.645919218322130746e+02 -2.467976101568334570e+02 6.973035847647497576e+02 5.215302464525765345e+02 1.414421521035598630e+02 -8.023413772715957748e+01 3.877195668409260634e+02 1.030825553895942193e+02 8.440092886482449330e+01
1.090277847809041356e-01 9.405992330931908327e+02 8.325342784104113889e+02 -5.585170230072043296e+02 5.218785730885429075e+02 1.205677318150127803e+03 3.494976760399721343e+02 -2.243793574250522909e+02 8.375675110388101530e+02 6.425719265628631547e+02 1.440311555891238697e+02 -7.598775563560306523e+01 4.860833139669997536e+02 1.304810016267720130e+02 1.060434435277713163e+02
1.132170039508717807e-01 8.134576439444076641e+02 6.915110302228105184e+02 -4.614391958967570986e+02 4.458014008382968996e+02 1.052070483123759004e+03 2.892527299801456024e+02 -1.826249034855503908e+02 7.135523935583498769e+02 5.505456099713213689e+02 1.182051621442753060e+02 -6.170157732186189747e+01 4.149414295168762123e+02 1.103223444738583652e+02 8.995484502536950799e+01
1.174008294871188018e-01 7.576048986147360438e+02 6.406581509737001170e+02 -4.325712206384260412e+02 4.040985745834170189e+02 9.431333065649467926e+02 2.640791005822123907e+02 -1.709657071873117786e+02 6.545960650471793087e+02 5.016467576791808938e+02 1.078149467978317659e+02 -5.659029938767315571e+01 3.931589540252961115e+02 1.058643219233085802e+02 9.020070016061032447e+01
1.215998224695146873e-01 6.843977725118483022e+02 5.405436018957345823e+02 -3.500587677725118283e+02 3.718276540284360294e+02 9.004001895734596701e+02 2.325675829383886253e+02 -1.433596208530805711e+02 6.228345023696682574e+02 4.936707582938388441e+02 9.908456161137441143e+01 -4.991220379146919583e+01 3.775854976303317585e+02 1.030401540284360209e+02 8.470448459715639444e+01
1.257670529567683493e-01 5.807398004632103721e+02 4.517444325672545915e+02 -2.936246882237662703e+02 3.002590415107785589e+02 7.243791644396935681e+02 1.866018283449135993e+02 -1.174857028327097765e+02 4.793270087297345299e+02 3.744599144842330247e+02 7.468715481916979115e+01 -3.951350937555674392e+01 2.753768483876714868e+02 7.345431921432388833e+01 5.839774296276500820e+01
1.299386816717305049e-01 5.420737279762885237e+02 4.047652725177013053e+02 -2.587722707064054362e+02 2.954895850485756910e+02 7.178789725012350118e+02 1.735234645150667063e+02 -1.050060925407541674e+02 5.054257368681047637e+02 4.013720566441626829e+02 7.636719907788572925e+01 -3.755157562160382412e+01 3.146177753993084139e+02 8.583405030462704133e+01 7.218771612053350850e+01
1.340949335765710126e-01 4.689232508329367306e+02 3.448330556877677395e+02 -2.161123274631128197e+02 2.542466682532127891e+02 6.223859273361891837e+02 1.487435943201650161e+02 -8.823756544502619192e+01 4.383810883706171921e+02 3.507920434713628879e+02 6.612633864826273111e+01 -3.197078772013327352e+01 2.779826273203236724e+02 7.648240421227987440e+01 6.542515964620022828e+01
1.382635144665005922e-01 3.720697000434719826e+02 2.737832922764816885e+02 -1.695757136646862762e+02 1.808588429213157553e+02 4.442253296623678125e+02 1.095323413273438717e+02 -6.586679466743950684e+01 2.915585060136212405e+02 2.300754600782495345e+02 4.484864512389508917e+01 -2.238964008839298714e+01 1.723282495290537781e+02 4.660764744239965296e+01 3.811509654397913494e+01
1.424925284902303357e-01 3.319422868374678046e+02 2.350906872712484699e+02 -1.441514843432289297e+02 1.661232885997017661e+02 4.088808119831909949e+02 9.685049816998778738e+01 -5.748993493289955126e+01 2.723118137454249563e+02 2.154651958790836090e+02 4.033468889792598588e+01 -1.966022349871221309e+01 1.627921072251592705e+02 4.397873458045275186e+01 3.618191676833400550e+01
1.466886314558672189e-01 3.025260300118467285e+02 2.080989206265630855e+02 -1.227622005396867024e+02 1.585227063314466136e+02 3.918859418191390773e+02 8.957196919836776772e+01 -5.031397673423719397e+01 2.670462353560615725e+02 2.138606193234171258e+02 3.949739206265630997e+01 -1.797138056140581597e+01 1.624563149927602979e+02 4.447779551138606990e+01 3.620239074634724119e+01
1.508619291163366127e-01 2.509986021636076430e+02 1.714390573720675945e+02 -1.038307934240914108e+02 1.301301355293545612e+02 3.212829099307159595e+02 7.268187066974596178e+01 -4.228736173574814927e+01 2.192383159110246709e+02 1.748697429196548114e+02 3.145505272274219166e+01 -1.492037935304485252e+01 1.348307098577853367e+02 3.676500015193873594e+01 3.070661769174668976e+01
1.550655720814744509e-01 2.296951439897399894e+02 1.510338405036725931e+02 -8.592043400956045218e+01 1.247270753177101454e+02 3.143270957211145742e+02 6.733917016439313841e+01 -3.566129619913722593e+01 2.263790369593097580e+02 1.862008569429870590e+02 3.287107234464264849e+01 -1.380769062609303965e+01 1.494424041039990527e+02 4.195503235396991926e+01 3.581952460067622468e+01
1.592593054631499527e-01 1.907990528851418048e+02 1.235058989379174363e+02 -7.049971258075112246e+01 9.935694733384430322e+01 2.501070294536297069e+02 5.321969437753202925e+01 -2.900205641629256448e+01 1.747676557538596285e+02 1.424083816927625037e+02 2.461412939340851835e+01 -1.084039848625862312e+01 1.130848228949961651e+02 3.136114912953027556e+01 2.690722688328041201e+01
1.634144798183441161e-01 1.509702666666666744e+02 9.653482666666666034e+01 -5.426588999999999885e+01 7.723936000000000490e+01 1.962272533333333229e+02 4.119653666666666680e+01 -2.204502000000000095e+01 1.355949599999999862e+02 1.110064333333333337e+02 1.885869333333333486e+01 -8.099232499999999391e+00 8.668256666666667343e+01 2.405073000000000150e+01 2.017826000000000164e+01
1.675823816150099899e-01 1.247049026391222668e+02 7.845051645744786128e+01 -4.270306167836314870e+01 6.403713427893643484e+01 1.629988262330730322e+02 3.389473163981417514e+01 -1.750977933181773238e+01 1.138560961747553648e+02 9.368738262330730038e+01 1.617301015617277926e+01 -6.786009161559750424e+00 7.371767816546406493e+01 2.057829952060887635e+01 1.728477130078086432e+01
1.718045808093531246e-01 1.089499184149184146e+02 6.785405594405594343e+01 -3.657045745920746072e+01 5.626983682983682655e+01 1.441176689976690000e+02 2.964989510489510494e+01 -1.524634469696969674e+01 9.958348484848484361e+01 8.215554195804195103e+01 1.404795454545454625e+01 -5.966417176573426850e+00 6.383437062937063189e+01 1.779105186480186518e+01 1.478422057109557031e+01
1.760135070798979073e-01 9.399752413259265893e+01 5.834076472998815888e+01 -3.118688814770968065e+01 4.885274565158000115e+01 1.241877219743192740e+02 2.552038748747837360e+01 -1.310018156360987263e+01 8.668526318185958246e+01 7.102752481559056719e+01 1.221144903697295270e+01 -5.205648890697568199e+00 5.594215576905564546e+01 1.552302272106365599e+01 1.310543495583280205e+01
1.801930856696074279e-01 7.197180014491517852e+01 4.381470569431421325e+01 -2.268561397152842929e+01 3.779498231182337520e+01 9.731735359304407496e+01 1.947325728838121250e+01 -9.479910333731140781e+00 6.813579404995311961e+01 5.702095942374904070e+01 9.616257139203819193e+00 -3.775019179950558357e+00 4.465152160941096326e+01 1.267018210297502456e+01 1.058032403460915560e+01
1.843742315857553882e-01 5.865214520422593836e+01 3.555445418434406690e+01 -1.835347906788120653e+01 2.870031611346809797e+01 7.444936985275766972e+01 1.494456186049413482e+01 -7.340040346061059928e+00 4.952579860244571819e+01 4.122447175775725725e+01 6.925468970967473936e+00 -2.786404716225771683e+00 3.126020609766242586e+01 8.769139032734381445e+00 7.182239674319940370e+00
1.885797910080431738e-01 4.845690568873814641e+01 2.908878777075464228e+01 -1.467381532798889943e+01 2.464630386186695432e+01 6.389980151083018711e+01 1.269322463000077050e+01 -6.106606027904108558e+00 4.440904185616280131e+01 3.705505665613196697e+01 6.217084883026284814e+00 -2.454542306617590430e+00 2.924708047483234452e+01 8.232278096816465052e+00 6.968986669428813840e+00
1.927656394953895236e-01 3.754697670189141689e+01 2.234864604870204730e+01 -1.116077992189294754e+01 1.871922979362891581e+01 4.888121697679761724e+01 9.570033118921816850e+00 -4.532358849739643425e+00 3.393305383260587149e+01 2.847878857492916893e+01 4.666358270637108951e+00 -1.792407893981162514e+00 2.262634246496669022e+01 6.408700417336703481e+00 5.473282913125048665e+00
1.969014248243030341e-01 2.838931051406965622e+01 1.691819512106449253e+01 -8.361697788664290698e+00 1.409233099142005408e+01 3.695347833200028731e+01 7.267844970188321874e+00 -3.416105236130298817e+00 2.546195830000727156e+01 2.157640605686032131e+01 3.574682569257616294e+00 -1.343633832163891428e+00 1.684704814404129891e+01 4.822914773140405842e+00 4.031849869119464636e+00
2.010715633173454087e-01 2.590298802724833394e+01 1.520944251875043030e+01 -7.232545650416294158e+00 1.303198109474988087e+01 3.418707424482212787e+01 6.643027936420560664e+00 -2.996112833723250546e+00 2.340545009633248696e+01 1.977262523223009794e+01 3.302820520539462290e+00 -1.239622486324227779e+00 1.530064658879790862e+01 4.344666287500860591e+00 3.605522238182068406e+00
2.052920281681521186e-01 1.894332717569786695e+01 1.115265496715927718e+01 -5.209083538587848672e+00 9.150606527093595233e+00 2.423216748768473039e+01 4.752533866995073630e+00 -2.091273732553366127e+00 1.600343390804597732e+01 1.362155172413793025e+01 2.278253540640394093e+00 -7.954881208949097227e-01 1.029454638752052453e+01 2.958776169950739110e+00 2.419497126436781720e+00
2.095172134954577381e-01 1.615034595331107070e+01 9.396141153676516922e+00 -4.273108184739461635e+00 7.938533725033078525e+00 2.115203633986516252e+01 4.056424404180580368e+00 -1.719280645516980677e+00 1.445296649549492685e+01 1.244669129229412086e+01 2.043884335029298782e+00 -6.810214975426879258e-01 9.689731861571418747e+00 2.816077673114485425e+00 2.353123424799949515e+00
2.136973926115405542e-01 1.158600968992248070e+01 6.680945736434108717e+00 -3.020773982558139448e+00 5.420191860465116029e+00 1.446201356589147302e+01 2.764646317829457356e+00 -1.187127301356589060e+00 9.731083333333334195e+00 8.338460271317829964e+00 1.360846899224806172e+00 -4.644861312984496227e-01 6.467426841085271327e+00 1.867910852713178249e+00 1.563593750000000115e+00
2.178750580088065492e-01 8.707844890510950009e+00 4.990882299270072764e+00 -2.208121806569343093e+00 3.659312043795620362e+00 9.822927007299270485e+00 1.890649977189781117e+00 -8.238038321167883149e-01 6.015799270072992755e+00 5.125735857664233563e+00 8.268200843978102954e-01 -2.899229299726277520e-01 3.661403740875912582e+00 1.045735515510948899e+00 8.174729128649634857e-01
2.220823861956562617e-01 7.225593815225362704e+00 4.086071476420150006e+00 -1.782023669755175677e+00 3.334840127348113192e+00 8.965754921870592753e+00 1.670840649151012602e+00 -6.897055427455294208e-01 6.031423199779996303e+00 5.220680758870649640e+00 8.286030622426242553e-01 -2.655565794762226872e-01 4.092200456930106256e+00 1.195561722584193687e+00 1.017699210596829662e+00
2.262696194198526023e-01 5.698430295191304396e+00 3.249914442896745026e+00 -1.412826961080309696e+00 2.600271852870944755e+00 6.969396717351924231e+00 1.323719559683262936e+00 -5.525721059827358728e-01 4.528200822034363249e+00 3.895682947247077088e+00 6.357156519322610944e-01 -2.135041594904484863e-01 2.896943359911071880e+00 8.377680789235329994e-01 6.700006775951035110e-01
2.304259489101245229e-01 4.781572600976593534e+00 2.689987510615147848e+00 -1.109225620820285529e+00 2.366544785972082288e+00 6.358884464067724451e+00 1.184869433681863926e+00 -4.607576955675123376e-01 4.435756379040390662e+00 3.863229625550660629e+00 6.367552395706173041e-01 -2.011180995319383213e-01 3.051003090003184592e+00 8.941306940316331442e-01 7.518775542699431824e-01
2.345870463846415066e-01 3.330370293492645128e+00 1.871002689659998941e+00 -7.602196840643610232e-01 1.485036877449483317e+00 4.037327581819107003e+00 7.591860597355830631e-01 -2.963447176652287962e-01 2.649455467119662178e+00 2.308344626406066968e+00 3.774188648394156687e-01 -1.178488555425128564e-01 1.760611909579070655e+00 5.152066294313381034e-01 4.242645883436402809e-01
2.388019837064606632e-01 2.597184965359919051e+00 1.462608023946313951e+00 -6.069141926266113929e-01 1.182506532733066162e+00 3.195284588784821356e+00 5.980847248708540675e-01 -2.409036312490947795e-01 2.116919703205716541e+00 1.833806818181818343e+00 2.962321933990730849e-01 -9.748843499742010366e-02 1.413186785623762987e+00 4.113035801036789008e-01 3.431622143249408730e-01
2.430077036534963875e-01 1.868067998799505469e+00 1.039205783025483720e+00 -4.019232333565112003e-01 7.574255986871820667e-01 2.105145039937241336e+00 3.894437043500095230e-01 -1.409670731335876948e-01 1.259867306732277870e+00 1.118589129284933259e+00 1.761512740024604173e-01 -4.620538052368599463e-02 7.966506501687823372e-01 2.379678009704987440e-01 1.880908103300468204e-01
2.471758823520590620e-01 1.459178115658772201e+00 8.144612985743849842e-01 -3.178347168530121780e-01 6.113610438462865337e-01 1.680158872729363040e+00 3.138029216486548645e-01 -1.189680031508680152e-01 1.050400864422855962e+00 9.191482596573925523e-01 1.497780111088756194e-01 -4.665860237267187988e-02 6.843446410094274901e-01 2.008576639385490914e-01 1.647173739652793845e-01
2.513692271335918882e-01 9.865243691468645881e-01 5.489571880059953557e-01 -2.130261411562951457e-01 3.594976953278850029e-01 1.005642190166732286e+00 1.885035717118506982e-01 -7.104990597204444147e-02 5.857648461774102033e-01 5.174934647963984613e-01 8.197501998339788709e-02 -2.281693985287843243e-02 3.686496300079865618e-01 1.094190288615651402e-01 8.752743764120006487e-02
2.555723892733414715e-01 7.238818847300253490e-01 4.068424627149719308e-01 -1.641965433280975495e-01 2.738346669677703127e-01 7.610678200186560272e-01 1.438203031184329128e-01 -5.705169679043187864e-02 4.306856317279238455e-01 3.753701530803705833e-01 5.919198195991658834e-02 -1.870236080016056054e-02 2.542202602647746223e-01 7.385773243000011423e-02 5.590584726272677246e-02
2.597674079539822323e-01 6.130438371452403556e-01 3.408261854713309225e-01 -1.300378227398875375e-01 2.516933666961012617e-01 6.900321356118960248e-01 1.281246621030193156e-01 -4.832692623000937188e-02 4.149026164811344120e-01 3.615558836553116051e-01 5.823083758064474813e-02 -1.893850729503490996e-02 2.513235907443259198e-01 7.277538684377188316e-02 5.431083537466017269e-02
2.639178238801485610e-01 4.530023451887660868e-01 2.493454213666359554e-01 -8.859196353207489383e-02 1.703566621265602543e-01 4.787050625383670877e-01 8.848717340009207288e-02 -3.030846246259208052e-02 2.599967068242275414e-01 2.306071712899017689e-01 3.600593381116354297e-02 -9.663781091336070411e-03 1.465247203997851466e-01 4.304549917990331542e-02 3.020807855183394591e-02
2.680749044740857179e-01 2.803178387588741716e-01 1.547762532672052604e-01 -5.814733644728100476e-02 8.288828522035146529e-02 2.343180966801799991e-01 4.381410715887709695e-02 -1.690960333688341227e-02 1.170475526874733135e-01 1.026012413106887899e-01 1.525729023587524616e-02 -4.014743855691665399e-03 6.811611046639202971e-02 2.026160714069228166e-02 1.621594495425912608e-02
2.723023151079725368e-01 2.184541064371880170e-01 1.214862075216075060e-01 -4.742608348065723706e-02 7.965794494707893747e-02 2.213290891049639608e-01 4.108799606269643301e-02 -1.633051630528979323e-02 1.333783610071177794e-01 1.169960872504159782e-01 1.816797353441601884e-02 -5.849383017959073131e-03 8.496904392563320307e-02 2.490946621082917520e-02 1.991484281117119476e-02
2.765128983200950685e-01 1.730533154147641250e-01 9.512541152488307450e-02 -3.318592718670600183e-02 6.161551727138720597e-02 1.749367861244338351e-01 3.223811236441686406e-02 -1.077106328478845236e-02 1.008474017978789883e-01 9.073143765304525488e-02 1.435881661496115139e-02 -3.522343991470603362e-03 6.426626397113312239e-02 1.939930420506223024e-02 1.536763512860404163e-02
2.807027537381580062e-01 1.088915921246266100e-01 5.986108479946406630e-02 -2.067282299148326397e-02 2.966865642777521614e-02 8.676895090658495735e-02 1.634610715178022242e-02 -5.394601025913998114e-03 4.282861473983043399e-02 3.922785583185072616e-02 6.205377627332355969e-03 -1.202311873582602919e-03 2.578133579884905879e-02 8.022736137308359924e-03 6.186461126085869913e-03
2.848857026249724811e-01 8.277181810719007327e-02 4.520417295033662963e-02 -1.550804019525949505e-02 2.496876867092633415e-02 7.322416215619671764e-02 1.332729638632800320e-02 -4.224497500219498436e-03 3.768018038527277958e-02 3.480992895058453163e-02 5.152966490800924351e-03 -9.308226326471629418e-04 2.342076794488383296e-02 7.304628293286376597e-03 5.757560901197875114e-03
2.890807262117984777e-01 4.756022951554406825e-02 2.577473190519537563e-02 -9.005847745037194249e-03 7.535378282420083541e-03 2.457979953745608251e-02 4.430168146066662191e-03 -1.510509123125932784e-03 2.466607187407217783e-03 2.917467078990191535e-03 -1.204530963036305502e-04 3.662363893695599589e-04 -2.883318912796928053e-03 -6.963287958571687600e-04 -1.256753543159983780e-03
2.932785946948970324e-01 3.427509644045314413e-02 1.890358290547495407e-02 -6.884170490842401666e-03 7.483216698207182174e-03 2.251185497668733645e-02 4.253224282896846467e-03 -1.670022932130581662e-03 6.981417785550793863e-03 6.292778857528776026e-03 7.285790689138868905e-04 -1.649259177040509185e-04 1.939301942176446282e-03 5.781147965604883747e-04 1.171456596155873744e-04
2.974321087309398370e-01 2.371860703512066598e-02 1.340966379373851290e-02 -5.237968924023843516e-03 1.736274122982259900e-03 5.793309345095992539e-03 1.457711845155301202e-03 -1.069336766649477567e-03 -5.573582782595992886e-03 -5.789141161898673539e-03 -1.147791621821060357e-03 7.394979951555820288e-05 -8.279653545841158396e-03 -2.724927573305398198e-03 -2.846772796108983008e-03
3.016123743882810904e-01 1.806572653397421277e-02 9.917808961019512412e-03 -3.480480338601095718e-03 -1.593302650283356296e-04 7.443893342081242060e-04 3.062104446130239259e-04 -4.381012956464597186e-04 -9.062405842616100965e-03 -8.527053329256522804e-03 -1.644600781606572401e-03 3.153786020120783189e-04 -1.076765920806471537e-02 -3.376367947073373194e-03 -3.461370521822821570e-03
3.058101292111336522e-01 1.263459127858780270e-02 6.831412445078427487e-03 -2.017815941165148046e-03 7.778627986946285962e-04 3.588253229805543967e-03 6.839071013583306741e-04 -1.371599497193177347e-04 -1.480888291418925966e-03 -9.574406191979716995e-04 -2.728385194227511950e-04 2.176139320598003172e-04 -1.763787970482700663e-03 -4.352999981994967412e-04 -4.360588647370875642e-04
3.100168993294901143e-01 3.537107627085111974e-03 2.063044195260826160e-03 -9.699984052991343338e-04 -2.313788759714904050e-03 -5.673687503670971424e-03 -8.954311389348959494e-04 9.122995356171951153e-05 -7.197598692108498480e-03 -6.525337140205556344e-03 -1.173145347060375668e-03 2.907435792553369927e-04 -6.307853968667725443e-03 -1.923075926116065131e-03 -1.796515088036343020e-03
3.142092030053749707e-01 -1.350324169493741602e-04 -2.218370718442971306e-05 -2.421556488630673902e-04 -4.715190259131430035e-03 -1.235462047411407978e-02 -2.147119019994582229e-03 4.522571852985297382e-04 -1.356573417819809807e-02 -1.240237843996113906e-02 -2.192884056290252820e-03 5.148749620746334099e-04 -1.179716587270933370e-02 -3.628801564761994624e-03 -3.313902570911719456e-03
3.183867557675504334e-01 -7.697587764034062455e-04 -2.819054252526556723e-04 -2.877270520229957117e-04 -4.012969651037514608e-03 -1.092196542593407323e-02 -1.839254613830249236e-03 2.674396649030477257e-04 -1.146259464652695653e-02 -1.072098469251101492e-02 -1.852372020857461291e-03 3.440628458681227919e-04 -1.018259900431595956e-02 -3.190320059814822327e-03 -2.970698668139828968e-03
3.225872781332082551e-01 -3.804035871691863429e-04 -1.393101368452038353e-04 -2.144860260127908857e-04 -2.130967398508418643e-03 -5.758427854310589275e-03 -9.736851050687908658e-04 1.223408957855546446e-04 -5.726227348469205281e-03 -5.355723336102281157e-03 -9.318197828605263681e-04 1.673169327647930122e-04 -4.904330835022860900e-03 -1.538603220837661458e-03 -1.398362198049117253e-03
3.267666109043823597e-01 3.256210512941252430e-05 7.265884440925255740e-05 -1.392732636712753038e-04 -1.451792711564381996e-03 -3.866363385945258656e-03 -6.470278097135430655e-04 1.086188220350581426e-04 -3.867615170072147366e-03 -3.565905774937848556e-03 -6.134874711578619825e-04 1.282195861547188109e-04 -3.160850436439170599e-03 -9.758693033811178391e-04 -8.470760919865078127e-04
3.309328770241455886e-01 -7.457928323043655791e-06 3.266645416576708256e-05 -8.285122584023897618e-05 -1.002494147951274537e-03 -2.643407752397137177e-03 -4.428604695616216802e-04 8.320517604344777765e-05 -2.607951480238894504e-03 -2.383080483724008426e-03 -4.109472158798447563e-04 9.742232492577288232e-05 -2.108551744156722963e-03 -6.434261432308861382e-04 -5.607724223219277175e-04
3.351106074107195187e-01 -5.674291875501521034e-04 -2.756074683511017492e-04 8.024961430326664491e-06 -1.148280789967434136e-03 -3.074198127850493421e-03 -5.277611502376061735e-04 1.096516568318435785e-04 -2.951819703353429809e-03 -2.703950465596885368e-03 -4.681818994390774934e-04 1.075288585971239720e-04 -2.452394942350720128e-03 -7.539460528839770585e-04 -6.811601704811134830e-04
3.393095620710060434e-01 -7.588906077546664916e-04 -3.869736286038872957e-04 4.655430145131602570e-05 -1.051741742584483188e-03 -2.875456487734376950e-03 -4.942662883348855228e-04 9.423282678228232800e-05 -2.610553446775148393e-03 -2.416789240799608902e-03 -4.118164398543343405e-04 8.287592144919053141e-05 -2.112811622824153392e-03 -6.543834208353025046e-04 -5.733710656250798430e-04
3.435164896197421824e-01 -5.411840083847854884e-04 -2.680111158928447112e-04 1.818543020237644480e-05 -8.072670049052120544e-04 -2.212405106213311771e-03 -3.756363251696255936e-04 6.391744555300154856e-05 -2.055000206233168966e-03 -1.914766264922607543e-03 -3.254942503911047798e-04 5.973804383675172293e-05 -1.710703164966327107e-03 -5.339176287103746324e-04 -4.784989074832466413e-04
3.477107812306902690e-01 -4.330684150658952228e-04 -2.171717608409991966e-04 2.433813858199719584e-05 -5.393934154010222729e-04 -1.487850941781502156e-03 -2.525437490600645021e-04 4.329038256403065288e-05 -1.269027942335443446e-03 -1.185273065193022347e-03 -1.987538553575149056e-04 3.468526965344866287e-05 -1.000958385101248559e-03 -3.130354125474436085e-04 -2.688910663465364438e-04
3.518857617074659383e-01 -6.019803419261835539e-04 -3.086784951960136448e-04 3.870014736731203025e-05 -5.743938401636640911e-04 -1.597656538091145242e-03 -2.747348355427818838e-04 4.597486267913950621e-05 -1.393340705031720144e-03 -1.303622041298397368e-03 -2.216301931296001256e-04 3.826114760064785504e-05 -1.155876038302648505e-03 -3.625129742816824048e-04 -3.259681190748515349e-04
3.560773577310688554e-01 -3.126378988599252885e-04 -1.621868625540769462e-04 2.534319849224107396e-05 -3.230023585689182318e-04 -8.905832459468249933e-04 -1.538666172548921714e-04 2.904429935081178651e-05 -7.597841119752691197e-04 -7.056924898750637507e-04 -1.201021936702463539e-04 2.329563198045008849e-05 -6.035713463010451436e-04 -1.876200703239578346e-04 -1.632014008325147745e-04
3.602869550449780967e-01 -3.161035426438268243e-04 -1.626647912029363110e-04 2.263536846234038728e-05 -3.052807142998242092e-04 -8.533106462738758056e-04 -1.466945196104754983e-04 2.422953320608311196e-05 -7.253429489268443508e-04 -6.817811523888359353e-04 -1.160093946964167380e-04 1.943834447095836912e-05 -5.876058290027717530e-04 -1.849729248025904545e-04 -1.623446982998765842e-04
3.644651285618699665e-01 -2.557084305971446363e-04 -1.327655199266070238e-04 2.201724086244574100e-05 -2.352152638084188663e-04 -6.510195672258439542e-04 -1.128725911779623230e-04 2.105510260825178769e-05 -5.421977752870956032e-04 -5.050831103108371000e-04 -8.623351538806384999e-05 1.616711418569995401e-05 -4.268994205485917258e-04 -1.331337643087575199e-04 -1.146712259050222145e-04
3.686396944457170921e-01 -2.008970428346953019e-04 -1.038510487101532398e-04 1.708135515249836750e-05 -1.978902540103575248e-04 -5.510951656160610482e-04 -9.487515318209147096e-05 1.665104287729075836e-05 -4.834490543766030999e-04 -4.528379853056026120e-04 -7.688409710512777626e-05 1.308700938702933665e-05 -3.967956534184366251e-04 -1.245738129735686744e-04 -1.101169617162281390e-04
3.728293470315630076e-01 -1.627967881156683393e-04 -8.457951828402423655e-05 1.460117805397538212e-05 -1.447470978086266781e-04 -4.018518197427650945e-04 -6.948706976735302145e-05 1.271490419816200797e-05 -3.321590341312953402e-04 -3.093262591205588985e-04 -5.255085568882922456e-05 9.530996747762608378e-06 -2.597330900596536924e-04 -8.101979425097196252e-05 -6.919230988133527052e-05
3.770363921861874523e-01 -1.325642624518620280e-04 -6.925262360443136555e-05 1.215266837445322400e-05 -1.127287569723697374e-04 -3.136640497206340337e-04 -5.440549760292887142e-05 1.004316593218133400e-05 -2.609913129998945257e-04 -2.432179248801262332e-04 -4.138913997282398053e-05 7.458286381148957373e-06 -2.084535352783322294e-04 -6.510636671463966227e-05 -5.710784751474886522e-05
3.812363453093803867e-01 -9.932163720463148705e-05 -5.246528463004307939e-05 9.337135095110148030e-06 -8.584050368490712848e-05 -2.395278814499049946e-04 -4.185117530583807276e-05 7.724985975721524893e-06 -2.016036625575660902e-04 -1.881230253124209701e-04 -3.220451651274773222e-05 5.823548984077264696e-06 -1.610754541869658405e-04 -5.037758613903306400e-05 -4.382111427238753845e-05
3.854150971210312249e-01 -6.320619879959286729e-05 -3.316424719927226503e-05 6.209710940457747939e-06 -5.545857021135287650e-05 -1.540535642777319863e-04 -2.667746203920448562e-05 4.998018672870584927e-06 -1.271717607512050927e-04 -1.182703042544629504e-04 -2.013106887149041397e-05 3.735749107197843623e-06 -9.950955595231308838e-05 -3.107220969667259331e-05 -2.664763337432808019e-05
3.896036578152083374e-01 -4.741511328128598251e-05 -2.503382780306212657e-05 4.827836750641945387e-06 -3.915649015393495285e-05 -1.081138837726928857e-04 -1.906431824133073772e-05 3.785788359457612564e-06 -9.023448034645701775e-05 -8.369046956058573340e-05 -1.433487039338695962e-05 2.777098109182551140e-06 -7.107116697531856567e-05 -2.205582937940274275e-05 -1.905952113985525333e-05
3.937795161075864914e-01 -3.865721072299333454e-05 -1.961846891912083930e-05 2.882321088504358748e-06 -3.021532057372204580e-05 -8.453239395579551299e-05 -1.434438751368431893e-05 2.220848737836945694e-06 -6.708678419232602609e-05 -6.294389586959157445e-05 -1.050908491062536230e-05 1.668388785442223262e-06 -5.143635698845626576e-05 -1.611255564583783379e-05 -1.355219255100838161e-05
3.979440095093054186e-01 -3.032045115946713362e-05 -1.590802343021471233e-05 2.793310901059530802e-06 -2.377879018680494373e-05 -6.634865439504247656e-05 -1.153538631697932725e-05 2.002645911375016525e-06 -5.415452536803718408e-05 -5.077957009592469446e-05 -8.713018668984011525e-06 1.434375863815546600e-06 -4.266585399638350311e-05 -1.350741905949653013e-05 -1.178823244439870308e-05
4.021139069446590386e-01 -2.159858986366318905e-05 -1.138001153195261296e-05 1.928631615850633328e-06 -1.791470496625091423e-05 -4.953583050704062025e-05 -8.649728946025814314e-06 1.328109933690377136e-06 -4.099614153822581992e-05 -3.897099696959317250e-05 -6.636653945077554797e-06 9.926957759672845886e-07 -3.350111641827480395e-05 -1.059458802799491902e-05 -9.256035066348360001e-06
4.063125452039867413e-01 -1.730080647223896937e-05 -9.032757050234283377e-06 1.307375332735159012e-06 -1.338647571126446502e-05 -3.804813311327773039e-05 -6.499306204833592893e-06 1.052907071570405154e-06 -3.082814499345129039e-05 -2.859213420336728439e-05 -4.848663152843061217e-06 7.792797533758318320e-07 -2.408310902226483478e-05 -7.495073045755289943e-06 -6.508537532284197990e-06
4.105412315868290918e-01 -1.193781542691067913e-05 -6.092747038864158129e-06 1.000794008568919298e-06 -9.280903953202024759e-06 -2.525143187524338462e-05 -4.350676065017711894e-06 7.507076781835791161e-07 -2.079721651150727107e-05 -1.906054172261031966e-05 -3.240141007463123630e-06 5.396928192091509561e-07 -1.611275677513391308e-05 -5.013676730256397756e-06 -4.305824176602613921e-06
4.147348487769681458e-01 -8.316967233274618447e-06 -4.486034304887308350e-06 6.844815867901512783e-07 -7.014424377698864798e-06 -1.897316266457545975e-05 -3.252348508107612535e-06 4.339095722868378425e-07 -1.589245444307242291e-05 -1.477424416302638862e-05 -2.531713999619266533e-06 3.295761794498720892e-07 -1.235667703700247357e-05 -3.895262397080599070e-06 -3.388598994566656570e-06
4.189107045044477284e-01 -5.433979364923790312e-06 -2.952407420453789554e-06 5.854048677586512140e-07 -3.598700664293765244e-06 -1.199089867749754970e-05 -1.980869476882938019e-06 3.551196861547559821e-07 -8.859328156330182862e-06 -8.773613256544369405e-06 -1.501296076521795043e-06 2.480138147420225936e-07 -6.938305182351225257e-06 -2.275911520986827646e-06 -1.972442343754075238e-06
4.230974437456921922e-01 -4.389643790020902340e-06 -2.434819515953477594e-06 3.350433507067186476e-07 -2.996477398915896713e-06 -9.303740568285251213e-06 -1.658296164749137036e-06 2.144512225865703726e-07 -7.085349520912351694e-06 -7.295631304091508490e-06 -1.291775142675034117e-06 1.718203186040289370e-07 -5.916972941118819503e-06 -2.022254382385758293e-06 -1.687387081360201155e-06
4.272931011032126136e-01 -2.738985721996937589e-06 -1.323281902355923978e-06 1.149242914054973175e-07 -1.549714166397287353e-06 -6.005220515714491453e-06 -1.109225448893086862e-06 1.578360060210417078e-07 -3.820556079052545607e-06 -4.781371449973543837e-06 -8.250266995625031585e-07 1.125593417902667067e-07 -3.520504384357015308e-06 -1.282206278315995054e-06 -9.524801213269866719e-07
4.314914587673138180e-01 -1.812909757400439449e-06 -9.726421455874765404e-07 6.783922539401536008e-08 -1.980321777207276613e-06 -4.658950644429044944e-06 -6.713639380992081937e-07 1.310802014091822353e-07 -3.488883546615355873e-06 -3.150196540145473330e-06 -5.070055408839792070e-07 8.678389722222146442e-08 -2.505713796724716375e-06 -7.278891076230173280e-07 -7.024831860712418676e-07
4.356511643511531418e-01 -1.461149862925458570e-06 -7.628833369853443656e-07 5.319701107044820340e-08 -1.054346804505365653e-06 -2.885336084760318118e-06 -6.068673913002996953e-07 5.026834569087335554e-08 -2.562476850244410208e-06 -2.373014650258944720e-06 -4.242974485984248214e-07 4.069164078468691751e-08 -2.065381565290304974e-06 -6.522585814009468371e-07 -6.900452666263207728e-07
4.398424702607344750e-01 -1.462237806667220431e-06 -6.329814215532534005e-07 1.535683053464978691e-07 -8.669541344873833717e-07 -2.901936729635380428e-06 -4.162991365333040979e-07 5.424670368463958936e-08 -1.777564181987529789e-06 -2.133202302735650076e-06 -3.101908938715664728e-07 3.127909669390874231e-08 -1.198122363925246414e-06 -4.834506896244178284e-07 -2.855341257265445465e-07
4.440501074980069407e-01 -1.116975755500378249e-06 -3.429047394194287640e-07 6.146171234942046553e-08 -5.229216547038241252e-07 -1.027514840864088328e-06 -2.693954778839867393e-07 4.340007314870647234e-08 -5.463420652024890299e-07 -6.746272487128387047e-07 -1.628801400646850656e-07 1.277962911586353762e-08 -3.149449776108815262e-07 -1.370989579322597664e-07 -1.180368593963910027e-07
4.482267968899237842e-01 -3.504583828113556382e-07 -2.433754457963124490e-07 7.195138493934039774e-08 -4.234411143983627744e-07 -1.118350338982010202e-06 -1.936307541216303342e-07 -1.566760327442277741e-08 -9.298863581236832689e-07 -8.940339737643003061e-07 -1.358057362011472306e-07 1.150339914535545318e-08 -4.696487078705274126e-07 -2.271715978484453597e-07 -2.091412306809864783e-07
4.524052929840755577e-01 -8.210051973082298486e-07 -1.707787420971119177e-07 -3.249021698336600813e-08 -3.449810542409136613e-07 -1.165444861024803338e-06 -1.220956957028182714e-07 2.696144798588878138e-08 -1.130083145670616676e-06 -7.589486490049785679e-07 -1.102059826995268597e-07 4.324661397850853026e-08 -1.082247984107051821e-06 -1.802902247833868125e-07 -1.481288446820154500e-07
4.566090347930675253e-01 -9.456208644022467921e-08 -1.014393519077275715e-07 4.507553041317595016e-08 1.942628603261687428e-07 -3.168375101193928845e-07 -8.425913031537233160e-08 6.530870962609811024e-09 -3.628133540528579344e-08 -2.044981850606042729e-07 -7.593062750493178861e-08 5.534267713866912708e-10 -2.661081314719953870e-07 -5.725403976250518047e-08 -1.425369387048049596e-07
4.608167319022857811e-01 -6.365307606401113218e-07 -5.675606574847354315e-08 -5.255742640180911910e-08 -2.661788507301189773e-07 -4.607409241561812802e-07 9.581273568803866976e-09 -2.256729336418460189e-08 -3.437072586774377388e-07 -2.663903561135875015e-07 -5.489340220747011236e-09 -1.812368173873705352e-09 -7.041576390845098920e-08 -1.906984647374027835e-08 -6.350536806090571554e-08
4.649806979855051203e-01 -3.812947230621364064e-07 -1.483669510327423252e-07 1.216910355069242270e-07 6.110913283442668546e-08 -4.744803835235038002e-07 -3.741542210702356915e-08 6.338852294882509119e-08 2.184628081894612398e-07 -2.057740465802246975e-07 -3.794703877047269091e-08 1.188316163233739999e-08 1.329905419967080155e-07 -5.385272399059842124e-08 5.315219514439812470e-08
4.691538386770017222e-01 -5.968277237170743003e-07 -8.844221830473760140e-08 -6.217029788456263347e-08 -8.906178444379663044e-08 -6.315762865764316183e-07 -5.772922731689711117e-08 -5.143736359506229196e-09 -4.361957527219749887e-07 -3.756593016170684477e-07 -5.219495916590699543e-08 2.085512801715033094e-08 -1.172805941592853657e-07 -9.442544050061903214e-08 -4.905304778016853797e-08
4.733478629909182445e-01 1.032162715041693458e-08 -6.538595988526401506e-08 -3.469197749223405287e-08 1.148415867857281906e-08 8.443810285851019493e-08 -1.157258499131905432e-08 -4.086079972995243671e-08 -1.317245054705632786e-07 -7.311219591838221908e-09 -1.551812515427936902e-09 -1.914914583835297532e-08 -1.981219420294556305e-07 -7.249394214186383273e-08 -5.937661108819391881e-08
4.775500538217637980e-01 2.611124486548726437e-07 3.100340740237366152e-08 -5.293805683609760494e-08 2.849632326240979551e-07 3.874443565050927404e-07 -2.253808916458471705e-08 3.373776212745249600e-08 -1.047163162209245404e-07 4.604461714635347081e-07 1.351101177154419099e-08 -3.333212387691321134e-09 2.419979015469872279e-07 8.410011631201927942e-08 2.572168663113783078e-08
4.817339644282710998e-01 -2.090554053877891814e-07 -1.021797361695503610e-07 4.881704226926449455e-08 3.278006649361825135e-07 -2.923085110614416525e-07 -5.682339430041753791e-08 3.717038762613934324e-08 5.628808561390943011e-07 -1.962141562821985251e-07 -5.604426101302936281e-09 7.515385365968997387e-09 3.211200282430845875e-07 -2.627423693782995914e-08 7.591068660487380768e-08
4.859144464692263798e-01 8.915747579736571267e-08 3.893921370537167692e-08 -1.950139299907998732e-09 -1.655716075067629435e-08 -8.415199392923439699e-08 1.843524935019518010e-08 -3.776980483395091095e-08 -4.750255068716386350e-08 1.065259756043899825e-07 2.433411788808393892e-09 1.864714888224697869e-09 -1.039444163226716239e-07 7.933433928979576580e-08 -2.999036346143015716e-08
4.901252990058800885e-01 3.542889631395581295e-07 7.013424393863132104e-08 -5.365333491675642262e-08 4.036796288285596876e-07 3.550401544278181943e-07 -2.178095636282842410e-09 -1.165498496085657197e-08 2.201608104501167303e-07 3.615478803437431662e-07 8.664497653814882837e-10 1.177762547333899134e-09 4.696618406945143310e-07 4.784184242636453103e-08 1.403211845426594749e-07
4.943123444065962158e-01 -2.577534600099521934e-08 -9.601115573727217301e-08 2.793864626789830262e-08 -3.899288995051499899e-07 -4.728036800072447327e-07 -1.408488690086698164e-08 -3.240206061258833635e-08 -1.960847104031867122e-09 -2.915553912020487061e-07 1.599745780395123790e-08 -2.259356464003785166e-08 -1.407539608039890140e-07 -5.793606845437551703e-08 8.184061258836263123e-08
4.984736335014697817e-01 5.853802549358751490e-07 2.861278641724810635e-08 -4.303169902714377741e-08 2.473644556273234270e-07 6.560570901245302994e-07 3.730449298061367673e-09 -3.342981428016850456e-08 5.320825866103033266e-07 2.423144364370751436e-07 2.009099361960280970e-08 -5.406763617426713541e-09 5.368630154737676389e-07 6.775687039110886809e-08 8.632098715453334106e-08
5.026590164608074618e-01 -5.370568994250851194e-07 -1.533445194975862787e-07 7.559873018706352144e-08 -3.410747089702930243e-07 -1.454041546773921522e-07 -5.364477863272530370e-08 6.154926897414564326e-08 -4.978739156724176987e-07 -1.213468203962854398e-07 -2.966712329533520906e-08 2.696872010119390280e-08 -4.740608843889865155e-07 -7.414603663548373492e-08 -1.049544222297107926e-07
5.068609875937976073e-01 6.043989917677770587e-07 7.055896865935684291e-08 -4.720434450323693244e-08 -2.410905553340162180e-07 -1.801529219848230955e-07 -9.021807449049685598e-09 -1.313639126541505578e-08 3.031704588760647382e-07 -3.670632777798107003e-07 -2.013405863033460464e-08 6.728371955627656504e-09 4.449450031010957670e-08 -4.463058561110893438e-08 4.591043077670641909e-08
5.110594965365916620e-01 -5.359740178368410376e-07 6.324161232688289538e-09 3.829870230438828436e-10 1.687129625397200282e-07 -5.806987897010307844e-07 -7.761765674589507935e-09 4.945132520138823572e-09 2.075079529072099189e-07 2.808816798382367950e-08 -1.754111963270938472e-08 1.032684829922356531e-08 4.931009684422812238e-07 4.646237322235979302e-08 1.040478144409047299e-07
5.152492140965455603e-01 -6.621084451362119124e-07 4.481560943474437860e-08 -3.497285154034994526e-08 -1.845488253780169549e-07 -3.375315086600345388e-07 5.369732320387009830e-08 -1.240307746672912338e-08 8.533910680537782047e-09 2.053512771872120914e-07 6.019066818518645542e-09 6.849302955549431091e-09 8.264695062900498855e-08 1.498103220108774312e-07 4.466167319463211552e-08
5.194329442812991582e-01 6.297702586755466703e-07 -3.020039665220483857e-10 -5.972324972330499322e-08 1.913962149945673303e-07 9.964959064413715391e-08 4.001103386847024670e-09 7.751878466463512048e-09 5.325012014632396448e-08 1.005244351327248983e-07 1.417793047802962201e-08 -2.752602531381650455e-08 6.859885010137645292e-08 4.423683085669149826e-08 1.097198780986845131e-07
5.236343964239100757e-01 -1.426744807646446119e-07 -8.405297334691551191e-08 9.581533309395415675e-08 2.622044488602902772e-07 1.971667210858314119e-07 -3.557846575699723802e-08 3.945184627559829482e-08 4.144038678499943897e-07 2.316512396021316687e-07 1.783821499480152358e-08 -1.630487557530026727e-08 2.267946301222181935e-07 -1.489904256581920992e-08 4.773407058209192535e-08
5.278273205415198177e-01 -7.131825226199215245e-08 -1.561330977039612147e-07 4.843245075962234268e-09 -3.656747996273264271e-07 3.328154950758337497e-07 -1.809748040342992505e-08 2.985405260451286489e-09 -6.002731854404029495e-07 -1.095549509369951598e-07 7.552468247653505259e-09 -3.044106502487315421e-08 -4.871248981046702601e-07 -8.159727485559519372e-08 -1.018397760643768321e-07
5.319960279023402405e-01 8.541827459525307432e-09 1.322612372904359592e-07 -6.992184132728443975e-08 9.806380063051990384e-08 2.632912573794332039e-07 6.211570799866987840e-08 -2.942784359566618601e-08 1.937820696205350599e-08 -5.237925018717882531e-08 1.936936158704391876e-08 8.883289932887527187e-09 1.523299596740951023e-07 -1.591359940651353524e-08 2.519671676832093762e-08
5.361714592099571242e-01 -2.580234218892783438e-07 -2.488519098826892670e-08 5.710665800232878468e-08 -5.142426243898144293e-07 5.536224208359957183e-08 -1.095105158729686143e-08 1.178960876493105529e-08 -2.402982462145225201e-07 2.452694935002346158e-07 -3.771573860782009380e-09 -8.390126375263064466e-09 -2.429887135103484919e-07 1.425965975822216060e-07 1.933726350005433517e-08
5.403746330902056139e-01 -6.034013258117621037e-08 -4.413952913765561461e-08 3.328261807649054761e-08 -3.434557231413513523e-07 -3.803579290168067260e-07 -5.485059196958987103e-08 1.994887331506431865e-08 -1.152256359952883978e-07 -9.936629114832488037e-08 -4.079386598418805697e-08 2.501181305064809935e-08 -2.650636018698167097e-07 -2.468887666275542099e-08 -2.365422116370475960e-08
5.445761264886261888e-01 4.974845252303227456e-07 9.873474413943453523e-09 8.450542538792750371e-10 4.118560552742952813e-07 1.320090829968608592e-06 -2.010364468125768225e-08 1.291110290388613288e-08 2.079741086017774439e-07 6.141730629545813457e-07 -1.473443035731171958e-08 -1.186734588030180121e-08 1.035867485991486217e-07 8.478817258216032481e-08 5.858559174226563201e-09
5.487504490749764985e-01 -1.383568372650117181e-07 -1.065394312767742760e-08 4.815985806745592070e-08 1.076298446690002353e-07 3.485154155005988451e-07 1.401960946447663635e-08 1.277733665544067276e-08 2.329066234291676041e-07 1.636625257403848010e-07 -6.470092877627627336e-09 -1.805783961214881204e-08 4.206759663016209914e-08 2.718468590720883837e-08 3.668260624466923061e-08
5.529407179677009454e-01 9.326064861043983420e-08 1.974747403332115478e-08 -4.585463796508647625e-09 -1.589109884138733961e-07 -7.838602872348253144e-08 -1.680702973369801211e-08 -4.183228562745315708e-08 -2.619099366765973982e-07 1.021548689614086811e-07 1.495862556752663772e-08 -2.901929272789587436e-08 -2.175995240344443666e-07 7.860991463486031896e-08 -1.532326405816099032e-08
5.571409157079509900e-01 2.185650396338005104e-07 -6.010684475635399397e-08 5.018496871012864529e-08 -1.648674542366774389e-08 2.876190757531043622e-07 -2.959678330195946746e-08 3.740587697004703703e-08 7.099701510334920161e-08 3.896495036170653504e-07 -2.874666693345437420e-08 8.057596514626585293e-09 5.746456453303629718e-08 1.027023009088472727e-07 1.177034463637141692e-07
5.613298693710127019e-01 -7.793363468342565892e-08 -3.496585533071472369e-08 -4.146371853844940414e-09 8.846952943277581049e-08 -1.266633351282534391e-07 -7.607995445120734938e-09 2.000211461287748939e-09 2.308443785335301654e-07 -1.660814065163002844e-07 -3.115405882993375091e-09 8.517832156831624299e-09 1.746292254666396262e-07 -4.204140733819011976e-08 -6.928931479026029275e-08
5.655062246218995892e-01 3.343625625737500095e-07 5.996780051108170787e-08 4.550382752310980302e-08 3.795502319498900885e-07 3.826639553693459242e-08 3.114082969448013877e-08 -3.385082661758884180e-08 -2.481095720395008112e-08 3.999921753001485192e-08 2.453059835363764580e-08 -4.104927969691953043e-08 3.184075736694898000e-07 2.221745652702552714e-08 1.093085898481732729e-07
5.696867424029971039e-01 -2.408787271568555314e-07 -2.660687116927810831e-08 4.363847642791828838e-08 8.649421845205285825e-08 1.147590322578263859e-07 -3.815367479509621620e-08 3.214461493367371522e-09 3.423830933157030720e-07 2.277288179570500715e-07 -2.727517812973107474e-08 -7.858107182156823526e-09 2.408838282789493235e-07 6.256919626078977683e-08 7.660546939957861845e-08
5.738956954203543459e-01 1.163955846086583993e-07 9.716051406055283978e-08 -2.625250731644352704e-08 9.325398597204474757e-08 2.640481715853612505e-07 1.236692390578619098e-08 -4.115159101142300244e-08 3.448975195086414034e-07 2.506192502303451400e-07 -4.171693112519877206e-09 7.177604882068338583e-09 1.559821395264327780e-07 5.442779564002529496e-08 1.010528501492526682e-07
5.780928920821047923e-01 2.087464554519722987e-07 1.065196629955636239e-08 -8.387198159826262191e-08 -6.111582208767242005e-10 3.222119054731986086e-07 -2.818391707002736974e-08 8.890023201798783302e-09 1.628857469845540653e-07 2.124243822872565130e-07 -1.210124666764042761e-08 1.043503253585431164e-08 5.670320683775182436e-07 2.691185805349318203e-08 8.542146690459924266e-08
5.822632071880226023e-01 5.121763861442344019e-07 1.307295582244967005e-08 -6.235883556849097319e-08 6.140184759573236932e-07 7.666847356614503620e-07 -1.196711972784327231e-08 -1.952795004873107783e-08 4.710563522841314707e-07 6.286853347880839689e-07 -4.098878464796936984e-10 -4.143889354498491115e-09 1.595454042427092178e-07 1.332708261279064287e-07 1.015751048627377071e-07
5.864430803127811398e-01 -4.591534322496412965e-07 7.055199604188437049e-08 -3.922374045443428550e-08 1.923064106018366885e-07 -3.496355604691320436e-07 2.237233466872594141e-08 -2.081768841266434839e-08 6.213054096073102802e-08 -1.147619750293993167e-07 4.992472996223162343e-09 -1.250093108881611250e-09 -4.494770775611456395e-08 -1.873996796329115125e-08 -7.038602291688118278e-08
5.906376733072625784e-01 6.040888269665053376e-07 3.454570754646151228e-08 -5.951151848063553394e-08 2.724569274091369932e-07 5.111796045399129833e-07 3.772087109398672222e-08 3.122881791988006786e-09 1.075502009242688304e-07 3.094825320236851743e-07 2.770380747786411837e-08 -6.166995300030384055e-09 2.021953460811537265e-07 9.326586680644199002e-08 -6.123263506546158069e-08
5.948356627105599870e-01 -2.109308914277398060e-07 4.036054880438143839e-08 -5.641089525802466297e-08 2.371380663233732938e-07 -1.907792183132446826e-08 -4.089978655691682927e-09 4.577523840561342085e-08 -2.703992796978007944e-07 -8.961176876418923477e-08 -4.993928075762268180e-09 2.143135220646664151e-08 -3.161676292225629693e-07 -1.231013024667026390e-08 -1.497011728230054682e-07
5.990145239901687457e-01 2.477315852117069263e-07 -8.029960258881619728e-09 -3.617337735143122370e-08 6.660616051406751479e-07 5.920702159924384010e-07 2.143359371617581772e-08 -6.198059117772060785e-09 1.047196618137348001e-06 4.538537139618340489e-07 2.522762459497173657e-08 -1.127522690526009404e-08 6.293011553760241944e-07 8.949668847330700630e-08 2.389643745872402678e-07
6.031829950841108845e-01 -7.620743691577370831e-07 5.695709652512309423e-08 -1.141378071940056975e-07 -1.176477250780916110e-07 -1.002581883252628182e-06 7.824831661720202225e-10 -3.391934880877764315e-08 -2.916145352362612473e-07 -4.919734376213300115e-07 -2.801548576709283608e-09 -1.971680116863423426e-08 -2.004609510204215327e-07 -1.011340466366677147e-07 -7.476019782116433838e-08
6.073740526175752663e-01 -5.374564185644199010e-07 -3.249756023192734081e-11 1.247815631848905783e-08 -1.288633917171754075e-07 -4.986878906681664786e-07 1.727815597703493274e-08 2.143880146145267425e-08 2.507528899571430910e-07 -3.526804226493776480e-09 1.887654932058699548e-09 1.851987840420959230e-08 1.690596471655260633e-07 3.678205038253068092e-08 -4.539174577542313600e-08
6.115768023320514724e-01 -5.020645883087185157e-09 -7.741651392873103319e-09 2.495318378042993327e-08 -7.829779111079417295e-08 -8.352975964234785258e-08 -3.505572310121184850e-08 3.110721787527587278e-08 -1.584235421707733525e-07 -5.329857180756143549e-08 -8.029575290177121088e-09 2.516468621454314864e-08 -5.646797701647773799e-08 3.212439741039681454e-08 4.890073936184535647e-08
6.157710000000914397e-01 -2.811404686670302322e-07 5.154159274550488642e-08 -1.479283178168518048e-08 -8.083257287177281011e-08 -1.362354802758377677e-08 2.003945113119515623e-08 -4.306140860430839385e-09 1.965608418735400373e-07 2.539515369753063272e-07 2.100854281752081652e-08 -2.275122911140313302e-08 3.011726046692616551e-07 1.167532718683535643e-07 4.655840206150279248e-08
6.199632023912512446e-01 -3.414135435069390800e-07 3.754234408783434878e-08 -6.230545523402093331e-08 -4.833587345118709388e-08 -2.743371223729096391e-07 4.129630417168838124e-10 1.899667609136599030e-09 -3.384583974254340204e-08 -1.719599170940478442e-07 -4.673640112458928661e-09 -1.083741459320460986e-08 -1.948712648436696738e-07 -7.400437345461018814e-08 -1.509539304420112003e-07
6.241630060990407403e-01 -2.354115429610059653e-07 -2.878690523034036731e-08 -9.495626231337381244e-09 1.303182836475615390e-08 2.575061481145946480e-07 7.685323312068642382e-09 -1.623739253656057190e-08 3.259590055086597282e-07 3.056271025828075711e-07 2.821415796785011784e-08 6.708022522924841804e-09 2.977233552257110822e-07 1.105636551313020075e-07 4.096311941222241670e-08
6.283593402461892241e-01 3.562008377716979879e-07 2.454386032075183878e-08 2.225931222194504665e-08 2.821740981761476822e-07 1.724986667487797139e-07 -2.018720724718439773e-08 4.161713943178855372e-08 2.687296032786720801e-07 9.145004589455463831e-08 -1.058258962948853992e-08 1.298617990044400976e-08 -1.947639521534055952e-08 3.159118523023962639e-08 -2.541242496333087102e-08
6.325410955997395890e-01 -1.659265487772696749e-07 -2.981607161811622497e-08 1.139058260070820740e-08 1.420084397906603514e-07 1.374046618462645756e-07 -1.300252637258856653e-08 3.948430755580713810e-09 -3.745672340525497885e-07 4.534384500730813986e-08 8.758187929410213201e-09 1.030427256098936329e-08 -4.251767926381330589e-08 2.373610967238211868e-08 -1.728828233125337966e-08
6.367142920629192959e-01 -2.974685027761638133e-07 3.418163253933958987e-08 -4.623820639167854960e-08 -1.014795596377696538e-07 -3.627820483358948735e-07 -2.406579863606238858e-08 1.394563237975031078e-08 1.664241178702764671e-07 -9.467040503129424113e-08 1.054707250123216661e-08 -4.350734211256540152e-09 2.374576416732017249e-07 -3.219376038026803912e-09 4.995965427691857653e-08
6.409035099394975177e-01 2.185430520952553171e-07 -1.007436405910679382e-07 -4.552912254689803509e-09 -2.721177726821893263e-08 1.627618793865178856e-07 -1.957918847075262568e-08 2.698346765399520808e-08 -5.245521312728701648e-08 9.427367902607171174e-09 -1.606344211451459441e-08 4.872579396983870312e-09 -1.132729675917857069e-07 -3.999092949226380946e-08 -1.078925804447844226e-08
6.451032402190634008e-01 -1.219573967168595858e-08 -1.120113587095898719e-07 4.254121487771565594e-08 -2.005742279146452970e-07 -2.351806769494485837e-07 -3.916375178425978804e-09 2.125460693031458408e-08 -2.957301462347563612e-07 -1.508993703142151823e-07 -7.115291347499618048e-09 7.161996942328567912e-09 1.907101406220094499e-08 8.571284761530664539e-09 3.451156855347563315e-08
6.492879941711476866e-01 -3.548364903677762455e-07 -2.134506311781155323e-08 5.113266389118905979e-08 3.343274357937597262e-07 -4.282833212366029282e-07 -1.297081260869759797e-08 -3.994106075500435548e-09 2.466295730710058903e-07 -1.648572664520490602e-07 5.714167119592044364e-09 -1.723307701067622587e-08 6.853883125635142276e-08 -6.165291608377039639e-08 2.236589677119431538e-08
6.534659541563927476e-01 -1.358085832897712829e-08 -9.546095669674515816e-08 3.858113490148209408e-08 1.393766323267551683e-07 1.887200485406633807e-07 -7.579663675490962089e-09 1.536113451298264197e-08 4.467046657057359712e-07 1.167360099597067258e-07 -1.356635979554320940e-09 4.786982062756393298e-09 3.319243667727933606e-08 2.344240055304423662e-08 -5.691771316354022126e-09
6.576591076962554627e-01 -9.503644135840366437e-08 -9.819022627244115651e-09 -4.797661523277776945e-08 -2.593655668693524062e-07 -7.437951762845758071e-08 7.559999627377431062e-09 -1.345346302195451508e-08 -1.781845303043045466e-07 6.582664694090410052e-08 1.652766521526383230e-09 9.817521335038082237e-09 -4.094463146130942130e-08 2.331106451383644049e-08 -2.853993042085003738e-08
6.618529307405217610e-01 -3.756331806215881044e-08 3.276650497231966728e-08 -5.439035446204690358e-08 -1.724215588237709262e-07 -3.940152552025779051e-07 -4.427072982638873383e-09 -1.437181769652027884e-08 4.018803889006011379e-07 -1.785449031661300084e-07 -1.459820069489119080e-08 2.813126600617162697e-09 3.127874540407361035e-07 -2.684926217710232239e-08 6.207647713453944695e-08
6.660240791386257131e-01 1.299170680535009764e-07 2.445334838935069403e-08 -4.709158931630620367e-08 5.159654011271367605e-07 5.259982694208701235e-07 -2.378792391145303015e-09 -1.246171935430101664e-08 1.418603431396734049e-07 8.394640395539983667e-08 -1.188984233719214993e-08 2.300604727679876126e-09 3.256680154024460424e-08 -4.049107270244577794e-09 7.720514033856923384e-08
6.702067828716186115e-01 -2.235909252714177313e-07 -4.283612716293344258e-08 1.299529087065567015e-08 1.208788015589840670e-07 1.339375731715792861e-07 -2.320109116854919986e-08 2.459279002675542060e-09 2.192400246450710741e-07 1.103820124537551586e-07 2.021754543332838748e-08 -2.090698045472083044e-10 5.892482883650853443e-08 4.250660999926905637e-08 1.156972434438604034e-08
6.744172070879622671e-01 6.169906470162306194e-08 -2.544657907153559610e-08 1.943413987691828397e-09 -1.365860938059323108e-07 -9.333282960738270076e-09 6.017249411286077604e-10 2.656480279906109043e-08 -4.614981170617283153e-07 -3.412915905118086914e-08 1.131733222456989599e-08 1.740454732860156529e-08 -1.631877201316545182e-08 1.093743069440277212e-08 -3.100095921874241816e-08
6.786118453466847278e-01 8.790717407996969427e-08 -2.031771102625152391e-08 -3.128878692980347267e-08 -6.234792769800261388e-09 8.009786434866181954e-08 -7.406382598401991922e-09 -4.937128757354838681e-09 1.543841440796347099e-07 -6.972057011989658195e-08 1.103717768676412112e-08 3.112880894414804524e-10 -2.668389810934717883e-08 -2.534964982156815500e-08 -4.772555846630638582e-08
6.827984616056306244e-01 5.303934867065710415e-08 3.624730254448596598e-09 3.969927401964942894e-08 -5.510121810779069463e-08 1.311412027578892024e-07 -8.143809425636427022e-09 3.767364561433683450e-10 -5.737079501755761873e-08 4.317195763199180322e-08 8.916949354520897016e-09 -5.275000651693330824e-09 -1.350292124281664056e-07 -1.292619440107950230e-08 -1.199848426318382197e-08
6.869817177358829019e-01 1.031274607051187761e-08 1.940561119891364087e-08 -2.754602802914977162e-08 -6.923430453213416939e-08 1.702947430579858090e-07 1.184452319228940422e-08 -3.735567640026300401e-10 -3.346809585963692803e-07 5.330988325582897527e-08 5.920171477320818880e-09 3.758651810458512459e-09 -5.902958489473466606e-08 -9.640437451686858534e-10 -1.042479612096227400e-08
6.911718524128840357e-01 7.883285344280007668e-08 7.579225709228459747e-08 -3.311507803203026713e-08 1.037281231370097864e-07 3.223631095289743895e-08 2.525814785036441134e-08 -3.194652759484808398e-08 6.303799979888369826e-08 2.121102985013034603e-07 -2.440695372934520739e-09 -4.797103272968633962e-09 4.954140086871439353e-09 7.003985564204094257e-08 -1.002385530058640702e-07
6.953555746427921846e-01 1.495732483475860629e-08 -9.610759191001871563e-09 -3.969839493378605084e-08 2.337598798716970987e-07 5.966253819574760806e-07 3.106449102213180751e-09 -5.987659731837354894e-09 1.078279910888524442e-07 2.959527125623360059e-07 -4.303971497401849725e-09 1.312575014434305917e-08 8.216560750868332680e-09 7.326245112487632637e-08 2.199564945903866425e-08
6.995344561305086861e-01 3.514039382757454628e-07 -3.470370359357396709e-08 2.384212604779729458e-10 1.013478146115464743e-07 6.000562607049935954e-07 -5.109446211876176574e-09 -8.861438329626767176e-09 1.379811394738204347e-07 3.668756285404464434e-07 -1.197502572415840994e-08 8.171884761630140363e-09 3.053486806402743694e-07 5.193148873975022278e-08 4.302868050802044919e-08
7.037287066792784485e-01 4.313849549400896410e-07 3.193614720539492771e-08 -4.832829473184502489e-08 1.238403583027768280e-07 -1.894336464890307337e-08 -1.135460617420803532e-08 9.618430961631184846e-09 3.236730737627342590e-08 -3.075381856462163579e-07 -3.897186639394803423e-09 -4.301958947586650805e-10 -1.660642176657175679e-07 -1.347197156050415136e-07 5.550169717969643898e-09
7.079143033440539190e-01 2.743152688786253945e-07 3.643073937611691683e-08 2.970977869048601339e-08 1.288953913331798599e-07 3.162050084884815390e-08 5.253772312683422190e-09 2.089213574137377405e-10 -6.950401004054142686e-08 -1.342580011895086803e-07 1.010855220193696839e-08 6.563407833286841283e-09 -1.364087032064157307e-07 -6.926643013642314410e-08 5.111207877019150106e-08
7.121186686741065586e-01 -3.934323811458002092e-07 -3.759706971872115510e-08 3.732999893785725620e-08 -1.324294394691281177e-07 -3.931087755371444157e-08 -7.060822244440959079e-09 -1.632263754573237612e-08 -3.819947889742905409e-07 8.196911040007054835e-08 2.300935058327318001e-09 -5.181194389066212440e-10 -2.902613290679039943e-07 -6.286522133315232876e-09 8.221244418450969760e-09
7.163134555705721329e-01 -1.326771595339820490e-07 -1.701991304982103074e-09 1.800569664752195480e-08 -3.726506636651816584e-07 6.295157079800154057e-08 1.290768509377985099e-08 -4.590994360630659940e-09 -2.552244745750737050e-07 5.134663619878061961e-08 1.135987463436980134e-08 -9.754189074696101613e-09 -1.031599291391394280e-07 1.788707210461270464e-08 -5.146017399582703902e-09
7.204913713645887396e-01 -1.693454004373504346e-07 1.070798043049938768e-08 -1.301987816530004065e-08 -8.809586490480701964e-08 8.792868786386904617e-08 -1.206506339212138379e-08 7.205171828180499953e-09 -1.941772206976438470e-07 -2.257253437428046346e-08 5.167300038930613904e-11 -8.729601619139509966e-09 -5.039184354180504337e-09 2.543278347935145000e-08 1.836067939313898529e-09
7.246803275165087932e-01 3.143432979374025647e-07 -5.717205852771870104e-08 4.104847360045873795e-08 3.265002843422335938e-07 5.824904042264588706e-07 1.766862239119852994e-08 1.178655825438369799e-09 6.614071974094574087e-07 2.902371366917879253e-07 -3.503317645546600959e-09 5.407371656571589544e-09 3.168522951120285200e-07 5.109404091198547212e-08 8.291534270862961141e-08
7.288763115175647123e-01 1.545983679107367337e-07 -2.595243415659212487e-08 -4.961339124072479569e-10 1.165412381401733757e-08 -1.273087765903055196e-07 -1.036423583399648302e-08 7.088559620932575558e-09 -1.014427146398313361e-07 -1.949116294817020084e-08 -1.430738791692767542e-08 6.041907987246617884e-09 -7.451929195486751126e-08 1.589083612225638843e-08 2.705397648115367843e-08
7.330585840505703388e-01 9.885906026703424834e-09 3.388457438566354253e-08 -1.934171643995541863e-08 -3.055276517968350476e-08 2.332032234186459436e-07 2.620675008534836894e-09 -1.727579984181907972e-08 3.173094245952865783e-08 1.219621180759951823e-07 -1.417595415123998522e-08 5.212979922246085682e-09 -2.283249818330020437e-07 2.932705805135305371e-08 6.658908356667808624e-09
7.372316440474646626e-01 8.461238216899595010e-08 -8.931757239763656184e-09 -3.726808340823264248e-09 -1.391511737568679588e-09 -1.319701640146695279e-08 -4.760213287694846797e-10 -1.453298930417122540e-08 2.825433753724870015e-08 -2.288945391072292239e-08 5.376126104816870529e-09 5.098310606636817606e-09 -1.206854482866660014e-07 -1.036885088867702000e-09 -7.231130241610871235e-09
7.414228560306842519e-01 -2.614963824298108917e-07 -1.144900740721162646e-08 -4.010836031050385864e-09 -3.559348353086081967e-07 -5.900405717853248648e-07 -9.814738226164196138e-10 1.380705859747834451e-08 -2.553646578133584482e-07 -3.698503650320166215e-07 1.062861615765753484e-08 2.884232193416740773e-09 1.940138015437784486e-07 -6.810208741421035546e-08 4.081107952593436659e-08
7.456189213758863676e-01 -5.897787222263407038e-07 -6.477477692958018983e-08 3.612003920006404472e-08 -3.002030136250650773e-07 -4.349217344116680407e-07 -2.427676296992614500e-08 -3.137949822931178121e-09 -6.484565255039459232e-07 -8.370017360051265757e-08 4.048667487684273574e-09 -3.694497466914582516e-09 -1.353728181158679452e-07 1.568788860512912412e-08 -9.380226471187879515e-08
7.498104337627916616e-01 3.192129090841279229e-07 -6.666002536576243279e-08 -1.388505747416593853e-08 1.521393879828326154e-07 2.109918097881706786e-07 -1.078157506977206962e-08 1.697975247860160578e-09 -1.467633249361213177e-07 1.337126574406352485e-07 -9.923263079915196189e-09 5.740058970252427285e-09 -1.464678464779767305e-07 2.956962256663559874e-08 3.663399865750806968e-08
7.539974189770904944e-01 -1.237587317354246504e-07 -1.447102625966034155e-08 7.379557071614036665e-09 1.392544698482253229e-07 -2.076509011631911106e-07 -9.221185656559822609e-09 7.847807451333918928e-09 3.520534365374523603e-07 -6.375090032958748873e-08 -8.976731847544570237e-09 9.988660164182801730e-09 2.331548060343215203e-07 3.218310186002025213e-08 1.057158073161756673e-08
7.581896411468850294e-01 1.021607007441464635e-08 -1.271778272768233408e-08 5.629929807248717457e-09 -2.410455258808844642e-08 2.376773867201777084e-07 -2.250064293219950115e-09 1.345871004300670507e-08 1.802120754552355084e-07 1.418452362994793972e-07 4.665167175214631717e-09 4.740582417197478799e-09 9.300692069289147434e-08 2.683618579804875957e-08 3.491710927782899634e-08
7.623808615479977790e-01 1.362272539962311942e-07 -5.489989460706578812e-08 5.876130035040849968e-08 3.131719329278586425e-07 1.823471597764078225e-07 -2.200556494783912112e-08 7.289814632418347952e-09 1.959303438904285975e-07 5.536109599684012312e-08 3.983741248408745751e-09 2.626423903499273965e-09 2.577330880687393151e-07 2.441866773682670301e-08 7.142420288300356097e-08
7.665651159623174671e-01 1.878824320040138177e-07 -4.240415949701714365e-08 8.657297982392669939e-09 -8.595324904321659250e-09 -6.645022015605309529e-08 -4.354927860480150175e-09 9.088889472322952650e-09 1.107243218009768997e-07 -2.772388066429481899e-08 -3.242665147641948820e-09 3.085561318956935101e-09 -3.671415982324131523e-07 -1.218196117188656491e-08 -5.214719173244131581e-08
7.707536355579491794e-01 4.488566272170990482e-07 4.164286210631434122e-08 -1.677896105870487080e-08 -6.239615391176848330e-08 7.061308630241733057e-07 6.134027824419290147e-09 -1.589160709982083660e-09 -1.495447003157981327e-07 2.717250153307428949e-07 1.126145143271097215e-08 9.088197611706554058e-10 -3.018238889452403632e-08 9.829025126036902351e-09 -1.181508610717966755e-08
7.749462413082437440e-01 -3.144594564953658946e-08 5.753365103790198689e-09 4.170928295145443150e-08 2.800546502630590020e-07 -1.680895001330333050e-07 -1.894929016907068094e-08 -2.669267823307735452e-10 9.378324014246699492e-08 2.044081729816866897e-08 -6.969963513918770956e-09 8.892836333950023234e-09 -8.968640843455215907e-09 2.816111201294783412e-08 4.476825782719614382e-08
7.791369682448587852e-01 1.084316398747802397e-07 -2.114291904158044384e-08 2.283959580238604043e-08 -3.142739840037407825e-07 -3.646761286685771776e-07 -5.782981000358310786e-09 1.501778502136861318e-08 -4.776870810124005993e-07 -1.999486289169319985e-07 1.566334973831822908e-09 -7.117566987324283399e-10 -1.875880940606355108e-07 -2.475049206363757336e-08 -8.066293516139780181e-08
7.833258353347896108e-01 -2.031997639207131673e-08 -9.167715202238447702e-10 1.778358797064780366e-08 -1.181408306519896063e-08 -1.567428814634524173e-07 -2.128440595282555640e-08 2.884950485228928066e-08 -3.390943303146816716e-07 -1.736546860361697905e-07 7.339406578874045945e-10 4.393480246670652719e-09 -1.269846169646330216e-07 -2.540056804321837867e-08 -9.118474281610403490e-09
7.875159900600451346e-01 -3.170439511324055012e-08 -2.577529846824487217e-08 -7.418061432244389657e-12 3.858869285246060938e-07 1.221754628891713562e-07 -9.853836703308731699e-09 -9.167803576536724173e-09 5.302118941132950732e-07 1.165151388469367485e-07 4.195638688631637253e-09 -7.040669291049428107e-09 2.126057544931247139e-07 3.693084828860651143e-08 -4.725454074679030461e-09
7.917084457625156446e-01 2.862508384970736963e-07 -5.738336232507786598e-08 3.528886024826752993e-09 -2.559313023178791311e-07 2.717276086720361691e-07 -2.568357314516384453e-09 8.653999836308997899e-09 -2.346557462816369317e-07 1.045164959898757794e-07 8.551246996527751481e-09 -8.293621401212041053e-09 2.902461793555422033e-08 -2.770817747055754936e-08 -7.726535556581449625e-09
7.958821468706197555e-01 -2.147434944367025776e-07 3.128281191806667099e-08 -1.231333878852944346e-09 2.864985983900266447e-08 3.302953497950136391e-07 -3.317929418252960879e-09 5.157702686484974025e-09 3.245576067819362819e-07 3.316220160310183548e-07 1.083880180650327908e-08 -1.329141706611186976e-08 1.024945978672660890e-07 3.990102306934449476e-08 5.990461125661095524e-09
8.000624692379799674e-01 6.129057221896246239e-08 4.004869868289796645e-08 -4.956638195071028388e-08 -1.203563171615772863e-07 -1.145575283082927100e-07 1.898383062673803962e-08 -1.807330075464621545e-08 4.937843699632007613e-08 -2.435658632757726241e-07 5.637755857292308165e-10 -7.832030932365974468e-09 1.933165565621743516e-07 -6.388317903415879183e-08 3.959502866467720978e-08
8.042564613727184453e-01 1.192990219517420337e-07 -2.583866808158931112e-08 -1.455216208296608862e-08 -7.737684059289689165e-08 4.055815233454057970e-08 6.207878345729175675e-09 -2.417255740302386328e-08 -1.830976328550143845e-07 7.182738027508257936e-08 1.089745711712009596e-08 -8.427146943921990658e-09 -4.234511015426548673e-08 4.483050862354850036e-08 2.121216040892390549e-08
8.084384822996342201e-01 -1.514951707059645620e-07 3.083369513523450309e-08 1.424317762969695599e-10 -1.430604819412890164e-08 -2.826208846710664609e-07 2.323747064482165104e-08 -1.959600843022413893e-08 -1.576246958300344409e-07 -2.709561020237072153e-07 -9.859898782420793884e-10 -8.500133409365040633e-09 -5.385761083035274400e-08 -5.449613825573245327e-08 -6.202337101487312569e-08
8.126333810499198895e-01 6.808049634556265252e-08 -2.965797991900493299e-08 2.650685924928974238e-08 1.380162568807976248e-07 -2.372504736186835904e-07 -2.149507985755742785e-08 2.763552052347533065e-08 4.399432788964199842e-07 -7.668083591696196961e-08 -1.457434783519754790e-08 2.320187577117718109e-08 6.670286887359776270e-08 -8.703702419245897970e-09 1.098682302924120444e-08
8.168271958201180905e-01 -6.254826629761845950e-07 -2.680752502314706955e-08 1.199391598932917762e-08 -3.533012214161457675e-08 -5.588445387134295313e-07 -1.229533610312885849e-08 1.532631305430984832e-08 -4.229905509955925317e-09 3.269480202713381772e-09 -7.220203236635966366e-09 7.554123012019383141e-09 -7.144612247995950255e-08 4.283591234860811468e-08 -3.721771388430958412e-08
8.210214995694952167e-01 -3.946917823496982419e-07 -2.431669464734491706e-08 5.898169417918167565e-09 7.315324281409986723e-08 -9.811443259044220253e-08 -3.449131114793109063e-09 -7.845581312347507100e-09 1.712812031882408489e-07 6.220472707662229185e-08 6.783698330997036009e-10 -8.462570268084086159e-09 2.022842086140927195e-07 4.198232377308676455e-08 -1.100250389242092621e-08
8.252154145000215602e-01 1.993164861034077664e-07 1.763605712382975399e-09 6.541142697251163483e-09 1.702841738235221021e-07 1.784822143633721631e-07 -3.754687551656461315e-11 -1.929867091307353559e-08 -2.364947777215843365e-07 -1.834614100988580979e-07 1.045473222700624947e-09 -3.038511133879225562e-09 -4.935277988992871830e-08 -7.579407210526375565e-08 -5.382895319739058606e-08
8.294030907808404018e-01 -1.175852661478236630e-07 6.089751716668393802e-09 -1.783522168411044286e-08 -4.690764803439786821e-08 4.729072055239706536e-07 -1.316175561687356518e-08 6.305684328774934076e-09 -1.253323965082259167e-07 3.052490398403100650e-07 -1.193120908257410855e-08 4.931803048931716101e-09 -1.248950101496654188e-07 8.116143383885438458e-08 -2.369774695863302539e-08
8.335906150371191758e-01 -3.172658859803641751e-07 -6.768392562332038063e-08 4.357926962717770318e-08 -2.903178065889025720e-07 -2.412099085390949773e-07 -3.269805365590718868e-08 4.030000170808488061e-09 -1.967692328010696054e-07 -5.429632264221655111e-08 -2.678586794146500406e-09 -7.765285840268127132e-09 -2.692331928081454739e-07 -3.430083698545616790e-08 -3.764247992258726475e-08
8.377685032221774408e-01 -1.152322665669833089e-07 2.224090797779088634e-08 1.449897512512864479e-09 1.015311088914282393e-07 -1.653945372688033856e-07 7.686982348133410478e-09 -1.349179749239796420e-09 1.983322688863373653e-07 -9.846231949678615130e-08 1.246573870165504407e-09 1.163710484467119389e-09 3.562062049333948043e-08 -5.200080588617325874e-08 -1.527003084782662049e-08
8.419567297582307708e-01 -1.454784601885665559e-07 7.757467539035236809e-09 -2.225524765809613956e-08 3.508737042234690041e-08 3.026166170876867594e-07 1.207778301356066099e-08 3.609015070029605800e-09 1.685518605964267697e-07 2.431948079269303520e-07 5.797457480538804253e-09 5.141710058692590459e-09 1.345904528342022920e-07 8.377138164835798981e-08 -1.431881492781940378e-08
8.461556544987137718e-01 -3.649993711714404105e-09 3.001953355346762006e-08 3.841931097127651850e-09 3.586931914783891465e-08 1.173033311157928164e-07 2.029381196642995272e-09 4.691773676988532426e-09 2.583593233153704548e-07 1.341812993706045505e-07 -5.252944779942400159e-09 -1.222073034001552960e-09 2.044306531851657147e-07 6.189412573024053727e-09 8.872534252961983596e-08
8.503430790983292908e-01 9.632625013402900644e-08 5.099328416676064045e-08 -4.049948123189443378e-09 3.979308504525410403e-07 8.371352135059543423e-08 5.587377907800907450e-09 4.975064683376414099e-09 4.962872097890467586e-07 1.746673820417664478e-07 -1.402430701887183307e-09 2.864555612191042590e-09 1.117248163023019400e-07 3.211620676482797026e-08 -3.585848669313690613e-08
8.545245840949285965e-01 3.849647511760752300e-07 -1.371884137398545034e-08 2.910958392673983949e-08 3.468817660167317532e-07 7.331948874854882716e-07 9.911838792196513344e-09 -3.433364291479583859e-09 4.358030929077681388e-07 4.589033400285990144e-07 1.003458809908440660e-08 -1.044309605308976075e-08 2.862578526407684211e-07 6.478702697041627753e-08 9.625868789482730214e-08
8.587196449246210506e-01 8.876789627933372905e-08 1.632976022949693404e-08 1.969279230524486823e-09 2.010565551531601257e-07 3.705054340834338114e-07 6.132494266634617314e-09 1.687109505187296589e-08 1.152310919027789720e-07 2.431704797642636572e-07 -2.421973672091231365e-09 -4.639147218301756507e-09 -1.636763490575498915e-07 1.363447628512438536e-08 -4.124320685380285174e-08
8.629074348139629258e-01 4.424532323957736359e-08 1.536666610164369622e-08 4.732601016251698851e-09 -1.804847843969850477e-07 3.704611936927313737e-07 -6.746743649393758434e-10 -7.227614601287540375e-09 -2.177870400526675916e-08 2.054230643961614319e-07 -6.013911480491976779e-09 1.765765625756870514e-09 1.100869733181690203e-07 2.650881173469707732e-08 5.693426254968991542e-08
8.670852844200982457e-01 -1.392275211069889505e-08 1.244507049348316102e-08 -4.048600489650822506e-08 1.589937650951956461e-07 -9.928100022533477281e-08 7.532986739578618080e-09 -1.202420058226854324e-08 -1.114595536489913105e-07 -1.241878189442646020e-07 2.012890775073743879e-09 2.780330221441496325e-10 -8.989590641638504143e-08 6.463431690921227909e-09 -2.623733360973211980e-08
8.712764316473343706e-01 -5.090680771166016332e-08 -1.884184198126870695e-08 -2.861350528708128688e-09 5.051363016851722411e-08 -2.408343456160977838e-07 -1.269453361863488605e-08 7.582612811775289701e-09 -2.705930158417307009e-07 -1.433562744306356446e-07 -1.178735717310875829e-08 1.578404944906066128e-08 -1.970765584664867692e-07 -2.947846045226886678e-08 -6.176776139397430124e-08
8.754762476624626810e-01 -4.833602793722791443e-09 3.563284858604450211e-09 5.505247544021979603e-08 -2.771484411994061997e-08 8.683316501113683920e-08 4.190142961200235471e-09 -1.057867249982830522e-08 1.679400445719703874e-07 1.875050480974282898e-08 8.310053878946523221e-09 -1.087576894024369175e-08 1.671937102880882022e-07 -2.824210113751106898e-08 9.839189640380366623e-08
8.796707865602606535e-01 1.709198280426276305e-07 -1.946484388276817427e-08 1.593629598673932495e-08 8.491148505506335953e-08 1.815296650495788640e-07 5.120498874114470379e-09 4.558319004406741149e-09 -3.629939269390499321e-08 9.395577510492045128e-08 -7.250179188270974755e-09 6.980634077888894552e-09 -7.874246613305058631e-08 3.110490506594761533e-08 -7.026611302471360399e-08
8.838562222970675064e-01 1.118671893603689258e-07 3.349461011169840474e-08 -7.776852636500838504e-09 -1.398024956178868635e-07 2.727568185655604711e-07 2.697894563632081458e-08 1.364088560012047335e-08 3.181976699496314329e-08 9.368563699587159057e-08 6.297722694111636719e-09 6.766458682901916816e-09 -1.219441889725708172e-07 -9.465665374974592963e-09 2.643763634899988300e-08
8.880381764417510926e-01 3.232139268764244557e-07 9.136033174177569954e-11 1.886858223022394964e-08 7.760234225864044386e-08 1.808643465226279132e-07 5.825579044784441947e-09 -3.374214008443275814e-09 4.130093748549816594e-08 5.021296665093820595e-08 -5.612351597600223781e-09 4.803015740526325379e-09 3.657495209555283340e-08 -1.642203798332008355e-08 9.846381219984566511e-08
8.922270316229049536e-01 -2.915885905827276448e-08 -7.469371308999873777e-09 2.750905722952960678e-08 1.008881257074805899e-07 7.895917126533015648e-08 1.207484579094411209e-08 -1.323487780226015917e-10 9.141157315868611474e-08 1.542357449651129433e-07 2.875511137560393160e-09 6.719270015145940576e-09 1.310087172604029530e-07 2.864399958758152569e-08 2.343044506007662732e-08
8.964225585562245469e-01 -1.193397349734473437e-07 -3.807613787228643084e-08 3.068798325130178577e-08 -3.634369916371330818e-08 1.097413649376094626e-07 -9.317393398609494157e-09 1.845255817169740123e-08 -3.108865273556823839e-08 1.132187081730239520e-07 -2.943033760707804925e-09 5.277922092776121030e-09 3.309990594009238554e-08 6.504781525684191463e-08 -2.619089086873219833e-08
9.006049913569987853e-01 2.403026327803192225e-07 5.845507825194898538e-08 -5.849154297572741245e-08 1.263078631551599200e-07 7.587742075588614052e-08 1.253770833637561568e-08 -1.079436838665001352e-08 3.771189464201670071e-07 1.457144535753453088e-08 -5.502159996572601071e-09 -1.316966019960497479e-09 4.697007540584588782e-08 -7.947583185468510129e-09 -2.498417755293672950e-08
9.047836582182254839e-01 -1.756205194040794070e-07 2.443523467657101951e-08 2.237210899586051864e-08 6.517597223667267046e-08 -4.243189777572888257e-07 1.264153205691742910e-08 -3.592210935884723509e-09 -6.711457141337650459e-08 -2.818595758417339133e-07 6.808232851352290013e-09 -3.311270363384483336e-09 1.017401431061666984e-07 -5.587763706738029229e-08 4.751529964314075965e-08
9.089780964569278421e-01 -1.422724415532143471e-07 -1.176754632524429252e-08 3.913224296122735534e-08 6.063098811581230512e-08 9.352298159717750474e-08 2.384200659062904290e-10 3.036594789115975735e-09 8.310823565278662454e-08 1.022331819062538988e-07 -3.580197584178128231e-09 3.198997654862270926e-09 2.263397962921899725e-07 4.044936707879049020e-08 -3.047957525828343965e-09
9.131704587403689510e-01 -7.774265610535872875e-08 -1.964208203321342360e-09 -2.880886991902190738e-09 -1.196748115895225903e-07 -3.910631955245721680e-07 -3.961491852635748474e-09 7.890314270547836361e-09 -3.333970660274141738e-07 -1.991152988667750243e-07 -7.002516260471527914e-09 -2.061864279025945809e-09 -1.728894429164791892e-07 -5.547222296063111659e-08 1.277018483948777698e-09
9.173547920329833127e-01 3.867883368854467751e-07 -3.134753792393100394e-08 1.262387513680138719e-08 9.051724075534151117e-08 3.377630122807522423e-07 -1.398721172522100763e-08 6.630536346977562498e-09 3.871314526418203421e-07 1.724332012028060854e-07 -4.310032450777354365e-09 9.330154337704668494e-09 3.210323778276800477e-07 3.930992441990280100e-08 1.958031774017245757e-08
9.215425617950214754e-01 -1.978608519355556487e-08 -1.399322204064223852e-08 6.895154571505411645e-09 -4.093494698685486451e-08 1.813042365062221496e-07 1.660894905978831431e-09 1.214679425249610239e-09 5.530706325465198238e-08 1.648327765976381108e-07 5.074783198170850871e-09 -1.064668950215451393e-08 -1.917247109563079644e-07 4.282152142621863519e-08 -6.739070770261938209e-08
9.257400405750663142e-01 6.162682274508844516e-08 1.738805555866069046e-08 -2.011068316726533359e-09 2.677633683879832017e-08 -8.317465146599039144e-08 -1.337516483115859359e-08 -9.792561555536282225e-09 2.448566458282864036e-07 9.315143303728879298e-08 2.210240949552852531e-09 -7.069215466606333545e-09 2.861699286748504235e-08 3.359871205011354244e-08 4.790831035494319503e-08
9.299303352268617484e-01 -8.664627034320993550e-08 -5.921617518645234519e-08 2.896457328675905153e-08 -3.361437010916373144e-08 -1.171623603766720273e-07 3.972172062969776943e-09 -1.235219681912652944e-09 -1.344398317879480851e-07 -8.684669303658399634e-08 1.402382192175768554e-08 -2.365499514107353171e-09 -2.145285057112909271e-08 -2.096007003923076727e-08 2.625932294023307481e-08
9.341108300097852313e-01 -5.194191417133622899e-07 -1.281478402237723725e-08 -2.572843719656372636e-09 -1.322707328989702689e-07 -4.184446969618326145e-07 -7.981686813866142122e-09 6.462805872829819974e-09 -1.101004656353560447e-07 -1.749562917702090626e-07 -5.048183788808581120e-09 -1.054709853924684814e-08 7.773337402343994812e-08 -2.149593471791559726e-08 7.110922582337120159e-08
9.382896253999645220e-01 -5.103334649319160878e-07 -3.983335197916172865e-08 3.261188970757678321e-08 -3.169486775122763756e-07 -3.106408889187281183e-07 1.170008998187821882e-09 1.301256911197211629e-08 -9.704095274442012004e-08 -5.917236395446545325e-08 3.515126149588700625e-09 1.814003918343203586e-09 -1.040826163260393163e-07 -1.037122534454220166e-08 -3.823077522831558466e-08
9.424819561228944265e-01 4.526886357426022658e-08 4.563034042210084482e-08 -2.230213223369323281e-08 -9.768474269999446774e-08 -3.933472158396479523e-07 1.429977276102210534e-09 -7.030845291537235637e-09 -1.012807510170628059e-08 -2.813643404362141790e-07 3.066697210631381944e-09 -1.202629391556731976e-09 -8.219969770212238609e-08 -7.437018515072184299e-08 -4.469401319574958268e-08
9.466849863120379016e-01 4.172696878796468455e-07 -2.425310405055296008e-08 3.985566215367076982e-08 1.047618235381297079e-07 1.946304121059491860e-07 -2.694109547148300397e-09 1.080752312227624529e-08 9.512748724031638125e-09 1.328974488422467737e-07 3.994726131263230780e-09 -1.808779927533009646e-09 -1.534923501387707392e-07 1.742895584412488361e-08 -2.484135817464218830e-08
9.508714331057195324e-01 2.596805315845895034e-07 8.074771332782565015e-09 3.399033860336970455e-09 -3.581664773466800130e-07 -1.539683851463344572e-07 -3.890031096822790578e-09 -8.797527644246759895e-09 -5.833617274263313446e-07 -1.172281396469578596e-07 2.899485520238054497e-09 3.662215884759733362e-09 -4.130993277916734220e-07 -9.688937259276164478e-09 -6.490949866735431879e-08
9.550563230073290111e-01 -5.750675263730500911e-08 1.512495281099844451e-08 -2.836652166099252133e-08 -5.275434959830280674e-08 -8.133855467501258096e-08 -1.739680363285264109e-09 -1.072723483005079503e-10 8.109749876664251412e-08 -3.919707252834474177e-08 -7.499113435402218089e-09 6.276516159132890562e-09 2.124804708284142814e-07 9.754249718417665415e-09 -2.093590744346296775e-08
9.592513211539739348e-01 1.305811826590853044e-07 2.512792442284816861e-08 -3.915595220328470742e-09 -1.357500958194363311e-07 -2.059268824691669276e-07 3.398596006942365784e-09 1.047596593902397720e-09 -1.301369190162661361e-08 -1.042618967029434355e-07 2.657631210505170229e-09 3.187294796180960405e-09 -2.976882699057877796e-08 -1.790760001482171222e-08 5.842855096392683457e-09
9.634451052878124644e-01 -1.159205219411263358e-07 -1.395528963783120248e-08 9.053046576593804598e-09 -1.041137608034238180e-07 -2.396607871916849450e-07 8.587183512023065234e-09 1.062630529744437265e-10 -2.216356879923583798e-07 -1.182177112410020666e-07 1.671509184698927494e-09 -2.083410143111307678e-09 -7.645166181976130844e-08 -3.795153994298853528e-08 -1.442136568951288971e-08
9.676230540453005791e-01 4.172500208238829285e-07 1.680090907101335977e-08 6.754545060830002667e-10 -2.169771102562042525e-07 5.288880761280073002e-07 1.913557422063025094e-09 2.274490279290842838e-09 1.632102665310005631e-07 3.331253075153410279e-07 5.703259348618324458e-09 -2.431091209287511640e-10 1.295127941397361075e-07 7.545809443232185423e-08 5.736880067044043948e-08
9.718094297475188270e-01 -8.404892931986802404e-08 -2.711893373832202366e-08 -1.156919851271135195e-08 -2.090137620432989263e-07 1.901157784656562786e-07 8.116604051625232392e-09 -1.066417591133659241e-09 5.345421317242231971e-08 9.185443165939780998e-08 4.400396779566106495e-09 2.028719492003026956e-09 7.294839439643431799e-09 2.063302609276115742e-08 -1.067879721793786561e-08
9.760091362076940280e-01 -1.344679186715930782e-07 -3.421777864060985114e-08 -1.283799962960754574e-08 2.170055562063095205e-07 1.140906098768548863e-08 -1.740854126260780824e-08 1.172421219190285747e-09 2.293431105599138910e-07 4.788183354652122014e-10 -3.529674866839776585e-09 -1.908896027175915010e-09 3.457624129225173025e-07 2.915405436762408796e-09 6.156427421656597852e-08
9.802075838006468755e-01 -2.246823047447115698e-07 -5.278351713051353106e-09 1.023608644305249847e-10 -1.336952804799265819e-07 -1.384963508970121500e-07 -1.202471155104510883e-11 2.643131098906890840e-09 -1.815808881740146147e-07 1.571925722923130083e-07 7.468221803180902199e-09 -1.206925817360421501e-08 6.813821098763974501e-09 6.005347123074494659e-08 -1.290399906804768945e-08
9.843901124947946890e-01 -1.066041469641836851e-07 -1.714656447318349169e-09 2.376932802791161625e-08 -1.695281207076936117e-07 8.636550314498071786e-08 -6.201426520147775366e-09 1.495817241438980867e-08 -2.315633074704022840e-07 1.369504055991866654e-07 -2.720827465974191474e-09 2.966063760955911207e-09 -1.392693623199848979e-07 6.839187902014321678e-08 -2.085375313769915846e-08
9.885650797815361823e-01 -2.191221211583508082e-07 -5.945637489821690818e-09 8.374300576245502908e-09 -2.306063057976493003e-07 -5.449064031444848703e-07 8.624545694646383094e-09 -1.794707236100066924e-08 -3.994336431703783518e-07 -2.661572267637874937e-07 7.026234584512846967e-09 -9.409480104190229896e-09 -1.424162429140956168e-07 -2.869385043915293978e-09 -2.053608230170536269e-08
9.927561705083151056e-01 -3.280941912713345417e-07 2.680438707225896190e-08 -2.339570543022860270e-08 -3.633322144726674093e-07 -6.652027929823969293e-07 -8.372898274114475211e-09 -1.205802749553731263e-08 -8.075168201023980507e-07 -4.294565158456298302e-07 2.351794991528302106e-09 6.238183274460430365e-09 -4.910681216904640182e-07 -8.437998812486992929e-08 -3.658567743537275820e-08
9.969400597939003239e-01 4.862078254890989349e-08 2.427871422473095011e-08 -1.691817818609426697e-08 -1.872093912668337298e-07 1.969806331560911530e-07 -2.553463737222615882e-10 -3.314493315021530870e-09 3.437904855337585487e-07 1.517777455140436483e-07 2.719858418742635163e-09 -2.621235205976268316e-09 1.609482566554217284e-07 2.929953709854765679e-08 6.748830593785198843e-08
1.001125867816581083e+00 -1.561245883934797236e-07 1.207135534044222181e-08 1.388745521061668124e-08 -1.303342199003719169e-07 -7.640263940423773909e-08 1.687487553646903886e-08 1.348393113269319673e-08 2.993954691470946654e-08 5.833277320423941061e-08 5.203476195375920514e-09 -2.698039797016817643e-09 6.823266993418171871e-09 5.434965661069329467e-08 2.156820844147695868e-08
1.005315482813002204e+00 -4.492574763075213369e-07 1.441700240244457647e-09 2.830270929252370790e-09 -5.116932282360336796e-07 -5.632758181827131816e-07 7.566252214638738430e-09 -5.100926918816756198e-09 -7.162012415140217019e-07 -2.613660784979186609e-07 1.682625298848321976e-08 -4.274762235904243199e-09 -4.653075691241630110e-07 -5.072539923058203270e-08 -9.986626189982202197e-08
1.009503724426713545e+00 4.867160448697069634e-08 1.098476076834663216e-08 -2.292484809734010283e-08 -1.719992569280947474e-07 -1.046373346098266178e-07 1.989312199949427736e-09 -1.139136695370970940e-08 -1.152578367362160795e-08 -1.044569342276955247e-07 -2.308766117369856162e-09 -6.749939587335883677e-09 -1.248692853363003195e-08 -4.596451403048439044e-08 4.666761922353280777e-08
1.013699103815393299e+00 -1.508821635198997403e-07 1.408924952027461182e-08 -1.707914171952773657e-08 -2.817679432676241995e-08 -1.791746456932621863e-07 5.318987129149440666e-09 4.534197224292046369e-10 1.811231588440688257e-07 -9.609391691948762917e-08 -2.254033776736917454e-09 6.062141802550637548e-09 4.973950150063985956e-09 -3.682203783962885259e-08 3.411534943826763860e-08
1.017885842421875964e+00 -2.169494453861682157e-07 -1.981300792476776054e-08 -3.188417492713224295e-10 -1.404485195903566506e-07 -1.376909526114382734e-07 -3.588050263566498970e-09 7.035818507199738016e-09 -2.873950561025383923e-08 -8.445120648700173774e-08 5.135975034732236869e-09 5.014119022103626826e-09 -1.389175111471441283e-07 -3.311687179896870448e-08 -3.640456123656908561e-08
1.022076284359184406e+00 -1.546441570320721468e-08 -3.532884321990573869e-08 3.064522271471859768e-08 -3.128669581593881996e-07 -1.698292944021749882e-07 5.047234682413562807e-09 1.136579585448059346e-08 -9.352402579787921066e-08 -1.550089202192975277e-07 8.383200541014102016e-09 1.095901651880019631e-09 4.408848823942594683e-08 -4.473208778508294048e-08 4.038139090965650973e-08
1.026273875264014812e+00 3.887762712473983561e-07 2.185302440378291370e-08 -3.850575050655009490e-08 3.258964212559317600e-07 2.981573383941667782e-07 1.265121448033470653e-08 -1.878477235729084786e-08 1.647473665490560642e-07 9.507210136676840450e-08 1.004547516867826270e-08 -1.907880298962153365e-09 2.167928599526221877e-07 -1.109226769743581650e-08 4.802800460459998759e-08
1.030463237552156075e+00 1.658983124271299835e-07 2.282663397126002220e-08 -2.440404072651272790e-09 7.627882295261614063e-08 1.165208264925299776e-08 -1.057343056376963449e-08 -1.612752164730531715e-09 1.440155847172509400e-07 -6.625804636753203436e-08 -8.608683730383986301e-09 -3.538888623801262620e-09 -4.657108875983752494e-08 -1.279986177355165704e-08 -6.739511222076341294e-08
1.034646639530784062e+00 2.468663033705714310e-07 -2.571816461225954320e-08 -8.901392264379843325e-09 9.775070974946685123e-08 2.303610762535460166e-07 7.468375502131613031e-09 -6.080482601816755472e-09 1.422042199227301586e-07 -1.877129252504647844e-08 7.864958036445706296e-09 1.406246696096177507e-11 2.515297204468799715e-08 -2.685726527106846844e-08 -3.923068568677036091e-08
1.038830480088573260e+00 1.905023512036745218e-07 3.437410064473198491e-08 -1.333413862577399332e-09 1.813782335989257435e-07 1.651947590928920822e-07 1.005213296522210170e-08 -1.993973623911751063e-09 -1.660851747502253305e-07 -3.804433328941846251e-08 -1.473613325410216926e-09 6.614001042290948249e-10 -1.820340344259363855e-07 -1.474308165324688619e-08 -1.156509437635791414e-08
1.043023229532383578e+00 -1.754721170061804541e-07 3.381906352087562860e-08 -3.944070729543992031e-09 1.141426608254961710e-07 6.252671632464933562e-08 1.505747294411715086e-09 -4.975561537322403500e-09 3.069480316578102702e-07 -2.528761152549558229e-09 8.455628864031125106e-10 9.089033898932563534e-09 2.364533314478754366e-07 1.052880503576411354e-08 3.745619210974611798e-08
1.047211320931656031e+00 6.072285598122091256e-07 -2.092336568683153670e-08 1.185455224005971895e-08 4.197017340660496404e-07 1.137855384855511837e-06 5.511804184513969829e-10 -8.730037400189602177e-10 5.575356037102139780e-07 7.132587171629997120e-07 -8.384548778651054440e-09 1.154934263056676966e-10 3.397941778433256548e-07 1.479057576652529465e-07 1.814028674988578644e-08
1.051395396220772938e+00 -1.131223009126470195e-07 -6.800581834561564608e-09 -7.569659515295618332e-09 -9.465894285198926013e-09 -5.808001658886410874e-07 -4.454433155487457106e-09 -8.084205287164776672e-10 -1.309099122090830858e-08 -4.959104607480902075e-07 1.147870649354203023e-09 -6.193211208927981962e-09 -1.205500969170121971e-07 -1.176234724935775718e-07 6.979717219945231863e-08
1.055587561333155788e+00 -3.922486167516386185e-08 1.813817750677895889e-08 -2.073439158711782465e-08 -2.873203475817035784e-07 -3.269175994255715782e-07 -8.827374840955097417e-09 4.271683846131942429e-09 -2.942657532077886170e-07 -3.455464646786723426e-07 -3.642528999558092743e-09 3.427485571194032354e-09 8.578248632593021427e-08 -7.919543564170945277e-08 3.979011505889999229e-08
1.059780855230085139e+00 -2.379888500510557708e-07 -1.296175640103990397e-08 -4.814262568363760391e-10 -3.043168088942387712e-08 -4.543710330315022141e-07 9.910203930681096271e-09 -1.100369998091884161e-08 -3.231652796579902566e-07 -1.771207122708712922e-07 -7.464536054318104001e-09 -1.184581817736979737e-09 -1.011027095063007940e-07 -2.503716192609768543e-08 5.093688727965930473e-08
1.063968553353427993e+00 -3.741492262647014985e-07 2.438167642614941483e-08 9.253124349989462685e-09 1.268519442840250086e-07 -5.435745179060470729e-07 -4.357978200928672907e-09 1.328961967319373384e-09 1.191732491905594451e-07 -2.250073867733295351e-07 -9.057731826952864312e-09 1.408133158114788166e-09 1.413027758389521826e-07 1.823386488839331313e-09 4.212622969125951822e-08
1.068144877931138659e+00 -9.445175151352673519e-08 1.364698788144243704e-08 -5.185235847413984936e-09 1.240510339524200098e-07 5.497783805322396276e-08 -5.595983474804608582e-09 -8.430211799176600991e-10 7.084043480398923800e-08 1.608587268778837566e-08 -3.644816324257426006e-10 2.759631230339342793e-09 -1.196159739520221403e-08 -4.907978308069852997e-08 4.616690903353311441e-08
