# Columns: ('k', 'P')
5.345493089407682419e-03 1.024807465277777737e+04
9.344366739594166943e-03 1.388872983870967619e+04
1.312833575873958818e-02 2.756076530612244824e+04
1.700891779646987109e-02 3.674740952380952513e+04
2.135270783943789275e-02 2.133909142857142797e+04
2.564347439342075027e-02 1.727992333333333227e+04
2.962205054058980949e-02 8.338953488372093489e+03
3.361537140302770649e-02 1.173856692913385814e+04
3.793950633336700545e-02 1.167334588441330925e+04
4.227894994616508695e-02 1.190907359999999971e+04
4.633325468672155889e-02 1.002128395061728406e+04
5.038752484052157893e-02 7.371496692392503064e+03
5.464179025701254577e-02 8.568199265381083023e+03
5.886817576171304162e-02 8.196680544435548654e+03
6.290140616743733482e-02 6.594919908466819834e+03
6.703999982739437813e-02 5.695498502097064375e+03
7.134254604642074893e-02 6.444214938205266662e+03
7.561818311969153994e-02 5.593468585131894542e+03
7.973924982214039558e-02 5.074608536025700232e+03
8.385356877962653332e-02 4.246487882399682348e+03
8.809929214337092196e-02 3.718133706685334346e+03
9.230415729057904473e-02 3.600631561350718584e+03
9.643309047658384092e-02 3.514548924568312486e+03
1.005689403076158450e-01 3.111117531556802533e+03
1.047818677762802908e-01 3.103662932536718927e+03
1.090277847809041356e-01 2.638375784336509241e+03
1.132170039508717807e-01 2.839763070814030471e+03
1.174008294871188018e-01 2.677720738807468479e+03
1.215998224695146873e-01 2.505269383886256037e+03
1.257670529567683493e-01 2.278937110279707667e+03
1.299386816717305049e-01 1.969314012843734645e+03
1.340949335765710126e-01 1.664063461843566756e+03
1.382635144665005922e-01 1.900271554847123753e+03
1.424925284902303357e-01 1.649937237359360097e+03
1.466886314558672189e-01 1.702383045939186331e+03
1.508619291163366127e-01 1.331805761516956409e+03
1.550655720814744509e-01 1.425115075201119225e+03
1.592593054631499527e-01 1.178231249315668492e+03
1.634144798183441161e-01 1.023038080000000036e+03
1.675823816150099899e-01 1.183341405555006304e+03
1.718045808093531246e-01 1.152520745920745867e+03
1.760135070798979073e-01 9.651762134596120859e+02
1.801930856696074279e-01 8.956022504475322421e+02
1.843742315857553882e-01 7.734196822227768280e+02
1.885797910080431738e-01 8.164113158097586620e+02
1.927656394953895236e-01 7.732123439773337168e+02
1.969014248243030341e-01 6.942661237548170448e+02
2.010715633173454087e-01 7.001372737906833663e+02
2.052920281681521186e-01 6.274155665024630935e+02
2.095172134954577381e-01 6.532990989855711632e+02
2.136973926115405542e-01 5.639036279069767943e+02
2.178750580088065492e-01 5.280618978102189658e+02
2.220823861956562617e-01 4.771021605460596788e+02
2.262696194198526023e-01 4.880094417302519787e+02
2.304259489101245229e-01 4.323114484369194770e+02
2.345870463846415066e-01 4.171511172189138392e+02
2.388019837064606632e-01 4.053196543233718216e+02
2.430077036534963875e-01 4.274840488755764909e+02
2.471758823520590620e-01 3.356826856748677983e+02
2.513692271335918882e-01 3.106233425233031653e+02
2.555723892733414715e-01 2.909315091992966700e+02
2.597674079539822323e-01 2.513349260617044933e+02
2.639178238801485610e-01 2.406060159607120852e+02
2.680749044740857179e-01 2.322475850564456437e+02
2.723023151079725368e-01 2.372326123128119946e+02
2.765128983200950685e-01 1.768992156718341278e+02
2.807027537381580062e-01 1.583462308908803493e+02
2.848857026249724811e-01 1.721400786333113047e+02
2.890807262117984777e-01 1.464741200145152220e+02
2.932785946948970324e-01 1.444900826716335018e+02
2.974321087309398370e-01 1.642471471951414514e+02
3.016123743882810904e-01 1.334080024342005117e+02
3.058101292111336522e-01 9.894370632516570652e+01
3.100168993294901143e-01 1.053409280036729854e+02
3.142092030053749707e-01 9.045697312426813141e+01
3.183867557675504334e-01 8.347180600995244504e+01
3.225872781332082551e-01 5.520694166332933150e+01
3.267666109043823597e-01 4.830881381896939075e+01
3.309328770241455886e-01 4.983704610987777528e+01
3.351106074107195187e-01 4.153917281019617747e+01
3.393095620710060434e-01 5.658750270478205380e+01
3.435164896197421824e-01 3.548999598422034296e+01
3.477107812306902690e-01 1.334379405171816124e+01
3.518857617074659383e-01 1.429899925114030879e+01
3.560773577310688554e-01 1.901924883654875487e+01
3.602869550449780967e-01 9.472481693830658855e+00
3.644651285618699665e-01 1.965909523910328360e+01
3.686396944457170921e-01 3.171453831445196325e+00
3.728293470315630076e-01 1.049244658441167743e+01
3.770363921861874523e-01 -1.324144653474997568e+01
3.812363453093803867e-01 -1.095596029681025385e+01
3.854150971210312249e-01 -2.553092735034697824e+01
3.896036578152083374e-01 -1.320214471284063862e+01
3.937795161075864914e-01 -1.954139045933204599e+01
3.979440095093054186e-01 -1.988607752710956333e+01
4.021139069446590386e-01 -3.286502718094745035e+01
4.063125452039867413e-01 -4.385746762541467803e+01
4.105412315868290918e-01 -2.442165857168555476e+01
4.147348487769681458e-01 -2.892181177819641391e+01
4.189107045044477284e-01 -2.658965106112391652e+01
4.230974437456921922e-01 -3.028067711990014743e+01
4.272931011032126136e-01 -4.119352031390750568e+01
4.314914587673138180e-01 -3.174729663032260873e+01
4.356511643511531418e-01 -4.785722181557444088e+01
4.398424702607344750e-01 -4.437604064381163482e+01
4.440501074980069407e-01 -5.087724938475326297e+01
4.482267968899237842e-01 -5.255333788319845922e+01
4.524052929840755577e-01 -4.485380356776706634e+01
4.566090347930675253e-01 -4.501151012280119801e+01
4.608167319022857811e-01 -4.804929104624985570e+01
4.649806979855051203e-01 -5.390881237043507923e+01
4.691538386770017222e-01 -5.600364866405686115e+01
4.733478629909182445e-01 -5.336413997435546719e+01
4.775500538217637980e-01 -5.059063265529974984e+01
4.817339644282710998e-01 -5.560430076245197029e+01
4.859144464692263798e-01 -5.060639387695024993e+01
4.901252990058800885e-01 -5.474334339195079480e+01
4.943123444065962158e-01 -5.659972166952281469e+01
4.984736335014697817e-01 -6.001796603649775363e+01
5.026590164608074618e-01 -6.506749100669959773e+01
5.068609875937976073e-01 -5.233838312638941659e+01
5.110594965365916620e-01 -5.056976533042800526e+01
5.152492140965455603e-01 -5.338642838370565613e+01
5.194329442812991582e-01 -6.008657630991327636e+01
5.236343964239100757e-01 -5.861579589819120883e+01
5.278273205415198177e-01 -5.955483304219634988e+01
5.319960279023402405e-01 -5.897514476614699674e+01
5.361714592099571242e-01 -5.685149536257554104e+01
5.403746330902056139e-01 -5.070604653812195295e+01
5.445761264886261888e-01 -6.192661915208120149e+01
5.487504490749764985e-01 -6.056167316448358662e+01
5.529407179677009454e-01 -5.629680443812953428e+01
5.571409157079509900e-01 -5.643361833136211914e+01
5.613298693710127019e-01 -5.275594086092773694e+01
5.655062246218995892e-01 -6.497734212077749305e+01
5.696867424029971039e-01 -5.501906748740137942e+01
5.738956954203543459e-01 -5.534692916431893650e+01
5.780928920821047923e-01 -5.580301848169867185e+01
5.822632071880226023e-01 -5.224342841047478458e+01
5.864430803127811398e-01 -5.027792138336749872e+01
5.906376733072625784e-01 -5.174854545309035814e+01
5.948356627105599870e-01 -5.621417970805097042e+01
5.990145239901687457e-01 -5.138010675345297074e+01
6.031829950841108845e-01 -5.444559330757353877e+01
6.073740526175752663e-01 -5.090011850219266876e+01
6.115768023320514724e-01 -5.071733613176442645e+01
6.157710000000914397e-01 -5.276110796061304598e+01
6.199632023912512446e-01 -5.011833692567837062e+01
6.241630060990407403e-01 -4.692649987508476528e+01
6.283593402461892241e-01 -5.420932419723229856e+01
6.325410955997395890e-01 -4.842770277378406263e+01
6.367142920629192959e-01 -5.256438737986656662e+01
6.409035099394975177e-01 -4.845404348091852142e+01
6.451032402190634008e-01 -4.906674502000013405e+01
6.492879941711476866e-01 -4.941665166456637337e+01
6.534659541563927476e-01 -5.035094717156327704e+01
6.576591076962554627e-01 -4.517639336666731253e+01
6.618529307405217610e-01 -4.685228789901687207e+01
6.660240791386257131e-01 -4.607741910987640921e+01
6.702067828716186115e-01 -4.685133667268743096e+01
6.744172070879622671e-01 -4.391088439929146148e+01
6.786118453466847278e-01 -4.397546266654471481e+01
6.827984616056306244e-01 -4.266555317613233456e+01
6.869817177358829019e-01 -4.362718099830341600e+01
6.911718524128840357e-01 -4.253739689478181418e+01
6.953555746427921846e-01 -4.150504774262621766e+01
6.995344561305086861e-01 -4.355208848983493652e+01
7.037287066792784485e-01 -3.927266982265881978e+01
7.079143033440539190e-01 -4.093180056112403520e+01
7.121186686741065586e-01 -3.980067846237046325e+01
7.163134555705721329e-01 -3.831427243651075543e+01
7.204913713645887396e-01 -3.873613510502607937e+01
7.246803275165087932e-01 -3.512960588958099351e+01
7.288763115175647123e-01 -3.725351545123897523e+01
7.330585840505703388e-01 -3.738755113692911181e+01
7.372316440474646626e-01 -3.902757370871772480e+01
7.414228560306842519e-01 -3.427778652672860460e+01
7.456189213758863676e-01 -3.531216798762322640e+01
7.498104337627916616e-01 -3.601708509231220745e+01
7.539974189770904944e-01 -3.284189107494802329e+01
7.581896411468850294e-01 -3.237314032971451638e+01
7.623808615479977790e-01 -3.401709418171837740e+01
7.665651159623174671e-01 -3.214522937827352678e+01
7.707536355579491794e-01 -3.378556202325548696e+01
7.749462413082437440e-01 -3.102390417917233023e+01
7.791369682448587852e-01 -3.034315418226353600e+01
7.833258353347896108e-01 -3.189601241371150664e+01
7.875159900600451346e-01 -3.070102397366539293e+01
7.917084457625156446e-01 -3.205371232541043724e+01
7.958821468706197555e-01 -2.976949877723482274e+01
8.000624692379799674e-01 -3.031420899393760138e+01
8.042564613727184453e-01 -3.142637754639326886e+01
8.084384822996342201e-01 -3.127639404488175501e+01
8.126333810499198895e-01 -2.925456375358467653e+01
8.168271958201180905e-01 -2.881336837208132806e+01
8.210214995694952167e-01 -2.883662698330823204e+01
8.252154145000215602e-01 -2.887538243567894014e+01
8.294030907808404018e-01 -2.808468439979404607e+01
8.335906150371191758e-01 -2.846086210161951158e+01
8.377685032221774408e-01 -3.059733467277387575e+01
8.419567297582307708e-01 -2.699649600245398062e+01
8.461556544987137718e-01 -2.434341807942564273e+01
8.503430790983292908e-01 -2.468151225012496042e+01
8.545245840949285965e-01 -2.592838144515329191e+01
8.587196449246210506e-01 -2.393930554142215783e+01
8.629074348139629258e-01 -2.378511891510484233e+01
8.670852844200982457e-01 -2.433488841630202160e+01
8.712764316473343706e-01 -2.380381158914230255e+01
8.754762476624626810e-01 -2.408828791557341020e+01
8.796707865602606535e-01 -2.331964576466383576e+01
8.838562222970675064e-01 -2.259127761795063805e+01
8.880381764417510926e-01 -2.294816719983845132e+01
8.922270316229049536e-01 -2.244049543027621851e+01
8.964225585562245469e-01 -2.201175528207475551e+01
9.006049913569987853e-01 -2.341889269742007684e+01
9.047836582182254839e-01 -2.144476886143296568e+01
9.089780964569278421e-01 -2.064662559761525884e+01
9.131704587403689510e-01 -2.202861990760184696e+01
9.173547920329833127e-01 -2.199111040400926598e+01
9.215425617950214754e-01 -2.027838823014182168e+01
9.257400405750663142e-01 -2.177553038038281485e+01
9.299303352268617484e-01 -2.076446306450619161e+01
9.341108300097852313e-01 -1.971615984736196836e+01
9.382896253999645220e-01 -1.926940970795876851e+01
9.424819561228944265e-01 -1.954747032420512554e+01
9.466849863120379016e-01 -1.795762682866892490e+01
9.508714331057195324e-01 -1.914116667234285174e+01
9.550563230073290111e-01 -1.852129336332614074e+01
9.592513211539739348e-01 -1.713207798458106623e+01
9.634451052878124644e-01 -1.623362812685249068e+01
9.676230540453005791e-01 -1.583324791320115565e+01
9.718094297475188270e-01 -1.689193766438793887e+01
9.760091362076940280e-01 -1.692179247189924851e+01
9.802075838006468755e-01 -1.642769639400611581e+01
9.843901124947946890e-01 -1.566375932686806038e+01
9.885650797815361823e-01 -1.703142292095327548e+01
9.927561705083151056e-01 -1.672714699105237557e+01
9.969400597939003239e-01 -1.639852298748595061e+01
1.001125867816581083e+00 -1.489197705106777114e+01
1.005315482813002204e+00 -1.606109795777085480e+01
1.009503724426713545e+00 -1.584181761014887080e+01
1.013699103815393299e+00 -1.499852534211791344e+01
1.017885842421875964e+00 -1.495513822415501259e+01
1.022076284359184406e+00 -1.587798837044995892e+01
1.026273875264014812e+00 -1.526192993193494019e+01
1.030463237552156075e+00 -1.490742955682376802e+01
1.034646639530784062e+00 -1.421509513974508998e+01
1.038830480088573260e+00 -1.363541583209062225e+01
1.043023229532383578e+00 -1.395960057149159717e+01
1.047211320931656031e+00 -1.498624275481503609e+01
1.051395396220772938e+00 -1.286058366673321984e+01
1.055587561333155788e+00 -1.417442317169882671e+01
1.059780855230085139e+00 -1.438930036448925343e+01
1.063968553353427993e+00 -1.507097029213760564e+01
1.068144877931138659e+00 -1.402047063278005901e+01
