# Columns: ('k', 'S1', 'S2', 'S3', 'S4', 'S5', 'S6', 'S7', 'S8', 'S9', 'S10', 'S11', 'S12', 'S13', 'S14')
5.345493089407682419e-03 -9.769703504774305713e+01 1.652629340277777737e+04 2.054908854166666572e+02 -4.764162868923610716e+01 -1.605054524739583144e+02 5.066289062500000000e+03 1.809278428819444287e+02 -8.948773871527777146e+01 -6.973016357421875000e+01 3.955426215277777374e+03 9.627365451388888573e+01 -4.716572401258680003e+01 -8.387435065375433041e+00 -8.393765767415363399e+00
9.344366739594166943e-03 1.744794921875000000e+02 3.202793951612903038e+04 -4.463171307963709751e+02 -5.949902737525201246e+01 1.217976310483870890e+02 1.424731451612903220e+04 -2.146220230594757936e+02 -1.769645641696068594e+01 8.704724514868951246e+01 9.607572580645160997e+03 -1.645757780997983843e+02 5.074565272177419217e+01 2.585986131237399022e+01 1.874087229082661210e+01
1.312833575873958818e-02 3.212508968431122014e+01 3.058846428571428260e+04 -7.463880739795918089e+02 8.257189692283162685e+01 1.005309909119897895e+02 1.296365433673469306e+04 -3.394636080994897611e+02 2.654227120535714235e+01 1.446302116549744881e+02 8.686658163265305120e+03 -2.424155771683673208e+02 5.143044483418366752e+01 4.509935028698978954e+01 2.177258799027423208e+01
1.700891779646987109e-02 -3.743469494047619150e+02 3.291902857142857101e+04 -1.405455208333333530e+03 1.206220238095238173e+01 -6.054641741071428669e+02 1.265693809523809614e+04 -5.597094494047619264e+02 -4.439644717261905384e+02 -4.748750000000000568e+02 7.878966071428571922e+03 -3.458794270833333826e+02 -5.005549851190476716e+02 -1.556644810267857224e+02 -1.748610863095238130e+02
2.135270783943789275e-02 -2.506637499999999932e+02 3.516604571428571217e+04 -2.294857678571428551e+03 -7.742051339285714562e+01 -7.752415178571428669e+02 1.581205714285714203e+04 -8.915583928571428487e+02 -7.815553571428571331e+02 -6.421108482142857383e+02 1.031333642857142877e+04 -5.222950446428571922e+02 -7.338016964285714039e+02 -1.806946986607142946e+02 -2.044375000000000000e+02
2.564347439342075027e-02 2.078359027777777897e+02 3.598888222222222248e+04 -4.446245555555555256e+03 3.430629861111111154e+02 -3.534381250000000136e+02 1.609359333333333416e+04 -1.981251388888888869e+03 -7.479828472222221762e+02 -6.790841666666666470e+02 1.019990888888888912e+04 -1.000535069444444389e+03 -1.049909652777777865e+03 -2.384053125000000080e+02 -3.100102430555555770e+02
2.962205054058980949e-02 -2.220024073401162923e+01 2.986356146179401912e+04 -4.050289451827242829e+03 1.147485205564784110e+02 -7.769309593023256184e+02 1.270439451827242556e+04 -1.676886939368770754e+03 -9.209019933554817499e+02 -7.314474667774086356e+02 7.822119601328903627e+03 -9.020128737541527926e+02 -9.237181270764119745e+02 -2.015603976328903570e+02 -2.485161700581395507e+02
3.361537140302770649e-02 1.702026738845144394e+02 2.424471391076115469e+04 -3.706901574803149742e+03 4.084430364173228440e+02 -3.860640583989501238e+02 1.033206824146981671e+04 -1.431570538057742851e+03 -4.249258120078740149e+02 -5.476985728346456881e+02 6.258233595800525109e+03 -6.455800524934383020e+02 -6.797888369422572623e+02 -1.603240854658792500e+02 -1.950068077427821436e+02
3.793950633336700545e-02 3.423444888353765236e+02 2.133064448336252099e+04 -3.775528896672504288e+03 5.498943739054291200e+02 3.321656085814360893e+01 9.672665499124343114e+03 -1.707944176882662077e+03 -2.874439853327495484e+02 -3.812648861646234764e+02 5.842209719789841984e+03 -8.365218914185638823e+02 -6.998249233800349884e+02 -1.539364601576182281e+02 -2.188510288966725170e+02
4.227894994616508695e-02 -1.918319999999999936e+01 2.024620800000000236e+04 -4.166443600000000515e+03 -1.272020000000000124e+02 -9.725486000000000786e+02 8.554603199999999561e+03 -1.617881200000000035e+03 -1.342269400000000132e+03 -9.973290000000000646e+02 5.062056400000000394e+03 -8.097105000000000246e+02 -1.250732400000000098e+03 -2.905209000000000401e+02 -3.429426500000000146e+02
4.633325468672155889e-02 7.333064986282578275e+02 1.956133333333333212e+04 -4.809906378600822791e+03 6.689524605624142168e+02 -1.767708333333333144e+02 8.101411522633744426e+03 -1.826222565157750296e+03 -5.388515517832646537e+02 -7.067140775034292801e+02 4.563194787379971785e+03 -7.842590020576130883e+02 -1.045164094650205698e+03 -2.434442301097393511e+02 -3.210018432784636389e+02
5.038752484052157893e-02 1.051739181367144511e+03 1.858182579933847956e+04 -5.139961962513782055e+03 7.780769018743109200e+02 4.036596265159867585e+02 7.838264057331863114e+03 -2.050245589856670449e+03 -1.341182900358324162e+02 -2.998853362734288908e+02 4.325162899669239778e+03 -9.040512679162072800e+02 -6.617838340683572369e+02 -1.406336221747519346e+02 -2.079586549062844654e+02
5.464179025701254577e-02 1.078921831955922926e+03 1.683969513314967844e+04 -5.111587235996326854e+03 8.744657943067034012e+02 7.114473714416895973e+02 7.242026629935720848e+03 -2.045603305785123894e+03 1.581770833333333428e+02 -7.913310663452708127e+01 4.016234159779614401e+03 -8.932933310376491818e+02 -4.716688188705234097e+02 -1.005828311524334282e+02 -1.800701044536271809e+02
5.886817576171304162e-02 1.121019515612489840e+03 1.506732906325059957e+04 -5.016290632506004840e+03 1.050666333066453035e+03 1.003844875900720467e+03 6.287054043234586970e+03 -1.945510808646917440e+03 7.190416333066452808e+02 3.656717373899119252e+02 3.397918734987990319e+03 -8.413482786228983059e+02 9.658792033626900775e+01 6.393298388710968538e+01 9.524244395516412443e-01
6.290140616743733482e-02 8.453151220442410931e+02 1.426410221205187008e+04 -5.120913043478260988e+03 5.853067791762014167e+02 1.077401196605644600e+02 6.012152173913043953e+03 -2.073969107551487468e+03 -3.759797387490465326e+02 -4.689280129672006296e+02 3.201795957284515680e+03 -9.191137490465293922e+02 -8.073455377574371141e+02 -1.707926916475972519e+02 -2.434842915713196021e+02
6.703999982739437813e-02 1.314081785500299702e+03 1.347897543439185210e+04 -5.152623726782504491e+03 1.048648442180946631e+03 1.174439484721390045e+03 5.632029958058717966e+03 -2.069924955062911977e+03 5.297643424206111149e+02 2.679528160575194988e+02 2.893152486518873502e+03 -8.693451168364290425e+02 -1.652279995506291357e+02 -2.733663496105452229e+00 -7.822615057669263194e+01
7.134254604642074893e-02 1.381471252015045820e+03 1.286430843632455799e+04 -5.381481461579795905e+03 9.240024180548092545e+02 1.051736163353036090e+03 5.410046211714132369e+03 -2.157636888769478901e+03 1.589690522568511710e+02 5.806749983207953392e+01 2.726153949489521892e+03 -8.723990462117142215e+02 -4.749962049973133276e+02 -5.340357166845782189e+01 -1.529494895217625015e+02
7.561818311969153994e-02 1.837563429256594873e+03 1.212797793764988091e+04 -5.324872422062349870e+03 1.207268585131894497e+03 1.538870743405275789e+03 5.031643645083932824e+03 -2.138016546762589769e+03 6.401062350119904067e+02 2.978110011990407884e+02 2.464474340527578079e+03 -8.529552757793765068e+02 -2.276180155875299818e+02 -1.874212380095923436e+01 -1.141216127098321351e+02
7.973924982214039558e-02 2.002655805415328132e+03 1.124134281780633319e+04 -5.288242312987608784e+03 1.219135956860945498e+03 1.742977283157411648e+03 4.669674162459844410e+03 -2.093313905461220656e+03 8.474164180816889029e+02 4.599401675080312089e+02 2.258047269389628127e+03 -8.203864731528224183e+02 3.431680243230839977e+01 3.571620439421753446e+01 -2.785468534878384617e+01
8.385356877962653332e-02 2.598849622566547623e+03 1.013998728645212577e+04 -5.134091378625347716e+03 1.685998808104886848e+03 2.660759237187127383e+03 4.055299562971791602e+03 -1.976058998808104889e+03 1.695134485498609365e+03 1.054072308303535920e+03 1.861860945570123249e+03 -7.313795192689709666e+02 5.923048768375049349e+02 1.764434843067143390e+02 1.026631840981327031e+02
8.809929214337092196e-02 2.399126181309065487e+03 9.324975848792439137e+03 -4.774232761638081683e+03 1.384510238011900583e+03 2.273770563528176353e+03 3.813690234511725521e+03 -1.879619355967798356e+03 1.150095379768988323e+03 7.513093279663983139e+02 1.743645782289114322e+03 -6.892265488274413201e+02 2.053271351067553212e+02 9.699702485124255702e+01 1.114574947497374779e+01
9.230415729057904473e-02 2.828951855566700033e+03 8.264598462052825198e+03 -4.471591106653292627e+03 1.614843196255432986e+03 2.937608826479437994e+03 3.305583751253760965e+03 -1.726595620193915011e+03 1.739611166833834659e+03 1.154228351721832041e+03 1.442773988632564397e+03 -6.093098044132397035e+02 6.269724172517552461e+02 1.821794341357405358e+02 1.039414389000334324e+02
9.643309047658384092e-02 2.521765374129051906e+03 7.880361708573159376e+03 -4.369651014843986559e+03 1.490451529839442628e+03 2.517559830354437963e+03 3.199701302635564844e+03 -1.687209179036655541e+03 1.471733717055437637e+03 9.205006816116327855e+02 1.412755225689185181e+03 -6.015482808239927408e+02 4.364603907906695213e+02 1.292301007270524167e+02 5.454802995304453361e+01
1.005689403076158450e-01 2.671481626928471542e+03 7.190004488078541726e+03 -4.021784572230014419e+03 1.777628892005610169e+03 3.272991865357643746e+03 2.990929032258064581e+03 -1.616876016830294702e+03 2.194284011220196589e+03 1.527925666199158513e+03 1.316753155680224381e+03 -5.850122019635343804e+02 9.775201963534362903e+02 2.776136220196353293e+02 1.882696178120617105e+02
1.047818677762802908e-01 2.547387602688573679e+03 6.556391834702514643e+03 -3.843177495643515158e+03 1.500954070201642935e+03 2.609388349514563288e+03 2.622698033358227349e+03 -1.495384864326611932e+03 1.591370799103808849e+03 9.895894946477470739e+02 1.106891959173512532e+03 -5.271160692058750783e+02 5.294880507841672852e+02 1.427366504854368827e+02 7.087667257903908080e+01
1.090277847809041356e-01 2.997631419939576972e+03 6.143899604926795291e+03 -3.741937253079247057e+03 1.857516383918196652e+03 3.568027887520334843e+03 2.472729491052753929e+03 -1.457299326051591834e+03 2.427985126655821659e+03 1.703205205670462419e+03 1.023398094352777093e+03 -4.986804554961654503e+02 1.176326748779920990e+03 3.239579363234952325e+02 2.421308099000697212e+02
1.132170039508717807e-01 2.766914184866534015e+03 5.663051400838297013e+03 -3.480761967791749157e+03 1.548740789763953217e+03 3.098090006618133430e+03 2.225523273770129890e+03 -1.337459408780057402e+03 1.972133465696007079e+03 1.433937568938892582e+03 8.976021398632251476e+02 -4.525209022722258965e+02 9.560337524818000929e+02 2.746019192587690441e+02 2.064475237149790416e+02
1.174008294871188018e-01 2.974587833768319797e+03 5.633964264203975290e+03 -3.536129692832764704e+03 1.713873519373619729e+03 3.470990965669544494e+03 2.212254968881750756e+03 -1.351545773940975778e+03 2.258905641437462236e+03 1.658393294519172969e+03 8.915327243525396170e+02 -4.554583416984541486e+02 1.134008331660309295e+03 3.207804155792009624e+02 2.444395703673961009e+02
1.215998224695146873e-01 2.670296682464454989e+03 5.212010995260663549e+03 -3.292757535545023529e+03 1.469981800947867214e+03 2.897146161137440686e+03 2.086585971563980820e+03 -1.277031279620852956e+03 1.798630710900473787e+03 1.270960473933649155e+03 8.378726066350710653e+02 -4.228527014218009299e+02 8.125721327014217650e+02 2.360674407582938272e+02 1.693328080568720395e+02
1.257670529567683493e-01 2.242197577053269015e+03 4.540317477284874258e+03 -2.898732585070372352e+03 1.242030999465526520e+03 2.336514163548904435e+03 1.798483876714769394e+03 -1.116044539461963268e+03 1.404385177267058680e+03 9.248093711027970585e+02 7.025343844646356501e+02 -3.624611615891680003e+02 5.323621503652235560e+02 1.447696864421877763e+02 8.851797167290219193e+01
1.299386816717305049e-01 2.764317800098798216e+03 4.502772270706405834e+03 -2.914018112958999154e+03 1.655962621439156919e+03 3.435789889675613267e+03 1.807115593611065378e+03 -1.140412152148855739e+03 2.290299851803062666e+03 1.683922608266095949e+03 7.112728470278281065e+02 -3.728408941215215009e+02 1.179848509797464203e+03 3.264412563807014749e+02 2.515090358965914845e+02
1.340949335765710126e-01 2.467565920990004997e+03 4.256629541488180621e+03 -2.778086942725686185e+03 1.373528161193082724e+03 2.754984927812153273e+03 1.687221005870220779e+03 -1.069914802475012038e+03 1.809739965095986236e+03 1.293812787561478672e+03 6.752368713311121837e+02 -3.613971918134221823e+02 8.950473584007615955e+02 2.508706171664287012e+02 1.888487029985721222e+02
1.382635144665005922e-01 2.341260397043906778e+03 3.940683669033473507e+03 -2.617569627590204618e+03 1.268244747138096045e+03 2.572782495290537554e+03 1.565883640052166356e+03 -1.012583828430662265e+03 1.575232864802202585e+03 1.122411099840602901e+03 5.967091001304158908e+02 -3.240315896246920602e+02 6.982904651499783313e+02 1.951996087523547487e+02 1.341432038834951470e+02
1.424925284902303357e-01 2.266795987528805654e+03 3.707126474176494412e+03 -2.505613121865256744e+03 1.259482445438525019e+03 2.596912566083773527e+03 1.463417785007455450e+03 -9.678826081062761659e+02 1.670164701098007299e+03 1.194980615426324903e+03 5.510999728887080664e+02 -3.072749762776196008e+02 8.159091771722921749e+02 2.223071539921376996e+02 1.696611766300664215e+02
1.466886314558672189e-01 2.380397788600763306e+03 3.388029222061339624e+03 -2.292360142161379372e+03 1.363241937606949932e+03 2.882585494274055236e+03 1.354164538633671100e+03 -8.942370672633933282e+02 1.966993550085559946e+03 1.446334342503619837e+03 5.174592602343029739e+02 -2.891690798999604795e+02 1.068035737791233259e+03 2.922553310517309342e+02 2.377500987231801730e+02
1.508619291163366127e-01 2.251593533487297918e+03 3.021952838215631346e+03 -2.089492889267047758e+03 1.185095052874680960e+03 2.555792390907985919e+03 1.175137352619423837e+03 -7.968424699161298577e+02 1.621548316518779757e+03 1.191980673392488143e+03 4.277951561930229900e+02 -2.471822657104655434e+02 8.275484380697703273e+02 2.262434666342530818e+02 1.759283456910173982e+02
1.550655720814744509e-01 2.228089774979596314e+03 2.826437915355018959e+03 -1.949923516381018999e+03 1.177637868718666141e+03 2.501689635070537406e+03 1.105190742683922053e+03 -7.467764369826279562e+02 1.620301737204150641e+03 1.145961874781391998e+03 4.055516497609886528e+02 -2.323497289261979688e+02 8.051212545178966593e+02 2.094627492130115343e+02 1.620931852629124421e+02
1.592593054631499527e-01 2.124167086390014447e+03 2.669577356837840853e+03 -1.861688601773787468e+03 1.119550859520420545e+03 2.412561480345998007e+03 1.041508157232015719e+03 -7.105349830285776989e+02 1.559927734588853582e+03 1.134888645571006236e+03 3.830945746195116612e+02 -2.214192762509580632e+02 7.998905616993321246e+02 2.142049025511880131e+02 1.671253421657724800e+02
1.634144798183441161e-01 2.127123626666666496e+03 2.634786560000000009e+03 -1.858523093333333236e+03 1.151673706666666703e+03 2.443242026666666789e+03 1.031935999999999922e+03 -7.160672533333333831e+02 1.601476053333333311e+03 1.149065173333333405e+03 3.707823466666666832e+02 -2.219585333333333210e+02 8.126003200000000106e+02 2.145568000000000097e+02 1.665437733333333199e+02
1.675823816150099899e-01 1.986668973015716119e+03 2.337383611742611265e+03 -1.635286448551942158e+03 1.018636156963526673e+03 2.229866561233567154e+03 9.068921617080161468e+02 -6.240946426806365253e+02 1.409185726994168135e+03 1.026624592270435869e+03 3.243106157951962132e+02 -1.915824849263615590e+02 7.027794306612631772e+02 1.855448996738163316e+02 1.399824799841850336e+02
1.718045808093531246e-01 1.952645034965034938e+03 2.189395058275058091e+03 -1.532409603729603759e+03 1.061600652680652729e+03 2.380872354312354219e+03 8.772241491841491552e+02 -5.928872727272727161e+02 1.581870582750582798e+03 1.204377529137529109e+03 3.316575757575757848e+02 -1.855260139860139930e+02 8.770425174825174963e+02 2.414549417249417331e+02 1.943465268065268106e+02
1.760135070798979073e-01 1.863241416992987979e+03 2.023157271651033625e+03 -1.414668154084327398e+03 1.023920954375739939e+03 2.275222839449958883e+03 8.131360531827702971e+02 -5.519778253346689780e+02 1.553495310081049183e+03 1.156652672798470121e+03 3.084662143702759636e+02 -1.756609712230215905e+02 8.743768327110464043e+02 2.321539249612967808e+02 1.927776614151716501e+02
1.801930856696074279e-01 1.577068962577785442e+03 1.794743500127866355e+03 -1.268044071264171862e+03 8.149561844685023289e+02 1.821826272270053778e+03 7.033411473872645274e+02 -4.847486574034609248e+02 1.177080385303895810e+03 8.822378313869236308e+02 2.536362202710766383e+02 -1.461028897792174632e+02 6.339093853891399704e+02 1.737206759867019059e+02 1.391665778705992693e+02
1.843742315857553882e-01 1.525903169453456485e+03 1.661525164295815784e+03 -1.176651526495300004e+03 7.782826719906829567e+02 1.743336993594542946e+03 6.439799517511022486e+02 -4.491997753930621684e+02 1.122934448049247067e+03 8.320875135180101552e+02 2.290554030446718343e+02 -1.361688919391065724e+02 5.943233923966391785e+02 1.575667061808501899e+02 1.253045295732468247e+02
1.885797910080431738e-01 1.436705927695983974e+03 1.555758421336622177e+03 -1.095205503738533935e+03 7.321956370924226576e+02 1.637608109149772645e+03 6.059771062976951725e+02 -4.159847375317967817e+02 1.043273336930548112e+03 7.729203730825560115e+02 2.163131889308563984e+02 -1.241963404763740044e+02 5.431533184305866371e+02 1.449626146612194475e+02 1.138027441609496577e+02
1.927656394953895236e-01 1.306542920591163238e+03 1.402845853434413129e+03 -9.894132781989433170e+02 6.371574393138831738e+02 1.460229267172065420e+03 5.414810475534114858e+02 -3.740266482885366486e+02 8.975077724174899458e+02 6.783508691323992252e+02 1.919461673941343349e+02 -1.119847614671873970e+02 4.612077494448273569e+02 1.254725763841029220e+02 9.562312389922659861e+01
1.969014248243030341e-01 1.244659056205918660e+03 1.309710899440122148e+03 -9.370991056496764031e+02 6.154494292154438426e+02 1.338097724132916483e+03 4.988970770013814899e+02 -3.557561622918635749e+02 8.427767032647421956e+02 5.894239075110884869e+02 1.700459717879735138e+02 -1.063664473205845979e+02 4.124839307787391931e+02 1.029915654766232791e+02 8.057223878426525232e+01
2.010715633173454087e-01 1.191218881166999381e+03 1.200283767976329727e+03 -8.512056698548132090e+02 5.858830936489368924e+02 1.336555425583155738e+03 4.560414229684167253e+02 -3.186661735360902981e+02 8.471408518544003527e+02 6.337610954379688337e+02 1.579656815523291868e+02 -9.304785660221564569e+01 4.511439826601528011e+02 1.202744099635312836e+02 9.537602353264983890e+01
2.052920281681521186e-01 1.104958949096880133e+03 1.075320197044334918e+03 -7.523529720853858862e+02 5.311185878489326342e+02 1.239496354679802835e+03 4.092141871921182315e+02 -2.811239080459770321e+02 7.639190804597701572e+02 5.847660426929392088e+02 1.410873891625615784e+02 -8.102706075533662045e+01 4.075565188834154355e+02 1.111049589490968827e+02 8.738070607553366642e+01
2.095172134954577381e-01 9.849791443513325930e+02 9.853564992754079412e+02 -7.058572238674311166e+02 4.741294184361413500e+02 1.085872849851931051e+03 3.792862453531598135e+02 -2.678719677399029706e+02 6.657484090479490533e+02 4.919473883183164276e+02 1.295318032890176880e+02 -7.789886428076366087e+01 3.357571671602293577e+02 8.803607208115430183e+01 6.759237760695607733e+01
2.136973926115405542e-01 9.748587286821705220e+02 9.085351937984496544e+02 -6.445575193798449618e+02 4.774964341085271258e+02 1.114964961240310004e+03 3.491038449612403269e+02 -2.420855968992248108e+02 7.103357519379844689e+02 5.436403100775194162e+02 1.242243100775193767e+02 -7.152528682170542140e+01 3.937041860465116088e+02 1.063660310077519426e+02 8.659177519379845478e+01
2.178750580088065492e-01 9.417137518248175638e+02 8.424678540145986290e+02 -5.920320583941605719e+02 4.947890802919708335e+02 1.164172613138686074e+03 3.343429197080292283e+02 -2.261529197080292022e+02 7.956387737226277750e+02 6.185264233576642710e+02 1.248658540145985398e+02 -6.751614598540146517e+01 4.767472116788321159e+02 1.305307007299270197e+02 1.105766131386861417e+02
2.220823861956562617e-01 8.809830766627178491e+02 7.880808935522085221e+02 -5.584706944209398216e+02 4.206850566931798880e+02 9.820406160094770485e+02 3.026578665312799785e+02 -2.120610650420262857e+02 6.049364246629435229e+02 4.500398826648615227e+02 1.043222485474135510e+02 -6.294576070401083001e+01 3.120202233880521021e+02 8.035507277035031848e+01 6.217067890788063522e+01
2.262696194198526023e-01 7.915493769555909012e+02 6.944666520283251430e+02 -4.971095679859471943e+02 3.724167535818191936e+02 8.770458363067464234e+02 2.651587528133062506e+02 -1.879552615688642447e+02 5.381159356644892569e+02 4.024292693637810885e+02 8.962908958664982606e+01 -5.416996486798046107e+01 2.813897732886863992e+02 7.325487182302245515e+01 5.787598122632705611e+01
2.304259489101245229e-01 7.881427737381243332e+02 6.587600445836208110e+02 -4.620437344090016722e+02 3.822762592219096973e+02 8.947016612706331671e+02 2.528609946393503662e+02 -1.744422270580117811e+02 5.800619924632450193e+02 4.360118358898147903e+02 8.897651398545724533e+01 -5.134899952231835130e+01 3.205420359853511059e+02 8.376989676768748438e+01 6.810108937954461794e+01
2.345870463846415066e-01 6.683122614139563211e+02 5.740185778999338027e+02 -4.035663460070239807e+02 3.148605385046063248e+02 7.358356492085305263e+02 2.181302743421387618e+02 -1.520705705705705668e+02 4.638173766987326303e+02 3.451770244821092319e+02 7.636212907823077956e+01 -4.532502417671909001e+01 2.499485926604570807e+02 6.471298417061129271e+01 5.280411131470453512e+01
2.388019837064606632e-01 6.077967460049244437e+02 5.152626852701203006e+02 -3.687709409549558472e+02 2.795995751460435486e+02 6.501698450248636618e+02 1.904314922995220627e+02 -1.369694998310239953e+02 4.053734852508086988e+02 2.975437889248298120e+02 6.175115869260851298e+01 -3.867742480567759600e+01 2.120514169845025094e+02 5.388477043402694022e+01 4.291401535267706890e+01
2.430077036534963875e-01 5.867673655683925062e+02 4.833868682546474815e+02 -3.382578804735416043e+02 2.657929919650073884e+02 6.361203822564541497e+02 1.800647434983121684e+02 -1.257137236723244484e+02 3.869878524223838667e+02 2.905686302477059826e+02 5.996624352208434061e+01 -3.626689903960443218e+01 2.028576284885655809e+02 5.226300337564779142e+01 4.077806898683022041e+01
2.471758823520590620e-01 5.171764083697402157e+02 4.259363531846401543e+02 -3.010678316854449577e+02 2.381033111060013994e+02 5.726741779719476426e+02 1.591985398942285599e+02 -1.114180846171533688e+02 3.476076799264199053e+02 2.654224879282593861e+02 5.214274545872614652e+01 -3.067729075649574710e+01 1.841217061393423933e+02 4.849471142791446709e+01 3.827320935847321692e+01
2.513692271335918882e-01 4.511764911820051793e+02 3.761799483611220580e+02 -2.709124764780535202e+02 1.999313815587939303e+02 4.806258807054396129e+02 1.384619382083935193e+02 -9.976902542558313769e+01 2.853742943416042976e+02 2.161197978206643313e+02 4.444522668592184544e+01 -2.735288390004814119e+01 1.482091374556912342e+02 3.896891273904861919e+01 3.057803816025556998e+01
2.555723892733414715e-01 3.998100527512115718e+02 3.410474760904061782e+02 -2.420886477677231312e+02 1.708617317836771576e+02 3.996702405969893448e+02 1.227500964961187151e+02 -8.830143243127332653e+01 2.319163700304499116e+02 1.664356799759831915e+02 3.857238013037698465e+01 -2.456148411030578771e+01 1.102755178625037615e+02 2.688115162756787058e+01 2.011419109448042519e+01
2.597674079539822323e-01 3.692218148865181320e+02 3.110304609300984566e+02 -2.213340816410594414e+02 1.602594430942867803e+02 3.800161881616344886e+02 1.113480660707665777e+02 -7.993422787000041296e+01 2.219039831939695944e+02 1.636121225851629220e+02 3.367359280388845377e+01 -2.076247837459323620e+01 1.110143345553404544e+02 2.823493429995469128e+01 2.217007352638299622e+01
2.639178238801485610e-01 3.534935952527112590e+02 2.827960712093308757e+02 -1.997192756292203626e+02 1.587107837118886664e+02 3.846944956005729068e+02 1.045028442807448243e+02 -7.386870268058112288e+01 2.381682422754245749e+02 1.810242070800081819e+02 3.426547728667894432e+01 -2.037266728054020604e+01 1.325514937589523186e+02 3.459014221403723610e+01 2.906231839574380871e+01
2.680749044740857179e-01 2.946585521976955988e+02 2.378655778407106993e+02 -1.717970477557512368e+02 1.241727315048298834e+02 2.998901734104046000e+02 8.423570431004382897e+01 -6.182611921480388872e+01 1.732131163440276111e+02 1.290630115994879077e+02 2.447250698296931049e+01 -1.564176276331613380e+01 8.694595957636651917e+01 2.214207917911316059e+01 1.748360335764440876e+01
2.723023151079725368e-01 2.509023849140321829e+02 2.067532261046404187e+02 -1.520488075429839228e+02 8.711887594749491370e+01 2.118119245701608406e+02 6.714742096505823099e+01 -5.270527823997041850e+01 9.531930116472545933e+01 6.383001941209096231e+01 1.562414032168607925e+01 -1.290852052135329942e+01 2.885781336661120378e+01 5.180977306341283395e+00 1.913386687696431832e+00
2.765128983200950685e-01 2.313580292373973464e+02 1.869939610413521223e+02 -1.357350591007843263e+02 8.558999521302057190e+01 2.052381706374046928e+02 6.142317818610302282e+01 -4.690550318518245376e+01 1.047806366682623178e+02 7.287095408182051415e+01 1.498821551533674423e+01 -1.085235045292189859e+01 4.313096070994586739e+01 9.665600719888058023e+00 6.916868233788709297e+00
2.807027537381580062e-01 2.254274819891056154e+02 1.766615181866104365e+02 -1.251080038657529485e+02 8.363454577402916357e+01 2.067788965032507349e+02 5.947545246881040271e+01 -4.376581883675979867e+01 1.043708926374978034e+02 7.637165700228430865e+01 1.536518625900544777e+01 -1.024191376735196002e+01 4.359354682832542949e+01 1.049481418028465995e+01 6.931781541029695681e+00
2.848857026249724811e-01 1.761324762534358683e+02 1.393084443825893288e+02 -1.016129049093629391e+02 6.879138686893288934e+01 1.699539334052398942e+02 4.678645489022650850e+01 -3.494006819526112650e+01 9.176596151838836590e+01 6.854330486065202876e+01 1.190839197487909296e+01 -7.720986026060331575e+00 4.339059183744476655e+01 1.100864835948644860e+01 8.164555860965171163e+00
2.890807262117984777e-01 1.631685745389766566e+02 1.275879490647576802e+02 -9.244709365618710706e+01 5.835661679807343205e+01 1.414535017979084728e+02 4.131989987794015207e+01 -3.179512502886550251e+01 6.937774222280869196e+01 4.819381948338995869e+01 9.895393478045722446e+00 -7.479507039059148710e+00 2.635438178339326143e+01 5.739241414574604683e+00 3.565243511447233615e+00
2.932785946948970324e-01 1.624624546613077314e+02 1.223551775969676214e+02 -8.671311636114107557e+01 6.092918177956409664e+01 1.532009770283959256e+02 4.073306130117962454e+01 -2.982973482991863889e+01 7.880581969087998573e+01 5.955850733588210488e+01 1.037164044374734573e+01 -6.850522211874653600e+00 3.514621115576904486e+01 8.876015014867823183e+00 6.025720517596314885e+00
2.974321087309398370e-01 1.295370465079111568e+02 9.880984497362953789e+01 -7.143293910819882342e+01 4.564095013584785221e+01 1.157384609237653876e+02 3.193951973789356202e+01 -2.426109557295828623e+01 5.611232219913696895e+01 4.131995365190986291e+01 7.438520357199935873e+00 -5.240766841137925347e+00 2.243452333386607123e+01 5.322644638005433748e+00 3.336534331548665744e+00
3.016123743882810904e-01 1.049682488970028942e+02 8.228491556366955706e+01 -6.322760535524113834e+01 3.344183021451392079e+01 8.018025254830367032e+01 2.450952000608550208e+01 -2.132093032101019503e+01 3.404402099497946210e+01 2.031120492925604992e+01 4.039753537197626976e+00 -4.599993343982960781e+00 7.612957363456565041e+00 5.972094648562300545e-01 -4.711471169937623826e-01
3.058101292111336522e-01 8.767164772216057145e+01 7.126272381009506773e+01 -5.402273340731188256e+01 2.426372851872956815e+01 6.043540998110547946e+01 2.043852157874216502e+01 -1.774923147287286795e+01 2.224916774135500575e+01 1.330637240200341864e+01 3.316578348528926856e+00 -3.716365691449479591e+00 4.128606454128302516e+00 1.492121776872206984e-01 -3.303884061122274729e-01
3.100168993294901143e-01 7.125538035524692759e+01 5.742891115957416304e+01 -4.616068251599759265e+01 1.310155958564090817e+01 3.010792275244626737e+01 1.298123690780223249e+01 -1.413925973485609333e+01 -3.433251312806680389e+00 -1.010827964934431478e+01 -1.470547935378346605e+00 -1.896496985207610120e+00 -1.698363475279061063e+01 -6.318784703291342453e+00 -6.314824761829608057e+00
3.142092030053749707e-01 7.120703024590866903e+01 5.515563147973610114e+01 -4.281382272298860414e+01 1.997246201410904476e+01 4.856620755148087909e+01 1.507031852454802490e+01 -1.401436520006854636e+01 1.591521363493559527e+01 7.658216233970239983e+00 1.179334952374832213e+00 -2.691790593850855284e+00 -5.773275283466141605e-01 -1.391947946120012602e+00 -1.816423096421329264e+00
3.183867557675504334e-01 4.904066546614247102e+01 4.225037459104280657e+01 -3.489417974871470562e+01 6.341573763505897965e+00 1.475483703571330452e+01 9.143470087702416649e+00 -1.039538170483600510e+01 -1.056456798311934797e+01 -1.344712681796937304e+01 -1.590724490006323544e+00 -1.133565118700684549e+00 -1.847527870948231055e+01 -6.111823588238529226e+00 -5.974326767107470459e+00
3.225872781332082551e-01 4.275480242958216337e+01 3.580212254705647013e+01 -2.899748030970497936e+01 8.600695835002002410e-01 3.981345948471499252e+00 6.123770190895741372e+00 -7.944211386997730884e+00 -1.901048925377119403e+01 -1.915077593111734089e+01 -2.748361366973701703e+00 -3.374949939927913700e-01 -2.320841676678681154e+01 -7.305229608863970547e+00 -7.097342644506741571e+00
3.267666109043823597e-01 3.304704049021420786e+01 2.986271493093156693e+01 -2.579179762816618648e+01 1.420634029740366122e+00 1.602902723118776684e+00 5.259172532421224844e+00 -7.402113157338686911e+00 -1.440228236179710031e+01 -1.617630444256623079e+01 -2.331601738926599943e+00 -4.958225585860119855e-01 -1.785536072739758495e+01 -5.831508676474472352e+00 -5.276267135046618151e+00
3.309328770241455886e-01 2.703771466482941932e+01 2.465632256500548891e+01 -2.286517262497129366e+01 -2.536958712904131552e+00 -8.152774056495445620e+00 2.543349217892776348e+00 -6.054078472275383760e+00 -2.311515348694786809e+01 -2.366185664344586570e+01 -3.944240571333792911e+00 2.944215452678047504e-02 -2.541631101839801943e+01 -8.104543845211667374e+00 -7.654118502641047428e+00
3.351106074107195187e-01 2.478901661876795970e+01 2.198685492940147412e+01 -1.983985536673747418e+01 -2.564324315881544525e+00 -6.274372110458577900e+00 2.386291468824190964e+00 -5.193287673372485536e+00 -2.059190303636136221e+01 -2.017457515931525691e+01 -3.403823566162688774e+00 1.290002577158565478e-01 -2.187956391353242580e+01 -6.840293483693614895e+00 -6.386026724353367712e+00
3.393095620710060434e-01 1.670326737672204587e+01 1.636820498641598576e+01 -1.590231980140889156e+01 -5.117180550212776069e+00 -1.384459524439208522e+01 5.796471912341019106e-01 -3.930795897146154516e+00 -2.282387360853989833e+01 -2.237691738994542590e+01 -3.565469249633351989e+00 2.047162195261222062e-01 -2.221307972495371885e+01 -7.024258889717019727e+00 -6.404157550549371969e+00
3.435164896197421824e-01 1.136430281931353647e+01 1.186687690454255417e+01 -1.273946300758273686e+01 -7.077912030803391374e+00 -1.724059244560980630e+01 -8.489974576571468479e-01 -2.735267292951125473e+00 -2.495153308293765804e+01 -2.289454444523185117e+01 -4.064244723383648505e+00 7.175234432210095825e-01 -2.260730990007795072e+01 -6.848743149552357856e+00 -6.208723100181891219e+00
3.477107812306902690e-01 1.007508579252651870e+01 1.076182896956531820e+01 -1.195180525385344161e+01 -6.447006505211101413e+00 -1.691103141681880118e+01 -9.089487093568737741e-01 -2.776377230027962106e+00 -2.463003778337531458e+01 -2.342140884616273411e+01 -4.153570066785293058e+00 5.855379653594620093e-01 -2.334899071014258354e+01 -7.284194243523675283e+00 -6.663168286229288917e+00
3.518857617074659383e-01 6.302928637075361884e+00 8.324553378945696025e+00 -9.851397445934598096e+00 -7.427777588671794717e+00 -1.902221900742051730e+01 -1.475884200478816188e+00 -1.865465867315678317e+00 -2.423791896430435244e+01 -2.232975497537839971e+01 -3.806877524564866722e+00 7.882427255656159204e-01 -2.145965660244627315e+01 -6.503841451653164185e+00 -5.846008634579162866e+00
3.560773577310688554e-01 1.587812575105420621e+00 4.645648869868250763e+00 -7.652211376696016032e+00 -9.791378990146167638e+00 -2.505074941554326884e+01 -2.895216330922676828e+00 -1.241151215888483428e+00 -2.782640269614804751e+01 -2.556494024339618321e+01 -4.357191821975572310e+00 8.182883235650767473e-01 -2.383246575192815797e+01 -7.292766392099455430e+00 -6.556443771985404290e+00
3.602869550449780967e-01 -1.055961986514634132e+00 2.891559768837638433e+00 -6.309250118104317906e+00 -1.090435294938693112e+01 -2.784203010586441351e+01 -3.546629732225299758e+00 -7.052387149981746983e-01 -3.008543773755073047e+01 -2.720549077712641406e+01 -4.642955882668728051e+00 1.022778783230260391e+00 -2.537904238871352192e+01 -7.658293338916446480e+00 -6.910039403895294363e+00
3.644651285618699665e-01 -4.036690419991955991e+00 8.355070095683652109e-01 -4.754315158026207300e+00 -1.259825964774868368e+01 -3.167335781875145884e+01 -4.329915430047207359e+00 -9.912658237896654345e-02 -3.218728698744681793e+01 -2.869688445987425851e+01 -4.779955717204005694e+00 1.178147707005863909e+00 -2.608412805097483300e+01 -7.798726952306357596e+00 -6.925917277038041497e+00
3.686396944457170921e-01 -5.701578787754179700e+00 1.086261488167444555e-01 -4.360746769434793002e+00 -1.138790941053107808e+01 -2.957169438904537984e+01 -3.844346575138269717e+00 -3.106550986131957348e-01 -2.849208935584020708e+01 -2.575071961675267929e+01 -4.152737370725990473e+00 8.847275961459383220e-01 -2.276638413142257988e+01 -6.863164874478278499e+00 -5.963634295906409477e+00
3.728293470315630076e-01 -4.978201800581803838e+00 -5.810622304142842864e-01 -2.916652873909118426e+00 -9.528614956364730659e+00 -2.391222790651018215e+01 -3.362582443073528271e+00 8.844770350586819707e-02 -2.306155833082556228e+01 -2.044060086267429099e+01 -3.448391889858561932e+00 9.159813390259806676e-01 -1.799420453405557296e+01 -5.357244959374059867e+00 -4.622506959073127142e+00
3.770363921861874523e-01 -7.506584462423238513e+00 -2.160060069207525135e+00 -2.391218686031777008e+00 -1.145545618481333605e+01 -2.952682035286090567e+01 -4.434233051467004749e+00 3.393781527195633418e-01 -2.875242470026318387e+01 -2.578461107320401879e+01 -4.327720172531436482e+00 1.041420642850180434e+00 -2.352006287162491560e+01 -7.097564333755727262e+00 -6.381958524222634210e+00
3.812363453093803867e-01 -9.288513057723813304e+00 -3.300758588705791752e+00 -1.262704252794642157e+00 -1.166980822973884635e+01 -2.988868892743567685e+01 -4.609314770646622428e+00 7.287929435289582925e-01 -2.714210272718512229e+01 -2.394556471041726908e+01 -3.989979642478558741e+00 1.092369693793967533e+00 -2.080539414088850592e+01 -6.160014936879638192e+00 -5.327605521827117663e+00
3.854150971210312249e-01 -8.845173419780715918e+00 -3.330613927651251416e+00 -1.145996102932879346e+00 -1.071163819043499466e+01 -2.788339006638707573e+01 -4.328820548022492609e+00 5.967247754381922453e-01 -2.545334098132510903e+01 -2.283685799183796306e+01 -3.814642769826791735e+00 9.632003084272092730e-01 -1.999350939386530612e+01 -6.024503742500892933e+00 -5.250860986779004591e+00
3.896036578152083374e-01 -1.114370174856742679e+01 -4.884296749765076662e+00 -5.600333038527444129e-02 -1.191830767600832708e+01 -3.048338031802185100e+01 -4.940792958745600316e+00 1.097409162935529592e+00 -2.760908969469165086e+01 -2.424625965028651464e+01 -4.071039582296906545e+00 1.187989135942365326e+00 -2.149632413907467665e+01 -6.357287463379580394e+00 -5.643440338658264110e+00
3.937795161075864914e-01 -1.207000614128569538e+01 -5.448586488268338357e+00 1.246086905966078406e-01 -1.172373471452052840e+01 -3.045868856456478113e+01 -4.964135568881744121e+00 1.034285646550945570e+00 -2.627028430540252302e+01 -2.327276565576287481e+01 -3.899514906164767147e+00 1.069423340046601556e+00 -1.990149332586745601e+01 -5.921519674692484081e+00 -5.092605282408828593e+00
3.979440095093054186e-01 -1.059687772653620996e+01 -4.747504941151333036e+00 1.394952263358914535e-01 -1.047852157190933298e+01 -2.723554601947971321e+01 -4.414033426221043221e+00 9.045959245517353198e-01 -2.362589697476897044e+01 -2.096736169227756008e+01 -3.500892245063300656e+00 9.270446378492193107e-01 -1.800450045405174393e+01 -5.375575911219529601e+00 -4.651886150976657142e+00
4.021139069446590386e-01 -9.040915415480197836e+00 -4.150032358270774324e+00 3.262037613793252189e-01 -8.716414272154629828e+00 -2.240113901113124584e+01 -3.663112649926654640e+00 8.418855568858399918e-01 -1.952459660022435273e+01 -1.715451397877297524e+01 -2.869357796186038367e+00 8.144172949564242314e-01 -1.484498231081197694e+01 -4.395861916472517450e+00 -3.822709034429200070e+00
4.063125452039867413e-01 -1.106266103093477859e+01 -5.358456965798292337e+00 7.920586752521764362e-01 -9.988885708030917243e+00 -2.595488186854823454e+01 -4.356558800498458339e+00 1.060530791640705184e+00 -2.221820638903389522e+01 -1.963911388781300715e+01 -3.314451579155650141e+00 9.234510376496639639e-01 -1.693542238519441412e+01 -5.042296406378929952e+00 -4.406733619049222561e+00
4.105412315868290918e-01 -1.033518127851641033e+01 -4.907098848713797423e+00 6.086668169144221485e-01 -9.152584261394299148e+00 -2.410099511030433916e+01 -3.963044418142569913e+00 8.757063305409736875e-01 -2.056354355753978069e+01 -1.836972395296734106e+01 -3.034424111596264684e+00 7.766416994758703618e-01 -1.578908383620337119e+01 -4.746104290339989262e+00 -4.124097746896923766e+00
4.147348487769681458e-01 -9.090159923007618659e+00 -4.348786755672045423e+00 5.628340901179458289e-01 -8.311788434761242073e+00 -2.184456343680891166e+01 -3.627231448112048451e+00 8.090486526333033890e-01 -1.870852649684658786e+01 -1.670604881644688433e+01 -2.789869665820296607e+00 7.205958463019084270e-01 -1.431576910475878606e+01 -4.303239413547383485e+00 -3.718539345974281485e+00
4.189107045044477284e-01 -8.255980247993004895e+00 -3.973188240203481492e+00 5.782989353986169867e-01 -7.358860583419441603e+00 -1.916656068674986102e+01 -3.195084850170892832e+00 7.694699596613941983e-01 -1.631419899054129274e+01 -1.444383296240362391e+01 -2.409301724823146085e+00 6.539967262141324067e-01 -1.238677469994436109e+01 -3.692268351084969424e+00 -3.210216298386455946e+00
4.230974437456921922e-01 -7.980184686793041493e+00 -3.887559238240112069e+00 6.731520350651376550e-01 -6.809811607769716169e+00 -1.780454793665652602e+01 -2.969230244168811872e+00 7.369642961619470301e-01 -1.495515835868632415e+01 -1.324199625555815452e+01 -2.191024065839768831e+00 5.982447928855604280e-01 -1.125476051174038439e+01 -3.353078438255713944e+00 -2.893236114361494415e+00
4.272931011032126136e-01 -7.388886609310350018e+00 -3.626750557277432563e+00 6.153242825053055753e-01 -6.113717040475136422e+00 -1.615486587171931632e+01 -2.704267466448845081e+00 6.431152142464540145e-01 -1.330601878712002062e+01 -1.189179084538223030e+01 -1.967994001633662560e+00 5.089973109455394606e-01 -9.987367742033985252e+00 -3.000784864192252765e+00 -2.575340998442676721e+00
4.314914587673138180e-01 -7.414779355678198236e+00 -3.659785786931095686e+00 7.515580948721974908e-01 -6.191649466804265423e+00 -1.622750183215925546e+01 -2.724855483764825337e+00 7.134995433623487759e-01 -1.354971881964074676e+01 -1.200297632401549386e+01 -1.985715467537129131e+00 5.489609507036986580e-01 -1.020700969174855288e+01 -3.044020897832817152e+00 -2.634666042236879502e+00
4.356511643511531418e-01 -7.186521555651823157e+00 -3.559694441539817511e+00 6.987490173543163818e-01 -5.725143032131813747e+00 -1.517531425989274396e+01 -2.545072393678204037e+00 6.204622075870517284e-01 -1.263217214645295172e+01 -1.130032452982388058e+01 -1.862167370934974642e+00 4.710361391874430259e-01 -9.656046001822446101e+00 -2.908197785802847157e+00 -2.534409170861777749e+00
4.398424702607344750e-01 -6.204808485961092579e+00 -3.126500039135322595e+00 7.052006174486615819e-01 -5.115343359091490960e+00 -1.342814665784342942e+01 -2.283092917929670396e+00 6.142193303590487430e-01 -1.114732670167499151e+01 -9.871097140986778484e+00 -1.639244145711480138e+00 4.538844698586859128e-01 -8.358202941553173559e+00 -2.489500615491895275e+00 -2.146785255589235497e+00
4.440501074980069407e-01 -7.051917222641080230e+00 -3.568085675775637622e+00 8.525643319594008451e-01 -5.379438756276939237e+00 -1.423250636584775997e+01 -2.417957025193109288e+00 6.497387868614592499e-01 -1.153405995277181084e+01 -1.025962345477047322e+01 -1.693435752948205586e+00 4.598493712391709676e-01 -8.600550165725422858e+00 -2.572758261376730360e+00 -2.206873381865513295e+00
4.482267968899237842e-01 -5.834485163029095922e+00 -2.989579996378678661e+00 7.433298810361157472e-01 -4.433614479017228938e+00 -1.165257253088569200e+01 -2.003090310180091205e+00 5.615807959420310302e-01 -9.438125896625207290e+00 -8.336015084195718572e+00 -1.388766243714918414e+00 3.941655270241096187e-01 -6.984923203615750253e+00 -2.074420109823530201e+00 -1.779293093722579044e+00
4.524052929840755577e-01 -6.086534156927072559e+00 -3.125574764199302802e+00 7.815953177328958112e-01 -4.632664377007722933e+00 -1.230012644385209342e+01 -2.110510645205385671e+00 5.651551607033011848e-01 -1.005321064862278746e+01 -8.968694894402295503e+00 -1.489088237304353690e+00 3.916020564212971955e-01 -7.599905167110928339e+00 -2.282759423484382211e+00 -1.980132723327181932e+00
4.566090347930675253e-01 -5.312095087952207528e+00 -2.722118113176236420e+00 6.718000124460670186e-01 -4.101144623299037839e+00 -1.086432542316627980e+01 -1.863093677397942294e+00 5.008662981247925527e-01 -8.877855957517423846e+00 -7.904209259873879567e+00 -1.312561089445735130e+00 3.487527225771656081e-01 -6.666306007301692205e+00 -1.996522153999336302e+00 -1.723034869731165042e+00
4.608167319022857811e-01 -4.942820033045012273e+00 -2.538743548981660769e+00 6.419542882815277851e-01 -3.767487690403781286e+00 -9.976280987927379940e+00 -1.715457429861632299e+00 4.683759191055466009e-01 -8.117213522124361091e+00 -7.214438761404479372e+00 -1.199911936194162587e+00 3.230265921425938269e-01 -6.083749275906105147e+00 -1.819842970364811796e+00 -1.572469456402964871e+00
4.649806979855051203e-01 -4.854015371777989252e+00 -2.492799572028318700e+00 6.418650340943167221e-01 -3.664438258647439994e+00 -9.742581389587869012e+00 -1.668656350636905428e+00 4.541864239592433017e-01 -7.905901641481635878e+00 -7.054060352807729473e+00 -1.164401996766581071e+00 3.078889351556082787e-01 -5.929420526995136775e+00 -1.779157811705498249e+00 -1.531253972509420080e+00
4.691538386770017222e-01 -4.034312724082449897e+00 -2.071231891287547811e+00 5.302226255178442704e-01 -2.898877449862541589e+00 -7.710907510166850720e+00 -1.320004485608047284e+00 3.597933977629761970e-01 -6.096361391939999486e+00 -5.430868188843702704e+00 -8.945961289954772466e-01 2.370793307298595110e-01 -4.480636267467345668e+00 -1.341658134905552746e+00 -1.137917007145300419e+00
4.733478629909182445e-01 -3.971142115549801677e+00 -2.051162446003311324e+00 5.224217553747713128e-01 -2.929808778585567097e+00 -7.824486642432995076e+00 -1.347051267288277066e+00 3.572093457064074440e-01 -6.313186629361750235e+00 -5.650824266454207212e+00 -9.357871223343998679e-01 2.372217157331101001e-01 -4.747044576055969856e+00 -1.429767930946482579e+00 -1.233162311400614941e+00
4.775500538217637980e-01 -3.565689708230246779e+00 -1.854655564831628967e+00 5.019255364041875778e-01 -2.560305290307248072e+00 -6.794153940841671790e+00 -1.177850989780746094e+00 3.328157515980914027e-01 -5.398766849276669610e+00 -4.796521370854712529e+00 -7.982048226864998375e-01 2.180923012059572674e-01 -3.985187566269758896e+00 -1.190652193452852448e+00 -1.018017566818198327e+00
4.817339644282710998e-01 -3.378528158599706899e+00 -1.745914434767324996e+00 4.462935962822890956e-01 -2.505989611743457246e+00 -6.710407651187316524e+00 -1.155415784058814399e+00 3.057084888314120508e-01 -5.439142862770768083e+00 -4.880528988932931078e+00 -8.106398944810114804e-01 2.064479191288774163e-01 -4.117401617634580901e+00 -1.242567438058353790e+00 -1.075761940585718390e+00
4.859144464692263798e-01 -3.163266117162201851e+00 -1.649589895496025749e+00 4.327393656167206060e-01 -2.292987930526935170e+00 -6.145827936414482551e+00 -1.066784662937886319e+00 2.859915458492787721e-01 -4.919898807771562410e+00 -4.411423314689431940e+00 -7.358886977480129099e-01 1.886764516485133769e-01 -3.682045554901383522e+00 -1.109737084191934064e+00 -9.515589122755371276e-01
4.901252990058800885e-01 -2.772836566253916502e+00 -1.435948935173944729e+00 3.631273809730267144e-01 -2.006836535904639618e+00 -5.398358104124032941e+00 -9.315895686645161433e-01 2.404001443758454482e-01 -4.317517747100921177e+00 -3.885641757136415464e+00 -6.455725192356607245e-01 1.593420583891181908e-01 -3.246240302683454093e+00 -9.819328767934977220e-01 -8.428038432300879457e-01
4.943123444065962158e-01 -2.433486419887977981e+00 -1.262185584321483311e+00 3.190587054829379099e-01 -1.746668947749778544e+00 -4.709482500833841456e+00 -8.117518790182525201e-01 2.074905590834071334e-01 -3.759754505618365439e+00 -3.392785259985968693e+00 -5.621770212744545692e-01 1.352291347386913867e-01 -2.839361910129159394e+00 -8.618181190840397132e-01 -7.419026191961769490e-01
4.984736335014697817e-01 -2.318515666542216636e+00 -1.203692802554616526e+00 3.111366639938227818e-01 -1.648239599950219958e+00 -4.430630508321170780e+00 -7.639207084591973507e-01 2.014597979174444775e-01 -3.519385896435076599e+00 -3.162859278303861377e+00 -5.238100541356955908e-01 1.319816004218568040e-01 -2.631920049440541032e+00 -7.949044847209494336e-01 -6.810025321306949486e-01
5.026590164608074618e-01 -2.133861804325585254e+00 -1.107745737808164987e+00 2.811478112176983846e-01 -1.497522545131516836e+00 -4.037501650146863241e+00 -6.972643573090505642e-01 1.793077943311954803e-01 -3.185500915831509072e+00 -2.872650603403703151e+00 -4.769341268247874188e-01 1.159605900237621195e-01 -2.380936059559300766e+00 -7.218190153298643663e-01 -6.169370558354694278e-01
5.068609875937976073e-01 -1.799258865152090436e+00 -9.383491534728624073e-01 2.456955848763758832e-01 -1.264536002819498073e+00 -3.394348804424442978e+00 -5.894174788537657195e-01 1.584750248231036329e-01 -2.672771003903920306e+00 -2.395134841132136927e+00 -3.998301777774765919e-01 1.037249057908149474e-01 -1.983975288727430675e+00 -5.970371550181641229e-01 -5.098925151141354695e-01
5.110594965365916620e-01 -1.664880876085493622e+00 -8.672558440414009917e-01 2.290197144604309010e-01 -1.160318264598754645e+00 -3.124176199784236552e+00 -5.404713552514927022e-01 1.442415388574678770e-01 -2.443716387081958263e+00 -2.195117481654757174e+00 -3.635180341483214006e-01 9.222434862036829606e-02 -1.807007108447890920e+00 -5.450232436499289346e-01 -4.628392417967122641e-01
5.152492140965455603e-01 -1.506916885676741202e+00 -7.882977989487517378e-01 2.075344940867279997e-01 -1.042198833771353472e+00 -2.808959921156373607e+00 -4.883905223390276329e-01 1.302199819316688656e-01 -2.184375821287779296e+00 -1.962671649145860897e+00 -3.261444850525624384e-01 8.238293569316688936e-02 -1.604313731931668929e+00 -4.837090177398160606e-01 -4.080797059789750825e-01
5.194329442812991582e-01 -1.344815359349846862e+00 -7.026262365633275664e-01 1.850087387054058230e-01 -9.478511060912914177e-01 -2.553935419587682443e+00 -4.432308705925118164e-01 1.173385915673521296e-01 -2.035596146855688904e+00 -1.832181479462013707e+00 -3.048819098249986870e-01 7.605253933634521790e-02 -1.528927467933738349e+00 -4.623932206470374173e-01 -3.964153457184400597e-01
5.236343964239100757e-01 -1.279808509538269190e+00 -6.725792733059610118e-01 1.772004363720278142e-01 -8.976234401323555101e-01 -2.423627171456817830e+00 -4.229240803464243137e-01 1.117857430524730883e-01 -1.917946800568967047e+00 -1.727825794183219577e+00 -2.888913180818545867e-01 7.221458370638171587e-02 -1.435402312185378282e+00 -4.342606265195153581e-01 -3.713913874373278579e-01
5.278273205415198177e-01 -1.149182250068156330e+00 -6.002399986873593329e-01 1.555409649613275769e-01 -7.813781875713117220e-01 -2.112717027474580345e+00 -3.669015431101507740e-01 9.608413790426810486e-02 -1.645949556731322705e+00 -1.483397461302341513e+00 -2.467547640023425581e-01 6.125330684491654687e-02 -1.218659282641840980e+00 -3.686092776563304474e-01 -3.123934071041630789e-01
5.319960279023402405e-01 -1.050659335560504948e+00 -5.488336735956446111e-01 1.399921121009650993e-01 -7.285902313783717554e-01 -1.977584292254392473e+00 -3.430240039594160129e-01 8.715802671059143247e-02 -1.564634218015342748e+00 -1.416326868349418566e+00 -2.357283933432318679e-01 5.618956477357089918e-02 -1.181497540831477400e+00 -3.591602867483296158e-01 -3.089958395199208230e-01
5.361714592099571242e-01 -8.629443843612226717e-01 -4.513456301520179514e-01 1.165529258839329979e-01 -6.021923600500238560e-01 -1.629990675273233158e+00 -2.830099053172231427e-01 7.288865155509434424e-02 -1.284400212649998485e+00 -1.160245094938248789e+00 -1.930516111157069004e-01 4.664777441338770203e-02 -9.594190385008417588e-01 -2.910119373838210843e-01 -2.477170234352950029e-01
5.403746330902056139e-01 -8.301662940389051837e-01 -4.348623087019262701e-01 1.116586059212212600e-01 -5.687421083611023942e-01 -1.545708906515526948e+00 -2.685577191798866337e-01 6.813806236827489593e-02 -1.207420899670568426e+00 -1.093669674389792235e+00 -1.820177585609447923e-01 4.328560226851983772e-02 -9.017123818034233906e-01 -2.741713148716451443e-01 -2.332968159610473435e-01
5.445761264886261888e-01 -7.152569453597958926e-01 -3.731905463549659574e-01 9.463413141517516836e-02 -4.855870764995810496e-01 -1.321384858727274514e+00 -2.287665028056829197e-01 5.759120418698747412e-02 -1.036851509466826249e+00 -9.405683479188047258e-01 -1.560572122762750313e-01 3.678023464641804602e-02 -7.800840057243464409e-01 -2.376103178283261175e-01 -2.034487524479112741e-01
5.487504490749764985e-01 -6.465313227498387105e-01 -3.386719370857057543e-01 8.638048151043857537e-02 -4.335168732878953990e-01 -1.179057147481745282e+00 -2.049899085163473800e-01 5.210724546029319587e-02 -9.157672273955440589e-01 -8.292802323787620278e-01 -1.381526102437616310e-01 3.304439102395544114e-02 -6.816727817434717895e-01 -2.071099892832767853e-01 -1.758610849133780407e-01
5.529407179677009454e-01 -5.657566636424518070e-01 -2.962231511375874038e-01 7.573461058331899809e-02 -3.860094900766536385e-01 -1.049622034421748840e+00 -1.823700353572947630e-01 4.607164285286025757e-02 -8.209589400617210986e-01 -7.443362432916730276e-01 -1.240281215921020391e-01 2.922078059811578435e-02 -6.138923030715764950e-01 -1.868725084165180905e-01 -1.589348508896168966e-01
5.571409157079509900e-01 -5.294648006179972777e-01 -2.777442463389640515e-01 7.082176974803856828e-02 -3.627620084009714474e-01 -9.881883909950253120e-01 -1.721456771223625615e-01 4.332492406228275611e-02 -7.795828405305116338e-01 -7.077778251144355437e-01 -1.182603865248146868e-01 2.772599547110445040e-02 -5.891532500157997676e-01 -1.795976387221133730e-01 -1.541762076678614424e-01
5.613298693710127019e-01 -4.640122517829210480e-01 -2.438189791064626910e-01 6.184848798986142954e-02 -3.137414651214683881e-01 -8.550333413973505436e-01 -1.491972643649973063e-01 3.747543167347137244e-02 -6.698940686391473553e-01 -6.079771909824402965e-01 -1.017697704433883771e-01 2.396494489542184622e-02 -5.041812757938085587e-01 -1.535668674109864906e-01 -1.315428919416165021e-01
5.655062246218995892e-01 -4.002299884730788904e-01 -2.097814394572667940e-01 5.170672314133896441e-02 -2.694356448861386366e-01 -7.374635109153782064e-01 -1.282413708264406316e-01 3.103494864443187909e-02 -5.778692739359595487e-01 -5.270193491139228970e-01 -8.784719625243075924e-02 1.963704634746187699e-02 -4.368442551277200159e-01 -1.337410708982639251e-01 -1.143890525596804042e-01
5.696867424029971039e-01 -3.829331272374894013e-01 -2.008587706900696324e-01 4.895229861790764692e-02 -2.581460442046342174e-01 -7.073220364265416782e-01 -1.231339667252599190e-01 2.947851800602136960e-02 -5.562585716769258282e-01 -5.077171920742439282e-01 -8.491513637417261173e-02 1.889532446547076416e-02 -4.223892000090143650e-01 -1.293995909204076200e-01 -1.110509036881551503e-01
5.738956954203543459e-01 -3.238941517252689195e-01 -1.699254228811528378e-01 4.223433038867958206e-02 -2.159103481969405491e-01 -5.905595350225804063e-01 -1.027643036770766044e-01 2.514489727307226904e-02 -4.567462697314753628e-01 -4.158822016731282267e-01 -6.929333007541481348e-02 1.571991506011162151e-02 -3.407874535358972334e-01 -1.041135251011277574e-01 -8.825549829596583684e-02
5.780928920821047923e-01 -2.873872880120638684e-01 -1.504360945247023851e-01 3.674178871178659239e-02 -1.918337946155169171e-01 -5.255555441950016116e-01 -9.132111630288425319e-02 2.202074334463795940e-02 -4.066607495658520754e-01 -3.706214240471815691e-01 -6.172313883322217559e-02 1.391710627913982090e-02 -3.039624781877364734e-01 -9.289889242464281771e-02 -7.880305302215202812e-02
5.822632071880226023e-01 -2.558491975018433173e-01 -1.342108057264785603e-01 3.247794589544897303e-02 -1.731627043136800270e-01 -4.751305308634816149e-01 -8.269785185860209498e-02 1.953972248405773729e-02 -3.709425275870067984e-01 -3.391669221019145697e-01 -5.674600417507186939e-02 1.241471127101127607e-02 -2.799430409600775493e-01 -8.591411926099132290e-02 -7.319808770472790993e-02
5.864430803127811398e-01 -2.214559412198461863e-01 -1.159739286640358441e-01 2.809864739656345659e-02 -1.477075529843852320e-01 -4.050614977432763775e-01 -7.038095726152468479e-02 1.685495565685039138e-02 -3.158458357980373776e-01 -2.882757360686821757e-01 -4.811841999975689788e-02 1.081941458698818491e-02 -2.382462735699989176e-01 -7.293422873838212306e-02 -6.227319921713569961e-02
5.906376733072625784e-01 -1.942659502472929844e-01 -1.020422116215697061e-01 2.492634886967499616e-02 -1.300654749310740932e-01 -3.564361449905164014e-01 -6.215897724419381515e-02 1.499381540896877266e-02 -2.784153091562427407e-01 -2.541271455567293280e-01 -4.254165972655718497e-02 9.550485513803190149e-03 -2.104399691784110682e-01 -6.447314815370579211e-02 -5.514964642330515837e-02
5.948356627105599870e-01 -1.784456995331799301e-01 -9.369553991036583263e-02 2.244981083285564963e-02 -1.184421218227575678e-01 -3.252573718502406175e-01 -5.670682905292262488e-02 1.345424551902811745e-02 -2.526262155136198007e-01 -2.308317814789440092e-01 -3.864153853694709401e-02 8.569812137382606596e-03 -1.902300439582335356e-01 -5.829408531219817252e-02 -4.970312119653555460e-02
5.990145239901687457e-01 -1.567391832781092342e-01 -8.238740908170805177e-02 2.001665435609410390e-02 -1.051914780744679923e-01 -2.882158372245673950e-01 -5.034614618585359080e-02 1.221201735431455201e-02 -2.252749565921043085e-01 -2.054001682270908402e-01 -3.446644799355784439e-02 7.878680075088042439e-03 -1.700310703006469581e-01 -5.198300861549693536e-02 -4.444148553635159093e-02
6.031829950841108845e-01 -1.385058000357206054e-01 -7.252220924443258943e-02 1.688570650141250212e-02 -9.252758833885786627e-02 -2.551077091191224500e-01 -4.431525652332977960e-02 1.012798469823778490e-02 -1.988508614713044576e-01 -1.825393262634720515e-01 -3.047685645073630600e-02 6.461105112834352945e-03 -1.508503356247647420e-01 -4.644843235076089039e-02 -3.967103143700500406e-02
6.073740526175752663e-01 -1.191241508011163380e-01 -6.248238329515348743e-02 1.469989265161393208e-02 -7.886075909806244955e-02 -2.173965800654026337e-01 -3.781326186720206789e-02 8.714309440501709705e-03 -1.686314919105270649e-01 -1.546924474193694388e-01 -2.580532149498630107e-02 5.487825611251009872e-03 -1.273742600689124205e-01 -3.918334027583838391e-02 -3.339520973637979950e-02
6.115768023320514724e-01 -1.041212113494615343e-01 -5.456881757680800277e-02 1.290206550880184863e-02 -6.915595508555309745e-02 -1.906161822208453371e-01 -3.313500016978513513e-02 7.669230167759339377e-03 -1.479275631507654953e-01 -1.356164694600739962e-01 -2.264089447575003133e-02 4.877703864553795468e-03 -1.117167265333690596e-01 -3.433518698576037975e-02 -2.924796183707046790e-02
6.157710000000914397e-01 -9.122244212417422726e-02 -4.777594742982265580e-02 1.106384013480347060e-02 -6.019964334801997802e-02 -1.662486087431231108e-01 -2.888248629111399984e-02 6.534130359877533128e-03 -1.293514176780992952e-01 -1.188635099903521120e-01 -1.987019625122439861e-02 4.177773532868415268e-03 -9.818378261686097619e-02 -3.025519091864841206e-02 -2.584483146056425554e-02
6.199632023912512446e-01 -8.116169668905531820e-02 -4.257347014634270399e-02 9.807007875093890978e-03 -5.337320192811862568e-02 -1.474287971812791587e-01 -2.567982762753731954e-02 5.790626787384427730e-03 -1.136108743051170988e-01 -1.043660146016125584e-01 -1.747433692998737187e-02 3.656871955918479262e-03 -8.545979635213689363e-02 -2.631891500917590138e-02 -2.231480181379405861e-02
6.241630060990407403e-01 -7.189113023751740605e-02 -3.762845635997002364e-02 8.540875374188051927e-03 -4.664612350101716987e-02 -1.289193270637781497e-01 -2.241814078727827689e-02 5.045681107992567790e-03 -9.885031976069809379e-02 -9.074090907063064870e-02 -1.517886021538955750e-02 3.217884141188234130e-03 -7.425950080748777715e-02 -2.283897338636282567e-02 -1.938095264318408922e-02
6.283593402461892241e-01 -6.316227700037831128e-02 -3.311284526104534692e-02 7.553915549016825513e-03 -4.067154894743912896e-02 -1.125691218170375429e-01 -1.959573750083971541e-02 4.395453141241859041e-03 -8.559296818098248438e-02 -7.870239395060353582e-02 -1.315408459832003926e-02 2.751411601941200491e-03 -6.380151707803870254e-02 -1.965520121232772546e-02 -1.653111896023816071e-02
6.325410955997395890e-01 -5.431979855217940190e-02 -2.850191504464442277e-02 6.466669346902724838e-03 -3.534674081468948403e-02 -9.786067849879019620e-02 -1.704547088962285808e-02 3.798504339242820323e-03 -7.523881040256688579e-02 -6.925179087254970667e-02 -1.159469776251884944e-02 2.402734313359136502e-03 -5.681568505189887180e-02 -1.752902805234596989e-02 -1.492235237424168089e-02
6.367142920629192959e-01 -4.662451090687373678e-02 -2.445790718700626906e-02 5.551811173993828272e-03 -3.032104174679874087e-02 -8.398387642038594725e-02 -1.461536617519473141e-02 3.246118168610354505e-03 -6.479031304547304415e-02 -5.965278026318966698e-02 -9.980270261413107594e-03 2.059154018734950763e-03 -4.908798604235802693e-02 -1.514844716166441167e-02 -1.291556004450887529e-02
6.409035099394975177e-01 -4.233110616302288021e-02 -2.221540568946664407e-02 4.999010484053770936e-03 -2.764969474703199773e-02 -7.661068708527747628e-02 -1.333727581053420659e-02 2.938102804505342714e-03 -5.887320087045036510e-02 -5.423403652572043876e-02 -9.079968680649650251e-03 1.866255080695791452e-03 -4.436851478717136060e-02 -1.369628873087055249e-02 -1.161052438787040647e-02
6.451032402190634008e-01 -3.610974655924246296e-02 -1.890504916247353825e-02 4.176571315532574477e-03 -2.329164721571596458e-02 -6.467380677416877111e-02 -1.123997277188620511e-02 2.446805502848725146e-03 -4.943080666440176352e-02 -4.559603043050370480e-02 -7.619559959498894974e-03 1.549080470272078212e-03 -3.716391939595589666e-02 -1.148258985139299741e-02 -9.703446573255497878e-03
6.492879941711476866e-01 -3.028020277005447417e-02 -1.587377669071586561e-02 3.513886312573343430e-03 -1.947306314290250459e-02 -5.410506494346708356e-02 -9.417788216912867730e-03 2.038939015915353266e-03 -4.147604427640702585e-02 -3.828949464383346601e-02 -6.410871480340580957e-03 1.287667863019051773e-03 -3.134283200689762933e-02 -9.696162150201028188e-03 -8.230327050474566322e-03
6.534659541563927476e-01 -2.743493495654028905e-02 -1.438871091732111043e-02 3.208473076405145546e-03 -1.766178916921823036e-02 -4.898628663056058680e-02 -8.535481379175549610e-03 1.878449935688088993e-03 -3.750111367039606763e-02 -3.453483277472715884e-02 -5.785801074099337048e-03 1.193964898156374844e-03 -2.816095673891151965e-02 -8.684825122074623163e-03 -7.335860724431353917e-03
6.576591076962554627e-01 -2.363830875515614965e-02 -1.237259760987181184e-02 2.668974371136910440e-03 -1.512762535735084901e-02 -4.213420970260847720e-02 -7.321708169237501306e-03 1.543408588667252333e-03 -3.216769110930391140e-02 -2.976394042858774430e-02 -4.976033521575987627e-03 9.737582260639784330e-04 -2.430609652967479981e-02 -7.533567878763747228e-03 -6.386007806316241174e-03
6.618529307405217610e-01 -2.138728394737640648e-02 -1.119991003754607431e-02 2.384734256857528635e-03 -1.391930169252783567e-02 -3.877674780987887954e-02 -6.739493679471352493e-03 1.405849616767482170e-03 -2.985079338240460844e-02 -2.764369762753847090e-02 -4.631431843210204874e-03 9.001676683594473250e-04 -2.266564687426137620e-02 -7.031883507655342300e-03 -5.972393810642059875e-03
6.660240791386257131e-01 -1.769341830629481138e-02 -9.278402826200536635e-03 2.026273678255598263e-03 -1.142165556497313703e-02 -3.176670249841004323e-02 -5.529315562944159962e-03 1.181431752925701534e-03 -2.442877523910680707e-02 -2.258046556612803082e-02 -3.783908931695267267e-03 7.519392743535553616e-04 -1.852195887821709436e-02 -5.736065622419283909e-03 -4.876040901186061427e-03
6.702067828716186115e-01 -1.599570175267598163e-02 -8.394083674765608072e-03 1.807538333422558470e-03 -1.038762222291080874e-02 -2.891275762837581739e-02 -5.037958533823568182e-03 1.064690296413259036e-03 -2.243316066781650756e-02 -2.075033167325769992e-02 -3.485558283958763767e-03 6.879161501357872709e-04 -1.717821135457981915e-02 -5.323562483318746569e-03 -4.561894998470561804e-03
6.744172070879622671e-01 -1.328785667735465394e-02 -6.960670932398223265e-03 1.482670083124532166e-03 -8.489485289306127405e-03 -2.366192580994987138e-02 -4.116188407981218045e-03 8.609219613195626423e-04 -1.807545669652911927e-02 -1.673154117887187126e-02 -2.802037379158556826e-03 5.469434505036340020e-04 -1.366121954817507873e-02 -4.235099237834107425e-03 -3.588524712064427875e-03
6.786118453466847278e-01 -1.165989393969709548e-02 -6.105140921669677430e-03 1.292284472933149771e-03 -7.591654673637153634e-03 -2.117347625403975808e-02 -3.682264244670188386e-03 7.615677950356718401e-04 -1.633492452370880268e-02 -1.514137840521052533e-02 -2.538230684553073341e-03 4.883429848488855026e-04 -1.244040628501440725e-02 -3.862238961053500279e-03 -3.286033515694076253e-03
6.827984616056306244e-01 -9.761031006874436658e-03 -5.105606967371869621e-03 1.062859885367951462e-03 -6.300677955422599730e-03 -1.759687670565374812e-02 -3.055481648423938757e-03 6.222794971990229431e-04 -1.354485971883369853e-02 -1.257175017736934970e-02 -2.105291465118355743e-03 3.986370361483952294e-04 -1.032116539677793710e-02 -3.208805531845207969e-03 -2.729517483952874184e-03
6.869817177358829019e-01 -8.701740279312513565e-03 -4.561777424556135406e-03 9.573697710291283625e-04 -5.601275696351236399e-03 -1.563298759933922505e-02 -2.721973583485876730e-03 5.605449711144224433e-04 -1.197115072704594066e-02 -1.109942910174271415e-02 -1.863770272457362280e-03 3.596218220516340849e-04 -9.073053920829984506e-03 -2.816856845942346081e-03 -2.388273672244731454e-03
6.911718524128840357e-01 -7.178953140985305098e-03 -3.759477253728209234e-03 7.842330886938299068e-04 -4.554310505651532580e-03 -1.271899527452581904e-02 -2.211653854259157392e-03 4.539014552599465388e-04 -9.697849945804366822e-03 -8.995140103933547959e-03 -1.506350870624658571e-03 2.882003085691816659e-04 -7.336531295049496422e-03 -2.278330486386060619e-03 -1.928816912523233272e-03
6.953555746427921846e-01 -6.461950270416082047e-03 -3.381867022780120444e-03 6.930767261737591891e-04 -4.098638648270530073e-03 -1.146077143908669216e-02 -1.992825783850241811e-03 4.008527898273211575e-04 -8.710241242002892195e-03 -8.087900637295690476e-03 -1.356070573780004647e-03 2.552770043803395585e-04 -6.563476056771102955e-03 -2.040287588476418206e-03 -1.716689282597761790e-03
6.995344561305086861e-01 -5.429663523378867526e-03 -2.838069302225759531e-03 5.707128230987223386e-04 -3.467119434178857641e-03 -9.703273282760499149e-03 -1.685709271461004145e-03 3.342523614929774766e-04 -7.429051872272388751e-03 -6.907088748326804632e-03 -1.158704771202023233e-03 2.152035451770884975e-04 -5.648269949815681867e-03 -1.758164231197617035e-03 -1.490583889124191342e-03
7.037287066792784485e-01 -4.486321094018896546e-03 -2.345887396214784131e-03 4.777521698290946510e-04 -2.843156599796819745e-03 -7.958899793840172598e-03 -1.383131151943160428e-03 2.761442710293118179e-04 -6.038549993273180545e-03 -5.611269116554358505e-03 -9.407873556026030313e-04 1.759429753076572039e-04 -4.550531832006541808e-03 -1.415198121916947781e-03 -1.191422839065426871e-03
7.079143033440539190e-01 -4.072018547056190443e-03 -2.128398980352466403e-03 4.198040690425542472e-04 -2.591998990314021631e-03 -7.280858232210039686e-03 -1.264207989472300800e-03 2.418312908577369797e-04 -5.526667472175624853e-03 -5.158027833657192682e-03 -8.651220950693178308e-04 1.535137073509207080e-04 -4.181150085950006458e-03 -1.305838389715910071e-03 -1.098139599631980283e-03
7.121186686741065586e-01 -3.335669762977743358e-03 -1.747580248342338544e-03 3.573512025032383002e-04 -2.132362195973097618e-03 -5.962190636335019424e-03 -1.037999253781440910e-03 2.098134341775397514e-04 -4.572997925512192578e-03 -4.247213472601004021e-03 -7.141864463681163065e-04 1.358151713914372159e-04 -3.485407127994561826e-03 -1.083920239424119572e-03 -9.229894893300593641e-04
7.163134555705721329e-01 -2.998539214025894382e-03 -1.564296633669117788e-03 3.019009667290674230e-04 -1.941901045048146420e-03 -5.456317722144009112e-03 -9.453646771249076550e-04 1.775234407302031612e-04 -4.217612888393223493e-03 -3.940580919739755661e-03 -6.608297857382205119e-04 1.156061311752408125e-04 -3.245782235612408063e-03 -1.015618926684105135e-03 -8.657597735536805457e-04
7.204913713645887396e-01 -2.550776384557511094e-03 -1.334200279503181463e-03 2.625997104311471493e-04 -1.627709444435895391e-03 -4.566405338140133024e-03 -7.938799489656997964e-04 1.539719093796134482e-04 -3.476744293848991942e-03 -3.237800218955686361e-03 -5.443996387952257984e-04 9.980363317845276374e-05 -2.634127964285618365e-03 -8.207837568000044513e-04 -6.924171438926012521e-04
7.246803275165087932e-01 -2.130715672113622609e-03 -1.113190888631823954e-03 2.186476569520603064e-04 -1.357071942225325598e-03 -3.808870626166931898e-03 -6.606766791443448349e-04 1.270274831172809238e-04 -2.910897062573473276e-03 -2.715294991919994967e-03 -4.549721429200280737e-04 8.163209256807123031e-05 -2.218770117676838443e-03 -6.929567130294163237e-04 -5.872738950261778730e-04
7.288763115175647123e-01 -1.805930089347917815e-03 -9.450731857151675784e-04 1.854792711021518536e-04 -1.139045665623282825e-03 -3.198111547319419396e-03 -5.560138715468574203e-04 1.076143097427703085e-04 -2.423814543531837857e-03 -2.259274513745110173e-03 -3.798094942920525962e-04 6.935223837607752651e-05 -1.833142375080134331e-03 -5.717121737841225539e-04 -4.815375096514026582e-04
7.330585840505703388e-01 -1.573668555355561957e-03 -8.204138602603203156e-04 1.526528313355651409e-04 -1.006528661556152114e-03 -2.837250612836973371e-03 -4.915119004874376855e-04 8.915116695302964891e-05 -2.179403053133708267e-03 -2.040890312207812186e-03 -3.424714511268907888e-04 5.781042036266296975e-05 -1.678640238526601589e-03 -5.261566705773021912e-04 -4.492865712806681918e-04
7.372316440474646626e-01 -1.310141733693004915e-03 -6.847689745120631548e-04 1.326497732677131634e-04 -8.212298807679991501e-04 -2.307898915506104154e-03 -4.009971490769204008e-04 7.657646325647935370e-05 -1.743714537335573547e-03 -1.625879526418600764e-03 -2.731822789374178289e-04 4.909608032487890183e-05 -1.316212912313353750e-03 -4.106973496109692589e-04 -3.455201896765360730e-04
7.414228560306842519e-01 -1.096081089721888608e-03 -5.723016776282994957e-04 1.099858773480829081e-04 -6.793678384887496266e-04 -1.911702738956954153e-03 -3.321000261339076957e-04 6.292777699533592614e-05 -1.433784960767834661e-03 -1.337249394483525479e-03 -2.246751636982058419e-04 4.008972151070436756e-05 -1.078188566802591947e-03 -3.363841748128482893e-04 -2.820741983182342271e-04
7.456189213758863676e-01 -9.709456056609048601e-04 -5.067398704394845705e-04 9.448910909780799993e-05 -6.177212438528034049e-04 -1.742047669416277875e-03 -3.019827683466663575e-04 5.502157285456999407e-05 -1.326936090443566613e-03 -1.242225512933305869e-03 -2.086669905984327470e-04 3.570145402626638103e-05 -1.012313915580220509e-03 -3.170572485275653728e-04 -2.683401710611824130e-04
7.498104337627916616e-01 -8.159581514190624926e-04 -4.260901386766240118e-04 8.091324170975834455e-05 -5.094571436068149684e-04 -1.433847720055715603e-03 -2.490360497813066325e-04 4.673281084919706380e-05 -1.088969770119369712e-03 -1.017029994328769301e-03 -1.709693061840790766e-04 3.016935666482795678e-05 -8.309190651497338652e-04 -2.597308629639500906e-04 -2.207369069154343751e-04
7.539974189770904944e-01 -7.030839111163733916e-04 -3.674505111530319704e-04 6.894737058899360390e-05 -4.508873510550317457e-04 -1.270621153862103820e-03 -2.204954116487331355e-04 4.036343193013889230e-05 -9.730582304951103639e-04 -9.107947875107208404e-04 -1.529894011943148252e-04 2.606541134989452091e-05 -7.455377994354569614e-04 -2.334993856004460183e-04 -1.979655783473629538e-04
7.581896411468850294e-01 -5.804729181233188621e-04 -3.031908620610306352e-04 5.559728932173582953e-05 -3.675464631586887639e-04 -1.035725096556309750e-03 -1.794675159272778096e-04 3.221059824854066364e-05 -7.842853917649640193e-04 -7.355349722264358956e-04 -1.233798827456756685e-04 2.074249838763532914e-05 -5.953622144640080723e-04 -1.868390195446101569e-04 -1.569801674408638048e-04
7.623808615479977790e-01 -4.898830066152677805e-04 -2.544099422059409635e-04 4.632535916456033772e-05 -3.065182443287870558e-04 -8.652781814269760140e-04 -1.496722527347681174e-04 2.658801865370015999e-05 -6.573268959465797994e-04 -6.163364379228590973e-04 -1.034926727094041094e-04 1.736189940170987248e-05 -5.024542978926003958e-04 -1.578030779091784373e-04 -1.337053751988317963e-04
7.665651159623174671e-01 -4.216968305909396097e-04 -2.200829675438056518e-04 3.956473396566788153e-05 -2.658823760527385363e-04 -7.524600717491562469e-04 -1.305657853805814730e-04 2.302395439915087561e-05 -5.703007463176177705e-04 -5.349120299621437863e-04 -8.989084283815955705e-05 1.494020022521115090e-05 -4.334181247006193270e-04 -1.358733863782925926e-04 -1.142158665713582537e-04
7.707536355579491794e-01 -3.588165542699257751e-04 -1.874136323056740364e-04 3.411911240368261728e-05 -2.276171333547748405e-04 -6.436723307251839736e-04 -1.114889160990313919e-04 1.987973557091901854e-05 -4.899033521401961007e-04 -4.599031148110933084e-04 -7.707249653835892872e-05 1.281444243374497115e-05 -3.756814692995355358e-04 -1.176907408358568734e-04 -9.969919146542489019e-05
7.749462413082437440e-01 -2.951521960825731613e-04 -1.538665111637960853e-04 2.773923948091618340e-05 -1.825773332579182066e-04 -5.154540820828032704e-04 -8.942465536656403968e-05 1.591363416001368447e-05 -3.863551877916156013e-04 -3.627812509196228700e-04 -6.092324709094738610e-05 1.025044387016039611e-05 -2.925933269779992102e-04 -9.184792044112216863e-05 -7.723433439785647766e-05
7.791369682448587852e-01 -2.505489848018816043e-04 -1.293471929700332429e-04 2.312240772008534445e-05 -1.550758893964136829e-04 -4.373206138395683076e-04 -7.563334479863866857e-05 1.329725174443456688e-05 -3.270819733057898676e-04 -3.076895109747871553e-04 -5.157488583063930772e-05 8.527577148680863720e-06 -2.481112009080753021e-04 -7.771888686998407127e-05 -6.529061684320698589e-05
7.833258353347896108e-01 -2.165868203477039951e-04 -1.130415111263609530e-04 1.985794146399644640e-05 -1.364169102149662951e-04 -3.849831287593014355e-04 -6.678186453070580962e-05 1.167651294287876076e-05 -2.930702359417162897e-04 -2.752209029550963925e-04 -4.626199436071006698e-05 7.652677981270243401e-06 -2.246839452257564610e-04 -7.047775012965092317e-05 -5.952455387341055006e-05
7.875159900600451346e-01 -1.867609865619793347e-04 -9.697586633981867610e-05 1.717958063090502935e-05 -1.151475759312487780e-04 -3.267933082933097448e-04 -5.666835296634838983e-05 9.823596196223319837e-06 -2.452481736460040908e-04 -2.306228772943810367e-04 -3.871195764559080642e-05 6.296110605441840324e-06 -1.852519125046129601e-04 -5.825907532737102846e-05 -4.876786102094141686e-05
7.917084457625156446e-01 -1.516941037670586543e-04 -7.888227319455040480e-05 1.391955869365833992e-05 -9.396473522432286689e-05 -2.657116329127427951e-04 -4.603550419294704543e-05 8.011296046600474482e-06 -2.016440935796220068e-04 -1.884732885106424154e-04 -3.166190657664841491e-05 5.234179803000578850e-06 -1.526932279694670036e-04 -4.794983367671788770e-05 -4.023620156110991046e-05
7.958821468706197555e-01 -1.292715400288204925e-04 -6.841047212397968573e-05 1.198257457395771245e-05 -8.206916288522790538e-05 -2.308114233839346919e-04 -4.027670095980513183e-05 7.015894911033335716e-06 -1.771067625287660763e-04 -1.651393856061807131e-04 -2.791412372681470000e-05 4.577962851332716307e-06 -1.353818635921208121e-04 -4.220815504438358158e-05 -3.588688443987878506e-05
8.000624692379799674e-01 -1.083035049176501129e-04 -5.631914239524982792e-05 9.868759222145233068e-06 -6.848480792787213641e-05 -1.930073588130505917e-04 -3.345007570136956384e-05 5.758968160973567765e-06 -1.479703167683198075e-04 -1.377047158565101320e-04 -2.321196519040382634e-05 3.722177861924151239e-06 -1.124125426750166660e-04 -3.506072224538756048e-05 -2.987059184204447239e-05
8.042564613727184453e-01 -8.927361614367344627e-05 -4.721623406329060338e-05 8.109667117148609900e-06 -5.657504956438580510e-05 -1.603762631380221384e-04 -2.791369176479625529e-05 4.678748774457354477e-06 -1.231621782211316570e-04 -1.159303522023288891e-04 -1.945581601848527238e-05 3.073914956849433815e-06 -9.513786084518515492e-05 -2.997346362658320613e-05 -2.525538633533978868e-05
8.084384822996342201e-01 -7.696332670464466237e-05 -4.084481740425909707e-05 6.832152579152462994e-06 -4.946866753104952138e-05 -1.390329888942071148e-04 -2.419557333632632273e-05 4.040179263057691134e-06 -1.057572945002186967e-04 -9.947917440232854425e-05 -1.682939609331795275e-05 2.661898257549688182e-06 -8.098373116138442849e-05 -2.541129401559203210e-05 -2.155813486269709959e-05
8.126333810499198895e-01 -6.156612701279150582e-05 -3.235130754548919997e-05 5.751614665616037175e-06 -3.763372046339386989e-05 -1.077543987433540620e-04 -1.887724473250118720e-05 3.274599652199000189e-06 -8.037638093271515835e-05 -7.529964920667933973e-05 -1.280944274862762026e-05 2.056452361636264901e-06 -6.121902858102704211e-05 -1.899398970712073417e-05 -1.592146438128215198e-05
8.168271958201180905e-01 -5.111560114130720491e-05 -2.691869097824439819e-05 4.428791010440696901e-06 -3.218528207569635539e-05 -9.102858183151541806e-05 -1.569669570126953898e-05 2.596362817761748103e-06 -6.881295421311736638e-05 -6.473566505296644250e-05 -1.084751223913064715e-05 1.666785997247483965e-06 -5.264900334370729981e-05 -1.664974147749961097e-05 -1.405187600903845423e-05
8.210214995694952167e-01 -4.599061973380204880e-05 -2.384811315733857407e-05 3.954192327691081467e-06 -2.983913468461587038e-05 -8.381059191561317538e-05 -1.433401697894606960e-05 2.358278363514515244e-06 -6.367563008450418717e-05 -6.065359207491131900e-05 -1.008413730668326098e-05 1.523939268027297190e-06 -4.952658365722545537e-05 -1.574009776811483716e-05 -1.322353154541987940e-05
8.252154145000215602e-01 -3.691219538893901161e-05 -1.892981148655146923e-05 2.850590514729408416e-06 -2.182910595142665899e-05 -6.502413538696267409e-05 -1.124027991857360645e-05 1.694787412925299354e-06 -4.850958473655331857e-05 -4.611786566060470079e-05 -7.801076861192151509e-06 1.136935131008533362e-06 -3.760745864573334518e-05 -1.178951944497788955e-05 -1.021440493096336263e-05
8.294030907808404018e-01 -3.156013901546261656e-05 -1.635346127531115800e-05 2.628369412302921119e-06 -1.918226165734985707e-05 -5.608573281371626653e-05 -9.664479312755914106e-06 1.497735824720748814e-06 -4.155617362020207743e-05 -3.964868966343334020e-05 -6.708085838777539684e-06 9.572721212678124547e-07 -3.171495348779960159e-05 -1.015877036151489989e-05 -8.505056520083430980e-06
8.335906150371191758e-01 -2.609671828366927704e-05 -1.362390672791003659e-05 2.125379796253162046e-06 -1.615722842679972410e-05 -4.593862490320594960e-05 -8.019058806627941819e-06 1.241484137251365122e-06 -3.449691958829422146e-05 -3.326860385483900313e-05 -5.597097619350637862e-06 8.708444656724454065e-07 -2.594713467024171855e-05 -8.512659943807388311e-06 -7.114655158903089596e-06
8.377685032221774408e-01 -2.027329393717418541e-05 -1.115619336228939587e-05 2.096702223063113158e-06 -1.259066341542529816e-05 -3.690919690915093988e-05 -6.431577616732340112e-06 1.017566154000016355e-06 -2.811553358476145579e-05 -2.687703360312764908e-05 -4.393539816642128862e-06 6.440115410466746248e-07 -2.069996122116331627e-05 -6.784236590177796608e-06 -5.492311480679727052e-06
8.419567297582307708e-01 -1.774738805374981673e-05 -9.106293745338419338e-06 1.480021483815249221e-06 -1.153173100148967162e-05 -3.161880359527167989e-05 -5.516688217745219566e-06 8.145741528157044222e-07 -2.395502846752215284e-05 -2.285999127959194210e-05 -3.813077764007682361e-06 5.992403280964685656e-07 -1.918056986595138662e-05 -5.858971021427800718e-06 -5.208163431853872285e-06
8.461556544987137718e-01 -1.446411795574998092e-05 -7.855759629267787997e-06 1.395798719437291509e-06 -8.659871192277052179e-06 -2.497183443945735927e-05 -4.475662729526047261e-06 6.943823122220545283e-07 -1.936118796485572963e-05 -1.789288128377088490e-05 -3.023870587875159626e-06 3.721924916285714335e-07 -1.446835554391467406e-05 -4.563301059987682480e-06 -3.883239095111191268e-06
8.503430790983292908e-01 -1.243476233861256354e-05 -6.269051815724700270e-06 8.368535061006064361e-07 -8.112541381040831980e-06 -2.260839912003310249e-05 -3.720685863383645231e-06 6.074932722107689615e-07 -1.717645676632782788e-05 -1.557045272176719772e-05 -2.525827512272933796e-06 3.623698951934009926e-07 -1.257612529714123632e-05 -3.947090854369624786e-06 -3.523474743742615157e-06
8.545245840949285965e-01 -1.011909816023869168e-05 -5.481643242733642457e-06 9.460473804146205660e-07 -6.992426560600559868e-06 -1.873921618261841846e-05 -3.266380885078573937e-06 4.884961174210329298e-07 -1.441913459638237637e-05 -1.328720178673142136e-05 -2.267557306555481697e-06 3.701573990765819051e-07 -1.147106501946274555e-05 -3.442614698635768990e-06 -3.109451329362151892e-06
8.587196449246210506e-01 -8.767285252508460512e-06 -4.577197943523111283e-06 8.594997234801750779e-07 -4.068875540235054942e-06 -1.507148874083705051e-05 -2.654722662810849830e-06 4.217579726462903621e-07 -1.110268279665955435e-05 -1.072380852036399390e-05 -1.794726138483723255e-06 2.074822242582864944e-07 -8.705359807574872058e-06 -2.955447683561546816e-06 -2.593615372380809390e-06
8.629074348139629258e-01 -7.123448321447231393e-06 -3.567402121571999549e-06 5.685362483950592661e-07 -4.451886101635126454e-06 -1.171436327303094306e-05 -2.010504627210150581e-06 3.004437678692977000e-07 -9.867848842625067676e-06 -8.710365284326820385e-06 -1.403184573123119006e-06 1.992199916899262559e-07 -6.911146652967459037e-06 -2.160737587734032816e-06 -1.756352118573959671e-06
8.670852844200982457e-01 -5.703318945031289924e-06 -3.034150485532936144e-06 4.760533843009089024e-07 -3.522171298725204824e-06 -1.090056727049054255e-05 -1.792897512288748550e-06 2.388657704488190178e-07 -7.899188842809682688e-06 -8.305415117751116440e-06 -1.187656929892743728e-06 7.620774345631129707e-08 -5.733618232722775442e-06 -2.175750158459578718e-06 -1.516197893825968791e-06
8.712764316473343706e-01 -4.319631299512811788e-06 -2.672581440178246704e-06 2.449351841733063506e-07 -2.970994192507631203e-06 -9.161642600137275276e-06 -1.611097566219975706e-06 1.260412636929831822e-07 -7.660442008283021960e-06 -7.020102801619224520e-06 -1.133103543566309754e-06 1.482079082670799536e-07 -5.574892214530992783e-06 -1.823679651981034393e-06 -1.616119043663139571e-06
8.754762476624626810e-01 -4.119683698467068865e-06 -2.135452941059363459e-06 1.528613476147690449e-07 -2.966828856447937046e-06 -7.469061837356575182e-06 -1.221582975587373782e-06 1.436763999748114544e-07 -5.483712112536345079e-06 -4.964143940129785120e-06 -8.175235292768099644e-07 6.159063347754250236e-08 -4.403911371470542204e-06 -1.185546298032455063e-06 -1.226571498005239096e-06
8.796707865602606535e-01 -3.195620082878347918e-06 -1.862639392999715850e-06 1.601357171001064081e-07 -1.958958894528330843e-06 -5.132489036544276293e-06 -1.102663979350834836e-06 2.119486573318377971e-07 -4.669759916944442187e-06 -4.123978386692526490e-06 -7.419393658838123995e-07 1.522205898132209157e-07 -3.800961929545440910e-06 -1.139657394658892211e-06 -8.460518899716511929e-07
8.838562222970675064e-01 -3.047835178084072452e-06 -1.533337019615309009e-06 5.291519944013798802e-07 -1.814617531303033365e-06 -5.225240657848394934e-06 -9.051888065262352900e-07 2.136621971974570890e-07 -3.453299916390488699e-06 -3.339555007001563750e-06 -5.876900397468032998e-07 9.411207790490855521e-08 -3.316791845795053618e-06 -7.932436468736861281e-07 -9.389835495441256714e-07
8.880381764417510926e-01 -2.295628002055782865e-06 -1.196434441808395318e-06 1.421878585195532712e-07 -8.365822182653465602e-07 -3.024106762676478786e-06 -7.175065399313009887e-07 3.851308679039106307e-08 -2.305966374511536985e-06 -2.048433208983508083e-06 -5.095378568230033108e-07 8.637492692427515269e-08 -2.090017707374061890e-06 -6.223719750624121914e-07 -4.887464522659989706e-07
8.922270316229049536e-01 -1.946933219843951714e-06 -9.517918137163655027e-07 3.129479712059013265e-07 -5.803591865357112306e-07 -2.658660910149414843e-06 -6.325004259164655472e-07 1.232271471795433763e-07 -1.966333508137541341e-06 -2.235228403680103944e-06 -4.215911685069109505e-07 4.923174073352300521e-08 -1.198256216419066820e-06 -5.634354685474285986e-07 -4.552881024785489914e-07
8.964225585562245469e-01 -1.333177745509464539e-06 -8.221715856638747665e-07 3.961436559121343869e-07 -1.506313570663154350e-06 -2.615621445015545773e-06 -5.316640229977681404e-07 1.382752870870238949e-07 -2.636963339265071773e-06 -1.678869948413486301e-06 -3.796058942539956180e-07 1.045952943052270245e-07 -1.971329671138346985e-06 -3.808756250407549025e-07 -4.014800078948705008e-07
9.006049913569987853e-01 -4.306293437024543603e-07 -4.374954579140109438e-07 1.411054155702434798e-07 1.892267390000444796e-07 -1.116637048191001440e-06 -2.224558434686134373e-07 3.620102133296025183e-08 -3.170092072376688553e-07 -1.396649533234921308e-06 -2.197276636470396960e-07 2.234657649178043250e-08 -1.432554736106861863e-06 -5.071136508505539026e-07 -3.702948632789161713e-07
9.047836582182254839e-01 -4.622390243829318380e-07 -6.070801044171306002e-07 2.312628586417740062e-07 1.783471932971202725e-07 -1.123413611337199206e-06 -3.822346327879512044e-07 7.671714250378336408e-08 -7.211758388413730664e-07 -1.066907326045784041e-06 -1.959843914464357347e-07 3.753546774154300566e-08 -2.891559457827618716e-07 -3.159882182620769242e-07 -8.750755036719049057e-08
9.089780964569278421e-01 -3.412060493305881554e-07 -5.537768995462708711e-07 1.332275926773415257e-07 -9.314720008406975291e-07 -1.171765414070187960e-06 -3.606521391384651843e-07 1.074483602115943816e-07 -1.511315642346114209e-06 -8.712022702395209012e-07 -2.475851924278633258e-07 5.762261657002723567e-08 -1.317154699679349816e-06 -2.750027615006814108e-07 -2.481362972024714847e-07
9.131704587403689510e-01 -4.130837698034857699e-07 -3.158829884086522430e-07 -5.056740030026746288e-08 -1.294892257825009460e-07 -2.480640675730186311e-06 -2.261331631124945646e-07 -3.660766580734669178e-09 -8.701019455334159319e-07 -1.484582525298956862e-06 -1.566714596618177960e-07 1.718270827471233468e-08 -1.101290463700308387e-06 -3.054663695391863456e-07 -3.403143340026265497e-07
9.173547920329833127e-01 -1.508757869582348933e-06 -6.819677549439923754e-08 -1.701778954586939834e-07 -9.813680598575555373e-07 -1.517922967065536519e-06 -1.315200675469141994e-07 -2.578411868230837116e-08 -2.403931715079551568e-06 -7.971467555530778349e-07 -1.034650079424849239e-07 -4.721254224527124118e-09 -1.043071306689706221e-06 -1.245051111001580406e-07 -3.921422169595992927e-07
9.215425617950214754e-01 -5.277259600158149362e-07 -3.243187629225550310e-07 -3.302768893646208644e-08 -1.023195862534952156e-06 -5.870289417882855011e-07 -1.301364160425718445e-07 2.479223191653145011e-08 -1.294433197786004099e-06 -6.916269571037830619e-07 -7.310210148200094624e-08 1.483275740286245848e-08 -5.100589985375505283e-07 -2.739479843944011791e-07 -1.815715895132423802e-07
9.257400405750663142e-01 -1.344463276176448380e-06 -1.873120230114928945e-07 2.484539530452720953e-08 -9.104364360859342790e-07 -1.686277525697105526e-06 -1.452049703467106818e-07 2.909997466263497727e-08 1.326621876136056658e-07 -8.626778534081949580e-07 -1.247629009594038302e-07 5.288345453694767518e-08 2.034269419995987252e-08 -2.264353416006259230e-07 -1.357841597189035847e-07
9.299303352268617484e-01 -8.295542329735432066e-07 -1.440365532987684533e-07 3.081219715285041546e-08 3.358052480872100966e-07 -4.103287389446803053e-07 -5.791759220494309428e-08 -2.629150363849113046e-09 9.610815786908791221e-07 6.734157801953935561e-08 -4.711396465114761420e-08 -1.577935058479645125e-08 -6.767436557821468162e-08 9.405374402506850996e-08 -3.171765376645047817e-07
9.341108300097852313e-01 -7.166399382258999584e-07 -2.157616805649869906e-07 2.244368236510717489e-07 -3.754141134769915053e-08 -1.273103639624319084e-06 -1.124854299410021989e-07 5.656326192970438412e-08 -4.930282112848171947e-07 -1.198432065374376061e-06 -9.679977334016266485e-08 1.157255722348418526e-08 -2.561654211636599570e-07 -3.357667532693563405e-07 -2.071810850277819641e-07
9.382896253999645220e-01 -3.348905617890774971e-07 -1.121012594748517977e-07 -2.616363653855184448e-08 4.343421978102011348e-07 5.526805198013685803e-08 -7.498800549747555360e-08 -2.801415789527496662e-08 8.960284589291898247e-07 -2.582288323337442973e-08 -7.402437752369474866e-08 2.564995311078834895e-08 4.175927158110101954e-07 6.207672402873242824e-08 1.992406029265455870e-07
9.424819561228944265e-01 5.428648161296373124e-07 -2.056067073534044186e-08 1.438431408807969292e-07 -4.877808808411601570e-07 -4.215459522625496604e-07 -2.850259568827314882e-08 5.987525718962086299e-08 -5.822512272016113313e-07 -6.725752749472659694e-07 -3.258746642696217939e-08 4.803289077974786804e-08 -1.907283846168376443e-08 -2.201266294424990384e-07 -5.332953976584793991e-08
9.466849863120379016e-01 -4.633538639787918476e-07 -1.299699607541395907e-07 -1.393320127325678367e-07 -1.218143842905258245e-06 -1.302672428065875205e-06 -2.901490306665279524e-08 -3.057894744378880932e-08 -4.554479890503090747e-07 -6.422368167075792459e-07 -1.840082064655279134e-08 -2.528030756716665460e-09 9.715128155273961603e-08 -1.593195265923734985e-07 4.555480518284462885e-08
9.508714331057195324e-01 -5.490754513265942586e-07 -6.617021993899583373e-08 9.478956511055893647e-08 1.363488290329888237e-07 -1.073536330768155378e-06 -1.296332674146928744e-07 1.508092954444106940e-08 9.434784669710779272e-07 -3.716396992113571977e-07 -4.784146630007053481e-08 5.541523872829588194e-09 4.727122769539740332e-07 5.555873017204401317e-08 -9.252285386880407315e-08
9.550563230073290111e-01 -1.565662628343930696e-07 8.381563985365441719e-08 -1.702326951456477902e-08 -3.301385109400037187e-07 -6.416611621172951866e-07 1.356845881247965915e-08 -5.720557241673754197e-08 2.321433954595412015e-07 -3.674213763200822157e-07 4.736202623744217254e-09 -3.191331452288243488e-08 -1.057507926156251657e-07 -3.394892751896021397e-08 -2.137244574983409342e-07
9.592513211539739348e-01 1.158555145685816991e-06 -6.332690041680861765e-09 1.349113239419032247e-08 6.317850047220445045e-07 1.314982134508105947e-06 -2.995045819169100780e-08 2.329893253491810181e-08 -2.752461283174457831e-07 7.462713136052429156e-07 -3.248724824520067052e-08 2.937313477448219709e-08 -2.814167686596320595e-07 1.361107252725859776e-07 -5.422547907350287350e-08
9.634451052878124644e-01 1.151088280613126255e-07 1.233883096546449763e-08 -4.830969727021437586e-08 6.691320556673592599e-07 5.279421375518573152e-08 1.092068221000655633e-08 1.366748099554900269e-08 7.233942214305738793e-07 1.892414694023262778e-07 -5.591450785946718388e-09 -8.594495835960365172e-09 -1.269780504717619184e-07 -2.319171251202520051e-08 -2.988275528866673099e-07
9.676230540453005791e-01 -1.539884465875053796e-06 -2.365870855054275211e-08 -1.019549690661843177e-07 -3.202465632087268104e-07 -2.268179997666232403e-06 6.402285615247621141e-08 -2.943373475506878880e-08 -7.653440403919356843e-07 -1.138048010214438074e-06 7.505234266188888184e-08 -3.575186707350395289e-08 -4.669178784332163045e-07 -2.589932531906672353e-07 -2.082015167713043554e-08
9.718094297475188270e-01 1.098554804723428933e-06 -1.522394719589825180e-07 -1.909379840278817177e-08 7.069866433323371935e-07 1.128174108758056950e-06 -1.670422662742181948e-08 7.450172975112290106e-08 1.444086784141877373e-06 8.353505372371200062e-07 1.956881496727120807e-08 3.869498172386924207e-08 2.008533379611631825e-07 1.828981073759602244e-07 -2.072699745864901266e-07
9.760091362076940280e-01 -4.662119489919096372e-07 -1.116970502108073566e-07 6.232685099842088078e-08 -6.777323434164862030e-07 -1.022233862326259670e-06 -6.307397489883173292e-09 6.301589563679414483e-08 -5.557140779672781253e-07 -4.682653488312544801e-07 -1.214697427232037239e-08 4.024475707797471581e-08 -5.126703822703314189e-07 -2.017468834332902138e-07 -3.639721058770678443e-07
9.802075838006468755e-01 -1.907802756951667260e-07 2.468068281761430747e-08 4.802828407380310851e-08 -2.317644511034076928e-07 -1.305948754306471659e-06 6.924514127151053920e-08 -6.238336885868315257e-08 1.007446356814907001e-07 -8.037189299110120779e-07 2.701073942995992835e-08 -3.761214037907622618e-08 2.845439329940892505e-07 -1.535564426052436245e-07 1.649232025755521962e-08
9.843901124947946890e-01 -1.604007207309409920e-07 4.731126577547993932e-09 -1.145625579193066151e-07 -2.804125521195554717e-07 6.432085075926744566e-09 -9.229260889710455424e-09 -8.192326966472697063e-09 -4.523324147791031248e-07 -5.243018172030257274e-08 4.695758603224328494e-08 -2.040649508807122992e-08 2.434932688486832401e-08 -5.607743915324127415e-08 1.658433832628064222e-07
9.885650797815361823e-01 -8.817790510976868247e-07 1.934480040285126320e-08 5.419059759887146369e-08 1.251076809174635399e-07 -2.439611886761071416e-07 3.252756243746292852e-08 -8.248563404158612425e-10 5.448422760970284691e-07 1.831101700960600853e-07 -4.839636949529211714e-09 -1.140781317425130503e-10 5.198920918849728170e-07 4.255292850733671085e-08 1.346616967102633056e-07
9.927561705083151056e-01 6.344828289180351557e-07 -6.344527905968583544e-08 -1.012514414639267044e-07 6.319539929314999392e-07 1.457969097503091492e-06 -9.789690798715296876e-09 -1.119433601628136333e-08 1.120109379388332750e-06 5.246896714393663060e-07 5.423330462829555858e-09 -2.033542740049403233e-08 7.423088511787468172e-07 -1.116474246286541718e-08 4.280708887391426810e-08
9.969400597939003239e-01 1.538064407296565500e-07 -9.246405952926129986e-08 3.608183319953463963e-08 1.791568732772082973e-07 -6.963742430672169023e-07 2.112948928009783820e-08 3.602070876986683126e-08 -6.709781468825671059e-08 -2.518635193537095107e-07 3.201054799086698909e-08 -1.137488072740050268e-08 6.472495289165782274e-08 -4.679939416003492518e-08 1.229178966730056169e-07
1.001125867816581083e+00 -5.334769119559781673e-07 4.943529773320282090e-08 8.663169680552456105e-08 -2.858403422042994173e-07 -1.896978434771465453e-06 -1.129974386079863826e-08 3.554990676984049932e-08 5.294205650903246521e-07 -1.450357753777818153e-06 -1.232590137310780142e-08 1.762746201208894486e-08 5.105458548429027328e-07 -3.443804259213784291e-07 2.850948303728141054e-07
1.005315482813002204e+00 -5.813376967079212287e-07 -1.131718486351470008e-07 1.863544892588054405e-07 -3.371245723234488537e-07 3.072936545610015288e-07 4.629357003885059490e-08 3.610273088786625733e-08 -9.032687995622792098e-07 9.044236730811256172e-07 1.122077682638052683e-08 1.303864499201366911e-09 -3.611358567974318815e-07 2.389997295460184340e-07 8.030116104180112945e-08
1.009503724426713545e+00 -5.331830664461037902e-07 -1.367837619628960652e-07 5.824513356228787569e-08 3.467737382532960258e-07 -6.797002397674303245e-07 -6.600941343481279119e-08 4.694121424751684969e-08 -7.076952175859975412e-07 -7.026921625438876991e-07 1.534876792902265531e-08 -3.767953583277384697e-08 -1.387396272169968515e-07 -1.885972735681393181e-07 4.018679762523457673e-08
1.013699103815393299e+00 -2.596640274051705675e-08 -2.327057543996191864e-07 7.662109273677236354e-08 -2.876514821561463821e-07 -8.124012349982286708e-08 -1.571249872791090408e-08 6.021231200916278583e-09 1.175625825709089180e-06 -3.611745636245240421e-07 2.708114138989732373e-08 -4.188287527859206962e-08 1.109627887096441029e-06 5.790083140120972119e-09 -6.065859798495151172e-09
1.017885842421875964e+00 -4.296857666352929996e-07 1.271326700437028750e-07 -6.351503860638681110e-09 5.402205819328992638e-07 -4.362175571331498239e-07 1.086289940731356214e-07 -5.582540826623277486e-08 8.495700060749265479e-07 -1.644124631704416791e-07 8.716932319384253537e-08 -4.116372420194295988e-08 5.851799743912788377e-07 -1.986230593204512451e-07 5.615319849530253928e-08
1.022076284359184406e+00 4.354295542464151710e-07 9.621378433610332309e-08 -7.970437166225079673e-08 -1.476355709719316226e-07 -3.331368701252961497e-08 8.652654373064068196e-08 -7.255443316295025098e-08 1.207170687658519498e-07 -1.220140806881025628e-07 6.554596132098359948e-08 -4.155649976135201299e-08 4.069321397329893529e-08 1.433258560738860416e-08 -4.002621956603137922e-08
1.026273875264014812e+00 -1.596417409767466506e-06 -1.347963120698172780e-07 5.484168436078042999e-08 -1.814245284787287282e-08 -2.031711204583729738e-06 4.921999944095792561e-09 2.616703726162604852e-10 1.774924305942219453e-07 -8.359794904646285429e-07 4.055165818877814189e-08 1.045393939775424538e-08 -4.004165190871751556e-07 -9.363642065990474147e-08 -6.204867161910895392e-08
1.030463237552156075e+00 -5.737070644165962250e-07 1.589957734225363773e-07 -2.415866128277359419e-08 -3.322655410076289294e-07 -5.676598048164579887e-07 3.023937292492815159e-08 -1.261681319849921455e-08 -7.457804514474934815e-07 -7.258627765945110125e-07 -1.061252078294953936e-08 -9.789004782777721508e-09 -4.459950805422673595e-07 -1.921285129558179604e-07 3.796542364536440345e-08
1.034646639530784062e+00 -4.060757849916001367e-07 -6.773413906784126844e-08 -4.177030395618883589e-08 -2.416997701963705200e-07 -6.736482417684852251e-07 -4.609466643967238589e-08 -7.140240302453274840e-09 3.092189198460313391e-07 -2.854218492445099912e-07 -2.037030953926984784e-08 6.820127041410579672e-09 -3.272694300312329522e-07 -1.045394078811658220e-07 1.747493748989178234e-07
1.038830480088573260e+00 -5.852716884986251428e-07 -9.037470519822290397e-08 -1.800332324518648757e-08 9.006882592063001531e-07 -3.620594393229320827e-07 2.419501301960204981e-08 2.249211786702328355e-08 4.164848038199350268e-07 -1.269417391469058795e-07 2.964441374389519134e-08 1.176709680172279206e-08 1.845030743778099322e-08 3.974619102620737510e-09 9.336584209707218564e-08
1.043023229532383578e+00 1.733409241945529070e-06 -5.937233072758281736e-09 1.395776281806743906e-10 8.684477025516107778e-07 1.344674377047663317e-06 5.392130691517253436e-08 -4.264900161001069937e-08 -1.088177346549535284e-06 5.066027873552336489e-07 4.354138539946589599e-10 -3.570954631817239650e-08 -1.184275554554564203e-06 -2.279051978858221212e-08 -4.665318629886221415e-07
1.047211320931656031e+00 -2.869486460107686711e-07 -5.654309312865195522e-08 1.260560542595757461e-07 4.732116220169806890e-08 2.868170591177276425e-08 4.757902577458278162e-08 8.778310824209994032e-09 -1.268950280469147304e-06 3.810940997499638710e-08 2.187652520704173774e-08 1.200220632781756962e-08 -3.109021342918102850e-07 3.492838328106040774e-08 -9.309801181114264368e-08
1.051395396220772938e+00 9.402161166403116221e-07 7.283602486391967293e-08 -1.414762858384037633e-07 -5.468002813234199032e-07 8.399379989695097619e-07 5.260647015244869931e-09 -4.279236468239950810e-08 -8.209934952783472760e-07 -6.774414483217614212e-07 -1.617680180082455635e-08 -8.601494389883844976e-09 -4.114219903994731058e-07 -2.573928157445019892e-07 4.730285723301314644e-08
1.055587561333155788e+00 -6.838967535560884623e-07 8.905666430355213707e-08 -1.255013674828708924e-07 -4.812692703536572921e-07 -6.551997285808840348e-07 -1.281937871718871928e-08 -4.695226988035606932e-08 -4.103438078813929972e-07 2.160299505725225526e-07 -4.642927128977536984e-09 1.812233195934567269e-08 -1.617587479135297401e-07 6.671809102242525170e-08 -5.880849047519686238e-08
1.059780855230085139e+00 3.136813257477723616e-07 -5.408921476659548667e-08 6.777167647981416998e-08 2.665481533001526213e-07 -4.202176993795182517e-07 -1.014655699101850686e-08 -5.159221066074804557e-09 1.404215477668159191e-07 -6.155266835316876548e-07 -7.708540204006232988e-09 -9.043788926557769403e-10 -1.679909969714269327e-07 -2.813271377156189445e-07 -8.803885566389477765e-08
1.063968553353427993e+00 -4.385174568745964796e-07 8.059706860803172096e-08 -7.039316462863773060e-08 -6.388791826271847100e-07 3.066542827282713889e-07 1.353158609029663747e-08 -2.679289823943178028e-09 -9.041722374063711943e-07 -2.607819355334473357e-07 -2.766103629207133684e-08 2.365691062622312771e-09 -3.756417168511284294e-07 -2.000203362934290890e-07 1.234188836939243113e-08
1.068144877931138659e+00 -7.175869231477539034e-07 7.930109518230233886e-08 -6.440378082977987365e-08 -8.386109692528404839e-07 -1.066791528214952897e-06 -3.672106801226533840e-08 1.280938855818495352e-08 -1.241335541943329947e-06 -4.605848031529497101e-07 3.525063352378923939e-09 -2.055000725230923867e-08 -4.938892166099316954e-07 -5.804697629050629025e-08 -1.293733953819114453e-09
