# Columns: ('k', 'S1', 'S2', 'S3', 'S4', 'S5', 'S6', 'S7', 'S8', 'S9', 'S10', 'S11', 'S12', 'S13', 'S14')
5.345493089407682419e-03 -1.745521375868055358e+01 9.419116753472221717e+02 4.582456800672742503e+01 -9.792423672146266966e+00 -3.149053955078125000e+01 3.682422417534722285e+02 3.516048177083332860e+01 -1.760521613226996607e+01 -1.415068223741319287e+01 2.877832031250000000e+02 1.951291741265190893e+01 -9.338311089409721433e+00 -1.699328210618760826e+00 -1.566765997144910827e+00
9.344366739594166943e-03 3.298599144720262188e+01 1.310217489919354875e+03 -5.032938508064516014e+01 -3.343033821352066504e+00 3.595673985635080783e+01 6.060822832661290249e+02 -2.698132324218750000e+01 1.232808759135584609e+01 2.642316264490927225e+01 3.858439390120967687e+02 -2.286115289503528203e+01 1.922520594443044217e+01 7.300672469600554493e+00 5.724863360005040036e+00
1.312833575873958818e-02 1.740203732860331343e+01 1.256290896045918316e+03 -7.079208187181122014e+01 8.228052256058672853e+00 4.248137555803570820e+01 5.419340720663265074e+02 -3.939079191246811007e+01 2.384358557876275242e+01 4.266556222098213880e+01 3.483956074617346417e+02 -2.840399792729591510e+01 2.768725087691326436e+01 1.299458780094068722e+01 9.710845324457906713e+00
1.700891779646987109e-02 -4.860486886160714448e+01 1.350470089285714494e+03 -1.135721354166666828e+02 -3.483649553571428914e+00 -7.206788969494047592e+01 6.098296502976190823e+02 -5.392763206845238244e+01 -5.062280505952381304e+01 -6.588775576636905384e+01 3.858975818452381077e+02 -3.510745907738095895e+01 -6.667555803571428896e+01 -2.370945405505952763e+01 -2.547302827380952550e+01
2.135270783943789275e-02 -4.002965401785714050e+01 1.263237767857142899e+03 -1.756292075892857270e+02 -2.575670479910714405e+01 -1.109503794642857173e+02 5.831437053571428351e+02 -6.265141183035714079e+01 -1.107954910714285717e+02 -8.797334821428572127e+01 3.836862499999999727e+02 -3.550930245535714391e+01 -9.727513392857143515e+01 -2.390489118303571558e+01 -2.657290736607142989e+01
2.564347439342075027e-02 5.680444878472222570e+01 1.454416111111111150e+03 -4.484528124999999932e+02 5.325293836805555259e+01 7.574392361111111249e+00 7.090347222222221717e+02 -2.041901215277777908e+02 -4.690562934027777686e+01 -5.613829427083333456e+01 4.302758333333333098e+02 -8.989128472222222399e+01 -9.857779513888888800e+01 -2.278482855902777615e+01 -2.952155164930555387e+01
2.962205054058980949e-02 1.677535655886627808e+01 1.163331914451827288e+03 -3.381138133305647671e+02 5.054676144622093581e+00 -6.080937240448505321e+01 5.240947882059800804e+02 -1.456766637250830740e+02 -8.124935112126246395e+01 -6.522280549210964296e+01 3.084428467607973516e+02 -7.298518609842193428e+01 -8.067155056063123197e+01 -1.750268960236710925e+01 -2.104874863735465240e+01
3.361537140302770649e-02 6.909195579068241955e+01 9.098310367454067773e+02 -2.929617577099737673e+02 7.260153686843831622e+01 6.554140522473753094e+01 3.975952263779527698e+02 -1.168907172736220446e+02 4.935559178149605941e+01 1.685565457882217899e+01 2.167709153543306968e+02 -4.567896981627296782e+01 2.500959901984908029e+00 2.559448562582021136e+00 -2.724314612040682482e-01
3.793950633336700545e-02 8.588274408931698645e+01 7.734106830122592555e+02 -2.794433012259194697e+02 7.899407563485114281e+01 8.149324102451838314e+01 3.681305002189141646e+02 -1.263556397767075339e+02 3.749010439470227851e+01 9.464736003174255785e+00 2.034966889229422122e+02 -5.201225235332749719e+01 -2.246990272000875777e+01 -3.849850095090849411e+00 -9.544718353218039297e+00
4.227894994616508695e-02 3.062071875000000176e+01 6.320936000000000377e+02 -2.637761500000000296e+02 -1.178945312500000142e+01 -3.236067187500000131e+01 2.758013500000000136e+02 -1.038303062500000067e+02 -8.336376250000000709e+01 -5.461876250000000255e+01 1.506194250000000068e+02 -4.706347500000000394e+01 -7.988814374999999757e+01 -1.821101093749999933e+01 -2.286962031250000038e+01
4.633325468672155889e-02 1.490140174897119323e+02 6.963662980109738783e+02 -3.198127786351165582e+02 9.787776491769547249e+01 1.181646090534979407e+02 2.946802126200274188e+02 -1.247661822702331875e+02 5.492335390946501406e+01 1.626753257887516924e+01 1.422157171639231592e+02 -4.466875375085733424e+01 -2.109163478437928418e+01 -3.710971324695644391e+00 -1.091733646262002644e+01
5.038752484052157893e-02 1.794724366041896531e+02 6.177234013230430492e+02 -3.078008544652701062e+02 1.041505908902976927e+02 1.717585791069459731e+02 2.628608048511576953e+02 -1.233997984426681427e+02 9.738284695424476922e+01 5.741223642502756519e+01 1.232907593715545715e+02 -4.671947784592061481e+01 2.293091062568908356e+01 6.796128311914277909e+00 1.452680055729741015e+00
5.464179025701254577e-02 1.781607983241505906e+02 5.289630394857667852e+02 -2.822150195133149850e+02 1.155647741620752953e+02 2.149478592745638252e+02 2.301774276859504198e+02 -1.118380466597796072e+02 1.431750315656565533e+02 1.009650195133149708e+02 1.126699093204775011e+02 -4.229564824380165078e+01 6.289184458218549167e+01 1.796445276629935606e+01 1.109086873708677601e+01
5.886817576171304162e-02 1.846391237990392256e+02 4.611652321857485504e+02 -2.625164131305043611e+02 1.365766237990392256e+02 2.616782676140912827e+02 1.982087294835868647e+02 -1.045739091273018317e+02 2.132713670936749395e+02 1.570250200160128031e+02 9.586598028422737627e+01 -4.141995471377101268e+01 1.306913030424339297e+02 3.696086869495596261e+01 3.152527647117694087e+01
6.290140616743733482e-02 1.295335144927536248e+02 3.969550676964149716e+02 -2.361498855835240533e+02 7.326252622044241036e+01 1.179616347254004580e+02 1.678351449275362484e+02 -9.465290689359268583e+01 6.842332904271549410e+01 3.830567076659038861e+01 7.790161970823798754e+01 -3.684189073226544764e+01 1.525818941885965074e+01 4.665384695604500642e+00 1.718217397263539503e-01
6.703999982739437813e-02 1.846759848711803613e+02 3.719105751947274143e+02 -2.274471801977231848e+02 1.198395184242061191e+02 2.400880017974835425e+02 1.595514904134212202e+02 -9.236174355901738409e+01 1.667386533852606476e+02 1.231182968843618966e+02 7.061428999400838791e+01 -3.303073041491911255e+01 8.774636758538046877e+01 2.463785622004194309e+01 1.938295760934691359e+01
7.134254604642074893e-02 1.763865865126276447e+02 3.440707616872649623e+02 -2.208927491939817571e+02 1.032146779285330496e+02 2.191163688876947901e+02 1.482657845244492307e+02 -8.916635881246642725e+01 1.365983342289092093e+02 1.057628291241268244e+02 6.479179540569586493e+01 -3.144242846587856377e+01 6.755051887426115798e+01 2.078144730655561645e+01 1.433264415972595529e+01
7.561818311969153994e-02 1.987565047961630853e+02 3.118618705035971175e+02 -1.960945743405275721e+02 1.134832434052757861e+02 2.429400779376498747e+02 1.336499850119904238e+02 -8.004025779376499372e+01 1.585087679856115130e+02 1.185257494004796257e+02 5.753023830935251937e+01 -2.810900779376498804e+01 7.967196492805756236e+01 2.265031474820143842e+01 1.617656812050359605e+01
7.973924982214039558e-02 1.948555960302891208e+02 2.784823887104176379e+02 -1.819588400642496708e+02 1.118762907296925277e+02 2.455621271225332691e+02 1.200305400986691211e+02 -7.373415270766406593e+01 1.730995582836163464e+02 1.293538893988067855e+02 5.233410538090867448e+01 -2.630498508490133247e+01 1.009572983593391484e+02 2.737686080197338256e+01 2.334322653740247944e+01
8.385356877962653332e-02 2.072643027413587618e+02 2.522367649980135127e+02 -1.685129121970599897e+02 1.232769542113627352e+02 2.660806515693285519e+02 1.068597288438617454e+02 -6.741116035955502639e+01 1.934971568335319887e+02 1.433786750099324649e+02 4.602887862534763741e+01 -2.384503656386571180e+01 1.143609331545490591e+02 3.073872665872070087e+01 2.625890196662693654e+01
8.809929214337092196e-02 1.866323941197059924e+02 2.128021744837241727e+02 -1.404266275813790799e+02 1.032283754812740568e+02 2.349368218410920406e+02 9.042843235911794864e+01 -5.699240899544977168e+01 1.593430609030451421e+02 1.225433584179208992e+02 3.826677076041301717e+01 -1.993275288764438358e+01 9.096553421421070595e+01 2.524249103080153844e+01 2.029732482717885844e+01
9.230415729057904473e-02 1.936421347375459732e+02 1.927492686392510848e+02 -1.270146481109996586e+02 1.045045971247074448e+02 2.428339393179538490e+02 8.083591921598127783e+01 -5.088796598127716209e+01 1.649334252758274602e+02 1.262893472082915309e+02 3.334465636492811313e+01 -1.699026506603142650e+01 9.496079906385823222e+01 2.572460610999665676e+01 2.097372586509528603e+01
9.643309047658384092e-02 1.661397871857012944e+02 1.650735761890336164e+02 -1.095513764768251974e+02 9.560831944865192611e+01 2.179367994547106946e+02 7.102566457134201983e+01 -4.443334406240533241e+01 1.539137950621023947e+02 1.174966298091487431e+02 3.059464934868221775e+01 -1.562508283474704562e+01 9.063683353529233955e+01 2.434420914116934398e+01 2.013577325053014278e+01
1.005689403076158450e-01 1.644775946704067451e+02 1.463026384992987516e+02 -9.371095722300140096e+01 9.954779978962132247e+01 2.332336430575035138e+02 6.651114130434783078e+01 -3.994804523141655039e+01 1.684734572230014180e+02 1.318126577840112361e+02 2.976369214586255296e+01 -1.445005040322580747e+01 1.028462482468443255e+02 2.803385343618513303e+01 2.329532126577840145e+01
1.047818677762802908e-01 1.447738673139158436e+02 1.270517021409011704e+02 -8.299222056260890668e+01 8.263093571072940335e+01 1.899241038088125322e+02 5.484929284914115044e+01 -3.395208255538959463e+01 1.366071072940004854e+02 1.043487521782424636e+02 2.416438729151107623e+01 -1.236658362117251642e+01 8.234800535225292606e+01 2.207308003485188053e+01 1.847798030246452683e+01
1.090277847809041356e-01 1.362212990936556025e+02 1.117356350220776164e+02 -7.198599814083198112e+01 7.901803973971647110e+01 1.863776435045317328e+02 4.945165436904485290e+01 -2.992115602486637371e+01 1.341852922379734991e+02 1.051476295607715485e+02 2.192796813269811906e+01 -1.069942300429932658e+01 8.243654136648849828e+01 2.248692772484313096e+01 1.877209214501510459e+01
1.132170039508717807e-01 1.202726257445400364e+02 9.545621690933155890e+01 -6.069855090447826740e+01 6.627850623207588399e+01 1.601350650783145682e+02 4.130972865651885684e+01 -2.503583098941098584e+01 1.141876516655636351e+02 9.070967074784910267e+01 1.838504439664681200e+01 -9.194727381149348844e+00 7.209135782042797302e+01 1.977287047760864525e+01 1.685236563809838728e+01
1.174008294871188018e-01 1.135783728167034781e+02 8.683963436057017304e+01 -5.390119328448103175e+01 6.376396556916282066e+01 1.546029788195141634e+02 3.781258155992772885e+01 -2.194690919243123872e+01 1.107436759686809893e+02 8.877424212005621484e+01 1.720245369905641297e+01 -8.004809683045573721e+00 7.033932694238104943e+01 1.945104992722345116e+01 1.645897535635414499e+01
1.215998224695146873e-01 9.357319905213269351e+01 7.062635071090046779e+01 -4.332436018957346135e+01 4.985426540284360186e+01 1.235051895734597167e+02 3.065209715639810284e+01 -1.763885959715639729e+01 8.614109004739336228e+01 6.967463270142179965e+01 1.380403139810426438e+01 -6.302544431279621051e+00 5.456970971563981010e+01 1.524191498815165779e+01 1.284345231042654056e+01
1.257670529567683493e-01 7.687128095492606406e+01 5.705220581685373560e+01 -3.478007527169071977e+01 4.192682723142704759e+01 1.024263539996436805e+02 2.497411143773383202e+01 -1.432167930473899986e+01 7.220230380367004841e+01 5.774520087297345583e+01 1.130924861927667990e+01 -5.200757101260466975e+00 4.533697443434883212e+01 1.250391112150365203e+01 1.049900760511313003e+01
1.299386816717305049e-01 7.836714247488885121e+01 5.482458216696855402e+01 -3.213396900214062413e+01 4.452269265601844239e+01 1.101575930347439538e+02 2.477497735880125163e+01 -1.359518308496624428e+01 7.918252922772929026e+01 6.450722460069158615e+01 1.174338516795652865e+01 -5.168027282644492182e+00 5.116994277951589254e+01 1.429270181541248164e+01 1.205559958010867838e+01
1.340949335765710126e-01 6.510002677296526485e+01 4.516294819927018978e+01 -2.656496410439473621e+01 3.530949795732191632e+01 8.732699706488973845e+01 1.973003926701570876e+01 -1.089030397231477210e+01 6.251690167380613161e+01 5.056320402982706952e+01 9.291296059416151110e+00 -4.158309101320799783e+00 4.034795930509281447e+01 1.119171674202760691e+01 9.492128004521656948e+00
1.382635144665005922e-01 5.586629655122446536e+01 3.804768330676713362e+01 -2.179602140994058956e+01 2.993294450079698876e+01 7.488826800463701261e+01 1.667247500362266521e+01 -8.975863439175482128e+00 5.219870761483843324e+01 4.253251793218374388e+01 7.735425572380814963e+00 -3.372453380850601423e+00 3.307224043616866993e+01 9.190300205586147797e+00 7.643566149833358025e+00
1.424925284902303357e-01 4.865976175952283711e+01 3.260738189643486606e+01 -1.875195921445031644e+01 2.641110673376711304e+01 6.630619662464415853e+01 1.447316511623966306e+01 -7.843755824691608147e+00 4.740190795716415550e+01 3.874128202521350062e+01 6.900041937779584522e+00 -3.011514091517554448e+00 3.093297156703266637e+01 8.620910007455604429e+00 7.345696506032261652e+00
1.466886314558672189e-01 4.247213126892194168e+01 2.768524376398578113e+01 -1.534195447216006158e+01 2.337027157101487163e+01 5.898840413979201713e+01 1.254467326740818578e+01 -6.487290933098591061e+00 4.229211366328813426e+01 3.486343704751875805e+01 6.164191559990785052e+00 -2.568086600796366969e+00 2.767189762406212594e+01 7.777274335263919092e+00 6.542056588949584750e+00
1.508619291163366127e-01 3.509366643369393302e+01 2.244519189862647579e+01 -1.235668853318342109e+01 1.855628950407195887e+01 4.706123890847210589e+01 9.875897388173088487e+00 -5.089377487996840088e+00 3.295773444147319964e+01 2.712005819253677075e+01 4.724517974352741234e+00 -1.962436233210769432e+00 2.130302282119849266e+01 5.965883580740245939e+00 5.003759534155828526e+00
1.550655720814744509e-01 3.086276524425789702e+01 1.937154963856826129e+01 -1.043175880989856630e+01 1.636896460009327114e+01 4.166825157397691015e+01 8.579047707531771039e+00 -4.343294111431736049e+00 2.973761768392211735e+01 2.454134604173953349e+01 4.216008292526524315e+00 -1.735417486446309887e+00 1.962813702343476763e+01 5.510542821645096900e+00 4.680515477439663563e+00
1.592593054631499527e-01 2.635837416511551368e+01 1.625131391656629987e+01 -8.492055766177598386e+00 1.394062568433154503e+01 3.572628791196758868e+01 7.233424634566954836e+00 -3.564861585390890042e+00 2.526382862969451537e+01 2.099707790430307597e+01 3.572537860642724272e+00 -1.427475184427351440e+00 1.664815435782327668e+01 4.693537942762509907e+00 3.965343739735026851e+00
1.634144798183441161e-01 2.231337999999999866e+01 1.375480999999999909e+01 -7.190546666666667086e+00 1.181465833333333393e+01 3.032533333333333303e+01 6.152379999999999960e+00 -3.031345416666666459e+00 2.128490000000000038e+01 1.769873000000000118e+01 3.025028750000000155e+00 -1.221313124999999999e+00 1.387316000000000038e+01 3.906011250000000157e+00 3.252707500000000085e+00
1.675823816150099899e-01 1.880598559355540189e+01 1.137688497701887869e+01 -5.723363212908965103e+00 9.844105991153503155e+00 2.538082559059009569e+01 5.065727859049125037e+00 -2.407199052337649636e+00 1.776080637787881855e+01 1.483927733023623574e+01 2.519035294862607355e+00 -9.818818070759611771e-01 1.159289438568745645e+01 3.276047973089848853e+00 2.719913342023327019e+00
1.718045808093531246e-01 1.583182400932400924e+01 9.447874417249417789e+00 -4.620530667249417078e+00 8.568180361305360648e+00 2.225502913752913869e+01 4.353661130536130131e+00 -1.980965180652680679e+00 1.589292249417249359e+01 1.344157051282051363e+01 2.260240748834498881e+00 -8.379889641608391226e-01 1.066745046620046544e+01 3.050672712703962564e+00 2.562153627622377527e+00
1.760135070798979073e-01 1.303490261588197896e+01 7.703337013933157174e+00 -3.700175658523813915e+00 6.914217597441034258e+00 1.799528446862763076e+01 3.495670789317912863e+00 -1.569546261724797498e+00 1.275842079500956139e+01 1.078954557872689257e+01 1.810722426805391194e+00 -6.649098442764775907e-01 8.544300951643748476e+00 2.441524351721154673e+00 2.049784499931700310e+00
1.801930856696074279e-01 1.028531508396556227e+01 6.065227815190521454e+00 -2.892002227005370685e+00 5.311859336373711216e+00 1.385869970590742462e+01 2.692981936216008787e+00 -1.213996469024379854e+00 9.658320502301593891e+00 8.156872016452135554e+00 1.360920218065382326e+00 -5.054908435715199655e-01 6.376065552808797499e+00 1.817113510676839239e+00 1.510744435150456200e+00
1.843742315857553882e-01 8.595322768488479426e+00 5.010443962648698069e+00 -2.323898509639381160e+00 4.429464582813410267e+00 1.162070283254304925e+01 2.238495555954163496e+00 -9.810897335912154293e-01 8.177673446468679330e+00 6.944348691872556323e+00 1.157510651932035728e+00 -4.174587375738291195e-01 5.477564002578820812e+00 1.568523475844355808e+00 1.313622466023001367e+00
1.885797910080431738e-01 7.138488350805518579e+00 4.124871728782856906e+00 -1.860025389270022256e+00 3.692810307947274939e+00 9.726931656131965198e+00 1.853686201630309061e+00 -7.868731572304016320e-01 6.843657861520079599e+00 5.850082864410699024e+00 9.709024572670160724e-01 -3.388789306395976197e-01 4.612608277769212783e+00 1.330089115374238684e+00 1.113492551236221262e+00
1.927656394953895236e-01 5.783980994907726547e+00 3.320855707749445163e+00 -1.472953578470786562e+00 2.987413792690864600e+00 7.901503512902979587e+00 1.497364126273068585e+00 -6.215598961324565463e-01 5.549975112948924760e+00 4.760581782678612761e+00 7.894872549582664378e-01 -2.696123497803239455e-01 3.752332263668734402e+00 1.084997430531625895e+00 9.074677305881002631e-01
1.969014248243030341e-01 4.634822004744418855e+00 2.655467500272667536e+00 -1.171663753476514191e+00 2.341797585072347587e+00 6.211565203955500714e+00 1.178314575115429363e+00 -4.908100306524030843e-01 4.313476491492765241e+00 3.697268607303860755e+00 6.113267758625390291e-01 -2.100672708340907413e-01 2.894249209263433098e+00 8.361464032847378824e-01 6.956476541481858566e-01
2.010715633173454087e-01 3.851282426202435882e+00 2.184974497694901263e+00 -9.301112392916122129e-01 1.958097116261267479e+00 5.204256584153306164e+00 9.771126353600426695e-01 -3.925853149943233089e-01 3.648227579044244440e+00 3.144713754902635383e+00 5.197393902562272849e-01 -1.728497482023670373e-01 2.473518511749122961e+00 7.181641834531755642e-01 5.986518962232505459e-01
2.052920281681521186e-01 3.134418616584564887e+00 1.758037125410508938e+00 -7.241934780377667913e-01 1.588900605500821017e+00 4.257599035303776702e+00 7.892011750821017468e-01 -3.045408713054187366e-01 2.976473983990147953e+00 2.585718390804597533e+00 4.245460668103448465e-01 -1.352505067220853840e-01 2.033993226600985249e+00 5.944399117405583244e-01 4.962482681650246530e-01
2.095172134954577381e-01 2.405366411221725009e+00 1.352374466400982911e+00 -5.560731837943418965e-01 1.226391935369541830e+00 3.280639117730451471e+00 6.109384475812803528e-01 -2.361623598071954933e-01 2.284638895233444433e+00 1.982384587061306824e+00 3.273416456311826761e-01 -1.049925365667924160e-01 1.551160897824648721e+00 4.528500168349505195e-01 3.767473337277896794e-01
2.136973926115405542e-01 1.974520591085271448e+00 1.102996487403100856e+00 -4.394874333817829770e-01 1.009698158914728694e+00 2.710039728682170690e+00 5.007959968507752491e-01 -1.866403070494186134e-01 1.915089268410852696e+00 1.670568798449612480e+00 2.760925387596899205e-01 -8.581134175145349596e-02 1.327950823643410772e+00 3.899471293604651057e-01 3.285006056201550395e-01
2.178750580088065492e-01 1.584443202554744579e+00 8.807369411496350775e-01 -3.451599566605839664e-01 8.079375000000000862e-01 2.170468065693430759e+00 3.995124030565693762e-01 -1.475328894844890604e-01 1.529692746350365118e+00 1.335735629562043947e+00 2.201577896897810305e-01 -6.796817974452555589e-02 1.055300866788321246e+00 3.101112853558394278e-01 2.592599509580292283e-01
2.220823861956562617e-01 1.262693164029446535e+00 6.996573685268234755e-01 -2.699446653145625152e-01 6.370475210836576974e-01 1.718799359733739429e+00 3.156659090828961567e-01 -1.148093772255951439e-01 1.199504221138658622e+00 1.050470768460540327e+00 1.727636129297822620e-01 -5.271384402258031537e-02 8.240009281392790541e-01 2.425240937200315861e-01 2.016716836208537755e-01
2.262696194198526023e-01 9.913609840739419088e-01 5.483599196492286998e-01 -2.067552934973170553e-01 4.919413357029148726e-01 1.333566131566668478e+00 2.449037504031262025e-01 -8.689399330167220381e-02 9.191681576617993787e-01 8.076649515219300746e-01 1.330078982715320879e-01 -3.944137564028448589e-02 6.291176768265905883e-01 1.857891527745375304e-01 1.539946375638140130e-01
2.304259489101245229e-01 7.821500587979671737e-01 4.314122282770951888e-01 -1.601788227386417851e-01 3.919500275330396466e-01 1.063533732949418775e+00 1.944572368148253794e-01 -6.749417307169205960e-02 7.418996263136246050e-01 6.542480494665888768e-01 1.078176818818500915e-01 -3.119543409734754080e-02 5.132162218532720921e-01 1.521417356513056762e-01 1.265624170691576900e-01
2.345870463846415066e-01 6.110239774997455742e-01 3.364154922268667303e-01 -1.223672775662314888e-01 2.996381246182623359e-01 8.138002939380057921e-01 1.490019051095587133e-01 -5.147647357699330906e-02 5.642006214371151351e-01 4.971374645302081841e-01 8.217788721918423134e-02 -2.403237298225794835e-02 3.891760868389576022e-01 1.151947597756654978e-01 9.569762633727477152e-02
2.388019837064606632e-01 4.848227109786125144e-01 2.651853512136098101e-01 -9.345900672283108390e-02 2.409275820891469411e-01 6.570501372175686638e-01 1.193020338600758040e-01 -3.962652637100643610e-02 4.593988942632646344e-01 4.072662605459131946e-01 6.699184332454256874e-02 -1.872855209345429192e-02 3.202884784389634643e-01 9.535916759892640315e-02 7.939368731291943093e-02
2.430077036534963875e-01 3.734028539230019317e-01 2.042117409249750437e-01 -7.105577489094518084e-02 1.841294595100556319e-01 5.021581599450862798e-01 9.124976692132601153e-02 -3.015515413557712937e-02 3.474861304259972417e-01 3.079982154159535135e-01 5.087383144938905505e-02 -1.434590097490030629e-02 2.398530685039580723e-01 7.133658942383694357e-02 5.889754158643559917e-02
2.471758823520590620e-01 2.932660076310646402e-01 1.599284003865831250e-01 -5.469381543350482905e-02 1.430544153469188451e-01 3.911542164865486337e-01 7.089298096545182393e-02 -2.304630801441423515e-02 2.691293526529087154e-01 2.390062056291676340e-01 3.938824725331972754e-02 -1.097352603957087863e-02 1.852157217356001362e-01 5.515902991348586165e-02 4.533325111106720207e-02
2.513692271335918882e-01 2.246283498260470135e-01 1.221063817639271853e-01 -4.084623247563701209e-02 1.097118458984289585e-01 3.013489349139534812e-01 5.442868486848223553e-02 -1.714253201275382082e-02 2.084765847227692537e-01 1.861348168228414701e-01 3.065348691916519250e-02 -8.184318046674994920e-03 1.450796502512198549e-01 4.345355894230559096e-02 3.588812698979257365e-02
2.555723892733414715e-01 1.734447686204003691e-01 9.434985488726037317e-02 -3.092639352289906773e-02 8.358325018361068004e-02 2.298841611002702123e-01 4.159988931426105568e-02 -1.290452354036218316e-02 1.579090086833104811e-01 1.411351436518956115e-01 2.335034356638933037e-02 -6.173939546815025367e-03 1.096782780033076776e-01 3.287591143599627452e-02 2.714785743435583695e-02
2.597674079539822323e-01 1.358871714515024476e-01 7.363351946898041844e-02 -2.343230583956780119e-02 6.554314445642996090e-02 1.810052378859105249e-01 3.258552273145621375e-02 -9.758066314937363650e-03 1.251169566037298730e-01 1.124481328134654262e-01 1.856517512838476436e-02 -4.716576739139669711e-03 8.797306784070313412e-02 2.652592868571590490e-02 2.203864421169599713e-02
2.639178238801485610e-01 1.027976607261612413e-01 5.564762159971608363e-02 -1.750273965047574945e-02 4.985351562499999722e-02 1.375779531473808048e-01 2.477218037810773391e-02 -7.377632317524490495e-03 9.544324787062614945e-02 8.573279555453243439e-02 1.420455817091262514e-02 -3.635306423711025074e-03 6.721512131196286099e-02 2.024918554847362703e-02 1.683483494555069321e-02
2.680749044740857179e-01 7.842529571541489997e-02 4.242671935919133108e-02 -1.321778736024968939e-02 3.769501841743002485e-02 1.040581197324649820e-01 1.876105201130125535e-02 -5.579047656833428966e-03 7.174077522173351318e-02 6.438852154718838205e-02 1.069433870310742066e-02 -2.763581460000527016e-03 5.016006805364277982e-02 1.508801753986111459e-02 1.245523859652924482e-02
2.723023151079725368e-01 5.924762620747827530e-02 3.195857201250230928e-02 -9.692131179298969432e-03 2.817520025940561945e-02 7.815339054411628295e-02 1.403909247030412331e-02 -4.022979595278124848e-03 5.355110640974532904e-02 4.833176440596690521e-02 7.994732087146422944e-03 -1.959820361427424152e-03 3.751873144007672467e-02 1.135258758370019834e-02 9.357828008729663152e-03
2.765128983200950685e-01 4.591973923476221076e-02 2.473208719638352732e-02 -7.334947717748588510e-03 2.179908014982900183e-02 6.052689928586552082e-02 1.085908071332034562e-02 -3.067395865936958961e-03 4.163984359177651945e-02 3.762331362540044521e-02 6.231532241018371623e-03 -1.522997761218691706e-03 2.930642684350489441e-02 8.871871364455986148e-03 7.327724838439444478e-03
2.807027537381580062e-01 3.435722247847478733e-02 1.846500410804889289e-02 -5.381472193279410697e-03 1.629799544716987320e-02 4.537461836671938253e-02 8.121024617577370444e-03 -2.240151375338390698e-03 3.099379176687972262e-02 2.809155346366521561e-02 4.646776648779322831e-03 -1.103347325195140963e-03 2.173216207608504730e-02 6.598537447079270112e-03 5.422404679194671451e-03
2.848857026249724811e-01 2.547572297088653709e-02 1.367007522633443932e-02 -3.912719097968983886e-03 1.219366726689985643e-02 3.391643423430378002e-02 6.059300123469358104e-03 -1.655123626251342765e-03 2.342486442087305526e-02 2.123763293223857040e-02 3.520074847479428420e-03 -8.373124453208586346e-04 1.656468465977664617e-02 5.031633607687787009e-03 4.156994307813886153e-03
2.890807262117984777e-01 1.943398799285269221e-02 1.042669254295805308e-02 -2.927109719549729049e-03 9.247778556294432295e-03 2.578109455797636049e-02 4.608685860271892303e-03 -1.227565376901643699e-03 1.771293471254597671e-02 1.610195834559687705e-02 2.676687485051792645e-03 -6.197527091772841697e-04 1.249570641747146417e-02 3.805221242001420329e-03 3.130160141607844261e-03
2.932785946948970324e-01 1.452170623399360455e-02 7.774546236531141262e-03 -2.146140978203347257e-03 6.822808250135812755e-03 1.906724080997982199e-02 3.400406907423802680e-03 -8.898902296984901065e-04 1.308706394695781546e-02 1.192524001297871200e-02 1.978191586018808370e-03 -4.484883220438139043e-04 9.270081078971526695e-03 2.829883362161440645e-03 2.332723215117671594e-03
2.974321087309398370e-01 1.077334596189767450e-02 5.763020026944822016e-03 -1.567652676268204738e-03 5.032493002368597368e-03 1.406488014673565670e-02 2.509041923826564342e-03 -6.565631112294854563e-04 9.598835242028928155e-03 8.741909256944721540e-03 1.450632249887938126e-03 -3.325318611904667086e-04 6.751271583638824431e-03 2.058033137651455249e-03 1.686435411089579712e-03
3.016123743882810904e-01 7.915705407062986060e-03 4.232503478066047126e-03 -1.135320647492286126e-03 3.639801782178276809e-03 1.019267609325079892e-02 1.818495726777632051e-03 -4.681214483909078988e-04 6.963680005592243552e-03 6.353766265641640036e-03 1.056524311845095411e-03 -2.381812704583380867e-04 4.933996416745112766e-03 1.507192519127134806e-03 1.242760583252807468e-03
3.058101292111336522e-01 5.914070594576400705e-03 3.154819965491257368e-03 -8.237583215430513634e-04 2.770233314467710536e-03 7.775376061352363803e-03 1.382141483962326736e-03 -3.417807663902468077e-04 5.385113732056766300e-03 4.934671240262198874e-03 8.211517700089142682e-04 -1.773346565525050372e-04 3.869191044948527662e-03 1.187631622901136027e-03 9.858675102872511194e-04
3.100168993294901143e-01 4.371469019269966921e-03 2.330511296139908990e-03 -5.983578539287354387e-04 2.000582509274948049e-03 5.624481860580648161e-03 1.000288518047280856e-03 -2.452061984894036073e-04 3.812055251988937920e-03 3.494028224264752319e-03 5.805715501638542475e-04 -1.246647094667014224e-04 2.685279783797150065e-03 8.235307344456732756e-04 6.717308723326888796e-04
3.142092030053749707e-01 3.173598020735155477e-03 1.689354367561635541e-03 -4.269355837335195064e-04 1.448016068222651373e-03 4.077328598680088866e-03 7.241158954854714754e-04 -1.749301485818799613e-04 2.780158078561891389e-03 2.553053013623957437e-03 4.240706113147929188e-04 -8.948885056107229279e-05 1.976356378875123408e-03 6.074864811303903748e-04 4.985360339583133193e-04
3.183867557675504334e-01 2.381045873454919540e-03 1.267117145374616971e-03 -3.136589808135391354e-04 1.087460037939156536e-03 3.068971931500099910e-03 5.445134514215128506e-04 -1.279139110372316368e-04 2.090177645345190835e-03 1.924376489960573627e-03 3.199939551065173371e-04 -6.584928705180162565e-05 1.489372212515872830e-03 4.588841271093030698e-04 3.770171139168358699e-04
3.225872781332082551e-01 1.704298270717830239e-03 9.051253553417747816e-04 -2.192655498935962700e-04 7.680050920316620119e-04 2.168512045183386590e-03 3.846727024170541200e-04 -8.937226900063278783e-05 1.469635979353609880e-03 1.353803519301286645e-03 2.254089897297329782e-04 -4.613350809790107423e-05 1.044188002816921973e-03 3.217928082709668107e-04 2.635238040449972398e-04
3.267666109043823597e-01 1.248841668449847874e-03 6.633836227275531454e-04 -1.597101836180473626e-04 5.663874309208612873e-04 1.599087320565894046e-03 2.836452756270985772e-04 -6.561743275135167234e-05 1.081766976043434508e-03 9.962774954665586796e-04 1.658945956914922078e-04 -3.403505033781857115e-05 7.664827155517778485e-04 2.361295189294134800e-04 1.929412285224473521e-04
3.309328770241455886e-01 9.259687256912216280e-04 4.904248939608971082e-04 -1.136506792263309527e-04 4.139320322723143717e-04 1.173065889517137727e-03 2.073440643258372311e-04 -4.590885744258138199e-05 7.865475222383583147e-04 7.274715973852775722e-04 1.208778484918502548e-04 -2.361877054183669289e-05 5.553924327707153528e-04 1.717625507766586286e-04 1.394842682667387604e-04
3.351106074107195187e-01 6.569012126281502124e-04 3.479812318915562783e-04 -8.036470943490489714e-05 2.919031324557002033e-04 8.275644192021742009e-04 1.463914504427172799e-04 -3.231451777418032468e-05 5.581907372198803780e-04 5.164110078135982244e-04 8.601870638689934775e-05 -1.680890902807961881e-05 3.980924260030906147e-04 1.231805452715973746e-04 1.009986502787894993e-04
3.393095620710060434e-01 4.794510324625031049e-04 2.534130917192064700e-04 -5.699044378173012226e-05 2.142549165841223073e-04 6.077685961573030607e-04 1.071990188320920152e-04 -2.314333154132962282e-05 4.119531408923555126e-04 3.819024832534781313e-04 6.355738440924883239e-05 -1.216371258954924235e-05 2.947281258352658331e-04 9.139009522069882951e-05 7.488484353165988320e-05
3.435164896197421824e-01 3.439148776804313852e-04 1.818091898696860072e-04 -4.041755860908339718e-05 1.530632859965059861e-04 4.351211777456093655e-04 7.678061590653595717e-05 -1.626938297755718167e-05 2.960189488806336776e-04 2.749108537157565172e-04 4.584085898230055335e-05 -8.602849062905039797e-06 2.128122671370305356e-04 6.609945455161910107e-05 5.429049497671998827e-05
3.477107812306902690e-01 2.480466500304480642e-04 1.307933922766911982e-04 -2.816986889449420761e-05 1.108884464294152987e-04 3.155625514143580476e-04 5.553166117487546335e-05 -1.140380256664644726e-05 2.144883686312770168e-04 1.996452707608842032e-04 3.326932015292394983e-05 -6.071658620741127635e-06 1.544628425844800108e-04 4.808102134933967074e-05 3.948956407733840120e-05
3.518857617074659383e-01 1.758147414612997686e-04 9.276005744955722308e-05 -1.991510926861541801e-05 7.768293223144175997e-05 2.213056361204289923e-04 3.895878177732590850e-05 -7.968076652305073742e-06 1.492357471525015738e-04 1.389950829669811246e-04 2.314843029270054827e-05 -4.200401550051622803e-06 1.068816417751484820e-04 3.327442989574003234e-05 2.718841788539747359e-05
3.560773577310688554e-01 1.222751579675564117e-04 6.454386156135453524e-05 -1.376927069556671558e-05 5.353468871808936708e-05 1.525771805680043553e-04 2.689609685113242469e-05 -5.529315661940211336e-06 1.025885729681487170e-04 9.549433748134845382e-05 1.592141002675115759e-05 -2.928867852462017811e-06 7.336986013079629433e-05 2.282001637300838228e-05 1.864958998181221830e-05
3.602869550449780967e-01 8.788707111993236557e-05 4.628440370194965606e-05 -9.579189186839158997e-06 3.834885204835918797e-05 1.094314297339804998e-04 1.923585711633616938e-05 -3.821711553123771905e-06 7.342372229055807095e-05 6.847421115759825139e-05 1.140980143122021778e-05 -2.027805525436029179e-06 5.258004367255537383e-05 1.638791496055521093e-05 1.339264876877978042e-05
3.644651285618699665e-01 6.156781401162113136e-05 3.247300010750115833e-05 -6.739705086218725142e-06 2.643778851091863221e-05 7.551935621047723194e-05 1.329698379716223424e-05 -2.641998055236664082e-06 5.080936678747094778e-05 4.738660485448869614e-05 7.908718357689005157e-06 -1.402786968195427537e-06 3.651883302901504281e-05 1.138704096994133848e-05 9.324130889016245182e-06
3.686396944457170921e-01 4.393561712811254721e-05 2.310439611237641096e-05 -4.672429942353338867e-06 1.884126142615596923e-05 5.387678020282862324e-05 9.482485988651533345e-06 -1.845503467614168057e-06 3.609914985743170856e-05 3.372107931154693148e-05 5.626951998402727975e-06 -9.798608775603271101e-07 2.588950178597072100e-05 8.092294077654895397e-06 6.611937840478966855e-06
3.728293470315630076e-01 3.066402056090678082e-05 1.612531348400745538e-05 -3.163033268829324470e-06 1.315152660656482396e-05 3.761947663213726202e-05 6.608256773289066625e-06 -1.249152205511516623e-06 2.519721575421404110e-05 2.356134717545044002e-05 3.927518592242886467e-06 -6.670131345177405526e-07 1.806315979683503512e-05 5.642274686668137084e-06 4.607243826808082206e-06
3.770363921861874523e-01 2.100546000493945363e-05 1.102602961746871769e-05 -2.164647632412585497e-06 8.914826011341651783e-06 2.549476634690329112e-05 4.475954413495341183e-06 -8.460765740643446226e-07 1.701284470480545077e-05 1.591921944938471783e-05 2.654023030566732617e-06 -4.520816800189722825e-07 1.220138742975096904e-05 3.807249154272060157e-06 3.110715224852349652e-06
3.812363453093803867e-01 1.519939119879928586e-05 7.953545692696028469e-06 -1.518992091277505768e-06 6.461187147434775377e-06 1.849583535453103305e-05 3.237294142124705315e-06 -5.957323630972498084e-07 1.231995669244812513e-05 1.155236696271040731e-05 1.925431637792926718e-06 -3.179129784973620986e-07 8.831692072793080031e-06 2.769348282936716287e-06 2.255199202983908272e-06
3.854150971210312249e-01 1.056667618289422473e-05 5.534703163032329833e-06 -1.048696857612231968e-06 4.440478778348615868e-06 1.275889473053971932e-05 2.238286796333651980e-06 -4.097467628059891517e-07 8.530081211853629216e-06 8.011420028276450679e-06 1.338478105273969697e-06 -2.209867174364034426e-07 6.156403271441214960e-06 1.926595744165153346e-06 1.577772712244788356e-06
3.896036578152083374e-01 7.255300787501061718e-06 3.795332867160922081e-06 -7.073992206654386367e-07 3.050195734367295105e-06 8.736333384380397075e-06 1.534117417353697059e-06 -2.756455019049134566e-07 5.841122301248689904e-06 5.483474115202276879e-06 9.179714383975832717e-07 -1.479917782839527158e-07 4.197764433568260756e-06 1.318012004450111453e-06 1.073580025822676985e-06
3.937795161075864914e-01 5.131731888071498032e-06 2.671346506295476941e-06 -4.865591612655949209e-07 2.146543720593943629e-06 6.203535110721409144e-06 1.082717812505090459e-06 -1.878006428826279984e-07 4.118414707051887881e-06 3.895884814394253618e-06 6.509667399938900782e-07 -1.009748269072278797e-07 2.965432279400167065e-06 9.361509244277435834e-07 7.638654498190250935e-07
3.979440095093054186e-01 3.485206247078630072e-06 1.790839865307818073e-06 -3.170418653033745654e-07 1.416205447130343814e-06 4.087799961683543122e-06 7.125264933572825459e-07 -1.222664639822058562e-07 2.707434936783995276e-06 2.528480643235737948e-06 4.213382196707428761e-07 -6.575252877964606487e-08 1.947780313982744419e-06 6.033849267037012835e-07 5.000655481409108666e-07
4.021139069446590386e-01 2.364393695578170576e-06 1.242540957384786724e-06 -2.246345388939716133e-07 9.809398797190171842e-07 2.831858384700771707e-06 4.914998030969072401e-07 -8.523846086121395936e-08 1.847571433387682033e-06 1.765301311095288297e-06 2.931907614864218002e-07 -4.655766654533023240e-08 1.339845835715107992e-06 4.183352173573092946e-07 3.436155503443600338e-07
4.063125452039867413e-01 1.549180505162625705e-06 8.223681059598805853e-07 -1.444425904060055101e-07 6.544451079765185290e-07 1.861765126795128068e-06 3.302164369885084569e-07 -5.484171467796757029e-08 1.260433400297382325e-06 1.169983178706877568e-06 1.993859643623634853e-07 -3.060860381464079484e-08 9.176940207165568704e-07 2.837679017889550365e-07 2.325901869960044764e-07
4.105412315868290918e-01 1.117909242559854459e-06 5.862584301069671116e-07 -1.084826235159117688e-07 4.664039816122830426e-07 1.318331432392436115e-06 2.321549630262184504e-07 -3.922608262477017476e-08 8.900316711474065594e-07 8.338131056223522306e-07 1.384948205553299468e-07 -2.065040922308789239e-08 6.350554746022592886e-07 1.984211919013296965e-07 1.655653913260211842e-07
4.147348487769681458e-01 7.745501293832580585e-07 3.812385321600801344e-07 -6.888050777299544328e-08 3.059176720958912779e-07 8.462320499684186408e-07 1.513436790599959082e-07 -2.670351033548981344e-08 5.600434042271100115e-07 5.331120177406538660e-07 8.714518594706671765e-08 -1.465835291134050686e-08 3.958382893276503601e-07 1.255653201142344855e-07 1.023752888401736755e-07
4.189107045044477284e-01 5.517255903645318735e-07 2.702769324658415423e-07 -4.645539306275331365e-08 1.978516601178255929e-07 6.208520072621369295e-07 1.055622788266208612e-07 -1.645497678668100577e-08 3.949033940182364596e-07 3.950041879787798410e-07 6.530746875625282049e-08 -1.135318287681646294e-08 2.692145688593856657e-07 9.285528134318036851e-08 7.160020686135877453e-08
4.230974437456921922e-01 3.769623839415331017e-07 1.827161170659063968e-07 -2.741093971593692693e-08 1.287043189954084243e-07 3.895671981965075282e-07 6.862874568201503411e-08 -7.784855764524008835e-09 2.523681188263920033e-07 2.416477743014594181e-07 3.959641542902639245e-08 -5.811043927154383049e-09 1.858115458936696420e-07 5.958151246337271598e-08 4.902528093975059692e-08
4.272931011032126136e-01 2.180235432388527600e-07 1.193591895856163726e-07 -1.779622470337698454e-08 8.201051950418310826e-08 2.465905625032032293e-07 4.316467625657236017e-08 -5.644489224352708813e-09 1.681645478445411569e-07 1.569914070579287157e-07 2.649383402753735766e-08 -1.991600352997587703e-09 1.119640358845175603e-07 3.653607879982417684e-08 3.073042073228813295e-08
4.314914587673138180e-01 1.712626732193944453e-07 7.456912827109141114e-08 4.179921808172202341e-10 6.637563193080274194e-08 1.660860820075187165e-07 2.850602251793440678e-08 -3.008999852318878222e-09 1.230764908943992551e-07 9.561375762351125289e-08 1.711602445905609698e-08 -2.869191251055414302e-09 7.486600205450445007e-08 2.456109604357717321e-08 2.193847183822948789e-08
4.356511643511531418e-01 1.003519864213791975e-07 5.130010023994694560e-08 -1.245735763887781816e-08 4.327642855840750344e-08 1.127963761763130186e-07 2.337775409057819312e-08 -5.969911103630845248e-09 6.009511842264379247e-08 7.485102957779774035e-08 1.426471233590069568e-08 -1.903833875422955671e-09 4.376601182661020516e-08 1.701284292886392758e-08 1.675529557145169261e-08
4.398424702607344750e-01 1.031178952172735995e-07 4.125470804357069393e-08 -1.508458378924632655e-08 4.024232267174745354e-08 9.950956198465428592e-08 1.247494488091040508e-08 -3.586493659265712863e-09 6.250602029135995509e-08 3.738894203080589299e-08 7.476687025666927231e-09 -8.868912817825569936e-10 4.358239487074589860e-08 9.761865999771281547e-09 1.006733507268274676e-08
4.440501074980069407e-01 1.105162825491626203e-08 2.664108094194307749e-08 -1.035069199468005300e-08 2.591264432131797229e-08 3.691253178918073637e-08 1.146083812195803597e-08 -3.371757441471312068e-09 2.964920403760756655e-08 3.550476704407483114e-08 6.023481472223780468e-09 -6.730924248008311902e-10 2.155047873100016821e-08 6.358740442411040615e-09 2.532485144282448935e-09
4.482267968899237842e-01 4.735702391480005232e-08 2.427583669231238623e-08 -8.212961753316664085e-09 2.160660395568690128e-08 3.911411152821004472e-08 7.836202195507206313e-09 -4.325285563271748028e-09 4.254534194805244009e-08 2.279408661182197926e-08 6.044510933980271980e-09 -3.733770892873732625e-09 3.305717784692589319e-08 2.513420410325179752e-09 1.124006900724409101e-08
4.524052929840755577e-01 3.156138009985426161e-08 1.147334621692785824e-08 -6.586279781557800689e-09 1.265408211390812884e-08 5.169024249353800005e-08 3.274763361045772237e-09 -1.305094748391950397e-10 2.100351534864808003e-08 1.843865450585453085e-08 6.982387071479842343e-10 -3.749765036481245456e-11 9.393143420437453666e-10 2.257281831412128382e-09 1.330038089709747556e-09
4.566090347930675253e-01 6.474599667533939690e-08 1.307461599930947753e-08 -7.502153395884383581e-09 9.387376085492490242e-09 3.750730581628575804e-08 5.602298617867429982e-09 -4.862798588060478107e-09 1.573515855025659642e-08 2.022715482627122924e-08 1.936502614974421765e-09 -8.023744459837982056e-10 5.996814804381007819e-09 1.105461813635577724e-09 3.809110489307627703e-09
4.608167319022857811e-01 1.548752921655995230e-08 9.392046752394047476e-09 -6.211100426023641299e-09 -2.516593739904558252e-09 1.716144719253334259e-08 2.968121333226785468e-09 -1.283407961553155086e-09 -2.232574961832045456e-09 1.168502489297882618e-08 2.410500225636620088e-09 -1.151860713131502985e-09 2.686378920160045106e-10 3.696499128137264385e-09 5.883732048645359544e-10
4.649806979855051203e-01 -1.822411064459004156e-08 1.052176478181549938e-09 1.752872569238669209e-09 -2.849909278611353417e-09 -1.570727874756972183e-08 -6.485922033713418932e-10 1.902091978405724063e-09 -5.634359508415939676e-09 3.452857438749849863e-09 4.451264553165707259e-10 3.059890745889715340e-10 8.668279490148659428e-09 6.377225683386875817e-10 1.253890186950589074e-09
4.691538386770017222e-01 -5.669118147938297603e-09 -2.892582561427747841e-09 6.480826055245571879e-09 -3.605667888125576811e-09 7.633646430053779995e-09 7.453620933791660332e-11 1.747782857618048907e-09 2.951646748738932173e-09 3.052709120641400093e-09 1.229202581969228322e-09 -8.565741463904392502e-10 3.240454692488451607e-09 8.174477956261973391e-10 -2.195496911861271155e-09
4.733478629909182445e-01 -3.587581417352489181e-09 -4.127703859805162936e-09 2.031207445595576815e-09 -1.020877403975969649e-08 -3.288282492904243404e-09 -2.669475019353713565e-10 -3.619318365684748718e-10 7.675989001153123660e-10 -1.000944673126492306e-08 -1.150118882505394526e-10 9.573067529895559212e-10 -9.738827374734790546e-09 -5.287182128799146039e-10 -1.552311051083907606e-09
4.775500538217637980e-01 -4.087286814130140833e-09 3.636749757201612879e-09 -1.121999112615917968e-09 7.705511437533703931e-10 -9.642604022618483134e-09 1.640234472127308967e-10 -7.843735212150812911e-10 -3.692567066828101263e-09 1.858363870104404312e-09 8.209739352691562605e-10 -6.881310226528594989e-10 -7.119589125972344554e-09 2.491677671490122430e-09 -3.187188491397952324e-09
4.817339644282710998e-01 8.106106656261916064e-09 1.113705361697477480e-09 4.354929940506964228e-09 -6.683101965377308692e-09 9.355784502121409232e-09 8.164892357906603241e-10 5.794935943505414374e-10 -5.561808429985618725e-09 3.108888970996653962e-09 7.217778264389079651e-10 -1.290214341233177744e-09 -3.141523489056706556e-09 -6.433967292188329459e-10 8.388443481039499501e-10
4.859144464692263798e-01 1.887954121210450810e-08 1.881162450649666516e-09 9.847557337223727506e-10 -7.954649173473395760e-10 3.047124612917435188e-09 -2.614824737175149561e-10 -4.333228792382191991e-10 6.720833019768801834e-09 2.709521550420876573e-09 -7.498897924637632218e-10 -2.793749680724526584e-10 -2.878965644896784789e-09 5.556113146407781793e-10 -2.568861718289828040e-09
4.901252990058800885e-01 -1.676577950693925148e-08 3.401541015316073875e-09 -9.863357895686832028e-10 5.284993554323695226e-11 5.713832319871971364e-09 -5.627361374771190177e-10 -1.343343853265249996e-09 -1.842374962064031819e-09 -4.531641342067589485e-10 6.504905307797155186e-10 -1.205964759004039540e-09 -6.743811068593233485e-09 -1.110260254984464358e-09 7.050398553803666514e-10
4.943123444065962158e-01 -3.726810310585437711e-09 8.326340887373738001e-10 1.360806836975803035e-09 8.247225612003671276e-09 -1.426728032215296394e-09 -7.950270105429375850e-10 2.822757032966114461e-10 -2.039309989261272518e-09 -1.956752845434887774e-09 -2.336274868295257913e-09 1.224720814323505739e-09 2.093921303498866606e-10 2.071404387503646424e-10 1.858244109944436100e-09
4.984736335014697817e-01 -6.590938745872470905e-09 -9.304080276798464851e-10 1.906264510600526530e-09 8.538559217073697386e-09 -1.834242334229114473e-08 -9.609948071055640634e-10 1.000252166484211995e-09 5.044153577606936733e-09 -6.729207047366021245e-09 4.098906140983809183e-11 3.758418300070340347e-10 -3.526185116511773955e-09 -1.642188136286039781e-09 -4.967013889633871201e-10
5.026590164608074618e-01 1.013884398720638019e-08 1.706115328974361158e-09 7.071531868500541722e-10 8.784184761573164622e-09 2.791128962970740481e-08 2.212825292568057337e-10 5.355264809311449580e-10 1.450206978397321401e-08 1.391440811836515407e-08 -4.602136640773709865e-11 2.525776275173621581e-10 9.189021313236098082e-09 3.124686695639499279e-09 1.634200843210966681e-09
5.068609875937976073e-01 2.619498631771659530e-08 1.315273157575574945e-09 -9.393484178357477509e-10 5.637879217735232230e-09 9.690168875364073518e-09 1.053605688188350459e-09 5.539681287327354626e-10 2.133784090426159428e-08 -2.208849596367549410e-09 -9.567462530899886754e-10 3.910107827681095008e-10 3.655449311184675101e-09 -1.279898345616264927e-09 1.181031798770469390e-09
5.110594965365916620e-01 -1.370208126512365694e-08 1.829283195941940941e-09 -1.205369500227810495e-09 -4.345311219681680859e-09 -1.244739191535713059e-08 1.699035891736736912e-11 6.201362534753444755e-10 4.295022936695017402e-11 -7.530641699623299970e-09 1.246145125926753699e-09 5.663667471799047983e-10 -1.042641765088942114e-08 -1.641050229871826115e-09 1.205092904879022393e-09
5.152492140965455603e-01 -1.858487240627466755e-08 3.960560615640745859e-09 -1.217960502399173420e-09 3.188131340386519998e-09 -5.637094838625498867e-09 1.390186339156621501e-09 4.662222913668323497e-10 1.649328711859970008e-08 1.433881705825103418e-09 -4.579427678984897580e-10 -2.034295793333912279e-10 4.990990108439550060e-09 1.870949952110511236e-09 9.715879726396206087e-10
5.194329442812991582e-01 -2.007674204919075238e-08 -5.547649229452506988e-09 4.159468607475510656e-09 -7.641504263767368956e-09 -1.333505259580612665e-08 -2.843752095116263702e-09 8.266223871181573730e-11 -2.690571065131839183e-09 -8.534718155528164151e-09 -1.603800453953284458e-09 5.149257961856396235e-10 -2.064501833134476998e-09 1.783175233616312961e-09 -2.401943797627784609e-09
5.236343964239100757e-01 3.273785063554000072e-08 -3.750064094805076870e-09 2.173397763237327572e-09 -1.377712597064966724e-09 2.745764003695004661e-08 5.587427076790535737e-10 -1.145283893789553605e-09 -1.232258183899961168e-08 1.904612246204083054e-09 1.778447264486749435e-10 4.345897032652031372e-10 -1.168005856433049946e-08 1.110009001357224370e-09 -2.815739739014039709e-09
5.278273205415198177e-01 2.045377132623874204e-08 -6.271415412671546326e-09 3.786735505950316610e-09 6.105655937330609266e-10 9.727431877332468960e-09 -9.725805022667965689e-10 1.530171181817797726e-10 -5.133945432035319411e-09 2.169137985374569960e-09 4.631265634002526854e-10 -8.577676440391283684e-10 1.592763595876824040e-09 1.520128766809607290e-09 -4.596701217082255131e-10
5.319960279023402405e-01 1.319786416174485859e-08 5.100103825988952093e-10 2.524877495766866096e-09 7.778898884506103677e-09 5.450681754450372088e-09 -7.273928052336678653e-10 7.249991754261212905e-10 7.080292871714641108e-09 3.229459552695862673e-09 -1.495209037639943815e-09 1.192792222886518027e-09 -9.325130588419512184e-09 4.476029402812617275e-10 -1.438399311270315063e-09
5.361714592099571242e-01 -3.433735692718369071e-08 -4.382043069161293580e-09 7.743972394179945762e-11 5.315276953739139866e-11 -1.062734309934891951e-08 1.341493133980911721e-10 -8.973275779386155755e-10 -5.086001651813056366e-09 -5.739500490148887746e-09 4.281443365490996059e-10 -7.370263994421421598e-11 -6.859109277775733670e-09 -1.819620192836735661e-09 -1.141690378254445474e-09
5.403746330902056139e-01 -1.516061640058062599e-09 -6.683545198247367096e-10 -6.627287131741185420e-10 -3.796002883367015657e-09 -4.741940232157525117e-09 -9.441637594338800433e-10 -7.919262981914286652e-10 -2.466638669869993826e-09 -8.950366328796569221e-09 8.818622541984794689e-10 5.942266909186049193e-10 1.989752985112650460e-09 -1.212034190382485268e-09 -2.796404716855543538e-09
5.445761264886261888e-01 7.936875125298028722e-09 6.156924060462359805e-09 5.089290294158131432e-10 1.067472810583080671e-08 -8.664610907781245218e-09 7.202112258257716296e-10 1.015079490136750095e-09 4.401789879782165955e-09 -5.346803281179114855e-09 1.484552241254903773e-09 1.017399376813463165e-10 8.665002199524178455e-09 2.036100833074372211e-10 2.025501567280052146e-09
5.487504490749764985e-01 1.860489442965842149e-08 -6.000455898075165308e-10 -2.916901945608552856e-10 -5.179941425377853458e-09 -4.996468575101527915e-09 -1.823338624743351145e-10 -7.794984631280909287e-10 -1.239484083098127893e-08 -4.925697389287413076e-09 -3.994318013237666956e-10 7.864807539258266791e-10 -9.280527711409464828e-09 5.543738353727647729e-11 -1.957423954424437791e-09
5.529407179677009454e-01 -1.875280505436740193e-08 -2.347975365497736002e-09 1.729728692764313259e-09 -1.464748900792222713e-09 -5.541924861639267625e-09 -2.696501452550917673e-10 1.169764170994323174e-10 -2.995000054971004460e-09 -5.270642404807504908e-09 1.171218529545551398e-09 -7.259697876691273756e-10 2.698264883077417078e-09 -2.257501215917726434e-10 5.880977756839789808e-10
5.571409157079509900e-01 2.300757896955766458e-09 -4.440566968473506573e-10 1.153404263814180388e-09 7.376527835440648145e-09 -6.709522201966146366e-09 -1.307309873467973275e-09 -6.688239495492987423e-10 -1.150464609032852013e-10 2.038054448568733450e-10 -7.138605118490030799e-10 -1.410305621950186906e-10 1.461563511971631611e-11 -1.805116597839933655e-09 -1.431257280596072511e-09
5.613298693710127019e-01 -4.879856178925335512e-10 3.832588827458669399e-10 -3.255797522494047963e-09 5.640026924116989933e-09 -1.685891841306014235e-08 5.510976717385126364e-10 -9.521205596640224260e-10 9.428577294262293623e-09 -1.578785465439283825e-08 6.490706911803996443e-10 -1.355688428477761631e-10 6.673476919770831190e-09 -1.616110702979234421e-09 2.023912704978671404e-09
5.655062246218995892e-01 -9.332327991893155976e-09 -3.047409750064826815e-09 2.271621997386970231e-09 -1.111448925825925688e-08 9.522389600579818156e-09 3.851118454699503355e-10 1.730088811328808002e-10 -1.230995712969366337e-08 -1.507535753108451722e-09 5.338437075395114319e-10 -4.999122013864979760e-10 -8.050886697969700780e-09 -2.105504779205157198e-09 -2.247826138930172419e-09
5.696867424029971039e-01 9.071019392006856326e-09 -2.595981422018050291e-09 2.891788536160315804e-09 8.544729309719786931e-09 2.583940465179248773e-09 -5.545385203315759210e-10 -5.623842814790101180e-10 5.825136625617129849e-09 2.933270883014466116e-09 -6.928067009047335428e-10 4.632013001616658993e-10 1.571956897174071505e-09 -1.118035986283953883e-09 -1.149246503208832179e-09
5.738956954203543459e-01 2.021338601005531857e-09 4.331316213219532023e-11 2.704435305905794919e-09 1.419816377288068683e-08 -5.597236709708503645e-09 -6.202546281415643748e-10 -6.556223453100385219e-10 2.382997328515123655e-08 2.198133803639327215e-09 -5.428839492750445479e-10 -3.083801150049806298e-10 1.432849207134086756e-08 1.562683854855902380e-09 6.386181590331209958e-09
5.780928920821047923e-01 -1.162766184485015933e-08 6.683355194169551161e-10 -2.226807685438808161e-09 8.381429497841657814e-09 -1.454233920649994659e-08 -3.308033946062456393e-11 -6.490024297827311911e-10 1.305366090653307585e-08 -2.747493009256073833e-09 4.077250426438332037e-10 -4.197958782392761051e-10 2.445246217696842270e-09 -1.524704053573050462e-10 1.404696197535402902e-09
5.822632071880226023e-01 -1.937805672640088679e-09 -6.307745128562628389e-10 -5.594169761158477091e-10 -9.849655906540245807e-10 -8.707813800575235783e-09 -1.760851663771926973e-09 -2.963353432404933421e-10 -1.150437294651736506e-08 -7.078709115118145110e-09 -2.280435320153718513e-10 -1.032431284983372927e-10 -7.339509661231349079e-09 -1.825113530939845844e-09 -8.240199061293240526e-10
5.864430803127811398e-01 -1.259952833573499210e-08 -3.273262005757832752e-09 -1.310476558755315159e-10 -1.507548066039557574e-09 2.854730863751136516e-09 -1.345495417480656240e-09 6.363804787403119741e-10 -9.799173329404377775e-09 5.298561175957034232e-09 -3.281115280884985754e-10 -1.772117140883878886e-10 -4.300725397874261711e-09 1.212939849767735392e-10 6.614261656374846658e-10
5.906376733072625784e-01 -1.949870786944932415e-08 -4.242264401507893126e-09 4.037960242270689070e-10 -1.403119626616516362e-09 -2.390860118536028838e-10 -8.577124393604547015e-10 -2.088530812062548970e-10 2.016695630109931112e-09 4.169991740906860736e-09 -4.735391347195186402e-10 1.874424813564558090e-10 3.656128959455729723e-10 -1.322137571440296113e-10 -8.203106061362067486e-10
5.948356627105599870e-01 -7.591801740244867052e-09 3.740214835778522522e-09 -2.321446122238214011e-09 1.219486398578149551e-08 1.442045196172398028e-09 2.017356560487551968e-09 -1.426623543739292191e-11 2.391731492284769829e-09 -3.169305119872190735e-10 1.478706650433906040e-10 3.770528316827605567e-11 -7.461312250184639790e-10 5.310680618138191575e-10 3.761708537110166919e-10
5.990145239901687457e-01 -3.739776666068446466e-09 9.095058551640778532e-11 -1.418531756049470846e-09 7.043254176385540078e-09 5.825390802089316498e-09 -9.253260539583630450e-10 -1.208332229590003960e-10 1.121913735912127696e-08 6.716958801259480881e-09 -3.533448367283294965e-10 2.685943069583002080e-10 1.162607895906645922e-08 9.896081376763607834e-10 2.017271645955593983e-09
6.031829950841108845e-01 -6.489124199249895372e-09 2.029913756752432535e-09 -1.072716167211812892e-09 6.771630131850212441e-10 1.532820815465251766e-09 5.883721510647474726e-10 -1.199029434005835000e-09 -2.460752708987243570e-09 -2.011429782725984259e-09 4.192013437269951370e-11 -1.552606113712969357e-10 -7.226651217746820102e-10 -8.528695897266800933e-10 5.065255227638226047e-10
6.073740526175752663e-01 -1.869736372748794669e-08 -1.032524655336111424e-09 1.224228759581447932e-09 -5.583640838520430706e-09 -1.178688987524611548e-10 -7.011403098967979027e-10 1.249399013611260432e-09 -1.154746376633427322e-08 -8.989468231194139804e-10 -8.592063111570965084e-11 8.372722812873042409e-10 -1.599851204103106987e-09 8.655995124050676231e-10 1.879321193533130146e-09
6.115768023320514724e-01 -4.880895250752708409e-09 -3.839035261912008950e-09 -9.925806347698489212e-10 -4.545196891884580873e-09 4.346574474789832839e-09 -8.215536357253840253e-10 -2.596817010665586565e-11 -9.192953913901078096e-09 -5.396917313626785206e-09 -7.789404843343559635e-10 2.432495197190230772e-10 -4.909448677199420134e-09 -1.565488717444781003e-09 -1.975544470313824303e-09
6.157710000000914397e-01 -3.402319252512397393e-09 2.442876471643615463e-10 -9.644398876168032754e-10 4.796842660691624747e-09 -1.476855604780335706e-08 1.532751116501207504e-09 -4.070128549361484022e-10 4.647908902748173056e-10 -1.271040267392007259e-08 7.352481605246319542e-10 -3.812647123569100454e-10 -5.268855815431146399e-09 -1.482409555572395165e-09 -1.392775112076529399e-10
6.199632023912512446e-01 8.989605125403631090e-09 3.314856810129509005e-10 1.582482366512570604e-11 -7.885728621796156605e-10 -2.850364012266402029e-09 3.641617234728859265e-10 -1.944454036934669703e-10 3.583966070279623494e-09 -7.237691947829936182e-10 6.454757024779170315e-11 -2.275023444591933926e-10 7.278570333136854217e-09 1.475336282974293295e-09 2.199155957937551161e-09
6.241630060990407403e-01 -2.801498842456789384e-09 -2.253302710866122973e-09 1.925248455589544019e-09 -9.514819033253269554e-10 1.428452686324671427e-08 -1.132506399207590277e-09 4.063364336019616317e-10 -8.140448678283952464e-09 4.302842253416584212e-09 -5.235648636226768228e-10 6.932611565080588435e-10 -2.266435841626063335e-09 -1.454394566702707189e-10 4.934737839544222609e-10
6.283593402461892241e-01 -4.628242313358386671e-09 -1.278444668635896351e-09 1.970550579111478240e-09 -2.846432699756935143e-09 -1.125595731356216510e-08 2.504792540241392949e-10 1.748246682085397063e-10 -2.894410585604371818e-09 -4.063005617607200935e-09 2.427697755542093156e-10 -4.369059302376624927e-10 -4.259104398277279393e-09 -8.620223158551983167e-10 8.661078871954690829e-10
6.325410955997395890e-01 2.606674261913960289e-09 3.613029546646666193e-09 -1.860532552217055150e-09 -2.700252307962789611e-09 -5.272254260276416692e-10 1.225493033886035300e-09 -2.433716097472556820e-10 -5.413219796445771983e-09 6.121413140303394739e-10 1.018633428124262448e-10 3.115785648385881536e-10 -2.305794112880989902e-09 8.605373071322882923e-10 -3.429105983124844379e-10
6.367142920629192959e-01 -4.324358984127159920e-09 4.670619931058811911e-09 -8.858983269209833482e-10 1.760893083462841476e-09 -1.045167077830243959e-08 -4.492763144757660123e-11 2.444612425485231950e-10 -4.428053540776783680e-09 -9.645096518234858120e-09 -1.010783671510326550e-10 1.557706032339393059e-10 -7.752872859154581761e-10 -1.482878543735849838e-09 -6.765397158120114588e-10
6.409035099394975177e-01 8.553211286163953461e-09 -7.230554100825129288e-10 1.003181483102605606e-09 -8.958534462435888597e-09 4.805471206462996551e-09 1.395068398887009645e-10 -1.434492498977471894e-10 -1.865509139936334387e-09 -6.102742965731463237e-09 -6.929687197469585975e-11 3.143805626532436508e-11 -3.468653485673335074e-09 -1.058893208434818647e-09 -7.254290394832890265e-10
6.451032402190634008e-01 -1.053612497691500805e-08 1.422077653355892621e-09 -5.995461178215380140e-10 2.111337146291092731e-09 -7.764278255429758560e-09 -3.347398198540546811e-10 3.854176524861949088e-10 -1.584877502572832633e-09 -1.447220226826809112e-09 -9.739037550040143024e-10 6.942500800805274813e-10 1.594901434028479913e-09 -6.896409062820093959e-10 1.265291113518291206e-09
6.492879941711476866e-01 -1.384949644689202012e-08 5.871758290576421048e-10 2.996609394324163504e-10 -1.871611742513445169e-09 -1.249187986292723159e-09 -6.658007451968759404e-10 2.290952746460799783e-10 -1.194454392718801618e-08 -6.860336988672495619e-10 -1.367443558422559254e-10 4.040487776541559108e-10 -6.424037524891134050e-09 -1.536659214059603553e-10 -1.722556949967328594e-09
6.534659541563927476e-01 1.886006468832981886e-08 2.077211464074489654e-10 8.035615756420306563e-10 1.547599690988018620e-09 1.026044600911605689e-08 6.968726831966910653e-12 1.788199479137752924e-10 -2.559976192684074394e-09 4.738952911269836386e-09 -1.237506916655538416e-10 2.403865226474058620e-10 9.808011227028012671e-10 1.366615615629366563e-09 8.643098674142455299e-10
6.576591076962554627e-01 -7.207204948732959909e-09 -4.822413142090014532e-09 2.191567109270833942e-09 -3.168610549145993972e-09 9.906102819228781977e-09 -4.556173221886792946e-10 -6.269200701412389635e-11 -5.404836606659516416e-09 2.799640271044087532e-11 -1.535294035088858392e-10 -4.174320059638805974e-11 -4.013958299366628982e-09 5.423644711512164525e-10 7.927769583404926042e-10
6.618529307405217610e-01 -8.428948671913609146e-09 -1.137531210675423072e-09 5.502038283011792627e-11 3.825161544416934871e-10 -1.437188760178632316e-08 1.336369070808199610e-10 -4.091894057562388600e-10 -4.396314665579687438e-09 -6.539907591693804328e-09 1.028505860836079279e-10 -6.622330594795298219e-11 -6.962195450195398057e-10 6.882031679319025942e-10 4.307798145002407650e-11
6.660240791386257131e-01 -1.567760357132761341e-09 2.569231187638396823e-09 -3.365172135139517628e-09 2.633932846652801555e-09 6.738690328643813442e-09 1.442101770141595164e-09 -1.260364396997277441e-09 5.457862838991945847e-10 1.829474558363934084e-09 2.925787413261640392e-10 -6.299204863233287363e-10 7.595091761357058930e-10 -5.769817628154456243e-11 2.314212701791770242e-10
6.702067828716186115e-01 1.927724073693219338e-09 1.841792724119500303e-09 -1.643930249029589555e-09 2.436095510843953302e-09 7.716817897925846668e-09 4.618705490233373022e-10 1.165002597092559471e-10 -3.507967101454276721e-09 9.712320662985570967e-10 3.118438518258897060e-10 7.024392448876471110e-10 3.046588589239600209e-09 1.719938769735376013e-11 1.348078609623604876e-09
6.744172070879622671e-01 4.980754723103330325e-09 1.272624029331180694e-09 -8.369683995261513050e-10 3.012338663445188834e-09 -4.713393696739452069e-09 6.404453517182237689e-10 -3.014443044658356006e-10 6.103646231594816285e-09 7.641409715507822261e-11 5.699013682477850342e-10 -4.763937466481339825e-10 2.401911680376035137e-09 -2.836565831290798070e-10 2.271648029631134337e-09
6.786118453466847278e-01 8.462361744143163043e-10 8.053421824995604868e-12 -9.354437316682319043e-10 1.001566101144212765e-09 -5.819506779898703074e-09 -5.644184307858351652e-10 -2.230823156867536421e-10 2.319183527252078767e-09 -3.600394678221155925e-10 -1.757092630917889765e-10 5.568013357095616630e-10 -1.054111297236295475e-09 -1.122085986785401525e-09 1.310052595296170901e-09
6.827984616056306244e-01 5.087792472745142282e-09 -1.556858318296019623e-09 1.775808953354298312e-10 -8.362975030887337934e-10 5.919635192758614999e-09 -1.974617319723318689e-10 9.185994467961060894e-10 -2.735109727102885430e-09 7.250520125752214412e-10 3.712634183357547446e-10 4.699579568332808962e-10 8.169145960974955040e-10 1.165475243722119335e-10 1.787208493248269732e-10
6.869817177358829019e-01 7.382478482592591021e-09 3.531858152084667479e-10 4.009509382463265872e-10 -2.527789774905479669e-09 5.371522562658765186e-09 -1.470466659199455896e-10 3.931684767875126204e-10 -4.714379432985752834e-09 1.138051508086176122e-09 -1.197347000136108259e-10 4.297692484923706630e-10 -2.110458673843830799e-09 1.935804505643523287e-10 7.282918035581760878e-11
6.911718524128840357e-01 1.901724637192226726e-08 -4.180099884917305487e-10 2.476787435164178999e-12 3.977949367781277623e-09 3.695301170737911580e-09 -4.076532116132782796e-10 6.091916927873985109e-10 2.618507489782564072e-09 -4.049711398473761400e-10 -3.530445767654944535e-10 3.251357411319048748e-10 6.773322943011433119e-09 2.317502020338785275e-10 1.563639338434057503e-09
6.953555746427921846e-01 1.835437430983021636e-08 -1.353768757501294607e-09 2.202460976779265252e-10 3.328341613972879043e-09 1.070787939140570289e-08 -4.166039181748074983e-10 7.226040956484191110e-11 2.644784407453861602e-09 2.063006696024609759e-09 -6.186911970178108506e-10 1.501752355235596657e-10 -6.472007460168943911e-10 6.176843012489647702e-10 -2.894386514651177270e-10
6.995344561305086861e-01 6.729092948703265435e-09 6.915923381100730069e-10 -1.423455498824882796e-09 1.754227257762530670e-09 1.056281306175005633e-09 -2.171232418225026726e-10 1.911103965058845039e-10 -4.437908804032437307e-09 -3.409747671207081402e-09 -4.440577180933954155e-10 3.562693693397424958e-11 -1.536400862567331111e-09 -4.081788665121972510e-10 -9.214275471542627771e-10
7.037287066792784485e-01 1.027327100598276487e-08 1.274835350376650572e-09 5.568050454932537092e-10 -1.498489195619998023e-09 6.695844699503957321e-09 4.625452484039811736e-10 -2.787650910603320729e-10 -2.520814507964944340e-09 3.809231914107472571e-09 6.974409488146515425e-10 -6.083339714502457611e-11 -2.160206152801837743e-10 7.413638328134337253e-11 4.777498399672046049e-10
7.079143033440539190e-01 1.719591242341899436e-08 1.253785688293159232e-09 -7.248343690499402552e-10 2.912329112615106669e-09 8.023071673794934541e-09 2.320019053325539885e-10 -3.757357627838807149e-10 1.338190984849843818e-09 8.094976964210969291e-10 -7.694937076905421864e-11 -3.518695763746656259e-10 1.441568404906211620e-09 2.365579673552771535e-10 9.826958685552578552e-10
7.121186686741065586e-01 1.205785236517873902e-08 -1.197697083605605151e-09 -1.386902506565757909e-09 -8.414457120944049144e-10 8.454527213539709268e-09 -5.775591091402979387e-10 -1.128181821196435607e-10 -6.121281451832737996e-09 -1.578758754754224551e-09 -2.806663656004940603e-11 -1.924925829697857521e-10 -1.532857593882624946e-09 -1.053341299157615192e-09 -3.635278855705390623e-10
7.163134555705721329e-01 -1.936633624489821301e-08 -1.842713946151872200e-09 1.407083502112228332e-10 9.795198417296316161e-10 -1.274974774494422893e-08 3.323078480300445432e-11 9.723565211345813726e-11 -1.248726494356124977e-09 -4.259773500609731728e-09 -1.773043275670090531e-11 1.291936266662626875e-10 -5.496002318009798007e-11 -1.962476992146977432e-10 1.346919481572251449e-09
7.204913713645887396e-01 -9.513262011143141216e-10 1.153723057396046191e-09 -4.573811268583322526e-10 -1.012990637925144396e-09 -6.277900993700184092e-09 1.115733451319323812e-09 9.520011256636577509e-11 3.319992232904974804e-09 -9.282180626567264573e-10 6.848802738139357064e-10 -6.131180087272900607e-10 2.120079447610024796e-09 -3.463217362225151926e-13 1.295788723041005047e-09
7.246803275165087932e-01 -1.135951253117842228e-10 7.325325276677218208e-10 -1.221748747105419440e-09 -5.259997994891074887e-10 -8.683381470737722256e-10 -3.484338145253112556e-11 -9.244254066220256855e-10 -5.848845521713406225e-09 -2.650064358738230514e-09 -1.273857264260628074e-10 -3.439038978205443399e-10 -4.760157320688202983e-09 -5.000802478978066767e-10 4.839407215278877783e-10
7.288763115175647123e-01 -1.264270486425488837e-09 1.031309162254928274e-09 8.318530736358953401e-10 1.477785849094291040e-09 1.877595883728502197e-09 -3.438351752412090576e-10 7.081838408204076295e-10 -9.347224003655646075e-10 -1.836073901095360892e-09 4.227229136897879257e-11 4.345239507339085875e-11 -1.914370569130014221e-11 2.110851315215764397e-10 1.191619544174714723e-10
7.330585840505703388e-01 7.270561234806301170e-09 1.763396009307020902e-09 -1.042542520687209097e-09 -3.508241754888202339e-09 9.017939305881392055e-09 9.509786631592967547e-11 -5.892159345940252819e-10 -4.318014230283099345e-09 -2.025044032294690145e-10 -2.143619590430701799e-10 -7.513233547835385705e-11 -8.606268643317561742e-09 -7.118074109411433403e-10 -2.026144864417471552e-09
7.372316440474646626e-01 5.061510630117996428e-09 4.653004534196819824e-10 8.502897423110921187e-10 -6.479336496477191630e-10 2.365203233082139251e-09 1.105095020334031438e-09 2.601237304711142526e-10 -1.020407755047844357e-09 -3.250586200150861272e-09 5.668342162230009652e-10 -9.523525974133125473e-11 3.187340312030233970e-09 4.396675013147372767e-10 1.133711314154437648e-10
7.414228560306842519e-01 1.505059640949617426e-09 -3.691401277200820297e-10 -4.768115780460995500e-10 -4.982496409115064441e-09 9.852100430591953172e-09 -1.179417097975890595e-11 -1.699261868612608773e-10 -3.489076289608465563e-09 -9.988662033322147037e-10 -6.455690409525438813e-11 -7.107151583042928243e-10 -3.685970284124490707e-09 -7.690671748023056860e-11 -8.285317143419866328e-10
7.456189213758863676e-01 -1.615814637681282893e-09 -1.521137390843211876e-10 -8.354664804973681364e-10 2.994655325953363950e-09 -3.424915640009943966e-10 2.476789100139768923e-10 -5.431109707399301994e-10 4.230764857616558595e-09 -8.227127080917064459e-10 -1.359138966314951405e-10 -9.750270989318514630e-11 1.842204899124623728e-09 1.245869060210147824e-11 -7.558764388114246090e-11
7.498104337627916616e-01 -3.488666089008099049e-09 -4.269061248858635331e-11 7.829058610580858078e-10 -2.147900342617344485e-09 -3.479881583355078261e-09 -7.116414106148147185e-10 6.412043696649894177e-10 -2.261157253916171661e-09 -8.087083023108004558e-10 -3.901983577697854019e-10 2.376161601967663208e-10 -1.975130728199208913e-09 7.454986308269427545e-10 7.141120618744304590e-10
7.539974189770904944e-01 -5.064646971129591874e-09 -1.030119766274793729e-09 -3.947027753958102113e-10 -1.360639298383046107e-09 -1.110352593163930021e-09 -2.229166726548946162e-10 1.803553549280979700e-10 -1.263475666687635070e-09 5.063850646408133464e-10 -1.339623949970002440e-10 -1.957946958851045611e-10 2.232336076053345602e-09 -1.438598444394226416e-11 -4.314265837568489882e-10
7.581896411468850294e-01 -1.744956607961443795e-08 -3.980983806279107051e-10 -3.531338712694696118e-10 8.146684818452846347e-10 -1.177590150033654247e-08 5.698777191629063287e-10 -6.845558008496778230e-10 1.595403009245545789e-09 -1.683970885543636788e-09 1.834944476983443558e-10 2.521067489727411157e-11 1.264874514430437498e-09 -7.995903117921676148e-10 -6.968544430755677977e-10
7.623808615479977790e-01 -6.176796219085421889e-10 -1.584557000249639419e-09 4.997281271676923616e-10 4.946013471430068632e-09 -1.267438301292238712e-09 1.980610412980500404e-10 9.580819598159165986e-11 7.907590041781769952e-09 5.025033356857812626e-10 -2.943168001334666118e-10 1.515866954478714645e-10 3.632398749899416909e-09 1.674644996456814198e-10 9.920478970167427782e-10
7.665651159623174671e-01 6.442939155401487562e-09 4.318100889389063779e-10 -2.678825818118887511e-10 3.564318507675846265e-10 1.770413711783954241e-09 3.531171752990720574e-10 -3.912317194270797023e-11 9.547898329171341099e-09 6.144732102438199419e-10 -1.632822997322758477e-10 -1.647882385640844816e-10 3.085217199133023892e-09 2.307743204049019381e-11 -9.149562910705585815e-10
7.707536355579491794e-01 6.712792900299166859e-09 5.289369088537042977e-10 -7.655812254099612941e-10 -4.872148493342143926e-09 6.568044110900454239e-09 2.305403376777200556e-10 1.022711767927504278e-10 -3.844396206820021545e-09 2.589723363744011051e-09 -4.265591052780883172e-10 4.455600887163542655e-11 -1.280094407419355381e-09 7.527389679725897180e-10 1.076934375875444400e-09
7.749462413082437440e-01 -6.035586217762096720e-10 1.905434202397110065e-09 -1.642348368554193545e-09 1.831948478469130552e-09 8.264274385679300191e-09 4.306603159706614455e-10 -2.929875020503661035e-10 2.540243573305386729e-09 3.196599626333597322e-09 -3.866585919513654124e-11 2.599118652937978238e-10 4.611792469239055251e-10 1.265792846871163182e-09 -2.551339687967608307e-10
7.791369682448587852e-01 -1.690925434078417921e-09 -3.248982356654455864e-10 -1.274512360892300762e-09 -9.968361088861823664e-10 -5.408833344561445110e-09 9.708160287336603181e-11 1.912290509079225677e-10 2.107881345674875216e-09 3.021511220544395580e-09 3.190198759061738402e-10 2.108940624281081408e-10 3.378256958957791697e-09 3.321367399753362221e-10 9.528387274254308645e-10
7.833258353347896108e-01 2.116966091913379243e-08 4.603474083721604694e-10 3.705183999758365915e-10 2.345091958216769267e-09 1.421168023693591137e-08 7.663490584626565221e-11 1.095471028423225478e-10 1.356597375496023445e-09 3.921906600243158640e-10 -1.049462947037453254e-10 8.111577625154027793e-11 1.405219553167557765e-09 2.556328677964876697e-10 -6.796739737565482059e-10
7.875159900600451346e-01 -1.552766764310162066e-08 1.584901420859836457e-10 -1.302110242090856988e-10 -2.941059408825478218e-09 -1.140617580154853081e-09 2.570038511781796907e-10 -1.479311543679839686e-10 -7.852773469952259803e-10 -4.379247684671997633e-10 4.059769638777875367e-10 -1.912211046043134991e-10 -3.752748826503870115e-09 -7.233493341772760548e-10 -5.131597584362465677e-10
7.917084457625156446e-01 6.294328091926136056e-09 1.175889275824178295e-09 -6.351654423684029105e-10 -3.162794574782819806e-09 2.903661241432532915e-09 -2.748318306453570136e-11 -1.737430312694355611e-10 -5.582993676797292559e-09 7.425067174635086804e-10 1.505384787186286068e-10 9.308304980897458609e-11 -1.680908905324503700e-09 -8.660873445185538874e-11 -5.013204328724928664e-10
7.958821468706197555e-01 -7.827877762409890223e-09 -5.963497691152451585e-10 1.309146152206997993e-10 -2.210933749318323808e-10 3.091107642354868145e-09 -1.535096906762138924e-11 3.745601519287234306e-10 1.148472024584332116e-10 -1.322375885309495581e-10 -4.651252841099965832e-10 -8.790291582278937964e-12 -2.809953911036758449e-09 -8.529789159970039053e-10 -6.026032258708837301e-10
8.000624692379799674e-01 6.525009960703842419e-09 -5.437983913390972449e-10 2.268976747388716904e-10 -8.753065324384070569e-10 5.396188884058355635e-10 -3.166433410426714830e-11 -1.463652490968873275e-10 -2.508292001147071256e-09 -3.065888800238211967e-09 -3.150899047603777556e-10 1.856560598525357290e-10 -6.380545262906707745e-10 3.933455953398459276e-10 -5.553925142347865038e-10
8.042564613727184453e-01 -1.199035733901021148e-08 2.608937004298608004e-10 2.509332618938369153e-10 -3.106056164725555951e-10 -6.393164592466539109e-10 -6.934775398024730639e-10 -1.397814796625637754e-10 -4.998302875682583808e-12 2.143868846753494360e-09 -1.983378038439956840e-10 -2.492187284986301948e-10 5.259555231712709958e-10 1.380424242040622252e-09 1.793488657289232357e-09
8.084384822996342201e-01 1.313407702954667649e-08 -3.614862429875460136e-10 8.091949529760595665e-10 7.379189996317891977e-10 3.890395315385480685e-09 -1.579984755618121304e-10 2.497230609212348485e-10 -4.606906805082777103e-09 2.127438452504460706e-09 1.094153510141859860e-10 6.432690009083804710e-11 1.264876445388993536e-09 4.376168224721125826e-10 -3.875124487056518113e-10
8.126333810499198895e-01 -7.319523463251957054e-10 1.444888494285028327e-10 -8.099691280785279872e-10 -7.849826484515614540e-10 -4.371548312047621070e-09 -5.089369792668952498e-10 2.817927715249716690e-10 3.419981534126265585e-09 -1.001191671202479000e-09 -1.182916992205398620e-10 2.910948346483082967e-10 1.573528438462099522e-09 1.849178764755290039e-10 5.139909217037789223e-10
8.168271958201180905e-01 5.793728742269458706e-09 -1.202680208695624612e-09 6.341583804975797758e-10 2.597354724920490766e-09 9.081859973221996469e-10 -6.222971238057778950e-11 -2.300974594652823211e-10 -2.538924814489676919e-09 5.227374517761447623e-10 -2.376226701571315968e-10 1.862478706055095997e-10 -5.020583052053990984e-10 3.005882333683299303e-10 -6.502873890353694636e-10
8.210214995694952167e-01 -1.627683735527514066e-09 1.685665703192437819e-10 -4.308332191345514510e-10 5.746874295914953401e-10 -1.005547160251717131e-08 -1.014730176275870595e-09 6.132333864535095141e-10 -2.511714312052528514e-09 -4.581263694343183414e-09 -1.976407517028184044e-10 1.199727527342619531e-10 -1.582835061260381461e-10 -7.206708188059848314e-10 -4.185064255632541191e-11
8.252154145000215602e-01 -8.767676981065149774e-10 1.475731114483631762e-10 3.993398602112948452e-10 -4.344948444047558987e-09 -1.330406182953098420e-08 4.723509970486129939e-10 2.219024394772680366e-10 -3.350171977295155744e-09 -2.738240351590852733e-09 6.002968688378825063e-11 -7.555415132843627455e-11 2.527024266632359153e-09 2.751575608261348978e-10 -1.028254746172059076e-09
8.294030907808404018e-01 -1.123634756411039226e-08 -1.114821767241890411e-10 7.574128013246185331e-10 -1.134605025700450277e-09 -5.215791736198640348e-09 -5.041143030956790385e-10 2.847479730321325661e-10 -4.850264607232745244e-09 -1.686006135941315511e-10 -3.296705814118103719e-10 1.369574088273406084e-10 1.883252294691159579e-10 -8.701981236296010652e-10 -2.759869834335706649e-10
8.335906150371191758e-01 8.314603414929944651e-09 -1.034571327812706785e-09 7.345231980797581617e-10 1.829515398940249377e-09 3.850767458255857612e-10 -6.036254189311703909e-11 2.096653616028982818e-10 7.342385056887953629e-10 1.104649869802695447e-09 4.251872796165715561e-11 4.948647527714337066e-11 2.923071119985824961e-09 9.847545573199256977e-10 1.584826892069960337e-09
8.377685032221774408e-01 1.312794548817759322e-08 -6.464002268137573064e-10 1.416641312354409373e-09 -1.617679121009025258e-09 3.423882323617950650e-09 -9.499592776693092227e-10 6.449554829268981961e-10 -8.803902041989610658e-10 2.249904498856795906e-09 -8.429415637971324916e-11 2.097862825361374171e-10 8.510726641867490265e-10 9.212792696914911020e-10 -2.816129822422940225e-10
8.419567297582307708e-01 -6.308009086571791202e-09 9.666880304261591204e-10 -1.256696007592819448e-09 4.987414581730350563e-09 3.443040565299640043e-09 2.539881512902696635e-10 -2.228389887472195058e-10 5.316598806843387686e-09 2.703756963048713404e-09 -9.726560490966374094e-11 1.527698295640789433e-10 4.129752747752288246e-09 8.498866505762869263e-10 -1.760611146876922612e-10
8.461556544987137718e-01 6.634602555533339723e-09 1.593364340887432722e-09 -5.350054326593950861e-10 -3.644026272486651341e-09 -3.513405683432772201e-09 1.406108288169966034e-10 -3.523058061660136159e-10 -1.279212962475046943e-09 -1.506675287838806106e-09 -1.366544149111288107e-10 -2.013703849768540980e-10 6.737086645990128154e-10 2.170718981691219909e-10 1.496047880751278297e-10
8.503430790983292908e-01 -1.813547920205044060e-09 6.248759576450054601e-11 -9.172275511493064466e-10 2.355469816161890601e-09 3.126750925656442332e-09 3.348639115918935431e-10 -4.276604722997202232e-10 6.877875259031504071e-09 -6.006107507859711861e-10 1.965965839254666751e-10 -3.723256600096382542e-11 1.627908337131726891e-09 4.268445458225094488e-10 1.018879117398551208e-09
8.545245840949285965e-01 -4.644039353601386625e-09 -1.209933713655781133e-09 8.130169033045705153e-10 1.473046927372140375e-10 -5.896046374791575928e-09 1.851629035143062787e-10 -2.418245616161660509e-10 6.788493152654281310e-09 -1.898489614876270497e-09 2.661862289679613318e-10 -3.001703621683029218e-10 2.301077919201315261e-09 -6.224789310378481034e-10 1.916350421364940980e-10
8.587196449246210506e-01 -8.093985535939531746e-09 5.843034175954987381e-10 -3.709955199527804565e-10 1.664479708171758767e-09 -1.272005292821781223e-09 1.186812757618473191e-10 -5.968395945655305785e-11 4.797633655084798165e-10 2.300840162040371135e-10 2.892111501445900147e-10 -2.960244370485740342e-10 3.116064637136619268e-09 5.100117520405041476e-10 -2.890535810418869969e-10
8.629074348139629258e-01 -2.728325007834531866e-09 1.052109604294440577e-09 -8.323775567271927619e-10 9.110248654113815099e-10 -8.601409599930439542e-10 3.249116826766689939e-10 -2.855219733652713601e-10 2.547973746941514779e-09 1.064670590901055438e-09 2.676078162725382791e-10 -1.776509826164963017e-10 7.657101925173102175e-10 3.881433648547347420e-10 9.962428041052770398e-10
8.670852844200982457e-01 6.955932460919177351e-09 6.227657384369236953e-10 7.700975679158374749e-10 -1.485036885870683025e-09 1.839443010751496664e-09 -2.080605526325310157e-10 5.026065142218950516e-10 -4.355298536433515823e-09 1.320637007171444542e-09 -1.319429086788574713e-10 1.776771194103220623e-10 -4.271128702020302944e-09 1.375059827481700451e-10 -5.121517613528445004e-10
8.712764316473343706e-01 -7.175651906764082429e-09 6.144986068125578501e-10 -8.050274188466262395e-10 3.289883558918254506e-09 4.130620494666466077e-10 7.927599828835775415e-10 -3.930199707162695210e-10 3.098802441087232759e-09 9.976245160697695935e-10 -2.195159875476338116e-10 1.107226100757131025e-11 1.601800738275680986e-09 6.095735324581645798e-10 4.125771371719362437e-11
8.754762476624626810e-01 7.412794086219168993e-09 -5.051946953564275167e-11 -1.027495877277196532e-09 6.695088766536642998e-12 1.234033928289688009e-08 -5.732646239456419941e-11 -1.487934295880447326e-11 3.258365588074319180e-09 3.766889681026027209e-09 -2.005811939130865027e-10 2.124941179443731767e-11 -9.590017006812932715e-10 3.503476583657905526e-10 7.946285835807996872e-10
8.796707865602606535e-01 -4.969521367991157266e-09 -4.868826617970800088e-10 -3.855641817149194993e-10 -4.739752714897161693e-10 -1.519918443453603278e-09 -4.487776802425235446e-10 4.349786934886347762e-11 2.770232095973413926e-09 -4.305122792766521831e-10 2.422426239016857564e-10 -3.879020793309682247e-12 3.734908218641696446e-10 -4.262552592187087964e-10 -1.142628029844660755e-10
8.838562222970675064e-01 1.163195085065228981e-09 4.478848873399251607e-10 -1.249855256481188039e-10 8.018831476345435232e-11 -7.611238337248245057e-09 -3.335650192007234069e-10 -4.391377869116619934e-12 -2.321787502169175827e-09 -4.882146314189411352e-09 1.067212743658230101e-10 -2.600817404630501667e-12 2.808254637927967042e-10 -5.437879838633535010e-10 2.233671101748022617e-10
8.880381764417510926e-01 1.058677034366345027e-08 -1.518344137694251194e-10 -1.667993686608474955e-10 -3.671199218074446100e-09 -2.024430908734117045e-09 9.762880921677058350e-11 2.364271097065085932e-10 -3.622919974862993381e-09 -2.428886852860870844e-09 -1.392472916673995303e-11 -4.702086931537784068e-11 2.287396332318232985e-09 6.527659605799091136e-11 4.496201197345960361e-12
8.922270316229049536e-01 5.401045772855825403e-09 5.273641994243966737e-10 -2.691570698898546518e-10 2.190809414793335734e-09 5.824638344423877625e-09 -1.353395405205875797e-10 2.652811437227419593e-10 3.223522740748638423e-09 9.910070217599343224e-10 -1.518216645314498981e-10 8.455152135905331970e-11 2.762788087401760867e-09 2.216024667328594088e-10 1.786600147150823384e-10
8.964225585562245469e-01 5.750948627956404984e-09 3.340638966800044581e-10 -3.271190119028432705e-10 -1.661619700651585062e-09 -2.809248039684833794e-09 -1.933337576416072015e-10 -4.344299064027581984e-11 -1.784938050081727347e-09 -2.670728294995031843e-09 -1.123182513156473248e-10 3.770804058616150036e-10 1.585396752437045025e-09 -6.151307198446709147e-11 4.629905523519281057e-10
9.006049913569987853e-01 -3.381544240910543208e-09 -3.681719438152051155e-11 -9.215248947199556539e-10 2.667744856998838884e-09 -8.297697684619699706e-11 3.475528256296512994e-12 -6.352228316985384570e-11 1.456691223186870183e-09 -4.778962570998038159e-10 -3.587202353682687216e-11 1.092228654505335283e-10 1.162554564674148379e-09 2.153221604878529716e-10 5.418734055868044919e-10
9.047836582182254839e-01 2.269052427955913876e-09 2.584518498058480360e-10 -1.542962654820836095e-10 3.253556457716186620e-09 2.141894550384211887e-09 5.616730283572866559e-10 -3.493017216588520752e-10 2.561374416650993502e-09 6.272556613098572143e-10 6.372500059184618215e-11 1.335327231670755055e-11 1.261953530049992706e-09 -6.726061065849391147e-12 3.985860336404376045e-10
9.089780964569278421e-01 -1.641409800326131321e-10 4.424551286610911417e-10 -1.579440672288097394e-10 4.222067165642595224e-10 -4.327789322064439605e-09 2.261728253011691473e-10 -3.035298045503474057e-10 -1.993315740150634496e-09 -2.165205798763201737e-09 -2.742730243448613822e-10 9.867324277088787404e-12 -2.004062761101060212e-09 8.252260731939668011e-11 2.090295281100261237e-11
9.131704587403689510e-01 6.307242301295455143e-09 -8.061585997938107608e-10 4.697443310332518049e-10 4.626747771490525971e-10 3.431286899070186841e-09 -3.635693282430309802e-10 1.114017133753948517e-10 3.310996868539286882e-09 8.422222672165665965e-10 3.220000619546723860e-10 -3.941853844405396784e-10 1.975314058785876878e-09 5.083388215926754101e-10 -1.584795365835227455e-10
9.173547920329833127e-01 -9.088740166538327429e-10 -4.345699235951816982e-10 -1.287974316570321474e-09 -1.631037692010646974e-09 -1.204391035711493793e-09 -1.957244439393158624e-10 -1.287744366202734928e-11 -6.514658146764354770e-10 -6.172574960389596366e-10 -7.629295586850489718e-11 1.162614468064433389e-10 1.051621223971544126e-09 2.962613974578631501e-10 4.579428651530093012e-10
9.215425617950214754e-01 1.795064953014604248e-09 -2.273865710647217848e-10 4.050876362324591030e-10 9.369957376508589838e-11 -4.028779124925777445e-09 2.860494899429781105e-10 -1.364841672105437660e-10 -1.064630789238379734e-09 -1.166487727062582167e-09 1.814076249623150109e-10 -2.983961999901499869e-10 -7.139451141680533326e-10 -6.621668399717154743e-10 -4.724138252420603488e-10
9.257400405750663142e-01 -1.837483243720770795e-09 4.875130984883339555e-11 1.830400561653655298e-10 -7.777622161909984826e-10 8.359373303985532040e-10 3.117196725249762393e-11 -1.224503773167758004e-10 -4.644939831909844805e-09 1.844275599737317909e-11 1.918713217999212234e-11 -5.173369068905369263e-11 -1.810684003057484568e-09 1.325668840663374797e-10 8.418412085128246672e-10
9.299303352268617484e-01 -6.415484632303439104e-09 -1.709803442287529520e-10 1.071533391467175242e-10 -1.408162717294490681e-09 -1.025732388584096624e-10 -2.924864935569449467e-10 -6.436385613230808269e-11 -2.616158116618123445e-09 2.026043316577412229e-10 5.276086737417387399e-11 -5.054283841994021722e-12 -2.454350524676490562e-09 1.825633080540100448e-10 -5.725960096320246488e-10
9.341108300097852313e-01 -2.415085087982328774e-10 9.684527315548347114e-10 -2.543519402106401612e-10 1.650635791716251356e-09 2.460000167618726015e-09 7.300254052695573159e-11 -3.952586357370555181e-10 2.211265756854246284e-09 3.859486951693953953e-09 1.852447667753786175e-13 -7.529359382199429895e-11 2.436841615804111260e-09 6.277584788734776780e-10 2.984140939670281719e-10
9.382896253999645220e-01 -3.218650043822697346e-09 -7.835117682731226340e-11 -2.181292384753809437e-10 1.096369396118286670e-09 4.239410055230475557e-09 2.457743602712698022e-10 -3.107684988413456174e-10 -1.485979872408988907e-09 3.161831999965725198e-09 1.653200136915691900e-10 -1.631230420075211263e-10 2.299362105278589858e-09 6.129526786312124218e-10 1.463035922241986008e-10
9.424819561228944265e-01 -4.726531251551158242e-09 1.737368409483643792e-10 -6.030578031604386473e-10 -9.964260149415218179e-10 -4.151784651106921248e-09 1.558269428670738520e-10 -3.546160707671088230e-10 4.589066096521203686e-11 6.884345618592803488e-10 -9.690739940901375088e-12 7.176823957623278074e-11 -2.983513810469392927e-10 -5.680756735088763925e-12 -5.491290757850401649e-10
9.466849863120379016e-01 6.245617901528699193e-09 3.967322846572755270e-10 -1.478031199587888571e-09 1.473453559249032967e-09 2.760125016253055258e-09 -4.136392439279416431e-10 2.018038765303875935e-10 1.170169224831282105e-09 1.972989783403388804e-09 -9.351715033908198677e-11 4.695648292769421831e-10 1.360422490075114069e-09 5.897043952190512562e-10 -3.272581911817138596e-10
9.508714331057195324e-01 -7.331101230256541738e-09 1.571417797314041926e-11 9.579580666322709864e-10 -1.129925195425357203e-09 -2.513608882471336024e-09 -1.021821649394321349e-10 -8.076074840389331282e-12 -1.395776229616712701e-09 1.001839668934014986e-10 8.051066953240792868e-12 1.132727813372018146e-10 -1.368201087570653452e-09 -1.832373086350274631e-10 4.440072560281888865e-10
9.550563230073290111e-01 2.916601161954214856e-09 -1.573793896269848160e-10 -3.108501885785819710e-10 -2.527674155155281467e-09 5.317085668086407231e-09 1.139816298542597208e-10 3.209102975142336204e-11 -1.197649278090423977e-09 1.513882310275110242e-09 6.358102670213141811e-12 4.904254742817995915e-11 1.829978171580660299e-09 1.442315497277765201e-10 -5.031710650315408299e-10
9.592513211539739348e-01 3.416244377052454232e-09 -2.559640453726028247e-10 -1.620000943966240747e-11 1.923808711283879892e-09 3.644441988795784523e-09 7.308698795778550570e-11 -4.321421654154508771e-11 1.606119197217774479e-09 2.555388956292301997e-09 1.202841946224187482e-10 -1.205279282898678574e-10 1.678821292120606082e-09 4.488440826995511826e-10 -3.665936492475582685e-11
9.634451052878124644e-01 -4.329470976204412032e-10 -1.513969222033518158e-10 -1.896496525446062982e-10 -1.842016576858829062e-09 2.303578913204110081e-09 3.401149312914452098e-10 4.636186209333671051e-12 -1.702969973262930594e-09 2.681372157706591213e-09 2.464518459306799305e-11 1.106361963797397427e-10 -2.070926576194107744e-09 -2.240593536277451319e-11 -4.894958761919959488e-10
9.676230540453005791e-01 -8.203723126656912292e-09 -2.819438863810667458e-10 2.665565046773833796e-10 4.157943779733812763e-10 5.565864530454000939e-10 3.721905340974543817e-10 -2.604332687989613964e-10 1.015120706039311746e-09 1.018512816381055229e-09 2.209322193232492083e-10 -2.740601542199628409e-10 2.024422826735561406e-09 2.645832763995378357e-10 4.885784221109688266e-10
9.718094297475188270e-01 -2.953794014254911469e-09 -5.020182949495648787e-10 5.064572426442495418e-10 1.524962983879787797e-09 -3.506279981806564451e-09 1.357993346671068974e-10 -3.643143513969478373e-11 -3.187525931404429656e-10 -2.320442709565440435e-09 1.583523987892842917e-10 -9.516497465097746739e-11 5.166885055387834307e-10 -4.549691439729016186e-10 8.468003678443745677e-10
9.760091362076940280e-01 -2.044834798793389717e-09 3.205074878015254154e-10 -1.069797096144173337e-10 1.449953769489703579e-09 3.693465110953998152e-09 -3.273733107594003869e-10 2.498220948947679411e-10 3.580254133981589532e-09 1.507776233775543583e-09 -1.745794690775369413e-10 1.361358140158863478e-10 2.018654387363817333e-09 4.428434173556597920e-10 2.574368473515884542e-10
9.802075838006468755e-01 1.977544224638557517e-09 5.181471516076253508e-10 -4.829851142049077478e-10 1.133744082039755305e-10 7.475794446077598934e-09 1.220529527015333307e-10 -2.511286710855976368e-10 -1.906937464104492420e-09 2.932668146050930357e-09 -1.047385781347309179e-10 4.937232141242183164e-11 -3.871300635093243414e-10 4.941267381074156013e-10 1.611626116756820736e-10
9.843901124947946890e-01 -1.516816908569501588e-09 -9.298116819210522737e-10 6.524341330077848203e-10 2.643842014089596046e-10 4.246828749223943203e-09 -2.597157255684023181e-10 2.211414702536211048e-10 -3.071629801394000760e-09 -1.274077128348729529e-10 -1.342076386593807838e-10 8.390202409421609902e-11 -2.644660266371237166e-11 -6.584433845265698316e-10 -1.517342770908766820e-10
9.885650797815361823e-01 -9.556303481630105774e-09 -1.476121687113937889e-10 -1.393980439775463243e-10 -3.300201102793100426e-09 -4.861194579577263531e-09 1.412723952597576796e-10 2.096418341197701545e-11 -3.157959747477509459e-09 -1.770761187152949715e-09 3.747547829316386276e-11 1.472760938170138438e-13 -3.812026794560102362e-10 -3.750220824363852465e-10 1.641470306745442065e-10
9.927561705083151056e-01 -3.416963626870628500e-09 -7.683099936139755302e-10 3.299144465555261199e-10 6.037864642706566670e-10 1.231906723747028921e-09 -9.383505775024612595e-11 2.992362149379815501e-10 6.121522142557960910e-10 -8.658096527222794409e-10 -2.846006789163014349e-10 2.112797195793088001e-10 -9.859254060252453185e-10 -1.523383094038744112e-10 1.004382649450324180e-10
9.969400597939003239e-01 -2.031163755162900113e-09 -4.912396983440320374e-10 -2.592081699788402992e-10 -1.485975065185535277e-09 -4.011515631283912928e-09 -1.130216537577507996e-10 -1.325657545386952207e-11 -2.935294359184991441e-09 -1.291697625306043037e-09 1.609881831554397442e-10 1.974013445465500369e-11 -1.829653578014503908e-09 4.538902703314882199e-11 -5.007178442386184198e-10
1.001125867816581083e+00 7.878795674981165711e-10 -2.138864159303742787e-11 -1.352347226476686224e-10 -2.449299783506819863e-09 -4.576621025702159477e-09 -3.593284746008929736e-10 -7.817949996079884190e-11 -1.676393293038671361e-09 -1.860528292161853248e-10 -7.615236791902042705e-11 -2.118240606058949365e-12 -2.650198778692166191e-10 7.762114794997018063e-11 -1.090405488164738698e-10
1.005315482813002204e+00 2.404554966577983529e-09 -4.848197677007345405e-10 2.614930106082582282e-10 -2.700955548648315820e-10 -2.058053807625930592e-09 -6.961673317627330345e-10 1.289644598335159164e-11 -5.389917377535963628e-10 -1.165211634622102016e-09 -3.565327425875148545e-10 1.429454327582559765e-10 3.624053697100804799e-10 1.538230322060256012e-10 -2.115594407536447770e-10
1.009503724426713545e+00 1.594609974986965836e-09 3.036554283709647187e-11 1.134305042160391837e-11 -1.578715323262742107e-09 -1.025386698923628224e-09 -8.768898059573936974e-11 -7.885557158499037069e-11 1.450931400965507446e-09 3.773296042510655832e-10 -2.148103124233321078e-11 1.427153359423168461e-11 2.423139623529144920e-09 5.835222719191553329e-10 1.199081236410324519e-09
1.013699103815393299e+00 1.104445364961636622e-08 -2.846572466041478546e-10 -1.552661070750060809e-10 -1.566101776263633516e-09 1.718313084130338106e-09 -2.553523408565374423e-10 -7.191177387250321758e-11 -5.882963484387911818e-09 3.113712727267121769e-10 4.537245364462118081e-12 -5.040146997033479959e-11 -1.959707290467121892e-09 5.771550957688676552e-11 -2.040754543559635353e-10
1.017885842421875964e+00 1.494687833220877716e-10 -6.261901551055095015e-11 7.606541724242751108e-10 -3.524057331624704138e-09 -4.664260260050116082e-09 7.333127900847513943e-11 2.248192515887753399e-10 -4.334727488931298953e-09 -1.516813874806064457e-09 5.137499876870655181e-11 -1.242866348806014877e-10 -1.532026942541817402e-09 -1.280423118755760042e-10 -5.010400368234920630e-10
1.022076284359184406e+00 5.211736476185467018e-10 6.522502726294160988e-11 4.635014425904375736e-11 -1.464533979744834276e-09 -2.881932477992252513e-10 1.028913604640522943e-10 -1.356219574139358566e-12 -4.350616798554540477e-10 -2.765170777138075887e-09 3.057922936267286781e-11 1.337879487472940056e-10 2.060131630773103288e-09 -5.503345095683409997e-10 5.075809865846865225e-10
1.026273875264014812e+00 -5.755784015051084761e-10 -4.432286220431438505e-10 4.614074411655732040e-10 2.492626607932488424e-09 7.874685186379534792e-09 1.887639984540305172e-10 -2.028742376687012821e-11 2.678707046041775475e-10 1.228046502418984272e-09 -2.352599243810125913e-11 -8.386529458620940782e-11 9.211881713458450005e-10 -4.106388060809349560e-10 -9.895109966025697306e-11
1.030463237552156075e+00 2.284707878997182607e-09 -3.992605354445880514e-10 6.030956427116204000e-10 -1.525203887668822874e-09 4.494010723360187225e-10 -3.525339968400226201e-10 9.599005036688437948e-11 -2.609768500393257082e-10 -1.588560241140318701e-09 -2.295313850570976921e-10 1.554897234166239646e-10 1.021061827003004360e-09 -3.222968083109148393e-10 1.065912403233217645e-09
1.034646639530784062e+00 1.389182554026528631e-09 -7.308265618541712543e-11 8.997162118138481020e-11 1.396287838984310187e-10 -3.753733988948678890e-09 -6.090117864638669216e-11 -9.918245933247440791e-11 2.479768524614328233e-09 -4.567589588864118246e-10 -9.244336540563943660e-11 7.076588105711322696e-11 -1.477493054678461035e-10 -2.335657112245845642e-10 5.809399341950393010e-10
1.038830480088573260e+00 2.512349804540251955e-09 7.209853949418119481e-10 -2.462489008140196142e-10 1.003044998232772486e-10 -1.100272114536431832e-09 1.895125921529749797e-10 5.819210475387923465e-11 -5.583168389753627696e-10 1.348904694757397741e-09 1.344686845880628778e-10 -1.347607586536094982e-10 3.466551714873315507e-10 5.982313964464212758e-10 2.454510376587867124e-10
1.043023229532383578e+00 6.484441253945248252e-09 1.417070463362655226e-10 1.805552685867560212e-10 -2.826719153961368133e-10 -1.681538590012083549e-09 -5.614293854907552010e-11 2.621801837425184267e-11 -4.399576280016598820e-09 -1.200447809084582264e-09 5.080473325991392000e-11 -1.946230641737743458e-12 -5.879204130118728664e-09 1.983101713764691416e-10 -1.208090441503234715e-09
1.047211320931656031e+00 -8.289888172485048790e-09 -8.105653378796842365e-11 -1.702646107125731367e-10 -1.648287742219473820e-09 2.435073841945994599e-09 -5.065186733890096286e-11 -1.656537044724600432e-11 -3.145489410166406943e-09 1.592407900893839621e-09 -3.102466567798434669e-10 1.802851036891763605e-10 -3.518002587743773692e-09 3.291295031352997186e-10 -1.039553346299410688e-09
1.051395396220772938e+00 4.976665932231149515e-10 -8.888549362757542976e-10 9.555979927228831849e-10 2.502814966715755041e-10 -3.240908808595582980e-09 2.348477781382584690e-11 3.930530518786808123e-10 -8.710331422060296560e-10 -1.037644151289860393e-09 5.582710414181512363e-12 -1.923838819413106606e-11 -3.474421460069067485e-09 -5.363717138763702309e-10 -1.836956653877799396e-10
1.055587561333155788e+00 4.559226012738632459e-09 4.477243769109477186e-10 -3.847239606668433368e-10 -1.207910059117894882e-09 9.383090840715617656e-09 -2.958860670250777735e-10 2.432608650191490474e-10 -1.655903683356479613e-09 2.956636795081674293e-09 1.865323351962108715e-10 -3.924641114495907536e-11 -5.735876733791709859e-10 3.868477964016109810e-10 2.898145325059735184e-10
1.059780855230085139e+00 -1.262034924443910103e-10 1.912545642485081233e-10 1.405353379799866208e-10 -1.994569170165965408e-09 -6.399989884275980956e-09 2.981127221996039417e-11 1.277847727743202160e-10 -3.226836520871440361e-09 -2.061111260010940661e-09 1.031507424421571332e-10 1.258387689820274223e-11 -2.044963909561328113e-09 -3.885852556972617580e-11 -5.007590543984732910e-10
1.063968553353427993e+00 7.572740829018178206e-10 -8.578564787675717485e-11 3.038844344241874744e-10 5.989100230826323156e-10 1.865949443301662195e-09 6.546210657094704571e-11 -6.925386868080879636e-11 -2.892535140969240490e-09 -1.254788488950335162e-09 4.403973433695450940e-11 -6.802877016134523368e-11 -1.871923574769734617e-09 -4.438042764816361171e-10 6.619386361749338411e-11
1.068144877931138659e+00 6.628813429995338591e-09 -3.829964883105909243e-10 1.487829030536399269e-10 -2.151764898932017115e-09 1.529253951720863946e-09 1.041845524433765243e-10 2.728533926064183984e-10 -1.726859092257815590e-09 7.374236682012633270e-10 -3.171401533626909177e-10 1.010812656181920235e-10 2.681078100787634580e-09 1.473344878677358131e-10 -1.372470659848125153e-10
