# Columns: ('k', 'S1', 'S2', 'S3', 'S4', 'S5', 'S6', 'S7', 'S8', 'S9', 'S10', 'S11', 'S12', 'S13', 'S14')
5.345493089407682419e-03 -3.528866644965277715e+02 4.950009722222221899e+04 3.998967556423610858e+02 -4.337535264756944002e+02 -9.212792968750000000e+02 3.556679861111110949e+04 -6.948449707031250000e+01 -9.516813151041666288e+02 -8.478785807291666288e+02 2.810685763888888687e+04 -1.350676269531250000e+02 -8.480300021701388005e+02 -2.671338704427083144e+02 -2.672190212673610858e+02
9.344366739594166943e-03 -2.414635679183467687e+02 1.183224294354838776e+03 -2.270597908266128968e+02 -5.816349546370967261e+01 -3.674526209677419502e+02 3.665024697580644897e+03 4.781687878024193594e+01 -3.226241179435483559e+02 -2.345171843497983843e+02 4.885453629032257595e+03 -1.153970907888104875e+02 -2.114004851310483843e+02 -9.408455141129032029e+01 -9.576400264616934521e+01
1.312833575873958818e-02 -1.625826052295918316e+03 3.901822448979591718e+04 1.831302136479591582e+03 -2.225418048469387486e+03 -2.952703443877550853e+03 3.049848979591836542e+04 1.512860331632653015e+02 -3.306276466836734471e+03 -1.868917410714285552e+03 2.426209948979591718e+04 -5.831706393494897611e+02 -1.846951849489795677e+03 -4.651558912627550626e+02 -4.631441326530612059e+02
1.700891779646987109e-02 -2.641816369047619446e+03 7.325831428571429569e+04 -1.841613392857143026e+03 -1.947266220238095457e+03 -7.837110714285715403e+03 4.443389047619047778e+04 -1.015749255952381077e+03 -7.243379761904762745e+03 -6.809664880952381282e+03 3.193687619047619228e+04 -7.708706845238095866e+02 -6.757442857142857974e+03 -2.008929017857142981e+03 -2.048251190476190459e+03
2.135270783943789275e-02 -1.142982857142857029e+03 3.965148000000000320e+04 -2.169414107142857119e+03 -1.153582589285714199e+01 -3.864047500000000127e+03 2.258134000000000015e+04 -7.315205357142857565e+02 -2.953553571428571558e+03 -2.654555714285714203e+03 1.621158571428571486e+04 -4.878892410714285575e+02 -2.543950892857142662e+03 -5.460774553571428669e+02 -6.325622321428571695e+02
2.564347439342075027e-02 -4.227118055555555429e+02 3.348960444444444147e+04 -2.344329444444444562e+03 6.338426388888889278e+02 -2.111783472222222372e+03 1.822029999999999927e+04 -1.024302638888888850e+03 -1.281059166666666670e+03 -1.614434444444444352e+03 1.266639777777777817e+04 -5.925569444444444116e+02 -1.730094444444444434e+03 -4.356639583333333121e+02 -5.674151041666666515e+02
2.962205054058980949e-02 -1.971968438538206136e+00 4.777554817275748064e+03 1.641197466777408636e+03 1.141115759966777432e+03 -6.005595930232558430e+02 6.689284883720930338e+03 4.335892857142857224e+02 6.970078903654484748e+02 -3.833528862126245826e+02 5.877562292358804370e+03 4.279147632890365571e+01 -1.094238995016611256e+02 -8.557988995016611966e+01 -1.375245535714285836e+02
3.361537140302770649e-02 -2.312247580380577290e+02 1.901538845144357037e+04 -1.979743438320209862e+03 1.055651082677165277e+03 -2.439101377952755684e+03 1.051909317585301869e+04 -3.753850885826771560e+02 -1.541895177165354198e+03 -1.999527230971128574e+03 6.799019685039370415e+03 -4.775590551181101873e+00 -2.112082020997375366e+03 -4.796491141732283268e+02 -6.080614337270341139e+02
3.793950633336700545e-02 6.435800131348511286e+02 1.255771891418563973e+04 -1.489773204903677879e+03 2.572134413309982392e+03 1.178911339754816026e+03 7.097689141856392780e+03 -8.176971322241681719e+02 2.662869308231173363e+03 8.678977670753064331e+02 4.313340630472855082e+03 -2.994602944395796840e+02 1.023321584938704063e+03 1.995447405866900112e+02 1.318830998248686512e+02
4.227894994616508695e-02 5.340769500000000107e+02 2.409621919999999955e+04 -4.746649600000000646e+03 2.361241600000000290e+03 -5.436905000000000427e+02 1.354379200000000128e+04 -1.980200000000000045e+03 3.869377000000000066e+02 -8.912608000000000175e+02 8.716867200000000594e+03 -7.032960500000000366e+02 -1.182986700000000155e+03 -2.372052000000000191e+02 -4.140643500000000472e+02
4.633325468672155889e-02 -6.148996056241426231e+02 1.440484087791495040e+04 -2.264903120713305725e+03 1.357293552812071312e+03 -2.933545953360768181e+03 9.010148148148147811e+03 -1.183327760631001183e+03 -1.546660665294924456e+03 -2.967923182441700646e+03 5.750141975308641122e+03 -4.585560270919066852e+02 -2.834391632373113680e+03 -8.888383916323730318e+02 -9.724706790123456130e+02
5.038752484052157893e-02 4.665516124586549154e+02 1.000832304299889802e+04 -1.769892778390297735e+03 2.670936052921720147e+03 4.511580760749724277e+02 6.435682469680265058e+03 -9.510707001102535969e+02 1.590300165380374892e+03 -2.076764746416758669e+02 4.018784178610804702e+03 -2.821894983461962738e+02 -3.546363699007717969e+02 -1.575860667034178562e+02 -2.822953417861080538e+02
5.464179025701254577e-02 1.110003673094582155e+03 1.138607529843893462e+04 -3.219888888888888687e+03 3.208219008264462900e+03 9.592319788797061619e+02 6.529569329660238509e+03 -1.363675849403122129e+03 2.262846189164371026e+03 1.150135732323232247e+02 3.750887970615243376e+03 -2.478429752066115554e+02 3.123266758494031237e+01 7.673811983471074072e+00 -9.343973829201101466e+01
5.886817576171304162e-02 1.872485188150520344e+03 1.244597357886308964e+04 -3.994767013610888625e+03 4.193010408326661491e+03 2.197283426741392759e+03 7.738776621297037309e+03 -2.039568654923938993e+03 3.564875900720576283e+03 6.816759907926340247e+02 4.452134507606084298e+03 -7.048824059247397145e+02 3.401925540432345656e+02 1.666969825860688559e+01 -2.080253452762209747e+02
6.290140616743733482e-02 2.367019450800915365e+03 7.889249427917620778e+03 -2.842782990083905588e+03 5.420976353928299432e+03 4.863982456140351132e+03 4.974497711670480385e+03 -1.464517162471395977e+03 7.224934401220442851e+03 3.486390541571319773e+03 2.588870327993897718e+03 -3.177500000000000000e+02 3.877113653699466340e+03 9.544924675819985396e+02 9.368594584286804547e+02
6.703999982739437813e-02 6.233576992210904564e+02 9.020609346914319758e+03 -2.746851408028759579e+03 2.682625524266027696e+03 -1.267680590922708177e+02 5.908732174955062874e+03 -1.483598112642300748e+03 1.109020970641102394e+03 -9.427544937088076722e+02 3.396484122228879642e+03 -4.112770371479928144e+02 -1.172068154583583009e+03 -3.880660575194727357e+02 -5.334638630916716693e+02
7.134254604642074893e-02 1.830299032778076480e+03 9.674976894142933816e+03 -3.552419129500268809e+03 4.089955131649650866e+03 2.964272702847931214e+03 6.022419129500269264e+03 -1.774635008060182827e+03 3.715938742611499492e+03 1.170152471789360561e+03 3.333340408382590340e+03 -5.049391456206341218e+02 5.687045271359484104e+02 9.256475013433637855e+01 -1.035202847931219878e+02
7.561818311969153994e-02 -4.525731414868105418e+01 6.529447482014388697e+03 -1.904474820143884926e+03 2.901718225419664122e+03 -3.582593525179856329e+02 4.407327577937649949e+03 -1.131040527577937610e+03 1.701392206235012054e+03 -7.743667266187050018e+02 2.623910791366906324e+03 -4.016354616306954313e+02 -5.654895083932854050e+02 -2.699636690647482169e+02 -3.442376498800959439e+02
7.973924982214039558e-02 3.874763653051858910e+03 8.948167049105093611e+03 -4.656371730151446172e+03 6.271331344653511223e+03 7.747842129417163960e+03 5.406835704451583297e+03 -2.400922900413033403e+03 8.627252868288205718e+03 4.915581000458926610e+03 2.837363469481413631e+03 -8.830747475906379123e+02 4.320533272143185059e+03 1.076880908673703516e+03 8.682801743919229693e+02
8.385356877962653332e-02 8.521029996027016296e+02 8.031898291617004361e+03 -3.376094954310687172e+03 3.442031386571315124e+03 1.655171036948748451e+03 5.069932459276917143e+03 -1.863888756456098463e+03 2.950812673818037183e+03 4.957073400874056119e+02 2.724207389749702088e+03 -6.689724374255065413e+02 1.656718315454906758e+02 -3.635451740663488351e+01 -2.099321613031386562e+02
8.809929214337092196e-02 2.140938921946097253e+03 5.618010500525026146e+03 -2.481385369268463364e+03 4.352233111655582434e+03 5.376478823941197334e+03 3.980656282814140468e+03 -1.506137206860342985e+03 5.865442772138606415e+03 3.473547777388869235e+03 2.247842667133356827e+03 -5.629931309065452751e+02 2.825166783339167068e+03 7.681800840042002392e+02 5.633746937346867298e+02
9.230415729057904473e-02 2.821435974590438036e+03 6.162866599799397591e+03 -3.038031427616181645e+03 5.300256770310932552e+03 6.148838515546639428e+03 4.090067870277498969e+03 -1.743885489802741404e+03 7.355180207288532074e+03 3.829097291875626524e+03 2.156674022066198631e+03 -6.301458124373118608e+02 3.593130056837178017e+03 8.063343363423604160e+02 6.869161651621531064e+02
9.643309047658384092e-02 2.921011208724628887e+03 5.491624962132686960e+03 -2.742885186307179538e+03 5.168083611026961080e+03 7.443901847924871618e+03 3.783812784004846890e+03 -1.669398364132081269e+03 8.207054831869130794e+03 5.286043623144501908e+03 2.102559224477431144e+03 -6.980307482581035856e+02 4.848359285065132099e+03 1.300724780369585005e+03 1.114090805816419333e+03
1.005689403076158450e-01 2.464946984572230122e+03 5.168918934081346379e+03 -2.926315287517531488e+03 4.870067882187938267e+03 6.107686956521739376e+03 3.608076297335203435e+03 -1.818685133239831885e+03 7.079018232819074910e+03 3.910936325385694545e+03 1.919070967741935647e+03 -7.455743338008416004e+02 3.573218232819074728e+03 8.401061009817672129e+02 6.973418653576437691e+02
1.047818677762802908e-01 2.965455812795618385e+03 5.371569330346029346e+03 -2.932733383121732459e+03 5.068059248195170767e+03 7.125936270848892491e+03 3.622732885237739538e+03 -1.780942245456808450e+03 7.517652974856858236e+03 4.522535225292506766e+03 1.882129449838187611e+03 -6.903924570575055668e+02 3.848000248941996688e+03 9.402701020662185556e+02 7.455521533482698260e+02
1.090277847809041356e-01 2.857456425749477148e+03 4.683285149895421455e+03 -2.640708343016500294e+03 5.017550546130606563e+03 7.676785498489425663e+03 3.279393446432721248e+03 -1.652077387868928554e+03 8.047836393214036434e+03 5.246488496397862036e+03 1.691582035788984513e+03 -6.389966302579595094e+02 4.630404369044852501e+03 1.200854287706251398e+03 1.029187543574250412e+03
1.132170039508717807e-01 3.532513346569600799e+03 5.045123317891021543e+03 -2.987078976395323025e+03 5.475262298698433369e+03 8.465768365320978774e+03 3.422384292962717609e+03 -1.812500220604456217e+03 8.964794176042356412e+03 5.787762629605117581e+03 1.783737811603794398e+03 -7.119512464151775930e+02 5.255205823957643588e+03 1.338133465696007079e+03 1.175819986763732686e+03
1.174008294871188018e-01 3.704405541056013135e+03 5.297320618349728647e+03 -3.170175667536639139e+03 5.759920497891989726e+03 8.822249347520579249e+03 3.523205781971491888e+03 -1.846216221642240498e+03 9.385900020076289366e+03 6.013073679983938746e+03 1.856808472194338492e+03 -7.460795522987351660e+02 5.517335474804256592e+03 1.405418791407347953e+03 1.239604898614735930e+03
1.215998224695146873e-01 3.612864075829383637e+03 4.227935545023696250e+03 -2.511882085308056958e+03 5.503534407582938002e+03 8.945493080568719961e+03 3.047290236966824523e+03 -1.610646445497630339e+03 9.273842654028436300e+03 6.076043222748815424e+03 1.633454407582938302e+03 -6.626651658767772233e+02 5.463506350710900733e+03 1.357574502369668153e+03 1.182948530805687142e+03
1.257670529567683493e-01 3.312572243007304678e+03 3.753536433279885841e+03 -2.199838410831997408e+03 5.213567432745412589e+03 8.565254943880278006e+03 2.804298948868697607e+03 -1.473414662390878448e+03 8.832571530375913426e+03 5.907310885444503583e+03 1.557975236059148529e+03 -6.478359166221272289e+02 5.288560840905041914e+03 1.345091394975948788e+03 1.167188847318724356e+03
1.299386816717305049e-01 2.082621109830397018e+03 3.224338547670015032e+03 -1.877904495307097022e+03 3.971098962621439114e+03 5.633601844228553091e+03 2.445173884406388879e+03 -1.276333278445578799e+03 5.995712827268236651e+03 3.567932158735386110e+03 1.311272847027828220e+03 -5.269552115922937219e+02 3.065125638070146579e+03 7.249980240408365262e+02 5.771671332125803247e+02
1.340949335765710126e-01 1.465224178962399037e+03 2.602184673964778995e+03 -1.569971600825004089e+03 3.279419958749801935e+03 4.379692210058702585e+03 2.001085832143423886e+03 -1.068337220371251760e+03 4.884638743455498116e+03 2.828784388386482988e+03 1.032650325241948394e+03 -4.013051721402507042e+02 2.509282246549262254e+03 5.947638426146279471e+02 5.010341900682215055e+02
1.382635144665005922e-01 2.732647732212722985e+03 3.045100130415881722e+03 -1.953604550065208059e+03 4.193615418055354894e+03 6.903722938704536318e+03 2.333002608317635350e+03 -1.337280104332705378e+03 6.798571801188233621e+03 4.454559049413128378e+03 1.246439211708448056e+03 -5.748964642805390213e+02 3.780434719605854298e+03 9.341311404144327071e+02 7.740364439936241752e+02
1.424925284902303357e-01 2.513898332655550803e+03 2.837057069269350450e+03 -1.741704622475260749e+03 4.057969093127287124e+03 6.555648095431746697e+03 2.131336586688355510e+03 -1.161607157381049092e+03 6.728603497356648404e+03 4.359136776467398704e+03 1.119084655008811069e+03 -4.618632913108309026e+02 3.848089738376033438e+03 9.390637115358546225e+02 8.059553341466720440e+02
1.466886314558672189e-01 2.873347900487034167e+03 2.949819402395682118e+03 -1.852672107410819990e+03 4.602822166644727986e+03 7.858616822429906279e+03 2.212310122416743070e+03 -1.224559036461761025e+03 8.143212320652888593e+03 5.615551401869158326e+03 1.207366592075819199e+03 -5.218588258523101331e+02 5.109767539818349178e+03 1.329725154666315575e+03 1.185660128998288656e+03
1.508619291163366127e-01 2.374357603014464530e+03 2.351538106235565920e+03 -1.353490822900206695e+03 3.866636684088975471e+03 7.098539929500425387e+03 1.914090190835055409e+03 -9.881543697581136030e+02 7.158263279445727676e+03 5.276395770025525962e+03 1.122021149872371552e+03 -4.592372979214780457e+02 4.730457274826790126e+03 1.305241278716421675e+03 1.154440622341072185e+03
1.550655720814744509e-01 2.442928996152500531e+03 2.184854144805875876e+03 -1.308368893552524241e+03 3.928488748979829779e+03 6.999167074734755261e+03 1.783126034744082972e+03 -9.681597878045936341e+02 7.126920834790718800e+03 5.016839454354669215e+03 1.002572461233531499e+03 -4.319909642065990170e+02 4.528232249038124792e+03 1.176493878978663815e+03 1.046978314095837732e+03
1.592593054631499527e-01 1.946526004598707914e+03 1.899651812109930916e+03 -1.195435125369539037e+03 3.325542100076645056e+03 5.815636045111135900e+03 1.559743348297383136e+03 -8.844600897842987024e+02 5.896905726486367712e+03 4.140733603416182632e+03 8.626052775648746547e+02 -3.940589072593890023e+02 3.672974050147815433e+03 9.678267819993430976e+02 8.436330887988613085e+02
1.634144798183441161e-01 1.887112533333333431e+03 2.030892160000000104e+03 -1.335855360000000019e+03 3.284276479999999992e+03 5.673651200000000244e+03 1.599158400000000029e+03 -9.498447999999999638e+02 5.864592213333333348e+03 4.031260159999999814e+03 8.612110933333333378e+02 -4.168016000000000076e+02 3.657442986666666457e+03 9.368188800000000356e+02 8.370171733333332895e+02
1.675823816150099899e-01 2.200233666106553301e+03 1.765521201937333217e+03 -1.142174458831669426e+03 3.502773944845309870e+03 6.407749332806167331e+03 1.466515765543145108e+03 -8.606235049915982245e+02 6.434153602846693502e+03 4.558149253731343379e+03 8.193556884451912765e+02 -3.984811208856380063e+02 4.099421963032519670e+03 1.056557774043688823e+03 9.403111594346149786e+02
1.718045808093531246e-01 2.147208951048950894e+03 1.899033286713286770e+03 -1.259268065268065357e+03 3.277903962703962861e+03 6.005293799533799756e+03 1.491380139860139934e+03 -8.939527272727273157e+02 5.938618554778554426e+03 4.150784895104895440e+03 8.054866200466200326e+02 -4.050890442890442955e+02 3.687321585081584999e+03 9.276862470862471355e+02 8.159689510489509985e+02
1.760135070798979073e-01 1.312088971860486254e+03 1.417018941808578575e+03 -8.310023677260722934e+02 2.434219287860850727e+03 4.348437847190602042e+03 1.204423003369456410e+03 -6.437405973955013678e+02 4.380700482651853235e+03 3.133624260085602600e+03 6.837355432110008451e+02 -2.879033102631818792e+02 2.750720152991530995e+03 7.288848920863309786e+02 6.342120025498588802e+02
1.801930856696074279e-01 1.562534822265791490e+03 1.382937856960191084e+03 -9.033700451794391029e+02 2.642181570198619283e+03 4.829822521524167314e+03 1.163652288807433251e+03 -6.686528855170062116e+02 4.782961043389310362e+03 3.408826187025829313e+03 6.390355468417014890e+02 -2.960112096155485801e+02 3.004648197084647563e+03 7.814981672491688869e+02 6.830999062313528611e+02
1.843742315857553882e-01 1.753288911072290148e+03 1.409559271275268202e+03 -9.149521670410115348e+02 2.799236003660261304e+03 5.241783545462108123e+03 1.197177605856418040e+03 -7.015983695200067132e+02 5.236459196406289266e+03 3.766533899010065852e+03 6.718941851759420842e+02 -3.221262790117294799e+02 3.377171283587056223e+03 8.752426586806421938e+02 7.806976125114383649e+02
1.885797910080431738e-01 1.493558467586525921e+03 1.191396824173282994e+03 -7.824603407076234589e+02 2.397343097201880937e+03 4.463845525321821697e+03 1.015103908116858065e+03 -5.922899098126878243e+02 4.380757881754412665e+03 3.131680567332151440e+03 5.531555538425961913e+02 -2.559481230247436940e+02 2.755263701533955100e+03 7.101231018268712205e+02 6.251568642565327991e+02
1.927656394953895236e-01 1.280230645531817345e+03 1.028947392602802665e+03 -6.216825943793552369e+02 2.155187074048549221e+03 4.061859866758557473e+03 9.343056895627537415e+02 -5.170076958419481343e+02 3.935536871123363653e+03 2.833238379661536328e+03 5.310916609235010810e+02 -2.394400030630216918e+02 2.453641779615591076e+03 6.304851826326671471e+02 5.450876024197871175e+02
1.969014248243030341e-01 1.099128044790227477e+03 9.460998327637605598e+02 -6.373195666400057462e+02 1.964714898567585124e+03 3.604638115320293764e+03 8.302136988293462991e+02 -4.966711990111248269e+02 3.684447611430233337e+03 2.636712862648149439e+03 4.604567003562858645e+02 -2.226620010179597102e+02 2.397128190213044491e+03 6.222313677015923759e+02 5.631133570857267614e+02
2.010715633173454087e-01 1.077619830730062631e+03 9.097196724695520516e+02 -5.414585426271245296e+02 1.846510837404527820e+03 3.581365168925893158e+03 8.224070047478153356e+02 -4.389608821303241371e+02 3.560929195623753003e+03 2.680457716920112944e+03 4.904245510218124764e+02 -2.095677079749535778e+02 2.399900915158604676e+03 6.551957613706737220e+02 5.843531961742241947e+02
2.052920281681521186e-01 7.442771756978653457e+02 6.623781937602627750e+02 -4.749920853858785108e+02 1.513808866995073913e+03 2.630413661740558382e+03 6.186501149425287167e+02 -3.922632512315270787e+02 2.683576223316913001e+03 1.813191724137931033e+03 3.284272577996715654e+02 -1.743157799671592727e+02 1.594813004926108306e+03 3.864311001642035990e+02 3.342185221674876630e+02
2.095172134954577381e-01 7.368371243147879568e+02 6.334667632789363552e+02 -4.478842227962950915e+02 1.429986516287568520e+03 2.560453909646525062e+03 5.858578539474513036e+02 -3.609026211328838372e+02 2.616268162056580877e+03 1.817968622014995844e+03 3.197378237036103314e+02 -1.608995652447860891e+02 1.642998802847961542e+03 4.121745321655849921e+02 3.733539474513262917e+02
2.136973926115405542e-01 8.417486511627906793e+02 6.615866666666667015e+02 -4.192239999999999895e+02 1.437889736434108499e+03 2.758714294573643656e+03 6.074215193798449945e+02 -3.401854883720930047e+02 2.694328806201550378e+03 1.995454263565891551e+03 3.491054263565891347e+02 -1.530008527131782898e+02 1.744141395348837250e+03 4.664734263565891297e+02 4.083135503875968766e+02
2.178750580088065492e-01 6.454495766423358418e+02 5.475742481751824471e+02 -3.607559124087591158e+02 1.272500087591241027e+03 2.371951649635036574e+03 5.260531386861314331e+02 -3.070732262773722709e+02 2.368986627737226172e+03 1.704918306569343031e+03 2.932056058394160800e+02 -1.386965839416058373e+02 1.508088992700729932e+03 3.904391824817518568e+02 3.452864525547445282e+02
2.220823861956562617e-01 4.411267557962430033e+02 3.575646753539797942e+02 -2.516363738929316867e+02 1.021368308230383036e+03 1.827740283183843985e+03 3.911026964517403144e+02 -2.384702713375077678e+02 1.864582049980256215e+03 1.302020759293732681e+03 2.213725108591414141e+02 -1.147037287753144881e+02 1.163264398939470993e+03 2.905011000169233171e+02 2.601938286230044355e+02
2.262696194198526023e-01 8.228679804578141557e+02 5.519583905143547327e+02 -3.400473733326014099e+02 1.329726080035132100e+03 2.691513421529340576e+03 5.270824504583630414e+02 -2.946897403524180845e+02 2.654740736674534674e+03 2.004020420486358944e+03 3.227489981885052543e+02 -1.499870999615743585e+02 1.812920349124444101e+03 4.803542295657902059e+02 4.351391008398748568e+02
2.304259489101245229e-01 5.222757815402579809e+02 3.567062523220635626e+02 -2.364122923411708541e+02 1.000292978079719774e+03 1.914774375033172419e+03 3.724911363515736866e+02 -2.182245501831112904e+02 1.871949896502308775e+03 1.354198397112679913e+03 2.089716973621357567e+02 -9.944484103816145648e+01 1.181142720662385273e+03 2.990206464625019862e+02 2.623055039541425799e+02
2.345870463846415066e-01 5.079324069832544524e+02 3.449642439049218865e+02 -2.162643660609762435e+02 9.618233827047386058e+02 1.853873670280449915e+03 3.608753499261973730e+02 -2.032028299485926652e+02 1.831825927622537847e+03 1.341577849035476220e+03 2.075827480022395264e+02 -9.487397567058583547e+01 1.187777065200794141e+03 3.081977146638163845e+02 2.732947523794981635e+02
2.388019837064606632e-01 2.523246753246753542e+02 2.130315743735818330e+02 -1.597138149954135145e+02 6.961991985709457822e+02 1.267134842852315160e+03 2.608688746198039894e+02 -1.620232221310288310e+02 1.307965818568049144e+03 9.275736011200696112e+02 1.490057934630425507e+02 -7.656899652392218059e+01 8.295890503548496326e+02 2.092663786028098514e+02 1.863039274851542757e+02
2.430077036534963875e-01 3.025900014263300477e+02 2.224657918509009562e+02 -1.609015237959397098e+02 6.549835021157228994e+02 1.204119621547092720e+03 2.340926163647601470e+02 -1.455835948271763414e+02 1.190991109209337765e+03 8.522502733799267389e+02 1.227069367184899846e+02 -6.219875909285408966e+01 7.313096562544573089e+02 1.879948889839775461e+02 1.599932249322493192e+02
2.471758823520590620e-01 1.591738100712807693e+02 1.686641756725684047e+02 -1.372889629799954037e+02 5.051669809151529194e+02 8.300630949643596068e+02 1.972706829156127810e+02 -1.329917222349965584e+02 8.385293170843872304e+02 5.361394343527248338e+02 9.546493446769372326e+01 -5.524744194067601910e+01 4.376116808461715664e+02 9.734364221660152339e+01 7.523877328121407970e+01
2.513692271335918882e-01 2.423789768500284652e+02 1.759621679576386271e+02 -1.265701719837206269e+02 5.638167695068050307e+02 1.053844820795588930e+03 2.062453940746575825e+02 -1.278103584088223812e+02 1.050572841451139993e+03 7.463371406065380143e+02 1.101187037766399754e+02 -5.739352216533193740e+01 6.546790950067830863e+02 1.625241455516170106e+02 1.433068574679445248e+02
2.555723892733414715e-01 1.201738216751726327e+02 1.093308315821074785e+02 -8.984911223570786376e+01 4.135168332118197441e+02 7.310302354505297444e+02 1.472545782047433249e+02 -9.712295749882061102e+01 7.234001801260883440e+02 5.021775957455934076e+02 7.276127932409829668e+01 -4.083095488270360818e+01 4.159377278380580947e+02 1.011635501994253161e+02 8.338983359780418425e+01
2.597674079539822323e-01 4.203366354986201259e+01 6.881214729991350509e+01 -7.614042612349136618e+01 3.453397660336944455e+02 5.488781150883552300e+02 1.168065246941549589e+02 -8.386118033529677973e+01 6.066200107097253067e+02 3.940374840383902324e+02 5.717059871483296973e+01 -3.399714493141657101e+01 3.523992256044816145e+02 8.283422581043787147e+01 7.328625344976727263e+01
2.639178238801485610e-01 1.870667894413750787e+02 1.340009208103130618e+02 -1.087807243707796090e+02 4.350568446899938522e+02 8.269048496009821747e+02 1.542473910374462776e+02 -1.010927972171066074e+02 8.330074074074074133e+02 6.065931246163289643e+02 8.350344280744832304e+01 -4.536529056680990379e+01 5.406835277266216053e+02 1.385772457540413143e+02 1.243461735215878718e+02
2.680749044740857179e-01 3.281413663343289988e-01 3.000544089692361283e+01 -4.134861504441943936e+01 2.243758001319005189e+02 3.339946463901927700e+02 7.693212941769793645e+01 -5.816845928540946886e+01 3.326319199286185153e+02 1.930435659696628647e+02 3.063320498894362842e+01 -2.089588101796174868e+01 1.331671742250843806e+02 2.210673032160453033e+01 1.068329324591690188e+01
2.723023151079725368e-01 5.123842669624699653e+01 4.333569051580698783e+01 -5.253444259567388031e+01 2.767084673691994681e+02 4.831791458679977609e+02 8.651323719726381967e+01 -6.279387594749491797e+01 5.193936772046589567e+02 3.622574228138287822e+02 4.461367165834720083e+01 -2.590229247550378844e+01 3.305987058606027063e+02 8.196717507857275109e+01 7.642653447957108881e+01
2.765128983200950685e-01 -9.286010052656773439e+01 -2.934967503774348785e+01 -5.897664506388776040e+00 1.134849394262989222e+02 9.366353058143387500e+01 2.818361748352174345e+01 -3.102982886548587516e+01 1.496426611923261021e+02 5.385620190006259378e+01 7.545891713002172096e+00 -1.135085222042198971e+01 4.404785138270059264e+01 6.788776834701918395e-01 -8.850578349965017022e-01
2.807027537381580062e-01 -1.350602354594974486e+02 -6.112574240028114758e+01 1.090697592690212581e+01 5.525557898436127147e+01 -1.718609207520646720e+01 3.722879601563872765e+00 -1.918330038657529357e+01 1.666654366543665589e+01 -4.459949042347566461e+01 -1.167112106835354091e+01 -3.778599158759444965e+00 -6.292257072570725995e+01 -2.854432876471621938e+01 -3.106215955016693187e+01
2.848857026249724811e-01 -1.543781183674889519e+02 -7.451500469712257768e+01 1.353688545979611035e+01 3.473867471556313546e+01 -6.179811941129396757e+01 -9.850698914442782339e+00 -1.287487713545109713e+01 -4.903013117149716549e-01 -5.309482968581468754e+01 -1.807214214884659498e+01 8.079458569639191845e-01 -5.152135886016492350e+01 -2.275013699940851097e+01 -2.135119689641975071e+01
2.890807262117984777e-01 -1.013770329561574215e+02 -5.553677465113977263e+01 1.859301908422128946e+01 6.124217332497607913e+01 3.971116352719954534e+01 4.136243113515653214e+00 -1.032239983670372396e+01 7.494052881601952265e+01 2.857258230792069043e+01 -3.765878088608847207e+00 -6.687004389618315114e-01 1.638500808234091011e+01 -8.710990334180053474e-02 -1.843683506251443172e+00
2.932785946948970324e-01 -1.198607652844492435e+02 -5.713173545077280124e+01 2.177445838643270459e+00 3.915585073358820978e+01 -3.189329477502205989e+01 -3.676807625069437702e+00 -1.811495605006045295e+01 2.554903522530470994e+01 -3.179589010881286271e+01 -1.080120617259745863e+01 -5.799547838447211667e+00 -2.344654935790608974e+01 -1.690019156618632223e+01 -1.366273629219357666e+01
2.974321087309398370e-01 -1.410649192903947551e+02 -7.280492248681477463e+01 1.893275531404826495e+01 -7.641607399712322390e+00 -1.169600767140802304e+02 -2.012204730701614253e+01 -4.779723210004794609e+00 -8.258696659741090684e+01 -1.086154546907463612e+02 -2.417481620584944935e+01 3.244024192903947501e+00 -1.117620345213361048e+02 -3.977285839859357708e+01 -3.863947179159341516e+01
3.016123743882810904e-01 -1.314637760535524080e+02 -7.495955423703027520e+01 2.147914004259850884e+01 -8.020751559409706744e+00 -1.075499771793701598e+02 -2.369473223794310002e+01 -1.423260877833561588e+00 -6.317187737714894524e+01 -8.845114103149246887e+01 -2.274795565190932578e+01 3.244921458998935027e+00 -8.212210558344743561e+01 -3.048314886657538381e+01 -2.786168986764034727e+01
3.058101292111336522e-01 -1.589410670905437541e+02 -8.411539153645442468e+01 3.117063926461326417e+01 -5.321929640404282935e+01 -2.011633626248388111e+02 -3.544094337642084014e+01 7.923491250037488776e+00 -1.686266232792490314e+02 -1.649690489757970226e+02 -3.155870422577452672e+01 9.824319384878386074e+00 -1.623807995681252407e+02 -5.025276294874486638e+01 -4.824813304141798653e+01
3.100168993294901143e-01 -1.142831860311630265e+02 -6.566578667967516481e+01 2.157508106401905579e+01 -8.524261815260121722e+00 -9.166277368073689047e+01 -2.153245430284943751e+01 1.982818732244827631e+00 -5.305186303767683853e+01 -6.945646216534190387e+01 -1.944628970702172310e+01 5.111380079055352965e+00 -6.308899107578410081e+01 -2.223311106487991040e+01 -1.986067749433269469e+01
3.142092030053749707e-01 -1.673507697141062067e+02 -9.131752491931568727e+01 3.292504212720989187e+01 -6.852144203581526938e+01 -2.315373718333190709e+02 -4.217186473595521790e+01 1.002747997172478911e+01 -1.926289663839145589e+02 -1.843533687487504835e+02 -3.500228486562134123e+01 1.031445463113700711e+01 -1.752325707594322068e+02 -5.404939950875389343e+01 -5.081654671122154809e+01
3.183867557675504334e-01 -1.450746157864350039e+02 -8.004299892777609671e+01 2.980208877464053074e+01 -5.676421727655129246e+01 -1.933517169328897864e+02 -3.550063921040332104e+01 8.382493539163665019e+00 -1.586272784757924796e+02 -1.537414428284716621e+02 -2.894495229978280548e+01 7.738815536249416205e+00 -1.448885436999972569e+02 -4.546037582822423673e+01 -4.239672284386770684e+01
3.225872781332082551e-01 -1.448344413295955064e+02 -7.862127886797490817e+01 2.592827226004538943e+01 -6.907348818582299543e+01 -2.281042317447603978e+02 -4.120013015618742713e+01 8.617217327459618659e+00 -1.922328260579361938e+02 -1.870687491656654799e+02 -3.486174075557335783e+01 8.568345347750634389e+00 -1.743089307168602318e+02 -5.507150914430650346e+01 -5.104876184755039503e+01
3.267666109043823597e-01 -1.572353873378938829e+02 -8.256913446554501945e+01 2.987437600697287721e+01 -8.982672142838276841e+01 -2.701600063389768138e+02 -4.605555849026703186e+01 1.257823188769446254e+01 -2.295080954016005990e+02 -2.124705633765616426e+02 -3.641549351575500282e+01 1.040864940175906561e+01 -1.945852724439396866e+02 -5.925673516283247011e+01 -5.421502997807770896e+01
3.309328770241455886e-01 -1.396925667917017506e+02 -7.304502538977774861e+01 2.616949271479241901e+01 -7.043714435173136224e+01 -2.220130138559289605e+02 -3.743894013626272965e+01 9.701000280691010502e+00 -1.761489193396106145e+02 -1.672064609967082731e+02 -2.769436576590369725e+01 7.292962470336064484e+00 -1.465101176350506478e+02 -4.527271045446426712e+01 -3.997126744749802185e+01
3.351106074107195187e-01 -1.437268524303386243e+02 -8.162928276896163027e+01 3.203131638135698722e+01 -7.794588279395226493e+01 -2.260967137323503664e+02 -4.292297888291890473e+01 1.376419155316756182e+01 -1.838726227664625696e+02 -1.665933899787579549e+02 -3.160503561164563280e+01 1.028181931775584168e+01 -1.460401474447082251e+02 -4.385096838685493026e+01 -3.823075721604398325e+01
3.393095620710060434e-01 -1.482178010722958277e+02 -7.910851585603347758e+01 3.047223992017887895e+01 -9.657267448849566449e+01 -2.732110932128002219e+02 -4.761173755199192215e+01 1.527334527444521939e+01 -2.372224172336691481e+02 -2.131461063159666480e+02 -3.657267448849566449e+01 1.169376157045656761e+01 -1.946331594258649318e+02 -5.805304979203231852e+01 -5.297520015387204495e+01
3.435164896197421824e-01 -1.217570925755320843e+02 -6.973975385632957114e+01 2.633408924479720170e+01 -7.769137552264190560e+01 -2.204767675336026116e+02 -4.193774950983866034e+01 1.294612949708265326e+01 -1.972495570831266321e+02 -1.781856707533130191e+02 -3.342561358750855760e+01 1.023449052748446775e+01 -1.680615595398388962e+02 -5.073133253017739719e+01 -4.749969586374695751e+01
3.477107812306902690e-01 -1.334079449079102346e+02 -7.059599519330760131e+01 2.631191216231830410e+01 -9.063648233309453417e+01 -2.527305248076167743e+02 -4.317864488249023935e+01 1.323521884315855246e+01 -2.232823700690962028e+02 -2.006067062602546685e+02 -3.362431828160747216e+01 9.989634125205093085e+00 -1.849712638365724615e+02 -5.549309615695699449e+01 -5.109422157003212561e+01
3.518857617074659383e-01 -1.218079288356366305e+02 -6.985703587718700192e+01 2.767163637188825831e+01 -7.798324142782580282e+01 -2.177723012685229094e+02 -4.172102707241246122e+01 1.431597907731408981e+01 -1.872010915197313068e+02 -1.677863480609072440e+02 -3.122486781491819130e+01 1.026494315474164232e+01 -1.513974516077790611e+02 -4.531256949644858878e+01 -4.088517768398120467e+01
3.560773577310688554e-01 -1.322083724791889665e+02 -7.270465271253468131e+01 2.690402892787694711e+01 -9.493012737879350027e+01 -2.600248202932115191e+02 -4.668968078830648949e+01 1.484552317070506078e+01 -2.271778277873669936e+02 -2.031224628023334446e+02 -3.543809947781249292e+01 1.083894803251108740e+01 -1.836699075793659404e+02 -5.506551377569970640e+01 -4.977805392296095022e+01
3.602869550449780967e-01 -1.238593484936330924e+02 -6.685976722712533160e+01 2.437023556443127248e+01 -9.161417466555003841e+01 -2.514021344671347720e+02 -4.419413128905495114e+01 1.356158871781657282e+01 -2.243738109042495807e+02 -2.010983057398698577e+02 -3.416370063776331989e+01 9.769488554617877796e+00 -1.851828684317893874e+02 -5.563609912173333782e+01 -5.122715218278253246e+01
3.644651285618699665e-01 -9.367670780499165062e+01 -5.171075276784013397e+01 1.948105908253773677e+01 -6.340370244924744725e+01 -1.754645737632041573e+02 -3.185520703232498718e+01 1.021083810516734047e+01 -1.494998835707783940e+02 -1.336312051482885011e+02 -2.355890260166388117e+01 7.216899701517814236e+00 -1.188913080293825146e+02 -3.545767533182328179e+01 -3.162527255022333605e+01
3.686396944457170921e-01 -1.080376462364043846e+02 -5.825264716162593004e+01 2.059686812508995502e+01 -8.277959166889405651e+01 -2.267986306721220728e+02 -3.961812766001192898e+01 1.212273706231881221e+01 -2.017644385961305318e+02 -1.816756378888500763e+02 -3.060650841951600754e+01 8.881603768735736537e+00 -1.653068651438205734e+02 -4.988396693875034060e+01 -4.541178012624133942e+01
3.728293470315630076e-01 -1.101438057979737266e+02 -6.075040625940415850e+01 2.273234025478985032e+01 -8.468903601163607675e+01 -2.270031698264620559e+02 -4.099891914936302584e+01 1.365069590731267013e+01 -1.999018156284482188e+02 -1.766978834386598578e+02 -3.094210051158592023e+01 9.904378573578092926e+00 -1.586999097201324105e+02 -4.712548400040125074e+01 -4.218990370147457725e+01
3.770363921861874523e-01 -8.841255482990546000e+01 -4.839614972219514755e+01 1.928459645189589722e+01 -6.584250414270397300e+01 -1.760863242031387301e+02 -3.138772053806414064e+01 1.102070377229749631e+01 -1.517619261136563011e+02 -1.336489228969685144e+02 -2.277049907398382089e+01 7.431884199239692457e+00 -1.184020079929817797e+02 -3.506418510576079939e+01 -3.117434447801930375e+01
3.812363453093803867e-01 -8.636914329767756726e+01 -4.715902476631011098e+01 1.809229184735472629e+01 -6.705604220873084387e+01 -1.801307121518743486e+02 -3.189911824226655312e+01 1.069695480389322562e+01 -1.593595162378336738e+02 -1.412826924930133998e+02 -2.396071359737882034e+01 7.440177797051171105e+00 -1.279649995181651860e+02 -3.813687000096366830e+01 -3.462599739809193267e+01
3.854150971210312249e-01 -9.058199650198407937e+01 -4.987509168186861785e+01 1.822997573956707384e+01 -7.191337238824215206e+01 -1.929960694337351583e+02 -3.459628947021984402e+01 1.107645445056701661e+01 -1.707402064957779260e+02 -1.520029526263328989e+02 -2.613136836364320104e+01 7.693086129238523085e+00 -1.369393113046094754e+02 -4.101018373986797627e+01 -3.706793626464558855e+01
3.896036578152083374e-01 -7.219486669246218469e+01 -3.994047684852504432e+01 1.645569620253164445e+01 -5.740373666463987234e+01 -1.500784275790908850e+02 -2.685113684520848309e+01 9.901922917472775865e+00 -1.338320711956221203e+02 -1.162258765868848229e+02 -1.985542534962135619e+01 6.849511382271110449e+00 -1.053676229432682874e+02 -3.083969469165146293e+01 -2.795719326368543989e+01
3.937795161075864914e-01 -8.201426945794122503e+01 -4.490699564691219337e+01 1.723786192944746531e+01 -6.663323880570055735e+01 -1.759999638747900121e+02 -3.122344119718945876e+01 1.068814235138991720e+01 -1.569457941224283388e+02 -1.379170565178910124e+02 -2.331939652836732080e+01 7.336605110814081065e+00 -1.251343315933023774e+02 -3.703992738832794629e+01 -3.375403699221501341e+01
3.979440095093054186e-01 -7.700263528071081964e+01 -4.221313723046242217e+01 1.526907239899574620e+01 -6.338139011057496219e+01 -1.684309752319225311e+02 -3.000656149285091345e+01 9.714238973664999222e+00 -1.503929595270739696e+02 -1.332145260946208225e+02 -2.268329668275137578e+01 6.716675050301811112e+00 -1.206822706148394957e+02 -3.600739169530457673e+01 -3.273894918181656521e+01
4.021139069446590386e-01 -6.936368107688325324e+01 -3.752958408835965542e+01 1.322126369833462789e+01 -5.661267149883510541e+01 -1.514726896194667347e+02 -2.668426093709552305e+01 8.456451160583311477e+00 -1.339709724738976604e+02 -1.191730261454827939e+02 -2.017894986625248066e+01 5.996868797998101464e+00 -1.071453878678056810e+02 -3.201780999223401381e+01 -2.893513461040642198e+01
4.063125452039867413e-01 -5.951225098092046295e+01 -3.232678544364548401e+01 1.172982377111294383e+01 -4.847494232356061161e+01 -1.287845174544903273e+02 -2.276184682484885968e+01 7.519779440243840263e+00 -1.127906892545004354e+02 -9.966638600272804638e+01 -1.688253687924153112e+01 5.246913047505177730e+00 -8.866842362292237567e+01 -2.632712434535136126e+01 -2.353264402270009725e+01
4.105412315868290918e-01 -5.946869940636805296e+01 -3.246405501316456821e+01 1.212917014178482056e+01 -4.915113493270536082e+01 -1.295158301852851253e+02 -2.297116469607025380e+01 7.762829318549771429e+00 -1.136900031071644719e+02 -9.993553451405583132e+01 -1.693067445910807933e+01 5.313832810021422937e+00 -8.896786537801108352e+01 -2.632992567335524825e+01 -2.355639912345255027e+01
4.147348487769681458e-01 -5.304597428126791669e+01 -2.888133753788189040e+01 1.055472602178720720e+01 -4.437182406421492686e+01 -1.175991727414202757e+02 -2.074137931034482918e+01 6.805161151609468995e+00 -1.040114833319682219e+02 -9.205642558768121830e+01 -1.552815750675731010e+01 4.712440617577197344e+00 -8.248632975673683632e+01 -2.458850438201326938e+01 -2.213787165205995677e+01
4.189107045044477284e-01 -4.507863444877195747e+01 -2.454745052062634159e+01 8.887008186948573751e+00 -3.769066846832524931e+01 -9.981126301565853964e+01 -1.766735553612590337e+01 5.730054248469914846e+00 -8.833851840076304995e+01 -7.804794531436293425e+01 -1.322250616008266455e+01 3.951080001589698742e+00 -6.990674032270884197e+01 -2.079457714013194547e+01 -1.869871433113425141e+01
4.230974437456921922e-01 -4.768282627350026814e+01 -2.592045401357360035e+01 9.274698689445353139e+00 -3.953866916296122724e+01 -1.047028161323036102e+02 -1.850422419845541810e+01 5.978752242764645786e+00 -9.139881426008268761e+01 -8.086271159996879021e+01 -1.365304528434355191e+01 4.048112421015679807e+00 -7.148343084483968823e+01 -2.128503198377408268e+01 -1.893017786098759458e+01
4.272931011032126136e-01 -4.444224926332503856e+01 -2.396059361497473006e+01 8.262485304670443398e+00 -3.738472754477304250e+01 -9.964376994366153895e+01 -1.745226117226743057e+01 5.429601737484158974e+00 -8.761007374383559920e+01 -7.802850512237201031e+01 -1.310143117242011002e+01 3.762770145960883550e+00 -6.947293769180267020e+01 -2.081999938928500526e+01 -1.865155274287371867e+01
4.314914587673138180e-01 -3.940463050208641960e+01 -2.139790386024737856e+01 7.550900842793257794e+00 -3.400295762851288117e+01 -8.985653819117273144e+01 -1.585815348259822599e+01 5.080901515831351745e+00 -8.057014552579231292e+01 -7.134025814750003747e+01 -1.204069730485634260e+01 3.539946213038991374e+00 -6.448561194119142215e+01 -1.924584025066929982e+01 -1.746157326393562670e+01
4.356511643511531418e-01 -3.567145930119654196e+01 -1.915005489745006884e+01 6.505951891908041240e+00 -3.055753215422075542e+01 -8.124458121088089513e+01 -1.416462792973126383e+01 4.354297219276100250e+00 -7.224408078514557019e+01 -6.431519352284779245e+01 -1.076125864541475607e+01 3.051189071299463595e+00 -5.774846511211030275e+01 -1.730917721046263225e+01 -1.562593736462363481e+01
4.398424702607344750e-01 -3.626761089527387583e+01 -1.940780429492379255e+01 6.286219741279938766e+00 -3.109639385788896959e+01 -8.318276907313324386e+01 -1.448609717656434626e+01 4.246221662468514069e+00 -7.376794888215286505e+01 -6.611499380950347415e+01 -1.107724334343736139e+01 2.990483223398653578e+00 -5.923988529792654134e+01 -1.788097169448832346e+01 -1.611771015668360008e+01
4.440501074980069407e-01 -3.261861814871189580e+01 -1.759008919299543550e+01 5.948199247478555662e+00 -2.841096526167546443e+01 -7.542489722178756040e+01 -1.322350527049518476e+01 4.076050542697412737e+00 -6.701995817744712269e+01 -5.966532711211004880e+01 -1.003638224248545541e+01 2.854035378465653139e+00 -5.345832681337752490e+01 -1.602645738793974317e+01 -1.443800855655291215e+01
4.482267968899237842e-01 -3.036145660682201353e+01 -1.642604496009582604e+01 5.579586368511218808e+00 -2.647687751577364068e+01 -7.038636711840327109e+01 -1.236267967324540074e+01 3.816026000389988404e+00 -6.256179923952254285e+01 -5.577668983383706802e+01 -9.366674443221862489e+00 2.657070455590066604e+00 -4.996141900079390297e+01 -1.499718651197125219e+01 -1.350616756271153385e+01
4.524052929840755577e-01 -2.674135055703642649e+01 -1.445850249470302629e+01 4.856461024536941729e+00 -2.334743011414120417e+01 -6.215744651766796380e+01 -1.091883586221037383e+01 3.322481802337502454e+00 -5.511185838288565009e+01 -4.919027065819150835e+01 -8.277085469209213286e+00 2.306722242157063452e+00 -4.396839587177909436e+01 -1.321174731733989383e+01 -1.188167162189870751e+01
4.566090347930675253e-01 -2.394256554928642444e+01 -1.284608197809492225e+01 4.283864088947892057e+00 -2.078647195486226451e+01 -5.523819449054099096e+01 -9.643935446398938183e+00 2.935824137072684969e+00 -4.883883836707600068e+01 -4.354093594424161751e+01 -7.304584301360770304e+00 2.051760081314304873e+00 -3.884747427812811083e+01 -1.166509790906073718e+01 -1.047649518752074371e+01
4.608167319022857811e-01 -2.089051700304119663e+01 -1.122029898495201294e+01 3.644130067011599028e+00 -1.818382440064773675e+01 -4.858643706307516652e+01 -8.489834709111734767e+00 2.514010394038732610e+00 -4.277767684347723076e+01 -3.831749542504311989e+01 -6.417737173664047390e+00 1.748949241017944356e+00 -3.404531511249786035e+01 -1.026066639677712367e+01 -9.187202956936161513e+00
4.649806979855051203e-01 -2.031086780792448465e+01 -1.088651742525978250e+01 3.500676345193548755e+00 -1.781239651103664912e+01 -4.755915983259234281e+01 -8.303249553449198572e+00 2.435045192896908794e+00 -4.207825395376732303e+01 -3.770807311698979447e+01 -6.320788895552745146e+00 1.695769542301724941e+00 -3.363735511545131374e+01 -1.014945924979465275e+01 -9.116531017353551647e+00
4.691538386770017222e-01 -1.773313443046634674e+01 -9.506511060012922343e+00 3.200493020979818581e+00 -1.541583368173007607e+01 -4.090249958825840082e+01 -7.129856175490606240e+00 2.206107553241356545e+00 -3.619133949045392740e+01 -3.219509900801946145e+01 -5.373834850442780642e+00 1.537777885991917337e+00 -2.874558169586864764e+01 -8.605552335525064933e+00 -7.738342961752372240e+00
4.733478629909182445e-01 -1.603719080282338894e+01 -8.660575570466457762e+00 2.847567309128708146e+00 -1.415575321490370975e+01 -3.771371484768888394e+01 -6.628400079672347900e+00 1.982272124637428634e+00 -3.342001332022059756e+01 -2.988503529236017187e+01 -5.042755418342068197e+00 1.381798408731591321e+00 -2.669511322187504021e+01 -8.036767543477449038e+00 -7.231803738375929491e+00
4.775500538217637980e-01 -1.443960463614093648e+01 -7.782780679089833953e+00 2.587543494290136525e+00 -1.266778741270673159e+01 -3.360902670290428773e+01 -5.897739668011358738e+00 1.809875108164434199e+00 -2.964799636811251560e+01 -2.639535167152137163e+01 -4.443778107518494558e+00 1.267137683422505434e+00 -2.346623136829532896e+01 -7.031143739869105680e+00 -6.294523375705353807e+00
4.817339644282710998e-01 -1.561827551304896033e+01 -8.395185582506030642e+00 2.601251787943803961e+00 -1.397758554856540236e+01 -3.737955016546056441e+01 -6.556080827181594906e+00 1.870600218795835046e+00 -3.335325830030183170e+01 -2.996604725020304016e+01 -5.070244978605282782e+00 1.339569829054389816e+00 -2.683430003515279338e+01 -8.114642805192916697e+00 -7.295053153448004757e+00
4.859144464692263798e-01 -1.283800706505740230e+01 -6.869533411833971037e+00 2.157970267883426274e+00 -1.147920002943773810e+01 -3.069567559611421714e+01 -5.353774286134824756e+00 1.544558433912275541e+00 -2.744181925228142305e+01 -2.463871651457167999e+01 -4.137845157491904402e+00 1.102442044450986147e+00 -2.214784074183102547e+01 -6.692313070356195936e+00 -6.048926994406829571e+00
4.901252990058800885e-01 -1.183423441781415875e+01 -6.351457632409559295e+00 2.000403753771981652e+00 -1.045571028869388286e+01 -2.794490883655324609e+01 -4.887657816239464381e+00 1.415425778675730939e+00 -2.471293630698437838e+01 -2.217725856427687603e+01 -3.730506009156810521e+00 9.978623631392135040e-01 -1.974652139479495361e+01 -5.963936387915785176e+00 -5.346430130183945195e+00
4.943123444065962158e-01 -9.698886246794025112e+00 -5.193944658815140336e+00 1.613658140878926339e+00 -8.645144455817911577e+00 -2.310774092263102730e+01 -4.038512685889105391e+00 1.157276667107548285e+00 -2.049009885332444014e+01 -1.840058167619354279e+01 -3.103225959492564634e+00 8.242458408570738637e-01 -1.640960585184077658e+01 -4.959332625047442988e+00 -4.451217408306209933e+00
4.984736335014697817e-01 -8.949437995678195534e+00 -4.807085369785832896e+00 1.515524591578137459e+00 -7.919316176221022907e+00 -2.114117989795110120e+01 -3.702535807623120512e+00 1.076494070246297508e+00 -1.864188558531039064e+01 -1.670462105013067244e+01 -2.815740646460532570e+00 7.586602263856362383e-01 -1.483892367828575942e+01 -4.473378333276765595e+00 -4.004062298476054771e+00
5.026590164608074618e-01 -7.944506936117314844e+00 -4.235150740915941903e+00 1.287494774534933661e+00 -7.032855111604932929e+00 -1.885296228864369183e+01 -3.281411233099746028e+00 9.235500709563151389e-01 -1.664117418950286620e+01 -1.497241504493899988e+01 -2.512176193056182338e+00 6.557330399280536515e-01 -1.330720509125312212e+01 -4.027074440875238359e+00 -3.606020217049317633e+00
5.068609875937976073e-01 -7.492249091796345795e+00 -4.003323754269913159e+00 1.224549117551374522e+00 -6.640993195250231018e+00 -1.778631865748522500e+01 -3.099214810497207928e+00 8.730060185436209208e-01 -1.568776771674890291e+01 -1.411166702814075968e+01 -2.367803163801984745e+00 6.154882187686385731e-01 -1.252749146017459303e+01 -3.791187713495635325e+00 -3.389409599848181021e+00
5.110594965365916620e-01 -6.784171686907852106e+00 -3.622945172557439086e+00 1.084272542351609081e+00 -6.059015204921972320e+00 -1.627298095512758991e+01 -2.837615892801828466e+00 7.858986465376357478e-01 -1.433901047841830412e+01 -1.292863914079106280e+01 -2.174236749767680443e+00 5.587591025250745469e-01 -1.145381111075506553e+01 -3.471961418912423714e+00 -3.096297505367385572e+00
5.152492140965455603e-01 -5.875800262812090224e+00 -3.134039421813403781e+00 9.411340341655717312e-01 -5.231747043363995431e+00 -1.402802233902759710e+01 -2.444661793692509910e+00 6.830693166885677403e-01 -1.233333902759527057e+01 -1.110342312746386462e+01 -1.866643889618922580e+00 4.855213124178712758e-01 -9.818211563731932046e+00 -2.971950065703022670e+00 -2.646469940867280268e+00
5.194329442812991582e-01 -5.248190917588408944e+00 -2.798675157085734888e+00 8.527389390870852015e-01 -4.712352326426754168e+00 -1.262025107753024855e+01 -2.195609551072337240e+00 6.214747802747052630e-01 -1.114392688373059137e+01 -1.002188295165394294e+01 -1.678908643610115714e+00 4.420233957132471136e-01 -8.883071740146439410e+00 -2.685666413511969441e+00 -2.394383211299786929e+00
5.236343964239100757e-01 -4.931365823640380341e+00 -2.611275024715768556e+00 7.296842056150191214e-01 -4.444057244746637991e+00 -1.201760872416193315e+01 -2.083031742108607975e+00 5.395443235067136634e-01 -1.071028201196445018e+01 -9.728687063060517559e+00 -1.632281221312054331e+00 3.909060078863478283e-01 -8.722404087685493579e+00 -2.664533880779202502e+00 -2.405104373682246166e+00
5.278273205415198177e-01 -4.132295884366448568e+00 -2.192578909902359818e+00 6.339600351383826160e-01 -3.717696416490806399e+00 -1.002534848087078601e+01 -1.739074790229914180e+00 4.651013872971717644e-01 -8.826453749608733190e+00 -7.990137524359583132e+00 -1.337850374102608209e+00 3.317767680891989812e-01 -7.073655552975150584e+00 -2.152015155951815917e+00 -1.920225048466734696e+00
5.319960279023402405e-01 -3.740030932937391750e+00 -1.989853687206137201e+00 5.821454312051472790e-01 -3.322268002969562151e+00 -8.935159613956940916e+00 -1.553923843108141467e+00 4.246271807720861102e-01 -7.831721108636476636e+00 -7.068893838158871290e+00 -1.185863183617916317e+00 3.019775426874535817e-01 -6.232681267013115978e+00 -1.889998608017817494e+00 -1.679221263301163170e+00
5.361714592099571242e-01 -3.163142876954968763e+00 -1.690992362604743393e+00 5.005562217764303323e-01 -2.855077140368463162e+00 -7.670372429465405872e+00 -1.340059646621444056e+00 3.706342806274391388e-01 -6.762351461299646260e+00 -6.099453411645628265e+00 -1.028548155857363922e+00 2.663905034987493758e-01 -5.400564228085371177e+00 -1.636806302371752952e+00 -1.458954322828974748e+00
5.403746330902056139e-01 -3.097079322244690402e+00 -1.652505180000569451e+00 4.747764233431118197e-01 -2.797188737147902060e+00 -7.540223624125392377e+00 -1.315197101098421140e+00 3.518741233160547766e-01 -6.673708619331073955e+00 -6.043315603846846962e+00 -1.018936966572679070e+00 2.541030588704394355e-01 -5.370525500080696624e+00 -1.634895848167240873e+00 -1.461881455716631972e+00
5.445761264886261888e-01 -2.675675293984729031e+00 -1.422934486597685844e+00 4.088546938110212969e-01 -2.411960223795580838e+00 -6.499758739513995742e+00 -1.130100011298052154e+00 3.028802346169960358e-01 -5.725764501520529848e+00 -5.181972192669447530e+00 -8.702982891689341471e-01 2.174642949191718522e-01 -4.587004709875439623e+00 -1.395001524060143439e+00 -1.243247648592921806e+00
5.487504490749764985e-01 -2.348967536626183961e+00 -1.247653890743182004e+00 3.512248998448003756e-01 -2.099515205592797251e+00 -5.669172299666227488e+00 -9.852301758150319166e-01 2.596968376901429565e-01 -4.934819066184238601e+00 -4.472218910984582685e+00 -7.511438378257089266e-01 1.857072022048167903e-01 -3.909668073747884609e+00 -1.189814555109901972e+00 -1.047802925653755102e+00
5.529407179677009454e-01 -2.015936235825406708e+00 -1.071325607256305545e+00 3.030636931885028473e-01 -1.822225801379222743e+00 -4.922296532937544988e+00 -8.553280858303844436e-01 2.249146187226802318e-01 -4.342194527905734347e+00 -3.941120573409232275e+00 -6.624650301591897827e-01 1.619830635956179543e-01 -3.500891426916567628e+00 -1.068333020353493756e+00 -9.575211883580548866e-01
5.571409157079509900e-01 -1.856018251008929143e+00 -9.831623664918156535e-01 2.674257346617943121e-01 -1.678502727720045939e+00 -4.551517174366428442e+00 -7.896473036538131929e-01 2.001803679487816068e-01 -3.995804592771824204e+00 -3.638314986773322879e+00 -6.114701643629074646e-01 1.445324843582127261e-01 -3.211659282148048522e+00 -9.823488186274952350e-01 -8.743194806836340760e-01
5.613298693710127019e-01 -1.572022444479793446e+00 -8.360303604726175841e-01 2.326594804397871807e-01 -1.414601504988644010e+00 -3.828662831287502843e+00 -6.659364864745441759e-01 1.723044537953904720e-01 -3.354870335021253425e+00 -3.048826795956060653e+00 -5.123925580167377758e-01 1.230169369907517796e-01 -2.687881107664571889e+00 -8.207421436588102637e-01 -7.301156385597001863e-01
5.655062246218995892e-01 -1.365722505873450121e+00 -7.244404548734237892e-01 2.039535318244212192e-01 -1.238427983140777844e+00 -3.343902885689899129e+00 -5.804324465230054075e-01 1.523427704041901420e-01 -2.937297068994341842e+00 -2.663409779844606362e+00 -4.471446535104313669e-01 1.094565814264784748e-01 -2.352111967319858721e+00 -7.166650076552834037e-01 -6.381502316383186324e-01
5.696867424029971039e-01 -1.335224736223075137e+00 -7.079245354392562639e-01 1.924150820466428158e-01 -1.208919131660957547e+00 -3.277795842240365687e+00 -5.690938865566058658e-01 1.448486133199835268e-01 -2.887837394081438358e+00 -2.628906216464487855e+00 -4.421776003167898761e-01 1.054026515053957391e-01 -2.327171115890145359e+00 -7.115746076613354010e-01 -6.345695596277505235e-01
5.738956954203543459e-01 -1.134932753197823718e+00 -6.002767215896189779e-01 1.575605478769479262e-01 -1.036943166623216284e+00 -2.822500294342733085e+00 -4.892031734877091420e-01 1.196529078302525639e-01 -2.496086292879429180e+00 -2.281735402702907312e+00 -3.837854735554079300e-01 8.741300792517808782e-02 -2.029224422667754713e+00 -6.231563501290904306e-01 -5.588887825984576452e-01
5.780928920821047923e-01 -9.821953466472034266e-01 -5.196798001661088184e-01 1.365813910718630120e-01 -8.896310607681272575e-01 -2.421641278450322510e+00 -4.197265444760442388e-01 1.031099467198760000e-01 -2.124125805375884024e+00 -1.940841969102089726e+00 -3.262416277087056282e-01 7.503711951757145726e-02 -1.712214448107786113e+00 -5.252731251940032653e-01 -4.674897650148071571e-01
5.822632071880226023e-01 -8.319978212063724454e-01 -4.396311907666371477e-01 1.154724216659487046e-01 -7.520028798598282771e-01 -2.046616242368009431e+00 -3.543444357918630883e-01 8.708775145701647125e-02 -1.792979008400368057e+00 -1.637858921041513316e+00 -2.748459751344142221e-01 6.304945141181478308e-02 -1.443479773670563127e+00 -4.427375444250222225e-01 -3.936699974214847852e-01
5.864430803127811398e-01 -7.656558932087610403e-01 -4.061706778881604696e-01 1.084746892826900649e-01 -6.919567251983241851e-01 -1.880177397920735016e+00 -3.268177361456619523e-01 8.187023181048383447e-02 -1.648241315463215617e+00 -1.502645800751970961e+00 -2.530928659984279516e-01 5.948560148571011008e-02 -1.324993897325154490e+00 -4.055320810779602381e-01 -3.606644116312424098e-01
5.906376733072625784e-01 -7.058994181812361379e-01 -3.741913209366721782e-01 9.726307873010252292e-02 -6.422938149744303882e-01 -1.750701013581106524e+00 -3.042380497567085396e-01 7.397206349587444330e-02 -1.543072195145374526e+00 -1.412071188766976348e+00 -2.381188764475442587e-01 5.409033796707561625e-02 -1.251285233247701134e+00 -3.845325217281697627e-01 -3.435002185821868781e-01
5.948356627105599870e-01 -6.209084538009124188e-01 -3.289349538872878842e-01 8.535849155336432126e-02 -5.591796982355851098e-01 -1.521915562107875042e+00 -2.644814148004334120e-01 6.482587985174831369e-02 -1.335234165809455531e+00 -1.219823558511515360e+00 -2.058330513452976129e-01 4.747249282372144330e-02 -1.074872056363907591e+00 -3.296960148526513201e-01 -2.925618406510352987e-01
5.990145239901687457e-01 -5.383915446234149860e-01 -2.853893494171009793e-01 7.394040331757185947e-02 -4.884394849224504287e-01 -1.330496957762422383e+00 -2.313403317817528393e-01 5.626037601014864664e-02 -1.172289917576586404e+00 -1.072237665967030518e+00 -1.809610869219158702e-01 4.116912715368998416e-02 -9.500304371152983318e-01 -2.918194970972965430e-01 -2.607025520010376463e-01
6.031829950841108845e-01 -4.779583158891355654e-01 -2.530421920731004692e-01 6.444990672555443723e-02 -4.335257536373552933e-01 -1.183407135092988893e+00 -2.055189760864054305e-01 4.909738729527873824e-02 -1.041156463891470985e+00 -9.539902882229580605e-01 -1.608821546817026105e-01 3.592474618092098004e-02 -8.446298717323337257e-01 -2.598480998467471159e-01 -2.321368964227551734e-01
6.073740526175752663e-01 -4.120729769713254997e-01 -2.173539609074852663e-01 5.378754436756059271e-02 -3.751262800784228024e-01 -1.027010315162997234e+00 -1.778248762142700945e-01 4.130801070340863607e-02 -9.066137149305214527e-01 -8.333154856702922331e-01 -1.403138845698068404e-01 3.045626978083227146e-02 -7.398543701457501731e-01 -2.283230648337195301e-01 -2.043945231418931585e-01
6.115768023320514724e-01 -3.255289155707385418e-01 -1.726662161546133334e-01 4.568132912452274597e-02 -2.939761223960077885e-01 -7.985687811195213426e-01 -1.388599323836529897e-01 3.471207581627109434e-02 -6.949940947335908614e-01 -6.336872422987325226e-01 -1.068723046610437627e-01 2.526377130396376472e-02 -5.542740266892922651e-01 -1.696548849740624199e-01 -1.496650552197066331e-01
6.157710000000914397e-01 -3.033122385495761741e-01 -1.605087247571456988e-01 4.036758367449238410e-02 -2.722402883595643197e-01 -7.434613228286727216e-01 -1.291751515307738296e-01 3.083378087922831676e-02 -6.463688540738394828e-01 -5.919600657492579687e-01 -9.987828372296198021e-02 2.254263356526318290e-02 -5.179157406964155497e-01 -1.591122895047908103e-01 -1.404900170126895664e-01
6.199632023912512446e-01 -2.648887280195655891e-01 -1.398977287262415381e-01 3.479097368312432381e-02 -2.415708311107966355e-01 -6.605044568664590887e-01 -1.145372525500206740e-01 2.687534471997851671e-02 -5.797739861603999900e-01 -5.321623172984113470e-01 -8.968760545709869580e-02 1.973995300015240345e-02 -4.697275759653973815e-01 -1.447241769583723359e-01 -1.288987092504698950e-01
6.241630060990407403e-01 -2.465938849530675547e-01 -1.298961474802812488e-01 3.075373030912059713e-02 -2.224053878618080515e-01 -6.110345881366215925e-01 -1.057756357850922618e-01 2.367320431559834584e-02 -5.332301295549448650e-01 -4.915516591420107662e-01 -8.281887123469788836e-02 1.741252517822727483e-02 -4.316935048538491637e-01 -1.335329653538670225e-01 -1.183588034012634238e-01
6.283593402461892241e-01 -2.035494704932928611e-01 -1.073580884127261909e-01 2.598258276055919608e-02 -1.835980038202620623e-01 -5.036497777848489843e-01 -8.727829585993904238e-02 2.000196870392615192e-02 -4.383776680844594376e-01 -4.032985116711569340e-01 -6.791811020333481108e-02 1.466419597051627291e-02 -3.532379527390624441e-01 -1.089951877139063857e-01 -9.636161085212527344e-02
6.325410955997395890e-01 -2.001516228258582719e-01 -1.054232590428516303e-01 2.436704421923764977e-02 -1.806964650471648559e-01 -4.976638934670547521e-01 -8.616392058903461770e-02 1.878196763662902738e-02 -4.351823857260581629e-01 -4.021832919837289855e-01 -6.782192146351299911e-02 1.384139593542886744e-02 -3.538721146596767175e-01 -1.097273802687870475e-01 -9.741568625732019426e-02
6.367142920629192959e-01 -1.644973018488302130e-01 -8.660472753729052398e-02 2.008844135334665951e-02 -1.487753348514588569e-01 -4.097630189108821819e-01 -7.091091681298855587e-02 1.549090566528738867e-02 -3.579757430507164995e-01 -3.308075200251133219e-01 -5.570012867127077660e-02 1.136132484380713431e-02 -2.906858752233636434e-01 -9.012143189477932192e-02 -7.990721325581434664e-02
6.409035099394975177e-01 -1.400941541103798704e-01 -7.397996353243410650e-02 1.756985084527836263e-02 -1.281830988262121496e-01 -3.518682092901240788e-01 -6.108463867990043122e-02 1.373864278579135963e-02 -3.095591896483220751e-01 -2.851837089182746032e-01 -4.825263847041674076e-02 1.023496689223836464e-02 -2.522855901539694523e-01 -7.799175128788959910e-02 -6.959580896785454163e-02
6.451032402190634008e-01 -1.233114714038157089e-01 -6.480143570449552193e-02 1.487622100147580236e-02 -1.120212248913181330e-01 -3.084938954099860076e-01 -5.334184331990530353e-02 1.163461670393040916e-02 -2.697689394002630858e-01 -2.491557748298819930e-01 -4.199962833641626703e-02 8.663504091638341703e-03 -2.190981607139279586e-01 -6.785991945271754866e-02 -6.019414935575529563e-02
6.492879941711476866e-01 -1.058032239096806798e-01 -5.551600140686362844e-02 1.237811884158573732e-02 -9.603328189904919432e-02 -2.653277448426112906e-01 -4.580513016613992072e-02 9.642671588605737296e-03 -2.320916855443095339e-01 -2.150976006432567256e-01 -3.620002568588769065e-02 7.144208196960074100e-03 -1.892408687216210195e-01 -5.882354779669153599e-02 -5.222104141454803755e-02
6.534659541563927476e-01 -9.591431368886868536e-02 -5.046760555041064633e-02 1.144280208002978506e-02 -8.664918902317415850e-02 -2.390031178684225988e-01 -4.137295738545337942e-02 8.885062293000347070e-03 -2.089314117989393704e-01 -1.933221973105166414e-01 -3.264441878461573493e-02 6.608231335854791895e-03 -1.701556308401284134e-01 -5.281724574291828123e-02 -4.691068342989230394e-02
6.576591076962554627e-01 -7.859842200541194979e-02 -4.133459444298313162e-02 9.159984311352535255e-03 -7.092244229698771441e-02 -1.960484677953885924e-01 -3.392091857870486310e-02 7.109644219724318634e-03 -1.709501259274631979e-01 -1.585107167046339305e-01 -2.674626005790813055e-02 5.251543051954228256e-03 -1.391270976514990543e-01 -4.327198667968171902e-02 -3.834586273383656235e-02
6.618529307405217610e-01 -6.755171044446822703e-02 -3.552830396170172933e-02 8.147959615013000353e-03 -6.125324695287496374e-02 -1.688310191100095281e-01 -2.920217636673459391e-02 6.334827018161376389e-03 -1.473692270515392089e-01 -1.362607779271884090e-01 -2.295430926941663743e-02 4.677019206929015731e-03 -1.198521623328712565e-01 -3.717425416903558794e-02 -3.303984783738764947e-02
6.660240791386257131e-01 -5.726177666779519448e-02 -3.008606675828044003e-02 6.591747435994285177e-03 -5.194534082855027657e-02 -1.437573070850445833e-01 -2.485427976663207375e-02 5.152327694682894491e-03 -1.251208412897173161e-01 -1.161080734687355565e-01 -1.958195124532900386e-02 3.817933396167013608e-03 -1.016674590091315861e-01 -3.163265481429127640e-02 -2.795071885303088838e-02
6.702067828716186115e-01 -5.094511664075253299e-02 -2.684158488003463364e-02 5.958685130777144345e-03 -4.621633902551999101e-02 -1.277827991259023466e-01 -2.215409821533868145e-02 4.648366110662075119e-03 -1.113991536785654407e-01 -1.033052787631355135e-01 -1.746442031772743944e-02 3.444348406009285508e-03 -9.069289366981360401e-02 -2.820693513882681705e-02 -2.501834877222098089e-02
6.744172070879622671e-01 -4.466567454354124916e-02 -2.344637508483939092e-02 5.062778548669087143e-03 -4.067372617744139524e-02 -1.126961482916466334e-01 -1.947019589577081433e-02 3.968165679988670466e-03 -9.826004704781746146e-02 -9.133013945998015581e-02 -1.540257896055386745e-02 2.947030473890772766e-03 -8.015017190438943062e-02 -2.498273370969558357e-02 -2.214300972875743456e-02
6.786118453466847278e-01 -3.885487886444708577e-02 -2.040396024840696390e-02 4.445833235078622964e-03 -3.546416537565932198e-02 -9.818141845025762926e-02 -1.697558543133937184e-02 3.501190861978452102e-03 -8.622369512980579409e-02 -8.008448475944389411e-02 -1.351365067580185403e-02 2.616156346587357896e-03 -7.076781828333181257e-02 -2.204265677640705745e-02 -1.965679718941507406e-02
6.827984616056306244e-01 -3.257136320134990798e-02 -1.712724521820437745e-02 3.781652954872689529e-03 -2.957159709960570718e-02 -8.176256875741913510e-02 -1.415477947947548637e-02 2.968756648146653448e-03 -7.115141600950841694e-02 -6.595266144432150590e-02 -1.113656458872680326e-02 2.210436673922996052e-03 -5.774276392708228151e-02 -1.793937494920321007e-02 -1.585112873500888961e-02
6.869817177358829019e-01 -2.707480508862398355e-02 -1.422797672364720101e-02 3.123706883822402382e-03 -2.479824044929606827e-02 -6.855978584397416642e-02 -1.186114174768208504e-02 2.475325933584099792e-03 -5.992869643308926242e-02 -5.558119261020329216e-02 -9.392149503675922828e-03 1.855592466228848589e-03 -4.888367776512783647e-02 -1.520415989987945228e-02 -1.349723055862502540e-02
6.911718524128840357e-01 -2.430145011240576053e-02 -1.273520054791449883e-02 2.660150299504219617e-03 -2.205713824709503584e-02 -6.128644513334650934e-02 -1.057839914571259698e-02 2.091605653057843767e-03 -5.340580322888632131e-02 -4.974466880990856960e-02 -8.391477704768127155e-03 1.564674918270586145e-03 -4.367162091539123631e-02 -1.363908695933338522e-02 -1.209641986384879693e-02
6.953555746427921846e-01 -2.116130089064654704e-02 -1.109725819589932674e-02 2.309034907545029318e-03 -1.928744605406903373e-02 -5.360380252670794016e-02 -9.261940327445027446e-03 1.829082025169888413e-03 -4.685808649368813916e-02 -4.366434600366433938e-02 -7.373270191243256819e-03 1.373859250340667961e-03 -3.840924600617366680e-02 -1.199781859238532693e-02 -1.064997010858101563e-02
6.995344561305086861e-01 -1.724812695635892859e-02 -9.069288912205758849e-03 1.961786484927101164e-03 -1.575816609820681821e-02 -4.362377017436799148e-02 -7.554434598045366329e-03 1.557904573559095764e-03 -3.795261859598063336e-02 -3.523056363407472968e-02 -5.956328898919766197e-03 1.164928308847063129e-03 -3.080481276742684169e-02 -9.584286174814651491e-03 -8.456162535064211394e-03
7.037287066792784485e-01 -1.562008217034881359e-02 -8.192695068509526016e-03 1.681281978841639869e-03 -1.437127440654111313e-02 -3.997791610712693455e-02 -6.910698153501261022e-03 1.345167693886026306e-03 -3.525094232779341780e-02 -3.288407770190684976e-02 -5.561184396538165417e-03 1.023542409566595380e-03 -2.918008963244587278e-02 -9.124645828102340844e-03 -8.171100010658878879e-03
7.079143033440539190e-01 -1.311385523777352027e-02 -6.867591638028284866e-03 1.402478578652753289e-03 -1.184063715562476589e-02 -3.295927170660352401e-02 -5.690341290136438981e-03 1.104400807198631243e-03 -2.857767446404567077e-02 -2.666509181712711091e-02 -4.499746363814472253e-03 8.240051638908963468e-04 -2.329323774685134602e-02 -7.283955557955160316e-03 -6.430033267498173714e-03
7.121186686741065586e-01 -1.090258845476200535e-02 -5.733636463306629460e-03 1.212501299782329980e-03 -9.931479945977705892e-03 -2.754563903050075840e-02 -4.775783840495790612e-03 9.650415353672237842e-04 -2.397383825439334398e-02 -2.228564159453679319e-02 -3.777408042947432397e-03 7.262768826353476056e-04 -1.953482953598800406e-02 -6.086065387058479763e-03 -5.390275741846296993e-03
7.163134555705721329e-01 -9.561805853363084667e-03 -5.035411569530630176e-03 1.046750343522764425e-03 -8.728159822124189129e-03 -2.425499768493206629e-02 -4.208037738597222854e-03 8.327101733033371363e-04 -2.118103356036945412e-02 -1.973135975215959195e-02 -3.346316970387632882e-03 6.281533440318018543e-04 -1.735694818305609510e-02 -5.418605767423662761e-03 -4.815333288626609358e-03
7.204913713645887396e-01 -7.846312394550107247e-03 -4.113227079742655737e-03 8.341040224456487554e-04 -7.149995702958921243e-03 -1.991389609477170475e-02 -3.440879886118320633e-03 6.637974808717553256e-04 -1.733263235222887860e-02 -1.617697479310293771e-02 -2.733526602426323247e-03 5.006813206042320724e-04 -1.417460936028410758e-02 -4.431594608924694159e-03 -3.921205684346258137e-03
7.246803275165087932e-01 -6.719520941687323265e-03 -3.532266530327924422e-03 7.314322894502720863e-04 -6.143858118844517865e-03 -1.706625213438798389e-02 -2.954312531230384939e-03 5.802549965343207659e-04 -1.487110983271318528e-02 -1.385693658848002364e-02 -2.344337420319922254e-03 4.338148006201735418e-04 -1.215774417548126825e-02 -3.798293943603451780e-03 -3.367194050484924837e-03
7.288763115175647123e-01 -5.893991773131067313e-03 -3.095665050893581498e-03 6.324555456699161278e-04 -5.365074080456668296e-03 -1.493653838605855932e-02 -2.587056316560692928e-03 5.033285073764620686e-04 -1.300660537195488797e-02 -1.213163174274537424e-02 -2.055224613207963600e-03 3.797085995071115198e-04 -1.062707082253970710e-02 -3.321297571679488001e-03 -2.937294335942610551e-03
7.330585840505703388e-01 -5.076590784704688997e-03 -2.660166686551658673e-03 5.310989583776662111e-04 -4.635902563320417127e-03 -1.292500615476483393e-02 -2.232736920490423389e-03 4.243903010257013488e-04 -1.126058269663164114e-02 -1.052028193488127768e-02 -1.778014472045581730e-03 3.202955372466192714e-04 -9.220613463498970874e-03 -2.887028526700711941e-03 -2.553952777505414610e-03
7.372316440474646626e-01 -4.426902722388750301e-03 -2.322588908563825300e-03 4.571042022198245507e-04 -4.025425649234804816e-03 -1.124199852154211983e-02 -1.944621809154839596e-03 3.664572643195876931e-04 -9.804997809907423437e-03 -9.169063665937024141e-03 -1.553142886625037905e-03 2.781679588333185781e-04 -8.048588961516297755e-03 -2.522047595378220600e-03 -2.235717676301148676e-03
7.414228560306842519e-01 -3.830176585423662045e-03 -1.999438004898027813e-03 3.769908209504810510e-04 -3.510635687820200766e-03 -9.824773436349054298e-03 -1.691264400909770925e-03 3.024492617021009525e-04 -8.608907879778726277e-03 -8.080063857242733572e-03 -1.362821192963499300e-03 2.297994608424874482e-04 -7.126133314351990392e-03 -2.242203355268505057e-03 -1.996558625381161193e-03
7.456189213758863676e-01 -3.109493209490265479e-03 -1.628988590575385954e-03 3.197869490112227055e-04 -2.847739607578424811e-03 -7.955847311779335254e-03 -1.374198159111064254e-03 2.571935518892748017e-04 -6.944240378329824027e-03 -6.496667975340961881e-03 -1.099656385721011409e-03 1.955816711844744911e-04 -5.708807211114810300e-03 -1.789811516626513364e-03 -1.588179510091642863e-03
7.498104337627916616e-01 -2.714006032912949853e-03 -1.413811468940426698e-03 2.594864587579763927e-04 -2.471123677017138514e-03 -6.932376876917473174e-03 -1.192905195695528539e-03 2.092882438020176835e-04 -6.032512343152537926e-03 -5.666256489148095016e-03 -9.566222275639680661e-04 1.590048904464848279e-04 -4.967218502585326462e-03 -1.562055205210058058e-03 -1.383568852660191318e-03
7.539974189770904944e-01 -2.286040202470083701e-03 -1.197164087429916082e-03 2.294421695762832215e-04 -2.084447135964478514e-03 -5.846172680014536174e-03 -1.010025026438958343e-03 1.839492502891755174e-04 -5.094917175082079933e-03 -4.785215226962262133e-03 -8.107311915063729075e-04 1.396074092132521850e-04 -4.207148001586453155e-03 -1.322715570624560756e-03 -1.175101273823669044e-03
7.581896411468850294e-01 -1.934978054463784135e-03 -1.011250685180029680e-03 1.873217957707072276e-04 -1.763490409684198177e-03 -4.938562324728649859e-03 -8.504732657635972462e-04 1.496062706402027573e-04 -4.294574764585332334e-03 -4.033477021967544693e-03 -6.813334909110204968e-04 1.135070497854137161e-04 -3.533535517503518311e-03 -1.112534195370520201e-03 -9.849765999405493168e-04
7.623808615479977790e-01 -1.512798726609486432e-03 -7.907043610741105360e-04 1.484527410080945734e-04 -1.382216032875301570e-03 -3.880758263893236033e-03 -6.704453561006967635e-04 1.198719382830820674e-04 -3.380727467844580388e-03 -3.173374049042093810e-03 -5.366467318484543407e-04 9.077740702438261090e-05 -2.784350276636828134e-03 -8.760161226554939121e-04 -7.765669485924461476e-04
7.665651159623174671e-01 -1.361373145713284244e-03 -7.136900052449119325e-04 1.363449183265785390e-04 -1.234170849834513237e-03 -3.442856855082838084e-03 -5.954984601000873389e-04 1.096494280797386152e-04 -2.979280828733926051e-03 -2.790780502661260355e-03 -4.723718696634560707e-04 8.333497100612272839e-05 -2.436746106511704021e-03 -7.634839673720698406e-04 -6.738580091591565586e-04
7.707536355579491794e-01 -1.176650963854398426e-03 -6.135073054534601663e-04 1.137087245709758940e-04 -1.067819405911558505e-03 -3.001060281380729753e-03 -5.174328473753611385e-04 9.132165428944884851e-05 -2.608113918300224935e-03 -2.451299558011366814e-03 -4.143212620186086255e-04 6.960229828914966249e-05 -2.145162477861231858e-03 -6.753195140411700527e-04 -5.971423907891842660e-04
7.749462413082437440e-01 -9.603780714226796324e-04 -5.045408155617190065e-04 9.158900221520846518e-05 -8.744367921350008508e-04 -2.457630742197828514e-03 -4.247431438330613964e-04 7.398650904891259359e-05 -2.141251303961840338e-03 -2.012551382456863932e-03 -3.411825000873415330e-04 5.636577136285339930e-05 -1.769784245959240328e-03 -5.572665220966626157e-04 -4.960463724328839988e-04
7.791369682448587852e-01 -7.357641941147854145e-04 -3.849409990285947787e-04 7.265118877591917853e-05 -6.698571936008009117e-04 -1.875443725987796864e-03 -3.247559653759895734e-04 5.868468195975654462e-05 -1.617831814032277262e-03 -1.519148180633635766e-03 -2.573881843896004811e-04 4.410795636335158599e-05 -1.321037895234637889e-03 -4.151453445102754611e-04 -3.656509335973650221e-04
7.833258353347896108e-01 -6.821741133210489604e-04 -3.571738560233576301e-04 6.418376956925584667e-05 -6.229217656640345831e-04 -1.752812748143403859e-03 -3.025068454072993079e-04 5.232860190393714424e-05 -1.521837660505766026e-03 -1.431735836255358099e-03 -2.423776574085506120e-04 3.965978392824232881e-05 -1.253008372155807373e-03 -3.947688218127188274e-04 -3.481035846998758619e-04
7.875159900600451346e-01 -6.186953861212950373e-04 -3.245354612223938636e-04 5.648202174201000610e-05 -5.646536613994678844e-04 -1.592543172231811145e-03 -2.752614004468115130e-04 4.645234377777706020e-05 -1.389270924152253596e-03 -1.311454112317603227e-03 -2.225078301785088798e-04 3.586371931624806415e-05 -1.157115470714991084e-03 -3.646145797848957958e-04 -3.251698459832319706e-04
7.917084457625156446e-01 -4.656812060219475647e-04 -2.417222848751872290e-04 4.415710718425515521e-05 -4.226695107446021846e-04 -1.181664336949499790e-03 -2.034066331057014874e-04 3.509307130187021485e-05 -1.022748999616779949e-03 -9.595608010714493357e-04 -1.622762070557015666e-04 2.662051913971459044e-05 -8.388908396257739770e-04 -2.627097055445760184e-04 -2.321765766499426749e-04
7.958821468706197555e-01 -3.801925905220372563e-04 -1.983738745967690640e-04 3.631047161810974165e-05 -3.427616958127505369e-04 -9.658558360884039696e-04 -1.670723253823429928e-04 2.981196351021680503e-05 -8.291976068144194011e-04 -7.823520834772329860e-04 -1.328252465734818097e-04 2.255410192614989452e-05 -6.766748665166504723e-04 -2.143299482426079430e-04 -1.880325638326056637e-04
8.000624692379799674e-01 -3.439900441132529994e-04 -1.780136164777935417e-04 3.094422615778524870e-05 -3.086659975708104758e-04 -8.750590830576357188e-04 -1.504892484804645455e-04 2.481630514967322416e-05 -7.596157854272838099e-04 -7.131708330973141746e-04 -1.205112267998989826e-04 1.907320617381731229e-05 -6.240182450079996210e-04 -1.962028445013058839e-04 -1.730230514015100151e-04
8.042564613727184453e-01 -2.979101744693709425e-04 -1.565448773029116296e-04 2.794361751649460373e-05 -2.674176374358003695e-04 -7.606839097633020814e-04 -1.324311793997267294e-04 2.216636383679636827e-05 -6.593536176492598632e-04 -6.237857126662146347e-04 -1.061415589209479751e-04 1.689682034512933278e-05 -5.464181964562885322e-04 -1.727631190784092280e-04 -1.519860312873750122e-04
8.084384822996342201e-01 -2.464631039421484419e-04 -1.282904804687750699e-04 2.150529927936706447e-05 -2.238898186283334803e-04 -6.328466581739970254e-04 -1.091598750325566700e-04 1.776985334701893136e-05 -5.506031133873079929e-04 -5.182373719563974912e-04 -8.791612393681061952e-05 1.371659458201904398e-05 -4.572668973386680071e-04 -1.433028913138084226e-04 -1.274442127794907177e-04
8.126333810499198895e-01 -1.870638904446474951e-04 -9.751663152426440760e-05 1.807912395838686041e-05 -1.707667578431783326e-04 -4.811568106159382508e-04 -8.316089516120886730e-05 1.394574343361248492e-05 -4.184812649846861646e-04 -3.934620016767320172e-04 -6.693285775369668580e-05 1.077108231896179290e-05 -3.432536466643080000e-04 -1.079373755074963337e-04 -9.711312844273965619e-05
8.168271958201180905e-01 -1.562853296737196779e-04 -8.187519021732189923e-05 1.377227855534209508e-05 -1.439140921528027817e-04 -4.010062501444831189e-04 -6.949585462074881436e-05 1.152530138602893565e-05 -3.448005847632166685e-04 -3.272229481099547550e-04 -5.564584293296648954e-05 8.563312301037460321e-06 -2.843562922525067404e-04 -8.991038387637040005e-05 -7.953077732947359509e-05
8.210214995694952167e-01 -1.298884624108365778e-04 -6.949333659854902139e-05 1.182838809235143705e-05 -1.218378195820779238e-04 -3.441777964138292888e-04 -5.956060618237787922e-05 9.787088821111731974e-06 -3.019740706607556679e-04 -2.862196157328214378e-04 -4.827026478007104135e-05 7.669313791146614777e-06 -2.511399534130503812e-04 -7.944496065531299572e-05 -6.984538560920398442e-05
8.252154145000215602e-01 -1.144886672850499887e-04 -6.086448534237859679e-05 1.132956119228032699e-05 -1.039329195597321593e-04 -2.978215719189223568e-04 -5.146950971042128179e-05 8.377217479815550011e-06 -2.564479016158148104e-04 -2.448745514171054584e-04 -4.133644056223258835e-05 6.522654224006535919e-06 -2.140816157682850747e-04 -6.787606826374604065e-05 -5.920502427730645620e-05
8.294030907808404018e-01 -9.636357834729676944e-05 -5.143627232523222283e-05 9.053395956964557656e-06 -9.068238481804866624e-05 -2.528022552038515372e-04 -4.351551758340062401e-05 7.012775459048751860e-06 -2.234619645669470335e-04 -2.077930124594832141e-04 -3.507124471806132303e-05 5.251557366981392248e-06 -1.819428581115583872e-04 -5.767904480728014085e-05 -5.123901639381972105e-05
8.335906150371191758e-01 -7.917701535837463780e-05 -4.144356122897848853e-05 6.608092657727449932e-06 -7.192652191512956543e-05 -2.061968683924101883e-04 -3.584604664780334537e-05 6.096980084660476898e-06 -1.817508078192716801e-04 -1.726287283859681055e-04 -2.894490764751547201e-05 4.566217152762931013e-06 -1.510561458152576532e-04 -4.861970096364796233e-05 -4.228860642194529193e-05
8.377685032221774408e-01 -7.600467729528372681e-05 -3.787071424836652790e-05 6.776856431172157223e-06 -6.598242706825964172e-05 -1.888950414400708165e-04 -3.186732319239994447e-05 5.376631646437051351e-06 -1.578747038829823228e-04 -1.550554584314135158e-04 -2.573982380894380688e-05 3.975600889411311410e-06 -1.325656836686512751e-04 -4.326758074158143567e-05 -3.805342284419499803e-05
8.419567297582307708e-01 -5.853413006266627698e-05 -3.177595971342589008e-05 5.384048949085652010e-06 -5.087259771845626294e-05 -1.535610336526999325e-04 -2.667064928456132759e-05 3.818794658629879608e-06 -1.321729197023144493e-04 -1.268730046709444341e-04 -2.159062830286555753e-05 2.981626946342702844e-06 -1.090104264295009242e-04 -3.529770744348003562e-05 -3.062433349633858064e-05
8.461556544987137718e-01 -4.685328948388402123e-05 -2.573624341768594975e-05 4.135290746420938237e-06 -4.090441300181414446e-05 -1.210993503075012960e-04 -2.147960743328154306e-05 3.531456687244455077e-06 -1.020573092944399967e-04 -9.784181964203123570e-05 -1.712101340856268949e-05 2.411076857879999782e-06 -8.580369401996501045e-05 -2.708297675429093622e-05 -2.419429357422912108e-05
8.503430790983292908e-01 -4.152808787048294342e-05 -2.045950662456981584e-05 3.907945823381940906e-06 -3.769754154645696501e-05 -1.041127122198335470e-04 -1.752090310724675995e-05 2.871079655313006543e-06 -9.365783225268776047e-05 -8.403944555952495734e-05 -1.389339027932323352e-05 2.273974278718337547e-06 -7.348087601934782237e-05 -2.284013386038839222e-05 -2.043248119005930860e-05
8.545245840949285965e-01 -3.309671164592741812e-05 -1.601709045713578948e-05 2.968776694165338512e-06 -2.547392492463548938e-05 -8.262201917443792590e-05 -1.412448485018665380e-05 2.145788425885551880e-06 -6.146380073955284775e-05 -6.654201492108163731e-05 -1.119941395564800793e-05 1.801254367893698929e-06 -5.281560271835240844e-05 -1.783283487998552343e-05 -1.535976391707328208e-05
8.587196449246210506e-01 -2.427111001631115366e-05 -1.367739569991719721e-05 2.421273215400250534e-06 -2.308677992888258780e-05 -6.260382036854407592e-05 -1.149608526846677811e-05 1.828575540074788934e-06 -5.418523067843587017e-05 -5.273571070259853365e-05 -9.265748467204608241e-06 1.473750333582321296e-06 -4.721240131733046998e-05 -1.430266342760316356e-05 -1.371204034229425012e-05
8.629074348139629258e-01 -2.671828957575163294e-05 -1.237999319170624212e-05 1.746455382886235816e-06 -2.149252705300892628e-05 -6.245031118627745710e-05 -1.047874219315348004e-05 1.458625207515581712e-06 -5.124717040291552526e-05 -5.004260965358567782e-05 -8.735524997714564182e-06 1.221195424851867362e-06 -4.135949210405658212e-05 -1.349900083975739571e-05 -1.167219891479551630e-05
8.670852844200982457e-01 -1.642720017314187010e-05 -8.794123696413888027e-06 1.328386376681609936e-06 -1.737117985012087687e-05 -4.717838406747300984e-05 -8.123339772575277322e-06 1.081726778901171585e-06 -3.879607814166874657e-05 -3.978957870226460398e-05 -6.482583548003047224e-06 7.711480744886120357e-07 -3.408338614080943716e-05 -1.142128957312540111e-05 -9.134082916584718490e-06
8.712764316473343706e-01 -1.441268418936913295e-05 -7.570987171622266999e-06 2.129309306175298310e-06 -1.480089639492601822e-05 -3.829418198707828282e-05 -6.773531729395128837e-06 1.338590208636207755e-06 -3.628974305887380103e-05 -3.094281875626896968e-05 -5.235429341438190805e-06 9.603045156864220633e-07 -2.817441331679268858e-05 -8.415344643776425103e-06 -8.430196675748980511e-06
8.754762476624626810e-01 -1.120117831291508919e-05 -6.487415282419898886e-06 1.068367286489395658e-06 -1.155336254462493061e-05 -2.971986100029878899e-05 -5.756808082276086129e-06 7.269268075205029335e-07 -2.535250415057137112e-05 -2.679161953931191321e-05 -4.875864268282834212e-06 6.116122729950827044e-07 -2.171582934396567593e-05 -7.799333948654927490e-06 -6.218480236157308984e-06
8.796707865602606535e-01 -7.992831997324809047e-06 -5.466131819342008583e-06 6.932557442799985679e-07 -1.212575008011774624e-05 -2.370282695763143568e-05 -4.929495272839256958e-06 9.239002910057779870e-07 -2.963208857330491361e-05 -2.053028667220276922e-05 -4.262538081407310852e-06 6.976382805236195153e-07 -2.321366049007511808e-05 -6.223362210044017257e-06 -6.797929630598843691e-06
8.838562222970675064e-01 -7.058226399085470892e-06 -4.044954188945323145e-06 6.547730525460810157e-07 -8.243381673635122710e-06 -1.873746698769096242e-05 -3.533386430674038357e-06 6.066225399844026996e-07 -2.021066849188011852e-05 -1.514368366360342805e-05 -2.889942800583002926e-06 6.938980166404126428e-07 -1.519497524982549935e-05 -4.310835394422880929e-06 -3.855264239689942791e-06
8.880381764417510926e-01 -6.124676516569322114e-06 -3.259220905696339842e-06 2.222907127915966287e-07 -9.739152279691334815e-06 -1.663198507321210522e-05 -3.237721060788251922e-06 4.852188205207819098e-07 -1.854562457187840051e-05 -1.305872596851295826e-05 -2.337617715657582025e-06 4.467405321673453476e-07 -1.470466581308393035e-05 -3.711968135728667210e-06 -3.700858608530093752e-06
8.922270316229049536e-01 -5.743520094955876243e-06 -3.667328794978776293e-06 1.709717925428780575e-08 -5.646999465863266718e-06 -1.825611615586598515e-05 -2.964554955296196127e-06 2.872812673440896705e-07 -1.294778705237943940e-05 -1.369005437340218648e-05 -2.330313491260947423e-06 2.676946929867823294e-07 -9.236073487020113256e-06 -4.178045568691626731e-06 -3.062903131122709199e-06
8.964225585562245469e-01 -2.226737106586055668e-06 -1.827108757127009783e-06 2.733821894624899714e-07 -2.895420236809853897e-07 -9.290698656159688621e-06 -1.562641707515686437e-06 7.744609850135312595e-08 -5.228963957600406440e-06 -8.523557832156309280e-06 -1.434479867740987293e-06 1.542754425701681701e-07 -3.952093370198532786e-06 -2.931095057627337533e-06 -1.811085749796697999e-06
9.006049913569987853e-01 -5.875940948648776234e-06 -2.029268939283062610e-06 5.794379128432982751e-07 3.415344269564941975e-07 -8.716964633277858639e-06 -1.858430754886592173e-06 2.128199951124494249e-07 -1.478842206057143100e-06 -7.835985977874312784e-06 -1.417388709590756343e-06 6.875931984094698204e-08 -1.117485709875433361e-06 -2.377478343450219613e-06 -7.359589901093231770e-07
9.047836582182254839e-01 -4.670393240078389764e-06 -1.381578176690253357e-06 6.468806508905320149e-07 -6.309545498554293262e-06 -8.389712652567192803e-06 -1.690714134398971356e-06 4.314365844466546083e-07 -1.109188921226456215e-05 -4.145734851164177293e-06 -1.368824159078496446e-06 2.418377761322872030e-07 -6.795874766609981211e-06 -9.220302185757250666e-07 -8.150118907358632252e-07
9.089780964569278421e-01 -1.317039390060828404e-06 -9.027036547888238605e-07 -2.079120157524006106e-09 2.816295050078850485e-07 -4.680394554407065876e-06 -1.167572856609975586e-06 3.020367255534481530e-07 -4.981551993984669560e-06 -3.998287023542636780e-06 -1.026809993434367808e-06 1.233021543255891987e-07 -7.601286758908405142e-07 -1.446740451127807469e-06 -2.665811987138804799e-07
9.131704587403689510e-01 -2.375296713273498239e-06 -9.135460963723840038e-07 8.262931073928570214e-08 -4.107254185330111374e-06 -7.503658520579588360e-06 -8.987497252008084626e-07 5.268105585401872050e-08 -8.940266942036647219e-06 -4.954074922102631605e-06 -9.868538514849820737e-07 3.882643055985926216e-08 -4.808051002371065334e-06 -9.566238576351520108e-07 -1.038718153478116849e-06
9.173547920329833127e-01 -2.046971704676478475e-07 -9.548952493985567207e-07 2.384830583904563847e-07 -2.825587443517764110e-06 -2.905176667220302581e-06 -6.656056970465467342e-07 -7.963155752903642594e-08 -5.538378064000004484e-06 -2.778450934849893643e-06 -6.735196839460724070e-07 1.997221401717108879e-07 -3.098327278793353191e-06 -1.312280314386249217e-06 -2.362885646911168257e-07
9.215425617950214754e-01 3.187596211299838760e-06 -1.083233375074129471e-06 -2.696390316308312582e-08 -2.915141527463483535e-06 5.007886510862357816e-06 -8.120841638883418607e-07 -1.689407270041062630e-08 -1.447844339895888898e-06 4.815406280793621171e-06 -5.679485115193385568e-07 -6.607980089825004764e-08 -1.705301936843746286e-06 8.521983757837901877e-07 -1.262176453353405639e-06
9.257400405750663142e-01 -2.481696829838574191e-06 -1.318785006705409470e-06 5.844388003712606807e-07 -3.383682101853374762e-06 -5.061100028546184863e-06 -6.350478299678302465e-07 3.946589242329877704e-07 -3.719954658286099795e-06 -3.976959538508852260e-06 -4.548535439955010024e-07 2.400111662132253352e-07 -3.797386116139983508e-06 -1.359680665315827180e-06 -1.282412079102745604e-06
9.299303352268617484e-01 -2.600542713644722688e-06 -7.721852769784857349e-07 5.249326130114203122e-07 -5.126783770644741975e-06 -4.986451573278789051e-06 -6.130825035290385231e-07 3.224017215062141244e-07 -7.448581141527554375e-06 -4.194886799556977029e-06 -3.562576280499385877e-07 1.174027492262723435e-07 -5.427462433641018984e-06 -9.136560235832589098e-07 -8.552040856211476601e-07
9.341108300097852313e-01 2.398370022284087732e-06 -4.704133630329729395e-07 3.040866221087670181e-07 -1.809424467535247018e-06 4.624844777396050025e-06 -5.088019099239519493e-07 1.256420052010748478e-07 -2.290444615378213207e-06 3.090452355711384812e-06 -2.282000975447886951e-07 -2.235684602272412397e-08 1.702867185605089428e-07 7.054663451536519417e-07 -3.865377614010673973e-07
9.382896253999645220e-01 -2.164243586988547477e-06 -1.012410983050316474e-06 -8.960517100381090603e-08 1.774279784296205768e-06 -3.389189824886672845e-06 -1.047347434994813119e-06 3.830006412603514293e-07 1.851924822128226227e-06 -5.136032921048356186e-06 -5.865104562175279494e-07 1.652817652096130781e-07 6.917995441146356666e-07 -1.686002061806706762e-06 1.265514677837749446e-07
9.424819561228944265e-01 2.264288551200627635e-07 7.672090328000166116e-09 4.389879151334440546e-07 -1.760811031715797616e-07 -2.333697512641219684e-06 -3.936593103497557107e-07 -1.132898527304289192e-07 -5.097830777127929366e-07 -5.109923041121709899e-08 -1.713576324626536906e-07 -2.184563225560777230e-07 2.745173989088627150e-06 6.247882733691281245e-07 4.439382206627205815e-07
9.466849863120379016e-01 4.983755813898039312e-07 -5.102348341282802241e-07 7.951684792354445148e-08 -4.176644230822485927e-07 -3.526529814018926078e-07 -1.580419560970810724e-07 -1.844676493175932881e-07 -3.388021699776546725e-06 -1.184745796162627534e-06 -1.385495299191670591e-07 -1.780492971037764654e-07 -1.304216512033591435e-07 -5.774738690879499203e-07 2.211999013906078741e-07
9.508714331057195324e-01 -1.602394752162411920e-06 -1.646587146865128588e-07 2.313125613581784668e-07 2.184311562401890245e-06 -5.100559607281640610e-06 -2.326571569376107333e-07 3.640519808917116621e-08 7.696951641472315288e-06 -4.642785261501332166e-06 8.438634244698690481e-08 2.106661773217888246e-08 5.444854321395189104e-06 -8.636088113612029763e-07 1.207606689778202314e-06
9.550563230073290111e-01 6.447236199253389478e-06 -2.695411622937441407e-07 -4.821163772265218276e-08 1.450019593530628782e-06 1.074856581812920999e-05 -1.790529038120270881e-07 -3.490204636812644006e-08 -1.229748649056038886e-06 6.155967785370125808e-06 -1.532260486039063148e-07 -7.563042190839659468e-08 -1.959983759895841456e-06 1.216310355075507569e-06 1.941961356224624246e-07
9.592513211539739348e-01 2.175536067094674393e-06 -4.572117759802459339e-08 -5.841360460847221463e-08 3.796923021379913747e-06 8.408363170863776941e-06 -2.222698398107704240e-07 -1.327473724448012372e-07 1.239074864435012241e-05 8.511950942395464555e-06 -1.684827608532392009e-07 -5.113865355465176277e-08 6.728436388278658695e-06 2.726901177356900324e-06 1.892663474926905147e-06
9.634451052878124644e-01 1.471515932566190066e-06 -6.577621310942061932e-07 5.217123766551777818e-07 1.063355952634469970e-06 2.347944262932255309e-06 -2.802647621208345560e-07 4.156634485912460619e-07 9.378327386486419559e-07 1.063197669581493577e-06 -6.979009197533546710e-08 9.402372061933464934e-10 4.130482359051846833e-07 5.448820113716763452e-08 1.981015986994880998e-07
9.676230540453005791e-01 -6.415469644774576716e-07 -5.490552566394091487e-07 1.022282764915188699e-06 6.672394524163119799e-06 -1.789720011028274861e-06 3.088262810239965913e-08 4.446082749798585077e-07 4.852244514865844074e-06 -1.125131035471336208e-06 -3.583053870186032942e-09 1.036815690187493256e-07 4.195950472145335660e-06 -4.573578575781522071e-07 8.774711415833732875e-07
9.718094297475188270e-01 -2.988833223577827667e-07 -2.011139745294341801e-07 -4.647871771700231351e-08 2.349245963511228551e-07 -3.291141885831326340e-06 -6.151064706024180774e-08 9.651537585710789935e-08 9.825321412020969079e-07 -4.100034552608912189e-06 -1.032661197276925443e-07 9.016552776386253695e-08 1.805407322375436757e-06 -1.635077890673139065e-06 -1.097539118697845560e-07
9.760091362076940280e-01 -1.127719770892916036e-06 -4.088144471305698681e-07 2.023226778759109185e-07 -1.497776034142607283e-06 -2.929072375442276025e-06 -1.747807977475862367e-07 -1.706239944652407453e-07 -5.226925100440371456e-06 -7.753683191661881596e-07 -2.186266027567770091e-07 -1.546935360453762495e-07 -4.751636024122929660e-06 1.235087700732393760e-07 -1.060868946982075500e-06
9.802075838006468755e-01 -2.847375167199850292e-07 2.396222473553617369e-07 -2.627707866602267746e-07 -1.590188989357307097e-06 -2.613812133579442255e-06 1.914874814537120572e-07 -2.186866901620211489e-08 -4.594263155020059927e-06 -2.235571780217507418e-06 -1.821805558015320006e-08 1.580040287076993218e-07 -1.909381563735314828e-06 -3.504724924588071232e-07 -6.616038136578000788e-07
9.843901124947946890e-01 1.058535426417531847e-06 -1.006343514351710670e-07 1.834868608505238899e-07 3.034290014894385787e-06 -4.082919292380205410e-08 1.573605659164864054e-07 -2.755970846952585296e-07 -3.350963742823279343e-06 -2.974636724006489213e-06 6.570568526541219060e-08 -5.759772213790131285e-08 -3.869642443787950614e-08 -1.677596852039697525e-06 -8.883679490741433661e-07
9.885650797815361823e-01 1.158505206239232216e-06 3.509259649557877329e-08 -1.326403551915189860e-07 -1.306457786354198979e-06 1.012017002123076491e-06 1.579157885564061704e-07 -9.693030729462370530e-08 2.447568658544597711e-07 6.211553336510463012e-07 -3.533237392596544435e-08 1.613665508796583275e-07 1.194793120480878401e-06 9.632488503027617728e-08 9.789346748120369069e-09
9.927561705083151056e-01 2.718860623539405740e-06 1.869970698615446621e-07 -3.380211120611588120e-07 2.303253241357902905e-06 2.882171616652822340e-06 1.428270436358740222e-07 -1.632174255906510079e-07 7.877982174852412166e-06 -8.713575333356772906e-07 2.061370948192674571e-08 -1.860984753312412130e-07 3.000207162762978081e-06 -9.938214776255338305e-07 4.110782157285813544e-07
9.969400597939003239e-01 3.120071083665440330e-06 -6.043842585497572883e-08 4.290078559633588962e-07 6.903900066374238752e-06 4.931563348158329051e-06 -2.791066529991289964e-08 1.887777986993090908e-08 9.232881877758773332e-06 1.522266509641104177e-06 6.829215697956440445e-08 -6.379665479852063174e-08 3.785845233743896841e-06 1.250703097068681257e-08 8.530310726587219392e-07
1.001125867816581083e+00 -8.315821048380829802e-07 -1.136395619552817590e-07 -1.898814283556714594e-07 2.569085488850668812e-06 -3.766403680514992921e-06 -2.030344078170497651e-07 3.676141633244577252e-07 3.270636572082713372e-06 -6.996833668204247408e-07 6.093135746494050356e-08 4.718594681162700228e-08 4.680613526250865604e-06 3.223088001520035235e-07 3.318259901030272508e-07
1.005315482813002204e+00 -2.190026745081525361e-06 5.503721656416394115e-07 -7.288153091488762720e-07 -2.069491257342387861e-06 -3.299201471494447904e-06 1.366739972069338407e-07 -1.943820114571481153e-07 -7.330721825123988302e-07 -1.924154625585971229e-06 1.014737304662411985e-07 1.676053623709145503e-08 6.544738543739200089e-07 -4.425578234557999743e-07 6.463230584640740608e-07
1.009503724426713545e+00 1.079753161249130650e-06 8.833633896931381270e-08 4.677651538012679747e-07 -5.786770850355220785e-07 1.741461111052742238e-06 5.672026551743838140e-08 8.973880119932301006e-10 -2.106869173963173430e-06 -2.449576651751306706e-07 1.185190584590773414e-07 4.544258838788419937e-08 -3.028853645464986155e-06 -1.762659826327054072e-07 -5.346835918467971782e-07
1.013699103815393299e+00 -1.276097467867081550e-06 -6.741358554958842942e-07 3.965982126044425162e-07 -3.908076650942157828e-06 -4.275745921169512067e-07 -8.136199283083677237e-08 1.287984007130147142e-07 -1.074102048365675380e-05 2.327758854142786785e-07 2.538655218660732432e-08 -4.723077488470798870e-08 -6.243223663817983710e-06 1.285429870378713402e-07 -2.131410790240313841e-06
1.017885842421875964e+00 5.815084342086095582e-07 1.271581925495741150e-08 -6.142516974501492272e-08 4.549440693180993291e-06 -1.694373558476537176e-06 6.496509505107154738e-08 3.556881984307247690e-08 3.529060481902410606e-06 -6.599210137952452647e-07 6.591555196297879274e-08 3.376634063262310218e-08 2.905780695779678737e-06 -1.078925219533616299e-08 9.273984038605092778e-07
1.022076284359184406e+00 3.054695337073761829e-06 1.887561595557601218e-07 -5.686249485741881977e-07 -2.246602273496456916e-06 4.747231804317272931e-06 8.389821470592168860e-08 -4.489982760200861193e-07 2.437367044061630161e-06 2.340200153758753986e-06 2.618886161345504823e-08 -2.413719233890044712e-07 6.658361356644911473e-07 1.254556431106872320e-07 5.957572672017292291e-07
1.026273875264014812e+00 -1.740966723377244151e-06 3.901825983647570750e-07 2.981647606871418462e-08 -4.061936687203437635e-06 -4.852041985290839380e-06 2.490645555249399217e-07 -2.614594689509807139e-07 -6.977770901225855121e-06 -4.282373103401161809e-06 2.270420990243716964e-07 -1.975465186859820869e-07 -2.597365415579553404e-06 -1.227556611342491582e-06 2.771805961171599388e-08
1.030463237552156075e+00 -2.380963740467507045e-06 -1.764421101222985225e-07 4.915731352503887003e-07 6.055085967813732985e-07 -3.954623005252178357e-06 -2.259909888084703012e-07 -1.479148236756471275e-08 -1.637270007032065406e-06 -3.193538440437275783e-06 4.502996904840548474e-08 -1.325989590054217804e-08 -7.012421520125345216e-08 -1.058127886721036605e-06 -5.556975661148806348e-07
1.034646639530784062e+00 -5.314163564576264306e-07 5.484349096342539443e-07 -2.183654926825504994e-07 -1.029535482602919549e-06 -8.980197858712691057e-07 2.506407614120522276e-08 2.322819922969478004e-08 -4.351330512699300970e-06 -2.444847200958701098e-06 -3.014658922935877734e-08 9.211684897734966246e-08 -3.108638022121245825e-06 -1.002942306231606449e-06 -2.793607791003352364e-07
1.038830480088573260e+00 -1.337404972017784232e-06 -2.486914120463388156e-07 1.158533000175312807e-07 -1.296858045235632267e-06 -7.229288592340175935e-07 1.214194328846567898e-07 -7.227340753932322391e-08 -4.036338265545549890e-07 -1.128804351157677834e-06 4.995599915650194701e-08 -7.479050559713716005e-08 2.129900748566236331e-06 -2.420251851824691157e-07 8.359614473818994526e-07
1.043023229532383578e+00 -3.435775395030849360e-06 -3.487858308732186558e-07 -5.222776407102733941e-07 1.120410748683325962e-06 -3.641738807256044572e-06 -4.034850487161227396e-07 3.469446235557686210e-08 2.904795533057884445e-06 -5.439396070051969601e-07 -9.791693116015207002e-08 -5.649129062457643868e-08 -2.765651725943780789e-06 3.475647487927126067e-07 -8.210182555650654188e-07
1.047211320931656031e+00 -2.166927813037896621e-06 1.184649857503515950e-07 4.874772675347927873e-07 4.297326830982377426e-06 -3.501440056529900513e-06 -1.477730308337795671e-07 -8.244104089016302089e-08 6.795128005673550656e-06 -1.799339618339043580e-06 5.903810487399916332e-08 2.504467534643561770e-08 -1.545349024276195008e-06 2.763152053189301910e-07 2.585579093838534600e-07
1.051395396220772938e+00 3.284403536588966113e-07 4.119470905218621985e-07 -2.705921185161519638e-07 2.030533814934525869e-06 -7.761734525001612257e-07 2.264658006755308779e-07 -6.626411513180298253e-08 -1.375690012530993304e-06 6.023471219758055424e-07 3.452915558616553097e-08 5.109005665890046529e-08 4.223271859843344501e-07 6.946724753315455212e-07 -3.477949800161149925e-07
1.055587561333155788e+00 -4.252764691195426696e-07 1.193652054505364934e-07 -2.977212148723226031e-07 2.083851172171923526e-06 1.367166935816758751e-06 2.933502202633679927e-09 1.006671053367494504e-08 5.729288597381110159e-06 2.451179861568202759e-07 3.850317282733228370e-08 1.324546108418724837e-08 2.197424004091385284e-06 -5.096228143724134245e-08 -1.481520521497003072e-07
1.059780855230085139e+00 5.878978341988236783e-06 8.701462736792766686e-07 -7.288123245408154348e-07 -6.525095943477171568e-07 8.792479549615723840e-06 1.704257210017036618e-07 -1.124052647627248044e-07 -3.085988161950283207e-06 4.611900004097873240e-06 1.877464081750627216e-07 -3.466093188707570488e-08 1.554432937385993380e-07 6.323621252669088812e-07 -2.098904031635032147e-08
1.063968553353427993e+00 4.376204163581547078e-06 -1.076475585576787073e-07 -1.884661612594026655e-07 7.725356868121660824e-07 6.992963737057576074e-06 -6.862269113610270572e-08 9.769904783572977430e-08 -1.029157776968348571e-06 2.312945889599069384e-06 1.002690402744772105e-07 1.336230407657355895e-07 -1.013579211618789753e-06 -5.197195912237981713e-07 -1.068773311473390939e-06
1.068144877931138659e+00 2.120580293111748691e-06 2.623962341741564502e-07 -1.032290618877792161e-07 -3.788127169228483195e-07 8.069218188226976964e-06 1.240578300387611842e-07 -2.364774034344215529e-08 -5.073018700304343209e-07 7.590440756532593382e-06 2.597312340955235451e-07 9.297003982652291848e-08 2.074368371455137622e-06 2.037838766231114646e-06 6.408758879114111979e-08
