1.000000e-03 -1.853250e-06 1.884168e-02 -2.004073e-05 1.290926e-06 -3.761948e-06 6.280543e-03 -6.680128e-06 -3.020575e-06 -2.506903e-06 3.765649e-03 -3.994701e-06 -2.925209e-06 -6.973443e-07 -8.419212e-07
7.704698e-03 -5.387360e-05 1.831695e-02 -1.026640e-03 7.982600e-05 -1.516174e-04 6.105669e-03 -3.422266e-04 -1.300758e-04 -1.158482e-04 3.526522e-03 -1.806012e-04 -1.418877e-04 -3.208728e-05 -3.934232e-05
1.440940e-02 4.552199e-05 1.727279e-02 -2.804233e-03 2.822796e-04 -2.215412e-04 5.757605e-03 -9.347505e-04 -2.397369e-04 -2.529050e-04 3.080647e-03 -4.257688e-04 -3.419634e-04 -7.415901e-05 -9.372989e-05
2.111409e-02 5.238576e-04 1.599116e-02 -4.577789e-03 6.105764e-04 8.800725e-05 5.330338e-03 -1.525886e-03 -1.215425e-04 -2.412063e-04 2.587866e-03 -6.081592e-04 -4.282075e-04 -8.825207e-05 -1.213485e-04
2.781879e-02 1.523750e-03 1.471549e-02 -6.015281e-03 1.080787e-03 9.510073e-04 4.905121e-03 -2.005065e-03 3.414454e-04 3.405774e-05 2.141047e-03 -7.115064e-04 -2.927092e-04 -5.029459e-05 -9.882877e-05
3.452349e-02 3.011784e-03 1.355904e-02 -6.993291e-03 1.670003e-03 2.346111e-03 4.519705e-03 -2.331123e-03 1.141351e-03 5.927865e-04 1.779398e-03 -7.531630e-04 8.636205e-05 4.594131e-05 -2.129627e-05
4.122819e-02 4.697563e-03 1.246322e-02 -7.439311e-03 2.274130e-03 3.988375e-03 4.154379e-03 -2.479735e-03 2.109509e-03 1.322120e-03 1.500666e-03 -7.480270e-04 6.239642e-04 1.811961e-04 9.358158e-05
4.793289e-02 6.053457e-03 1.122717e-02 -7.286277e-03 2.710994e-03 5.358723e-03 3.742271e-03 -2.429008e-03 2.937262e-03 1.985889e-03 1.273761e-03 -7.005698e-04 1.140530e-03 3.115199e-04 2.075921e-04
5.463758e-02 6.751901e-03 9.791051e-03 -6.634048e-03 2.882561e-03 6.119665e-03 3.263710e-03 -2.211386e-03 3.419262e-03 2.409042e-03 1.073679e-03 -6.206453e-04 1.498042e-03 4.014396e-04 2.899213e-04
6.134228e-02 6.858272e-03 8.285272e-03 -5.713816e-03 2.830552e-03 6.313611e-03 2.761671e-03 -1.904652e-03 3.570113e-03 2.585886e-03 8.950972e-04 -5.267815e-04 1.679820e-03 4.465262e-04 3.353283e-04
6.804698e-02 6.627801e-03 6.892513e-03 -4.752696e-03 2.661693e-03 6.174632e-03 2.297522e-03 -1.584271e-03 3.522856e-03 2.609896e-03 7.447611e-04 -4.361051e-04 1.746429e-03 4.629861e-04 3.562497e-04
7.475168e-02 6.289185e-03 5.734975e-03 -3.893765e-03 2.465882e-03 5.914346e-03 1.911616e-03 -1.298032e-03 3.399534e-03 2.570271e-03 6.277675e-04 -3.591413e-04 1.758587e-03 4.664464e-04 3.649224e-04
8.145638e-02 5.897986e-03 4.799063e-03 -3.164540e-03 2.267403e-03 5.595988e-03 1.599649e-03 -1.054850e-03 3.237370e-03 2.495147e-03 5.378415e-04 -2.960933e-04 1.736045e-03 4.624323e-04 3.657740e-04
8.816107e-02 5.417755e-03 4.017309e-03 -2.544109e-03 2.047881e-03 5.174243e-03 1.339088e-03 -8.480697e-04 3.007328e-03 2.358626e-03 4.642461e-04 -2.433785e-04 1.659863e-03 4.450795e-04 3.542171e-04
9.486577e-02 4.780646e-03 3.300948e-03 -1.993494e-03 1.783157e-03 4.589920e-03 1.100292e-03 -6.644990e-04 2.677805e-03 2.133593e-03 3.943744e-04 -1.958683e-04 1.513084e-03 4.091690e-04 3.265413e-04
1.015705e-01 3.955370e-03 2.596030e-03 -1.490412e-03 1.460383e-03 3.813614e-03 8.654193e-04 -4.968430e-04 2.231419e-03 1.803059e-03 3.204992e-04 -1.506870e-04 1.285197e-03 3.509120e-04 2.803266e-04
1.082752e-01 3.047652e-03 1.930487e-03 -1.053500e-03 1.116303e-03 2.947506e-03 6.435212e-04 -3.511685e-04 1.728459e-03 1.413532e-03 2.456521e-04 -1.096201e-04 1.010605e-03 2.784416e-04 2.223275e-04
1.149799e-01 2.209853e-03 1.363423e-03 -7.071146e-04 8.040034e-04 2.142625e-03 4.544862e-04 -2.357042e-04 1.258601e-03 1.040665e-03 1.783968e-04 -7.566593e-05 7.454990e-04 2.072641e-04 1.653140e-04
1.216846e-01 1.534795e-03 9.272225e-04 -4.570162e-04 5.550943e-04 1.491158e-03 3.090702e-04 -1.523402e-04 8.772709e-04 7.327535e-04 1.245074e-04 -5.025820e-05 5.256573e-04 1.474115e-04 1.174307e-04
1.283893e-01 1.043730e-03 6.189066e-04 -2.897364e-04 3.755136e-04 1.016127e-03 2.062976e-04 -9.658029e-05 5.986510e-04 5.048132e-04 8.514739e-05 -3.272916e-05 3.625629e-04 1.025166e-04 8.157284e-05
1.350940e-01 7.062152e-04 4.116261e-04 -1.829189e-04 2.528045e-04 6.887247e-04 1.372096e-04 -6.097469e-05 4.062628e-04 3.456874e-04 5.793711e-05 -2.121079e-05 2.485004e-04 7.082485e-05 5.629396e-05
1.417987e-01 4.767074e-04 2.735810e-04 -1.154105e-04 1.698774e-04 4.656518e-04 9.118854e-05 -3.846733e-05 2.750058e-04 2.359957e-04 3.932578e-05 -1.372342e-05 1.697741e-04 4.875633e-05 3.871235e-05
1.485034e-01 3.187118e-04 1.804487e-04 -7.227818e-05 1.131152e-04 3.118144e-04 6.014846e-05 -2.409363e-05 1.843309e-04 1.594482e-04 2.645187e-05 -8.808115e-06 1.147530e-04 3.319433e-05 2.632574e-05
1.552081e-01 2.085230e-04 1.167297e-04 -4.445424e-05 7.373849e-05 2.042794e-04 3.890967e-05 -1.481855e-05 1.208758e-04 1.053346e-04 1.741858e-05 -5.542266e-06 7.582980e-05 2.208657e-05 1.749711e-05
1.619128e-01 1.316971e-04 7.305441e-05 -2.649283e-05 4.641945e-05 1.291660e-04 2.435079e-05 -8.830608e-06 7.648908e-05 6.711144e-05 1.107822e-05 -3.373967e-06 4.831646e-05 1.416388e-05 1.120783e-05
1.686174e-01 7.964007e-05 4.385351e-05 -1.516139e-05 2.798681e-05 7.818189e-05 1.461646e-05 -5.053856e-06 4.633035e-05 4.090678e-05 6.748234e-06 -1.970308e-06 2.944972e-05 8.685233e-06 6.864963e-06
1.753221e-01 4.616745e-05 2.526760e-05 -8.338110e-06 1.618316e-05 4.537304e-05 8.422690e-06 -2.779353e-06 2.690577e-05 2.389828e-05 3.941835e-06 -1.104080e-06 1.720336e-05 5.102955e-06 4.029268e-06
1.820268e-01 2.591255e-05 1.410728e-05 -4.445215e-06 9.060909e-06 2.548892e-05 4.702455e-06 -1.481791e-06 1.512410e-05 1.350856e-05 2.228769e-06 -5.992944e-07 9.723110e-06 2.899744e-06 2.287436e-06
1.887315e-01 1.425535e-05 7.724279e-06 -2.324961e-06 4.973198e-06 1.403378e-05 2.574745e-06 -7.749891e-07 8.331768e-06 7.481145e-06 1.234861e-06 -3.188159e-07 5.383869e-06 1.613913e-06 1.271944e-06
1.954362e-01 7.759123e-06 4.186304e-06 -1.204119e-06 2.701050e-06 7.644423e-06 1.395420e-06 -4.013484e-07 4.540754e-06 4.097507e-06 6.767073e-07 -1.678010e-07 2.948237e-06 8.880845e-07 6.993044e-07
2.021409e-01 4.193901e-06 2.253897e-06 -6.196771e-07 1.456993e-06 4.134925e-06 7.513049e-07 -2.065579e-07 2.457332e-06 2.227914e-06 3.681573e-07 -8.769769e-08 1.602746e-06 4.850093e-07 3.816181e-07
2.088456e-01 2.247010e-06 1.203389e-06 -3.164589e-07 7.791389e-07 2.216868e-06 4.011305e-07 -1.054863e-07 1.318057e-06 1.200289e-06 1.984819e-07 -4.543995e-08 8.633134e-07 2.623777e-07 2.062976e-07
2.155503e-01 1.185505e-06 6.329645e-07 -1.593379e-07 4.103465e-07 1.170339e-06 2.109900e-07 -5.311348e-08 6.961330e-07 6.365587e-07 1.053486e-07 -2.319472e-08 4.577607e-07 1.396860e-07 1.097578e-07
2.222550e-01 6.108527e-07 3.252792e-07 -7.844589e-08 2.110849e-07 6.033707e-07 1.084251e-07 -2.614868e-08 3.590325e-07 3.295793e-07 5.459558e-08 -1.156748e-08 2.369595e-07 7.258280e-08 5.699696e-08
2.289597e-01 3.056071e-07 1.623559e-07 -3.754034e-08 1.054425e-07 3.020250e-07 5.411768e-08 -1.251353e-08 1.797826e-07 1.656335e-07 2.746487e-08 -5.603412e-09 1.190622e-07 3.659959e-08 2.872415e-08
2.356644e-01 1.482180e-07 7.857370e-08 -1.742786e-08 5.106612e-08 1.465581e-07 2.619127e-08 -5.809342e-09 8.727129e-08 8.067912e-08 1.339109e-08 -2.631619e-09 5.798418e-08 1.788431e-08 1.402892e-08
2.423691e-01 6.983584e-08 3.694719e-08 -7.864911e-09 2.402722e-08 6.908525e-08 1.231546e-08 -2.621587e-09 4.115114e-08 3.816606e-08 6.340598e-09 -1.200712e-09 2.742464e-08 8.485561e-09 6.653079e-09
2.490738e-01 3.214884e-08 1.697509e-08 -3.469009e-09 1.104652e-08 3.181811e-08 5.658300e-09 -1.156309e-09 1.895866e-08 1.763769e-08 2.932457e-09 -5.351421e-10 1.267164e-08 3.932638e-09 3.082072e-09
2.557785e-01 1.454548e-08 7.665126e-09 -1.504416e-09 4.991637e-09 1.440179e-08 2.554973e-09 -5.014678e-10 8.583656e-09 8.008875e-09 1.332385e-09 -2.344046e-10 5.752857e-09 1.790492e-09 1.402660e-09
2.624832e-01 6.488331e-09 3.412495e-09 -6.436230e-10 2.223996e-09 6.426852e-09 1.137464e-09 -2.145328e-10 3.831519e-09 3.584841e-09 5.966541e-10 -1.012185e-10 2.574616e-09 8.034829e-10 6.292189e-10
2.691879e-01 2.854580e-09 1.498419e-09 -2.717788e-10 9.773850e-10 2.828641e-09 4.994646e-10 -9.059091e-11 1.686801e-09 1.582305e-09 2.634376e-10 -4.312180e-11 1.136227e-09 3.554941e-10 2.782998e-10
2.758926e-01 1.235836e-09 6.474669e-10 -1.130242e-10 4.227116e-10 1.225080e-09 2.158236e-10 -3.767444e-11 7.307406e-10 6.871484e-10 1.144244e-10 -1.808414e-11 4.933627e-10 1.547290e-10 1.210948e-10
2.825973e-01 5.245787e-10 2.743218e-10 -4.613452e-11 1.792464e-10 5.201703e-10 9.143832e-11 -1.537714e-11 3.103408e-10 2.924949e-10 4.871131e-11 -7.439574e-12 2.099780e-10 6.600094e-11 5.163960e-11
2.893020e-01 2.175021e-10 1.135363e-10 -1.840923e-11 7.425295e-11 2.157472e-10 3.784523e-11 -6.136244e-12 1.287467e-10 1.216049e-10 2.025250e-11 -2.991004e-12 8.728719e-11 2.749431e-11 2.150634e-11
2.960067e-01 8.792548e-11 4.581916e-11 -7.168591e-12 2.999070e-11 8.724193e-11 1.527289e-11 -2.389430e-12 5.207120e-11 4.928283e-11 8.207786e-12 -1.172916e-12 3.536975e-11 1.116318e-11 8.729761e-12
3.027114e-01 3.465895e-11 1.803209e-11 -2.723741e-12 1.181233e-11 3.439955e-11 6.010680e-12 -9.078707e-13 2.053581e-11 1.947359e-11 3.243225e-12 -4.486788e-13 1.397430e-11 4.418811e-12 3.454808e-12
3.094161e-01 1.335053e-11 6.935311e-12 -1.011827e-12 4.546472e-12 1.325405e-11 2.311752e-12 -3.372574e-13 7.913900e-12 7.518342e-12 1.252142e-12 -1.677509e-13 5.394587e-12 1.708897e-12 1.335819e-12
3.161208e-01 5.038270e-12 2.613553e-12 -3.684429e-13 1.714468e-12 5.003056e-12 8.711641e-13 -1.228120e-13 2.987704e-12 2.843324e-12 4.735602e-13 -6.147028e-14 2.039811e-12 6.472737e-13 5.058377e-13
3.228255e-01 1.868061e-12 9.677732e-13 -1.318948e-13 6.352276e-13 1.855450e-12 3.225828e-13 -4.396316e-14 1.108220e-12 1.056429e-12 1.759589e-13 -2.213192e-14 7.578132e-13 2.408659e-13 1.882038e-13
3.295302e-01 6.814751e-13 3.526232e-13 -4.647665e-14 2.315556e-13 6.769700e-13 1.175279e-13 -1.549044e-14 4.043974e-13 3.861120e-13 6.431753e-14 -7.842268e-15 2.769393e-13 8.816105e-14 6.887317e-14


