# Columns: ('k', 'S1', 'S2', 'S3', 'S4', 'S5', 'S6', 'S7', 'S8', 'S9', 'S10', 'S11', 'S12', 'S13', 'S14')
5.345493089407682419e-03 1.706529405381944420e+00 1.220366970486111086e+03 -1.170055609809027715e+02 -3.844776068793402857e+01 1.499726189507378393e+01 8.105977647569443434e+02 -1.000843370225694429e+02 -2.735802374945746251e+01 5.209937201605902679e+00 4.121699761284721717e+02 -6.791094292534721433e+01 -5.019259982638888395e+00 8.116639455159504468e-01 1.152842203776041519e+00
9.344366739594166943e-03 1.872237470073084609e+01 -3.209194178427419502e+02 7.256665826612902492e+01 5.266486186365927580e+01 1.193771500126008078e+02 -1.129205912928427438e+02 2.445451108870967616e+01 1.392347687752016157e+02 1.124361769153225765e+02 -6.299184097782257652e+01 1.006005465599798399e+01 1.184971411920362812e+02 3.365636813256048043e+01 3.342823840725806406e+01
1.312833575873958818e-02 5.530224609374999289e+01 -5.530051219706632537e+01 -3.911188616071428470e+01 5.850805165816326081e+01 1.476815310108418373e+02 -2.957140465561224119e+02 -1.068475715481505084e+01 1.272661033163265216e+02 1.293068199936224403e+02 -3.225283003826530148e+02 1.201742366868622369e+01 1.025315090880101963e+02 3.993155592315050484e+01 3.432587541852678470e+01
1.700891779646987109e-02 1.219115420386904844e+02 5.789484375000000682e+02 -1.604655505952381134e+02 7.002448846726191789e+01 1.340137416294643025e+01 3.546568824404762381e+02 -9.116653645833333997e+01 -2.548952055431547947e+01 -1.134879650297619094e+02 2.681919456845238301e+02 -6.672333984375001137e+01 -1.245137090773809661e+02 -6.026142113095238528e+01 -5.880603143601190652e+01
2.135270783943789275e-02 -1.489791294642857054e+02 1.277627455357142878e+02 5.085692522321428299e+01 -1.142488281250000028e+02 -3.195770758928571240e+02 1.413994977678571558e+02 1.926361328124999872e+01 -3.022398660714285938e+02 -2.370854017857142821e+02 9.424145089285714505e+01 2.342103236607142946e+01 -2.467023660714285711e+02 -5.862053571428571530e+01 -6.545495535714285040e+01
2.564347439342075027e-02 7.272618055555555827e+01 3.101322569444444639e+02 -1.513509027777777760e+02 1.057995399305555537e+02 1.988059244791666558e+01 1.832226215277777897e+02 -7.551876736111111654e+01 2.951444444444444315e+01 -5.801722222222222314e+01 9.101824652777777658e+01 -9.347993706597222285e+00 -7.781691840277777317e+01 -2.810437934027777729e+01 -2.993121527777777757e+01
2.962205054058980949e-02 -3.379468178986711280e+01 2.775395296926910191e+02 -9.414863865240863561e+01 8.054145037375415939e+01 -6.460519622093023884e+01 1.360147944352159470e+02 -2.135639015780730787e+01 4.712614202657807283e+01 -3.789335677948505321e+01 6.983175872093023884e+01 4.952953047134551312e+00 -4.830960600083056278e+00 -6.759103768687707792e+00 -5.168285078384551312e+00
3.361537140302770649e-02 1.227339238845144394e+02 3.730753362860892253e+02 -1.825382217847769084e+02 1.786888533464566819e+02 2.469189222440944889e+02 2.359437746062992005e+02 -8.749821604330708169e+01 2.925135539698162574e+02 1.878453699146981535e+02 1.420625000000000000e+02 -3.180413385826771488e+01 1.942391732283464592e+02 5.495746698654855322e+01 5.465499917979002475e+01
3.793950633336700545e-02 1.454429318082311795e+02 2.907871880472854400e+02 -2.117090630472854684e+02 1.568440236427320542e+02 1.923883400831873871e+02 1.542244417688266083e+02 -8.414384030210158016e+01 1.877123193957968397e+02 9.248658466506130083e+01 7.561475207968476298e+01 -2.127297743815674380e+01 7.498594844570928331e+01 1.839718387423380008e+01 1.469154820216725099e+01
4.227894994616508695e-02 -3.413347812500000344e+01 1.684203749999999999e+01 3.692598750000000507e+01 4.797465625000000067e+00 -3.570278749999999945e+01 5.218846249999999998e+01 -3.038871093750000085e+00 -3.062582500000000252e+01 -4.620231875000000343e+01 3.951538125000000434e+01 -4.832001953125000249e+00 -6.383476250000000363e+01 -2.212626562500000205e+01 -2.853850625000000107e+01
4.633325468672155889e-02 1.047187392832647390e+02 2.276576646090534837e+02 -1.516261574074073906e+02 1.458318758573388152e+02 2.132143347050754301e+02 1.522335926783264597e+02 -8.569846857853222843e+01 1.898655264060356558e+02 1.123351551783264597e+02 7.794802383401919599e+01 -3.297468439214677716e+01 7.631028163580246826e+01 2.111616941015088855e+01 1.250769327632030148e+01
5.038752484052157893e-02 8.639186535281146462e+01 1.522559605843439954e+02 -9.827627136163175692e+01 1.641096678610804815e+02 2.574346058434398969e+02 1.120083551543550158e+02 -6.615582793550164808e+01 2.736850192943770708e+02 1.704244073869900831e+02 5.987851863974641731e+01 -3.014638962582690240e+01 1.533214236493936085e+02 3.628687896223814846e+01 3.165364439773980365e+01
5.464179025701254577e-02 1.781411128328741995e+02 1.503662333562901665e+02 -7.691319444444444287e+01 2.189454057621671268e+02 4.356948174931129643e+02 1.174261291896235093e+02 -5.534054680325986908e+01 4.097674185032139462e+02 3.084109561524334140e+02 7.412931158172635548e+01 -2.698040418388429629e+01 2.695604338842975380e+02 7.256611570247933685e+01 6.375003587006428063e+01
5.886817576171304162e-02 1.896136033827061453e+02 1.304367744195356238e+02 -6.211816953562849619e+01 2.369861389111288759e+02 5.025234187349879562e+02 1.079026095876701277e+02 -5.063386959567653633e+01 5.031758907125700375e+02 3.922107185748598681e+02 7.400556069855883834e+01 -3.072385408326661249e+01 3.691566002802241542e+02 1.014838933646917525e+02 9.417224404523618375e+01
6.290140616743733482e-02 5.002150076277651181e+01 7.498685402364607455e+01 -4.883245733218917195e+01 1.093667286422578258e+02 1.672420385202135833e+02 6.035391042143402274e+01 -3.383415570175439058e+01 1.897373188405797180e+02 1.219380363272311314e+02 3.768167489035087669e+01 -1.785709858886346524e+01 1.146112938596491233e+02 2.856299163329519430e+01 2.430148890398550776e+01
6.703999982739437813e-02 1.320070963151587762e+02 9.690360994607549117e+01 -5.856508388256440867e+01 1.518522131515877902e+02 3.226923307369682448e+02 7.352803887058118448e+01 -3.984151250748951867e+01 3.031167989814260295e+02 2.328268049730377527e+02 4.516425441881366254e+01 -2.014645980002995884e+01 2.110995356500898765e+02 5.718640465847813203e+01 5.275484477980826625e+01
7.134254604642074893e-02 9.902850450026868145e+01 7.161608342289092377e+01 -3.563910531972058493e+01 1.203949993283181215e+02 2.638729009940892070e+02 5.982952713594841754e+01 -2.891853548159591725e+01 2.482715609887157484e+02 1.986240596453519629e+02 4.019985055077915348e+01 -1.689268097628962906e+01 1.741349408919935513e+02 4.861393404083825942e+01 4.254140079258463203e+01
7.561818311969153994e-02 9.151485311750599294e+01 6.460425659472421955e+01 -3.270934877098321181e+01 1.159600419664268571e+02 2.532924460431654836e+02 5.539705110911270936e+01 -2.645050584532374316e+01 2.361659472422062436e+02 1.861938549160671528e+02 3.638892011390887404e+01 -1.490678863159472378e+01 1.641958333333333258e+02 4.508125749400479521e+01 3.974393735011990714e+01
7.973924982214039558e-02 8.224527449518127753e+01 5.253341555759522663e+01 -2.579426844309316280e+01 1.088152894102799451e+02 2.381615133088572804e+02 4.796662029600734201e+01 -2.314486289582377410e+01 2.324541934373565937e+02 1.830882859109683523e+02 3.284606614272602343e+01 -1.398574550395823834e+01 1.688021311381367582e+02 4.614397014111978024e+01 4.265229893299678565e+01
8.385356877962653332e-02 7.663190926698450767e+01 4.816513955105283884e+01 -2.525725690305919713e+01 1.006089218315454872e+02 2.203673271752085725e+02 4.304708606475963251e+01 -2.134746225665474739e+01 2.157145907826777886e+02 1.692270063567739271e+02 2.982656063766388499e+01 -1.314432328913389014e+01 1.571061904052443481e+02 4.263245865613826169e+01 3.943456061283274039e+01
8.809929214337092196e-02 5.543218410920545836e+01 3.612693056527826485e+01 -1.845281736743087109e+01 7.283066809590479807e+01 1.633062981274063645e+02 3.280784586104304879e+01 -1.570084168270913594e+01 1.541938221911095468e+02 1.234909432971648613e+02 2.269324110736786793e+01 -9.751260609905495258e+00 1.109540711410570566e+02 3.073056309065453107e+01 2.762305849667483315e+01
9.230415729057904473e-02 4.721592903711133005e+01 2.885412226262119617e+01 -1.464713280466399148e+01 6.251969450016716223e+01 1.427534478435305800e+02 2.714556690906051273e+01 -1.270783574682380390e+01 1.328491620695419613e+02 1.075570983784687371e+02 1.849093896272149706e+01 -7.536061308926780278e+00 9.508898570712135268e+01 2.644343447007689463e+01 2.340836572216649714e+01
9.643309047658384092e-02 4.528929207058467199e+01 2.838819439185095561e+01 -1.449960712662829465e+01 5.402222811269312075e+01 1.240233641320811842e+02 2.427325999697061576e+01 -1.152682189109360777e+01 1.145798432293244531e+02 9.221994282035747403e+01 1.634733082777946223e+01 -6.857915333421690463e+00 8.201702135716449504e+01 2.257674757649197161e+01 2.014348161541957083e+01
1.005689403076158450e-01 4.737563551893408231e+01 2.822668302945301733e+01 -1.351919924614305835e+01 5.117607380785413795e+01 1.213138411640953791e+02 2.275331784712482630e+01 -1.021290541725105250e+01 1.099593793828892103e+02 9.059360974754558526e+01 1.542711036115007062e+01 -6.012701612903225801e+00 8.004166374474053214e+01 2.248758327489481346e+01 2.003591339410939653e+01
1.047818677762802908e-01 2.940576767488175136e+01 1.803430342917600271e+01 -8.783459360219069367e+00 3.580965661563355695e+01 8.355829132437142448e+01 1.606059695512820440e+01 -7.293071827545431596e+00 7.746863330843913786e+01 6.326444641523524837e+01 1.121927997417226841e+01 -4.547784707959920070e+00 5.630780121981577935e+01 1.574452327607667357e+01 1.399739486090365936e+01
1.090277847809041356e-01 2.537500363118754265e+01 1.492588655443876355e+01 -7.075193269957006592e+00 2.933720115326516265e+01 7.036208749709504673e+01 1.300388900185916796e+01 -5.648164253137346158e+00 6.371516238670695031e+01 5.307800153962352141e+01 8.987581338600975300e+00 -3.397762099116895307e+00 4.669506376365326616e+01 1.327250791598884483e+01 1.174654220166163121e+01
1.132170039508717807e-01 1.756961794065740179e+01 1.036277713434811432e+01 -5.021536510037502232e+00 2.197506480255901096e+01 5.233558418817560209e+01 9.669255322082506154e+00 -4.304086439030442968e+00 4.868482517096845186e+01 4.036026086476946517e+01 6.886074171354510831e+00 -2.747849968288109235e+00 3.622206940767703287e+01 1.022828683405029793e+01 9.210875454996690692e+00
1.174008294871188018e-01 1.530634849929733043e+01 8.608247277153182608e+00 -3.632458812236498691e+00 1.805854591196547076e+01 4.432605463260389911e+01 7.990143012196345929e+00 -3.169354876656294007e+00 4.030705116944388777e+01 3.418499673760289426e+01 5.726968339063441604e+00 -2.008945124284782224e+00 3.027248544468982061e+01 8.722254724201967235e+00 7.781271958442079750e+00
1.215998224695146873e-01 9.974085456161137841e+00 5.612385959715640027e+00 -2.226636552132701397e+00 1.231631812796208436e+01 3.044141291469194144e+01 5.483119816350710884e+00 -2.074004554206160922e+00 2.787357819905213319e+01 2.386296800947867069e+01 4.048022808056871646e+00 -1.372197034212085276e+00 2.121479265402843595e+01 6.164826718009478235e+00 5.519620853080568601e+00
1.257670529567683493e-01 7.399756981560662972e+00 4.210521682366827001e+00 -1.694840834057099510e+00 8.789704842553001995e+00 2.182068690985212811e+01 3.965341339301621471e+00 -1.497584430117584242e+00 1.978255556297879991e+01 1.694953261402102385e+01 2.889784665619989479e+00 -9.663967157714234979e-01 1.492634425663637998e+01 4.339856276723677020e+00 3.843919806698735009e+00
1.299386816717305049e-01 7.156870060102091813e+00 3.941458350485756768e+00 -1.544647865037872547e+00 8.052955962868434625e+00 2.021665568911575761e+01 3.587800253169767917e+00 -1.319882831796476141e+00 1.816681289107525288e+01 1.565107854437674995e+01 2.613297008788901810e+00 -8.637368076424337682e-01 1.376924887823151700e+01 4.012181865428948058e+00 3.556730353614358631e+00
1.340949335765710126e-01 4.413407120121370930e+00 2.442456871975646759e+00 -9.141515882813739946e-01 5.370698352966841504e+00 1.344956518721243910e+01 2.398870236643265486e+00 -8.642757850924164265e-01 1.221044046485800472e+01 1.053449870101539076e+01 1.782406288424163154e+00 -5.833108288587776080e-01 9.301531140924957697e+00 2.717434902030779309e+00 2.411033808305568904e+00
1.382635144665005922e-01 3.245482142533691050e+00 1.796410421723301010e+00 -6.556751852086654120e-01 3.762549698413273802e+00 9.484998777351108856e+00 1.697587419395739872e+00 -6.004348045120272426e-01 8.437471697942328319e+00 7.297366323721200310e+00 1.239602814583031565e+00 -4.009317249651319082e-01 6.346350959100131028e+00 1.855694883440805798e+00 1.626636991015794953e+00
1.424925284902303357e-01 2.413291787396638188e+00 1.329580113867425695e+00 -5.014892677409515942e-01 2.919667971397586825e+00 7.392253795580859155e+00 1.313987546809339824e+00 -4.636303277395112943e-01 6.728075860783516049e+00 5.846644342212281131e+00 9.884228959095837652e-01 -3.159774732699606736e-01 5.200033147790429133e+00 1.527297681984546518e+00 1.368056570463941801e+00
1.466886314558672189e-01 1.931734591985323046e+00 1.060450851281755869e+00 -3.697046197306502191e-01 2.202744761501250093e+00 5.651176039884163949e+00 1.002522068744241102e+00 -3.318473009493879133e-01 5.025326095004606586e+00 4.409446162959062221e+00 7.455048173826839264e-01 -2.247793125575885120e-01 3.847994582565485988e+00 1.140361866731933516e+00 1.002372955607476523e+00
1.508619291163366127e-01 1.170752671272942802e+00 6.352849468594262694e-01 -2.101463799171174318e-01 1.381652542694785435e+00 3.547843134648109853e+00 6.247583224443904459e-01 -2.005560186257900890e-01 3.159487956955755461e+00 2.777851795156192960e+00 4.685670800033426842e-01 -1.381676134744970752e-01 2.425242817096147085e+00 7.197204493398261516e-01 6.344234660834751072e-01
1.550655720814744509e-01 8.619803052495044193e-01 4.678267801059519670e-01 -1.566577122819386159e-01 1.056269105420018617e+00 2.718472868937273912e+00 4.793554437011775526e-01 -1.554259506711262728e-01 2.461245828232482058e+00 2.167955087005946080e+00 3.661662481236154787e-01 -1.091215087634443831e-01 1.916587421301154226e+00 5.695532360345982870e-01 5.066531949545295399e-01
1.592593054631499527e-01 6.133142369190025533e-01 3.339991041672369376e-01 -1.097071948480099618e-01 7.386535691311726382e-01 1.915827433825139536e+00 3.379226495777674644e-01 -1.056188217692707737e-01 1.719753508054582269e+00 1.521930687479470024e+00 2.576468703807620608e-01 -7.445023984751382440e-02 1.338585863078944449e+00 3.992027751354976228e-01 3.539497478238257111e-01
1.634144798183441161e-01 4.478599479166666675e-01 2.461673177083333330e-01 -8.220709635416666161e-02 5.171344270833333479e-01 1.339961770833333343e+00 2.384703125000000035e-01 -7.616561197916667247e-02 1.184008541666666581e+00 1.045164687500000023e+00 1.780817708333333194e-01 -5.283582682291666777e-02 9.047411458333333156e-01 2.689156510416666479e-01 2.343390885416666569e-01
1.675823816150099899e-01 3.059438215457274679e-01 1.666301392844345974e-01 -5.128524703353575659e-02 3.568401074614510060e-01 9.347738877013936909e-01 1.650968459067967131e-01 -4.886409333068721106e-02 8.199051565434416489e-01 7.310996979866808410e-01 1.239899547366128812e-01 -3.391765923654183751e-02 6.300056912251655872e-01 1.890273207766012542e-01 1.644002475721557666e-01
1.718045808093531246e-01 2.462908153044871817e-01 1.329028149584790264e-01 -3.883455289827360268e-02 2.714163115530303094e-01 7.178530193764568468e-01 1.261514901114510478e-01 -3.569671701995921070e-02 6.323081475815850450e-01 5.675584571678321533e-01 9.606863026296620645e-02 -2.520360986669580375e-02 4.933269594988344831e-01 1.489491026551573449e-01 1.305319420163170152e-01
1.760135070798979073e-01 1.516336055957449303e-01 8.127053106822294815e-02 -2.305179488603539828e-02 1.734067095117418633e-01 4.590643248850286851e-01 8.031868611123758883e-02 -2.218709358067343790e-02 4.043022998531554668e-01 3.635173645102904860e-01 6.151625623947044874e-02 -1.591313696224586766e-02 3.154823352552135751e-01 9.537041920063632494e-02 8.352933209207950849e-02
1.801930856696074279e-01 8.588478427217416389e-02 4.606160027384707117e-02 -1.354432994168429383e-02 1.028846699749861593e-01 2.718463507813166369e-01 4.760589222399518733e-02 -1.343454106182670471e-02 2.385299067374904158e-01 2.140417550187537488e-01 3.615785923448022743e-02 -9.535106853718913061e-03 1.844150165027491350e-01 5.560827706437537765e-02 4.836453668764918029e-02
1.843742315857553882e-01 6.040276886867253225e-02 3.234552291871386348e-02 -9.050084136208899968e-03 7.280023224331379217e-02 1.934456498003493952e-01 3.381849555026750220e-02 -9.155996329137225734e-03 1.707790581976333100e-01 1.540525312798955992e-01 2.604587073532775923e-02 -6.596634346517942470e-03 1.337661533722236118e-01 4.053873992404568444e-02 3.552738091640410267e-02
1.885797910080431738e-01 4.142558101441454893e-02 2.206252467188463476e-02 -6.012592743515076527e-03 4.931327286419390221e-02 1.318111150622928440e-01 2.293575130725232156e-02 -5.993728326003405944e-03 1.161114783769656156e-01 1.052961409032220769e-01 1.773751835994710063e-02 -4.319558760750994569e-03 9.148440209955291391e-02 2.787692194169500912e-02 2.447631854756633987e-02
1.927656394953895236e-01 2.829983891841235388e-02 1.506029861208326229e-02 -3.826987023137779029e-03 3.275531418555929081e-02 8.799722503398040019e-02 1.532827912323397705e-02 -3.823256746387489278e-03 7.713961336530363033e-02 7.019823025996201060e-02 1.187581539117538859e-02 -2.790425489960079043e-03 6.073622933955988984e-02 1.855651028206122335e-02 1.620633193732531202e-02
1.969014248243030341e-01 1.619764228287691801e-02 8.590991147030989025e-03 -2.193214329409094807e-03 1.964729801139978443e-02 5.269806367531174734e-02 9.157967274469660038e-03 -2.298591562178337305e-03 4.629941535483167447e-02 4.214510601806196327e-02 7.112634942148985187e-03 -1.674216070808272512e-03 3.636615558736048387e-02 1.111748736355249768e-02 9.679933690958904616e-03
2.010715633173454087e-01 1.142637719637527513e-02 6.072327134729473865e-03 -1.505456246045503267e-03 1.376819971512839406e-02 3.715414447399883330e-02 6.464692096556651744e-03 -1.559515464644647660e-03 3.253710767829573469e-02 2.971766185819557302e-02 5.031178578829753958e-03 -1.147319877958917966e-03 2.565465990251711639e-02 7.861524883898391922e-03 6.848946790984580639e-03
2.052920281681521186e-01 7.577977673760775967e-03 3.984570432766317352e-03 -9.118718740779582039e-04 8.983523113582718087e-03 2.442129852345032923e-02 4.218414256529658818e-03 -9.535686449072826483e-04 2.142751709385262715e-02 1.971061919514573157e-02 3.318631527654838931e-03 -7.061273985112633466e-04 1.709049318811576429e-02 5.275020004297516392e-03 4.622892433003643331e-03
2.095172134954577381e-01 4.646432504154590290e-03 2.452580421500151400e-03 -5.655307924805302693e-04 5.371709062519689631e-03 1.461044002905751739e-02 2.531420943432228111e-03 -5.734195917136847027e-04 1.273234469942721714e-02 1.170893768816256772e-02 1.975862720454169517e-03 -4.212491401584392758e-04 1.011869324664974555e-02 3.122156054376767041e-03 2.731933266865223687e-03
2.136973926115405542e-01 3.128513070039971086e-03 1.646688298661579510e-03 -3.646512881729954106e-04 3.684175003406613570e-03 1.004291481195494252e-02 1.739658799282340230e-03 -3.840368108231892235e-04 8.881552053052325577e-03 8.184935577156007835e-03 1.385717229325641878e-03 -2.904838148013566112e-04 7.162138236585513518e-03 2.214300820993822614e-03 1.958612013232800472e-03
2.178750580088065492e-01 1.910358289732550256e-03 1.004456123296361761e-03 -2.200825545039490215e-04 2.279539901844776506e-03 6.231798603586907216e-03 1.077460630096658363e-03 -2.312901768371136539e-04 5.462356901516880053e-03 5.047361944713731931e-03 8.530466121478673261e-04 -1.730038997900747210e-04 4.376178824988595333e-03 1.356355653192005102e-03 1.189026658552406546e-03
2.220823861956562617e-01 1.158187882565480959e-03 6.086662375544334841e-04 -1.330778751705761727e-04 1.380841004543849945e-03 3.777231158436592223e-03 6.533126887004441895e-04 -1.407353252755840422e-04 3.294938684027630838e-03 3.044085810079169736e-03 5.143954748899431896e-04 -1.054241174824946517e-04 2.627298231690293386e-03 8.136679115194270099e-04 7.101746388765306115e-04
2.262696194198526023e-01 6.909917749858369637e-04 3.619428300540821885e-04 -7.539324999418361300e-05 8.264924729047730271e-04 2.268482381428362036e-03 3.914808725730944939e-04 -8.105598899295604121e-05 1.973818219728224344e-03 1.829807063505456887e-03 3.087548214406234809e-04 -6.077386037626871993e-05 1.575161729259693050e-03 4.895055778936044941e-04 4.266001897199280966e-04
2.304259489101245229e-01 4.583190918778621442e-04 2.394066223400450623e-04 -4.561011575221332116e-05 5.395696026638215678e-04 1.490459378361290617e-03 2.567840858817030890e-04 -4.940078893883909799e-05 1.298560426022734270e-03 1.211215277828169836e-03 2.044836848817631596e-04 -3.716730336260690420e-05 1.046565768382243201e-03 3.271893289247254297e-04 2.862175750691928547e-04
2.345870463846415066e-01 2.501415115413140847e-04 1.314481584851162990e-04 -2.652403658726454821e-05 3.127101578408843035e-04 8.614528887252586057e-04 1.490189536822723968e-04 -2.957505294431674072e-05 7.540056794910641926e-04 7.016666913485171582e-04 1.189179740110086613e-04 -2.238683047207001077e-05 6.067939840237069216e-04 1.892581898340798077e-04 1.655424157553922395e-04
2.388019837064606632e-01 1.651182700946192644e-04 8.605208291244525608e-05 -1.607483860515520268e-05 2.000914428958461158e-04 5.542657701430337303e-04 9.537350922522239692e-05 -1.784667177743156261e-05 4.828982596544044740e-04 4.511940791790727259e-04 7.618529697724486880e-05 -1.358044911218231780e-05 3.892488046356144013e-04 1.218073073286635703e-04 1.063078090822611058e-04
2.430077036534963875e-01 9.393834843307057102e-05 4.918561797676382092e-05 -9.592850113178020776e-06 1.138074021817092444e-04 3.148787474941721265e-04 5.435460713225617377e-05 -1.036840479174314587e-05 2.727976018996051055e-04 2.545228569187825960e-04 4.309324850251885103e-05 -7.825693401546511991e-06 2.184215254197134084e-04 6.828850846949631925e-05 5.934013198390415017e-05
2.471758823520590620e-01 5.371414894179438475e-05 2.813895671333107920e-05 -5.353620940993697569e-06 6.641313162966141050e-05 1.840364689058368456e-04 3.171261493352178426e-05 -5.988607765148633782e-06 1.588650148856171303e-04 1.485001056817625536e-04 2.509581683613454188e-05 -4.519524588533367681e-06 1.267953531910397775e-04 3.970589794545755966e-05 3.435419027381558712e-05
2.513692271335918882e-01 3.308325668147323094e-05 1.739828045386662065e-05 -3.058616741810276679e-06 4.062958658041513401e-05 1.131516254984791582e-04 1.955132511354766889e-05 -3.452426763515932390e-06 9.838986264282617252e-05 9.244759439310877948e-05 1.567034829675455006e-05 -2.646603971272400608e-06 7.953705252831491678e-05 2.500976829016309427e-05 2.176932947186275045e-05
2.555723892733414715e-01 1.870971956705819045e-05 9.822050202090709540e-06 -1.636329090410682412e-06 2.360385344746990558e-05 6.572121069127313353e-05 1.130312222346907083e-05 -1.922387832811420209e-06 5.701185678716905810e-05 5.363423127878968701e-05 9.060156520727840929e-06 -1.471374955089166841e-06 4.610711838954993777e-05 1.453395752216196367e-05 1.264418583052867186e-05
2.597674079539822323e-01 1.129326334442353676e-05 5.869848943156357504e-06 -9.724585138485048454e-07 1.436652641062259917e-05 4.012613068274337597e-05 6.887232981821396640e-06 -1.118598397596077817e-06 3.510049939445291419e-05 3.307676985083417027e-05 5.601805429136104206e-06 -8.668143018474344430e-07 2.870202658670111659e-05 9.051927252538996568e-06 7.963685206272518025e-06
2.639178238801485610e-01 6.792895726101857155e-06 3.406530463771144708e-06 -5.448249639214877601e-07 8.225482447346905542e-06 2.319495175937116293e-05 3.919796646556069557e-06 -6.491487953641893685e-07 2.009705187768469491e-05 1.903678684457084486e-05 3.203303871990006243e-06 -5.086152489404383722e-07 1.633437176972340788e-05 5.193461736628729286e-06 4.526760550347334172e-06
2.680749044740857179e-01 3.469789463346144892e-06 1.879118253729935906e-06 -3.185750782991549613e-07 4.432975503625753557e-06 1.245644698664849419e-05 2.183106826858144636e-06 -3.788413714552312068e-07 1.072509010292151077e-05 1.014666814996831976e-05 1.750138260586866422e-06 -2.888360195118845052e-07 8.651111722246846597e-06 2.729872266690457094e-06 2.359931877874100695e-06
2.723023151079725368e-01 1.954307125729451203e-06 1.056925671711980156e-06 -1.867560548909293632e-07 2.603600086445596123e-06 7.180664891521378782e-06 1.228072078418855124e-06 -1.903528987777323490e-07 6.270446096777497110e-06 5.956021402520864007e-06 1.005887472821287015e-06 -1.488348862053308241e-07 5.092145246638677176e-06 1.606372863269156485e-06 1.401271148317731570e-06
2.765128983200950685e-01 1.055690781482036735e-06 5.986081421118480220e-07 -1.052458467654101646e-07 1.502751406397002805e-06 4.111527880824454288e-06 7.249423562898750580e-07 -1.180742519515364044e-07 3.612082735947930086e-06 3.398310579791635805e-06 5.783560857043445148e-07 -8.637539335394939337e-08 2.941204003198739038e-06 9.176693040518590107e-07 8.062237680460955717e-07
2.807027537381580062e-01 6.573278331899030906e-07 3.367610062347985941e-07 -7.711410649452031959e-08 8.438593567077523886e-07 2.339750167000086180e-06 3.945945834594040322e-07 -6.198013102185054021e-08 2.042112367640394571e-06 1.933709365624867000e-06 3.192572476595320737e-07 -4.755853713108604853e-08 1.687822531908096034e-06 5.189715595786631426e-07 4.711046231021321270e-07
2.848857026249724811e-01 2.576017308420156066e-07 1.825842985504293372e-07 -2.880685614944769558e-08 4.789215437364099036e-07 1.253330441267164063e-06 2.145406750123588203e-07 -3.184083604736096816e-08 1.138963601371945947e-06 1.068247115950897732e-06 1.708538336651147867e-07 -2.096884555590766133e-08 8.736918502310024790e-07 2.883991144183019044e-07 2.465859355709505630e-07
2.890807262117984777e-01 1.725145646575903889e-07 1.094827093389227422e-07 -1.302356040291100923e-08 2.162303786978090546e-07 6.614784872237337296e-07 1.223645507070227220e-07 -1.998676873314141769e-08 5.453366970459858629e-07 5.658554726241898006e-07 9.805813909306463980e-08 -1.627723192823454983e-08 4.891286007240274482e-07 1.677955215574942809e-07 1.350686564140482065e-07
2.932785946948970324e-01 1.523762479274992873e-07 6.240967467470590366e-08 -1.016303610261266288e-08 1.911320547237508003e-07 3.441919359655055845e-07 6.139707478197931564e-08 -1.114177900523729452e-08 3.929552227279132995e-07 3.464605796922598340e-07 5.066399522929380204e-08 -6.939671093777742109e-09 3.479861556379342448e-07 8.978379629030145098e-08 1.031976426666953120e-07
2.974321087309398370e-01 4.312266137665865355e-08 5.142724706196110580e-08 -5.152104074897211311e-09 2.015147471896600442e-07 2.691389768672709775e-07 4.274547350126580504e-08 -6.689007729809896383e-09 2.787087814617751626e-07 1.721737249335370821e-07 3.604736344033543613e-08 -1.050317099573028532e-08 1.863133360521469846e-07 3.750095301987512618e-08 4.008795934466864971e-08
3.016123743882810904e-01 5.134698879169253863e-08 1.497701092110401204e-08 -4.492295117022674292e-09 3.407136238879053559e-08 1.481908210450504192e-07 1.139843262019049389e-08 -7.778365088766448030e-09 6.503476688311593989e-08 1.540254655855351065e-07 1.192106178862653576e-08 -5.604988175859312790e-09 5.362023483685810445e-08 4.718438211403969540e-08 2.230241803757570936e-08
3.058101292111336522e-01 -1.065682799996708202e-08 9.092240709768657523e-09 -4.026539340175964468e-09 2.598378601059524484e-08 -3.941169966274684350e-08 1.472395977739795361e-08 -2.756501004639260717e-09 4.757157472806840126e-08 -8.466518392859397428e-09 9.074957173587937542e-09 -3.595372241270721902e-10 3.107235723178488152e-08 -2.576180853036095665e-09 1.079086290976149367e-08
3.100168993294901143e-01 7.818916216528997780e-09 -2.274164242257367082e-08 1.772774618654881255e-08 1.357951039521231512e-09 8.372843561427261793e-08 -1.173675914093701966e-09 1.847151612468544258e-09 6.118344886562445675e-08 5.233343243265416074e-08 4.896911348001718391e-09 2.751049407708619112e-09 4.316501346346726291e-08 1.399822506352683206e-08 1.110392015335097969e-08
3.142092030053749707e-01 -3.022753813676158502e-09 2.279957154776311644e-09 1.303107404895568345e-08 -7.461253580760245033e-09 -3.065331164066853002e-08 2.650160903860509981e-09 6.212938398827563463e-09 8.307008749261408626e-08 -3.612207063070435510e-10 4.852191145733376682e-09 -9.728828952126797443e-10 6.671572473880391264e-08 9.520536404352755880e-10 1.888410762936362807e-08
3.183867557675504334e-01 4.377634098686607310e-08 4.241701055066064216e-09 1.366647961575705822e-08 2.796061234472641858e-08 5.421449983324475487e-08 -2.546809206767951623e-09 4.020473376398670303e-09 5.248196216064719758e-08 4.947282148787977582e-08 9.529090024070207870e-10 4.009243681060232088e-09 1.746230787583181241e-08 1.133110306001137649e-08 5.611501444850425928e-09
3.225872781332082551e-01 2.919696582233360093e-08 3.207106912313913055e-09 -4.138269806321759635e-09 1.294205497098437027e-10 6.508340997174591193e-08 -2.358446442617217781e-09 -1.953770326354239074e-09 1.136857780406979827e-08 4.449408519289519545e-08 5.891811917706908122e-09 4.778592733840605580e-11 3.694994341541778816e-08 5.272683579842193645e-09 1.226083341075380745e-08
3.267666109043823597e-01 2.778498670134723672e-08 -5.636220701814771417e-09 4.601128723727492042e-09 4.513962055834168289e-08 4.759045196105031138e-08 -2.694439442072091612e-09 3.340263171675681867e-09 7.513340511712385325e-08 4.423604198015642019e-08 -5.955002618461272110e-10 5.079152326356923748e-11 6.890244728247925168e-08 8.630533718291555640e-09 1.196338006769202568e-08
3.309328770241455886e-01 8.193787371088065107e-08 -8.832141782915151707e-09 -7.164045740464114018e-09 2.134379821547004524e-08 1.930003186929326169e-08 1.831890029712993244e-09 2.437923419495546621e-10 1.928882672004395032e-08 9.108947141739977460e-09 1.299062457724923951e-09 -1.914176359206507165e-09 1.786243788185139426e-09 -4.984455577598155493e-09 1.170615191005833710e-08
3.351106074107195187e-01 1.468100633570421842e-08 -3.221911857888897461e-09 -2.771583267066436161e-09 -5.783688618673408643e-09 1.952485979119122407e-08 -6.873782170911096190e-09 -2.832845684644111646e-09 -1.954001283889172445e-09 2.462640088170256504e-08 -1.923356437793798182e-09 -3.016949686550295444e-09 -2.288910839951039725e-08 1.909436929927223976e-09 -8.414537427912246289e-09
3.393095620710060434e-01 -5.072461848636665903e-08 -1.276259188757095168e-08 1.361527331349863726e-08 -3.513567681388426692e-08 -2.583026844069759042e-08 -8.401344443518002653e-09 5.390324966138615503e-09 -1.063538758055561928e-08 -1.588307417891734449e-08 -3.914498433560650141e-09 2.462865732682057035e-09 -5.514668218123864905e-09 -3.967103363955350790e-09 -8.975213930602643262e-09
3.435164896197421824e-01 -5.271041738221160422e-09 -9.226537814991141882e-09 1.754354500646647651e-09 3.064447104029056563e-08 4.521673619381082534e-09 2.513123975533738423e-09 6.102564429898475111e-10 7.266650823413602685e-08 2.448212595526406499e-08 2.290578465926365618e-09 5.310264843959415678e-11 6.380470432766137426e-08 1.406549426741274757e-08 4.215373214697423581e-09
3.477107812306902690e-01 2.627312194648026186e-08 -8.711795456313365699e-09 2.930265361111679938e-09 -9.550775093722976386e-09 -9.191232184552281903e-09 2.753300849340817037e-10 2.148608291349965915e-09 -2.588091801970875495e-08 -2.140301865919031075e-08 9.542130133569225997e-10 1.664136754459023801e-09 -3.533544661899685642e-08 -1.777041968570900843e-08 -3.660476721093704852e-09
3.518857617074659383e-01 3.089672732886672013e-08 -1.620300134697297143e-08 8.187392373186631630e-10 3.743955135018469603e-09 6.372940392002073790e-08 -2.490523620125552983e-09 -3.458618122039345243e-09 -1.445796824593533882e-08 2.017028398233076946e-08 -1.677657307543261572e-09 -9.412198384924611553e-10 -3.349925581901195878e-08 -2.407983843985567056e-09 -1.006736016959329969e-08
3.560773577310688554e-01 9.922767509544244083e-09 1.921111869781472669e-08 -5.731985069242078738e-09 -2.054180898241625932e-08 -1.713434301736564772e-08 1.691245468651082257e-09 -3.948556274637469291e-10 -3.202043500336161690e-08 -8.884080326354212633e-10 7.680797911310735286e-11 -1.555075736700070291e-09 -1.421135545493828710e-08 5.887883775908522973e-10 -2.182621318213619657e-09
3.602869550449780967e-01 2.199643619892746502e-08 1.781810758482490996e-09 1.018505636404652279e-09 -1.764358959561060304e-08 -1.059450974213603062e-07 -4.777066070928741430e-09 3.945544842558549103e-09 -4.568476807550464327e-08 -7.830940643909211947e-08 -1.485108525809421146e-10 2.928537238785149210e-09 -5.512629591054786319e-08 -2.174193939121007534e-08 -1.597686486591930479e-08
3.644651285618699665e-01 4.421984210439105110e-08 -3.372992801995013656e-09 -8.253432053561367332e-09 2.193148935462450471e-08 1.251129552592015305e-08 7.043084305776722894e-10 -9.873125925278448587e-10 3.020580218512526014e-08 9.487886926941046569e-09 -5.006793073425760920e-10 -9.771884161071356358e-10 2.723166290432869108e-08 1.900159942946763438e-09 3.633415988904144274e-09
3.686396944457170921e-01 -2.804789702886592763e-08 1.530713859535682647e-09 -4.903582842961543138e-09 2.309679793562007972e-09 -1.514167155788069649e-08 -2.890054286083112490e-10 -4.797143857285577115e-09 6.319276523888620237e-09 2.550820380557752133e-08 2.450674678597989597e-10 4.191310319786118549e-10 3.815736030084727401e-08 1.090910203909161743e-08 1.283167701187054799e-08
3.728293470315630076e-01 -5.269586428594823850e-08 -3.112072386378205078e-09 -8.357651439208673931e-10 5.742983513454076360e-08 -4.157622401125273986e-08 1.452997568720100314e-09 7.649265548831087525e-11 7.989568706261429577e-08 -2.044085125478199789e-08 -1.928229196263744931e-09 1.707901463584449620e-09 6.088727093206890878e-08 -7.017232765030605254e-09 1.271694280339442559e-08
3.770363921861874523e-01 1.283540597503407694e-08 2.912115544870166121e-09 -7.113967946365523650e-09 1.521196820220237230e-08 -1.525017226341640339e-08 4.164084089219640062e-09 4.371210439177870297e-10 6.590310517941456328e-08 1.178174802075005062e-08 2.665663491533286087e-09 6.704763380877978682e-10 5.133742527755360370e-08 7.351659914112449222e-09 7.540468567368092605e-09
3.812363453093803867e-01 5.502974812127703538e-09 3.699368621424878855e-09 -1.009226295561419865e-09 -1.812729008908292962e-09 6.619554023424692672e-08 7.804589976266801283e-09 2.255438741223295065e-09 -4.350654963952125279e-09 3.962594916322643248e-08 1.840256487056246893e-09 -9.694373879457478406e-11 -2.851248504747439003e-08 1.135100656774814419e-08 -1.072250854971035028e-08
3.854150971210312249e-01 3.888683350405729536e-08 2.824156934022118651e-09 1.892470924140183872e-09 -1.191827719125443968e-08 -1.387495355288915436e-08 1.214468203667307614e-09 -5.413396003066238494e-10 -1.335602491598576854e-08 1.077205600039418143e-08 6.913777814056273744e-10 -1.089077700152826470e-10 -3.343055795506084047e-08 1.131946230819884013e-09 -1.725036871593232563e-09
3.896036578152083374e-01 5.595881582229525467e-09 3.182621272115904834e-09 -7.977235625721711053e-10 -1.862653943711075745e-08 -3.836471403121526307e-08 -4.741932066138961714e-10 -1.259443823476650044e-09 -2.925801270818322708e-08 -2.613909966892097847e-08 -6.522521364306109320e-10 3.448086408244954547e-11 -8.080665415029251919e-09 -5.082824482066629419e-09 -3.279543950508677661e-09
3.937795161075864914e-01 -4.577422781861194920e-09 -1.386752469545243432e-09 4.709028864895986621e-10 5.448805543740599973e-09 -1.302041965786665709e-08 -2.456182084862967371e-09 2.049711369203237765e-09 2.068459691638502037e-08 -1.287842841783837704e-08 -2.934031912116378075e-10 2.192976095662552734e-09 2.151225532990471127e-08 -4.500155668298135699e-09 5.298859547603163010e-09
3.979440095093054186e-01 7.455391349561707862e-08 -1.425273566604991612e-09 -6.040769201386616271e-09 1.125705856480641959e-08 3.597764310425468290e-08 3.858191019455074801e-09 -3.357473351904428492e-09 -1.277624006262213853e-08 -7.545770089586799996e-09 6.547353912197103773e-10 -1.163787094870233513e-09 -1.393082691436967759e-08 -5.549569187548838446e-10 -1.386880099838943492e-09
4.021139069446590386e-01 2.777430901765329852e-08 9.613203138176669125e-10 1.779958150793239482e-09 -7.594520121167347130e-09 2.140788867232591635e-08 1.325755696240656699e-09 -1.343911498939636580e-09 1.717378636980418883e-08 6.034161031775936109e-09 4.285294305417770301e-09 -1.830435679639326430e-09 -1.464644177754205753e-10 8.793504263288596562e-10 -3.391571398556042230e-09
4.063125452039867413e-01 -2.406854382914591616e-08 -4.308401026490273042e-09 4.668379773797054286e-09 -1.634928346032295750e-08 -3.287753516315476400e-08 1.822940864958338289e-11 2.137554874834862727e-09 -2.950843069914738713e-08 -3.288985833162055208e-08 1.974578839923493054e-09 1.400576077293485765e-09 -1.922556998872918255e-08 -9.267729415870046132e-09 -2.796402559232135899e-09
4.105412315868290918e-01 1.567572221517178863e-09 4.481484432063836931e-09 5.507625648089485955e-09 -1.890101242831140273e-09 1.890294573481380007e-08 -4.763078948442937272e-09 3.821866621042286858e-09 3.069594786526104039e-09 1.877786242233652048e-08 -4.730705999971666852e-10 -9.456472834943664071e-10 1.940516184058789251e-08 3.469592665416659964e-09 8.532780086328518076e-09
4.147348487769681458e-01 1.074396614197363003e-08 1.917649815485305204e-09 -7.940340208652340190e-09 3.057665734182110171e-08 -1.487093268592270418e-08 4.435951058460752472e-09 1.791451015423543073e-09 4.576742560591663645e-08 1.685529902198433161e-10 -1.659096405993286959e-09 2.372702829297505572e-09 5.769563945786393759e-09 -2.718440554358686937e-10 4.998353201685720054e-09
4.189107045044477284e-01 -1.643337596581837226e-08 -1.027333800289411202e-08 9.510911565563294727e-09 1.664238500510762327e-08 5.266680607601660003e-09 -6.350475006183322145e-10 5.651708947258186603e-10 6.391180996181911224e-08 -4.719305128675179187e-09 2.046588714062864156e-09 -1.856208925378461406e-09 3.473119961681014230e-08 -2.578553343475262800e-09 3.665215328753861470e-09
4.230974437456921922e-01 4.860372379554703956e-09 -3.644017301347565275e-09 1.404105775158238122e-09 -1.152867043879234976e-08 2.779469343864356868e-08 2.837709062355330274e-09 5.519267639898071641e-10 -3.066761543411519846e-08 1.044505984067674999e-08 1.106026609446317093e-09 7.956347911614217662e-10 -3.376399599959022383e-08 1.425068865332798058e-09 -1.343526807063333823e-08
4.272931011032126136e-01 -8.210511528479826499e-09 7.179730611350349611e-09 -1.115204643054356250e-08 -2.019665862300249241e-08 -4.576934932914364582e-09 3.398257127165601156e-09 -2.361716053781477233e-09 -6.599962597124678033e-08 -1.877581474794577820e-08 -1.564493187216991139e-09 1.280478336307060330e-10 -5.109561735926444869e-08 -9.893692906399977958e-09 -1.213285133796819141e-08
4.314914587673138180e-01 6.735841606375442324e-08 -2.479331118916392140e-09 5.916373747965365513e-09 -6.161018994545555305e-09 -1.449581784654065812e-08 1.775045823280215509e-09 1.756636707028311123e-09 -2.173570744810619027e-08 -1.980866048131739616e-08 7.183961547001086212e-10 -3.413238763649351860e-10 -4.640911578325521185e-09 -9.349135313725695752e-09 -4.232601739273520707e-09
4.356511643511531418e-01 2.487139972816770250e-09 -5.454383372432222700e-09 1.103722218262088523e-09 -9.287244763705620233e-09 -5.979745705437781565e-09 3.023254024136570181e-09 5.572914757459052582e-10 -2.254972939798951422e-08 -5.437737023084899621e-09 -1.097760634898062994e-09 5.189532233060477871e-10 -1.743553125383556873e-08 -4.869257171574161105e-10 -3.835200375302455972e-09
4.398424702607344750e-01 7.889832277644834467e-09 8.308033807102366169e-09 -2.938737836334732122e-09 2.936001739131409910e-08 2.454367121237970567e-09 3.629546983948674383e-09 -2.833919688292876786e-09 6.427958085584831262e-08 9.637172100432652655e-09 1.053039574020882009e-09 1.883447829508677407e-10 3.405838265791755116e-08 3.970182201657409709e-09 1.165090833026751150e-08
4.440501074980069407e-01 -3.665013403518221192e-08 4.310734484547739501e-09 -1.902161391824579448e-09 -1.091785918886945471e-08 -5.942233358217777972e-08 2.631382565968545176e-09 -1.169811111878203845e-09 -5.215988353691594524e-08 -4.164448167266470020e-08 -1.321800864133539529e-10 -2.005649745384808193e-10 -5.205533381078854197e-08 -1.268820275514031222e-08 -1.633262235331010149e-08
4.482267968899237842e-01 -1.137049204478704235e-08 1.765375921532362404e-09 1.027438646587624896e-09 -1.094074589848055051e-08 -9.739617920941588125e-09 1.343156753732436351e-09 -2.977157845949037449e-09 -1.312926055324581121e-08 -9.019638520519549777e-09 -1.340436870918292738e-10 -1.027388482945425094e-09 -2.330432969605203632e-09 1.000960654783496587e-09 -5.167096742790007857e-09
4.524052929840755577e-01 1.143687960073859927e-08 6.302110148070164792e-09 1.622678586898325562e-09 -8.186459740939936866e-09 -1.236179857676161679e-08 1.019717776383658495e-09 4.652273456349802514e-10 -7.717689748400991607e-09 -8.119287996807945351e-09 -1.089043912120882899e-11 6.918197917969601221e-10 -2.477098998937845653e-09 -5.881312044427652891e-11 -8.299707875366611844e-10
4.566090347930675253e-01 -6.147786505690967507e-09 -5.990263013434378133e-09 6.591738924202365551e-10 6.036512699587733912e-09 3.588207296648770730e-09 -1.723117348384093496e-09 1.730322695642937286e-09 6.654054059999708092e-09 2.883891701770014909e-09 -7.133189947497367578e-10 -7.563821833557240106e-10 4.475986368031823128e-09 1.774952883550565210e-09 9.081468263989048286e-10
4.608167319022857811e-01 -5.043643585623377695e-09 -4.084175085367598422e-09 2.934036972467487914e-09 -1.888724682601247271e-08 4.993986566263321040e-09 -1.831659993714748208e-09 1.367176067216887236e-09 -2.841965958593970279e-08 -6.132244935210987794e-09 -8.666750154116108348e-10 -4.523922461047809251e-10 -9.265099075529463733e-09 3.764509891151629786e-10 -5.355463443602274428e-09
4.649806979855051203e-01 -2.502750316448871739e-08 -1.713880896514871107e-09 2.184963080078166438e-09 -4.706326430485286434e-09 -4.673995713443276930e-09 -4.348459244024065164e-10 -1.587655164987170992e-10 -1.140476279459521416e-08 -4.802700069718794235e-09 -1.580648288505370555e-10 -2.319356749695111762e-10 1.199079787984202263e-09 -3.316889552016272565e-10 7.240571903738541352e-09
4.691538386770017222e-01 -2.498387285233383774e-08 1.385955024495189152e-09 -5.703058236895097689e-11 5.032501492215636732e-09 -5.979660697912932638e-08 -1.354501553715833145e-09 2.838205118430545597e-09 4.681095590601458633e-10 -1.898319418388524551e-08 -6.196619590321668914e-10 2.900326326991609916e-09 1.360714928205065911e-08 5.884184257120017458e-10 -2.082828017324737945e-10
4.733478629909182445e-01 -1.442959863563552174e-08 -7.493809725069026682e-09 6.773830762411927600e-09 -1.977419361241551224e-08 -2.520911049681967725e-08 -1.537748266618855339e-09 2.349662131624238313e-09 -2.359322310651548815e-08 -3.338191491608402913e-09 8.758776925134966794e-10 2.270162077606799922e-11 -7.274238100939794751e-09 -1.211808571323761138e-09 -3.511000761053900529e-09
4.775500538217637980e-01 -2.080485144089630145e-08 2.324273627671310921e-09 3.888998679710753990e-09 1.293527656325661752e-09 -3.599516462262570775e-08 -5.406576278383093234e-10 -9.143986640400495729e-10 -1.328059737258046881e-08 -1.278005731650121530e-08 -4.455848992346194717e-11 -7.552981557666248072e-10 -8.077571264726323990e-09 -1.684064909607755738e-09 -3.485537603262503735e-09
4.817339644282710998e-01 -3.163760259128136168e-08 8.429435512021476653e-10 3.352832037593863099e-10 2.411377786591522338e-09 -3.727280014497357477e-08 -2.872961214386196163e-12 4.652226854529405056e-11 6.812066609688782006e-09 -1.679673261559989074e-08 5.385167331894018711e-11 1.255715699142755877e-09 -7.238365387001726742e-09 -2.343807171142475395e-09 -5.555976515839888551e-09
4.859144464692263798e-01 3.534887059492190136e-08 1.029614957495273627e-09 -4.143939089783419860e-10 1.946352049379373910e-08 3.465547530413165062e-08 1.340752125772257270e-09 -1.014928960740074822e-09 2.795113165623516145e-08 1.862591825050573367e-08 -7.564555035236743324e-10 8.604668704795598650e-10 1.344924108891547468e-08 -2.102148169440523975e-10 2.054142185029279521e-09
4.901252990058800885e-01 3.598521923145184676e-08 -7.229775518862295296e-10 -2.699440085550357386e-09 3.903050356010082353e-09 1.439516445321410242e-08 -1.333859526889576688e-09 3.132088060083006880e-09 4.424729442293185232e-09 7.755537378628185673e-09 -7.260190641877847525e-10 1.801481780378905523e-09 1.475308608101054038e-09 2.590723434008125683e-09 3.727531979505498588e-09
4.943123444065962158e-01 -3.282352405783703466e-08 4.385052213402310483e-09 5.299750220274809017e-10 9.144416366268680805e-09 1.241088794245898738e-08 1.488781748909272242e-09 -8.625334903930912759e-10 1.912850068490778210e-08 5.505488932363915276e-09 1.033603808814396282e-09 -1.302761353088067238e-09 7.831419115640137827e-09 1.555737596752556027e-09 8.937304756200134562e-10
4.984736335014697817e-01 1.855487350093047637e-08 -2.995477563319859163e-09 1.131654368976766356e-09 2.030360051067827535e-10 2.362888987593802967e-08 -2.753897561907713061e-09 -3.446154027898377666e-10 -1.342864020018385591e-08 -8.113866998323681780e-09 -7.218443230883990405e-10 -5.461184510731455535e-10 -2.935003867478932134e-09 -2.489862840225937930e-09 2.174716551603623051e-09
5.026590164608074618e-01 5.933053773409006873e-09 -3.307106793737409359e-09 2.199696615833632290e-09 -1.143439587245523846e-08 -3.053582049468157967e-08 -1.245395875343915838e-09 7.769873639436581698e-10 2.691759653564446691e-09 6.929148787539782041e-10 -6.830204056406209129e-10 1.179427998738071986e-09 1.063066705704985186e-08 3.585720236658180952e-09 1.403910273251869425e-09
5.068609875937976073e-01 4.430176456014136382e-09 -1.262884211298723683e-10 -3.040419711302096727e-09 5.432943939897649047e-09 -3.536319630701772599e-08 -1.724399508596216443e-09 3.738990268211355534e-11 2.576722076462347304e-08 -2.284673698707418946e-08 9.588564109865752859e-10 9.773308654637792848e-10 2.188856497294653724e-08 -2.720966865067458189e-09 3.896033822502818882e-09
5.110594965365916620e-01 2.664616785972873977e-08 -2.668168832923501812e-09 -1.647018130077903155e-09 -1.240267533052874429e-08 -4.331334877691055599e-09 1.373953471566816302e-09 -3.192285310278142107e-10 -1.011084870403733135e-08 -1.027818803516536838e-08 1.688461579275620139e-09 1.600309071730395431e-10 -3.817899923610584514e-09 -3.503955265263599989e-09 -8.499649943637507150e-10
5.152492140965455603e-01 1.504749142896487081e-08 -4.620273241408551575e-11 -1.316037122037814993e-09 -4.607161602467964221e-09 2.329066180368290716e-08 -2.362079270986862484e-09 1.496212855568853292e-09 -1.524410941166884088e-08 9.097306378450094206e-09 -7.253949611194422209e-10 1.096270082618811141e-09 1.454136350269230022e-08 2.887210124582248188e-09 1.781403317156586883e-09
5.194329442812991582e-01 -1.720318849012661748e-08 -1.406750126264050434e-09 2.591002020324639180e-09 -2.197086534043515301e-08 1.820316327836472883e-08 -1.365372268789179214e-09 1.277175133515584757e-09 -3.078824898956683126e-08 9.786761102979041512e-09 1.855432138832774218e-09 3.012831717803660357e-10 -2.448570228733550525e-08 -3.664216385564170900e-10 -7.895259680409739895e-09
5.236343964239100757e-01 -6.749015833236925820e-09 4.873929616367750569e-09 -3.870624775436562240e-09 7.407245023614700468e-09 7.028771621468740341e-09 -2.478263668267763125e-09 2.049621706378912404e-09 -5.360360857110681685e-09 -5.212206631856488408e-09 2.535321879523335819e-12 2.207723588998100199e-09 6.144937319003068828e-09 -1.523817337431054285e-09 7.070523508582546016e-09
5.278273205415198177e-01 2.683130726799753770e-08 -1.453884249900441429e-09 1.567051298961101974e-09 -7.827673518331004796e-09 3.304901414275300850e-08 -1.664200617933109093e-09 7.840045078034933952e-11 -1.341455691766785564e-08 1.900536874784919611e-08 5.952846648289411525e-10 -8.989203668548444797e-10 -6.092623614853353360e-09 1.900655979589024216e-09 1.389959088200740415e-09
5.319960279023402405e-01 1.878766640301713674e-08 2.687593043473680998e-09 -2.163932381017583782e-09 1.028466824994350364e-08 2.690929936996871728e-08 7.516461413236603664e-10 -1.420447987980681448e-09 3.293003131923803344e-08 2.267786141036023382e-08 2.983283063461803306e-11 1.580554057872330865e-10 2.259552429009121159e-08 1.552539046294203563e-09 1.046466978764185914e-08
5.361714592099571242e-01 1.786600568617262998e-08 4.292127128967726551e-09 6.540525846598860461e-10 7.425665128049596706e-09 2.798878646489123438e-09 -2.148571992844899666e-09 8.134601479447615599e-10 1.956028022931646984e-09 -7.629497592079915858e-09 6.848707627515758875e-10 1.561866291038091941e-10 -1.128715266305556063e-08 -3.539191312619011295e-09 -1.338315925932211385e-09
5.403746330902056139e-01 1.961682113654165361e-08 2.008700053152342215e-09 -1.066128697342015489e-09 5.759791531567829667e-10 2.222119190949171974e-08 -1.142672934679117294e-09 -3.517714100077176891e-10 1.111801745499808877e-08 2.042916871776144678e-09 -2.646367698663025519e-10 -3.434306494673606941e-10 3.139593842908608628e-09 3.707362650570420259e-10 -1.420497528824364606e-10
5.445761264886261888e-01 -1.770045793857404757e-08 9.660082722097236744e-10 8.691982970860288517e-10 -8.361001396923773213e-09 -4.476015840911612173e-10 -2.381576368315143646e-09 1.307949782638484127e-09 1.981077651236309875e-08 1.316231110679425864e-08 -4.721051334370810857e-10 1.286426133645788210e-09 2.088549381007249228e-08 6.040356386948401123e-09 8.379164677366422372e-09
5.487504490749764985e-01 -1.954385547068235147e-08 -3.332330493374015663e-09 9.984980595762705865e-10 -6.441996643391700876e-09 1.964687789864265911e-08 -9.032885838674019652e-10 1.281757492752727949e-09 -4.187304865663995109e-09 1.498398707255244957e-10 3.008143075845035062e-10 -9.538536968322323419e-10 9.778300380086326295e-09 -1.514137670421303007e-09 4.332659940032149977e-09
5.529407179677009454e-01 -2.119489817821844470e-08 -3.177526851790935481e-09 3.896368838851335705e-09 -1.289598821519697348e-08 -4.987992341634248101e-08 6.396551954029737174e-11 -6.221050762408546884e-10 -5.113766129113573133e-09 -2.338147959876431466e-08 1.046879112591230095e-09 -6.461540530616489113e-10 3.231718075057817742e-09 -2.129478154874853491e-09 -2.042505646733136684e-09
5.571409157079509900e-01 1.070230571392628407e-08 4.340812493206777148e-10 -1.364990564310919664e-09 -4.230003339387621714e-09 -1.173558011470090464e-09 -5.233015784257578987e-11 6.640286007362888691e-10 -8.989201821625948997e-09 1.041996957579899507e-08 5.782028338842845654e-10 5.744269376422565509e-11 -2.488619771019078805e-10 2.636968743384759803e-09 8.520580515447893151e-10
5.613298693710127019e-01 4.762951150821373321e-09 1.024226336774236651e-09 -9.019959458066044094e-10 2.070368058240161540e-08 -1.034509036917648265e-08 -6.403749325810469837e-10 -2.587451462420568683e-10 2.588291087494810453e-08 -8.902567938668489977e-09 -3.138740425673545142e-10 2.688275271975152380e-10 7.653600885360986408e-09 -4.375282789693189231e-09 -6.710557767129882758e-11
5.655062246218995892e-01 -2.723964057420300839e-09 -1.203342758923383688e-09 -1.933640907302179874e-09 -9.056223304308704606e-09 -3.666926422808254076e-08 3.974363561794556605e-10 -2.165336689282014911e-10 -2.496484460060302026e-08 -1.427910385481333341e-08 7.519970160158190770e-10 -1.266728938474218068e-09 -1.988459783930379110e-08 -2.354650131799052786e-09 -6.645846252888381733e-09
5.696867424029971039e-01 1.403906256507483902e-08 -8.475466510796915582e-10 7.126428224360326158e-10 1.000706730072487308e-08 8.848900205257377144e-10 7.629911673493235183e-10 -2.289387768330860142e-10 8.523233437072285795e-09 2.618029483136714445e-09 -2.041908951254725401e-11 -7.958077156975092162e-10 1.055865011358151463e-08 2.393084890399950759e-09 7.386843805386679220e-10
5.738956954203543459e-01 1.623271461073864286e-08 -2.937170004748598743e-09 -4.630334519403682961e-10 3.064404034100468391e-08 1.890221254377202833e-08 -2.582622598942059077e-10 -9.650533558237256821e-11 7.811775607497079360e-08 2.733187273453374861e-08 4.693822082011829592e-10 4.549183367164529364e-11 5.942783219499768541e-08 7.560883353160047370e-09 1.250247728033472723e-08
5.780928920821047923e-01 2.889537496389617148e-09 -2.544550687600456411e-10 6.814654613217457025e-09 4.442130004518126932e-09 3.562158053638397176e-09 2.115584217996825995e-10 2.679732277675485200e-09 -4.608987180234083505e-09 4.177240929678012655e-09 1.015566662550852593e-09 -1.378035357486421239e-10 -1.317962295082293649e-08 -1.080046349209272288e-09 -1.412616314754133852e-09
5.822632071880226023e-01 7.855516580079989447e-09 1.985997733083228866e-09 1.017145951250415948e-09 4.310944941081895670e-09 -3.174874174195800269e-08 -2.743205519033686037e-10 1.362372415637315185e-09 -1.735161841451439883e-08 -1.357565988284020045e-08 1.551487850499055044e-10 -4.702916640815105485e-10 -6.097513961636844672e-09 -3.083837863168738213e-09 -2.408715988114396356e-09
5.864430803127811398e-01 1.453722381832274700e-08 9.930572257516660804e-10 -1.044881259581872859e-09 1.983088722871223429e-09 1.604976268577906152e-08 1.094926174409692568e-09 -4.314012485426388839e-10 3.540108395375026810e-09 9.195985954546255532e-09 1.494589551863633750e-09 1.041071889638118327e-10 8.344790711416338914e-09 2.486623501190146349e-09 4.423714604506510828e-10
5.906376733072625784e-01 -2.301069678540736371e-09 2.028642937333028674e-09 1.466781300590693580e-09 -7.811798558959145448e-09 -8.627507982100486423e-09 -6.261178344753722537e-10 -5.149677454911038670e-10 -5.217442216264677028e-09 -1.046336287756295815e-08 3.052138821802767544e-10 -7.040263008085309540e-10 -1.582108661407781379e-10 -1.550670815688914781e-10 -4.518458362020516716e-09
5.948356627105599870e-01 -1.953645107930080464e-08 -3.551380336828726903e-09 4.428601063739787315e-09 2.082139555791021437e-09 -3.016713689481327683e-09 -1.277584363936660721e-09 9.714990286830137208e-10 -7.373055091717753473e-09 -1.493721172385439920e-09 3.080996770146324910e-11 2.601703467678109367e-10 -1.735751159516827142e-08 -4.570696114981978740e-09 -5.174110337814890223e-09
5.990145239901687457e-01 -1.555619630986477252e-08 -6.286330372749915354e-10 1.603932346453171942e-09 1.513019762542301954e-08 1.296104401772190971e-08 1.034123895614421925e-09 4.727973985559683383e-11 2.410176857570413911e-08 1.716212722961822019e-08 1.300848951412905329e-09 -3.230047243587455264e-10 1.191410962301729833e-08 2.523432440843693985e-09 4.173256702112170439e-09
6.031829950841108845e-01 -2.951248108342960629e-08 -1.332262677142043477e-09 1.995539234829329811e-09 -6.750864389971982881e-09 -2.202729345051586726e-08 -3.818271108780331049e-10 1.078639463063773651e-10 -8.822523588136583266e-09 1.684838959487451662e-09 5.529802683137462581e-10 -7.465978058498995725e-10 1.445554709052322053e-09 1.327302078955159546e-09 1.091682607926889697e-09
6.073740526175752663e-01 -1.321388899133227819e-08 2.639034041368225328e-09 -3.336528217093966223e-09 -1.483233673184446821e-08 4.227619420197468514e-09 5.097459996456010730e-10 -1.018695299863266201e-10 -1.440719722389146382e-08 -8.321630144107206037e-10 -1.220341314506251252e-09 1.199924127415778704e-09 -5.877196596853300811e-09 -4.493087665686715192e-10 -2.089092092498579974e-09
6.115768023320514724e-01 -9.427429921136264960e-09 5.055763001903706392e-10 -2.012539482701728601e-10 -1.123565763746137431e-08 -6.909160670616813321e-09 5.846698546317158065e-10 -1.385714523935849213e-10 -3.463252068538323805e-09 -5.272541170006727577e-09 5.031983642509684498e-10 4.347520190613428162e-11 -4.611162628367881619e-09 -3.088423255356750689e-09 -2.037929223289182017e-09
6.157710000000914397e-01 -1.967632168196961855e-08 -9.905872725215840247e-10 2.615123666484514629e-09 1.104135851722940903e-09 -1.592386114946394603e-08 -1.755824664609578392e-10 3.779764624321285833e-11 -1.327316089512562191e-10 -6.625351398800705685e-09 7.001158004244956103e-10 -5.280651589491544701e-10 2.935652906610218635e-09 -1.181751817835818432e-09 -1.929330326132628320e-09
6.199632023912512446e-01 9.925703674228885786e-09 1.782786243302328451e-10 8.508045749524786899e-10 6.736468112775495420e-10 -1.285003614678667301e-09 3.047252450750871754e-12 2.420532828221471942e-10 7.607911477746913475e-09 5.619050248008585863e-10 -4.332002080422142106e-10 6.986952245745979727e-10 1.300479274963042291e-08 2.437779360687357181e-09 4.812163641100195439e-09
6.241630060990407403e-01 -1.167257737647951532e-08 3.395366974606019146e-09 -3.885771763326226312e-09 -9.242533945282954528e-09 -2.202819868634516972e-08 1.855283133857633831e-09 -8.568232502445146370e-10 -1.977844257309893070e-08 -1.342888442725193203e-08 6.252405220019987090e-10 -1.803582493833578649e-10 -1.686042869191867647e-08 -1.418292843352631995e-09 -6.267932387270760978e-09
6.283593402461892241e-01 -8.619669758323592798e-09 -2.778260541908487038e-09 1.140333238375569390e-10 -1.483830447709212104e-08 5.498231102304266988e-09 3.837274919836264791e-10 4.818473693317649493e-10 -1.461761282900215128e-08 4.235020272160689940e-09 -3.391382307031467446e-10 6.313845900643276860e-10 -2.611726792852383043e-09 8.444716155476494401e-10 1.097444514873885602e-09
6.325410955997395890e-01 -1.559321939941040537e-08 -4.036440934832903622e-09 2.786011703903646569e-09 3.302999913444792504e-09 4.623709429730438480e-10 1.823751421742410157e-10 1.584882934999678388e-09 -1.186602266074464267e-08 -3.570804141403586482e-09 3.031491496663796754e-10 4.158155558285362756e-10 -4.930967172357550349e-09 -7.926636473886925039e-10 -1.309050226041096563e-09
6.367142920629192959e-01 2.211229133738208020e-08 2.546365294433368765e-10 2.284481320266604490e-09 2.331459721302310391e-09 1.498220045163654041e-08 -7.650614990768053339e-10 -1.164883610101215698e-10 3.395011429184051885e-09 9.725291633821358587e-09 4.136582673569226029e-10 -6.264252481843977117e-10 1.349192883659964989e-08 1.891012262813155448e-09 4.132980461372457982e-09
6.409035099394975177e-01 -4.922605639214505815e-09 1.219955079550325797e-09 -1.088966198007327325e-09 1.137827986566530368e-09 -3.583113489945049650e-09 8.513539015714557703e-10 -2.416375287311730933e-10 -2.163216911712597458e-08 -9.785376031107366403e-09 -6.579003257222826316e-11 -1.641171412746568133e-10 -1.183871326794468887e-08 -3.397873836572733176e-09 -3.090681430521080651e-09
6.451032402190634008e-01 5.580490259163154557e-09 -1.546333667488725968e-09 3.390597511489350923e-10 -1.636109526368502394e-09 1.916586033779659784e-10 -7.108433584111674790e-10 -3.883369222199105092e-10 5.972190979869640940e-09 -2.043420110610798679e-09 1.874952216121835753e-10 2.076181039129652130e-11 2.437678098485345048e-09 -1.912978689509531425e-09 -8.176208751349509860e-10
6.492879941711476866e-01 4.253459066492962348e-09 1.277244417280929805e-09 -1.770074053378132848e-10 5.015860314909819884e-09 -3.961533552964049899e-09 1.038722013773170888e-09 2.173627996637709078e-10 8.095327691052967264e-09 -3.045228717092306213e-09 3.971627689481716455e-10 -1.786508619425171690e-10 -1.047151081066252871e-09 -1.981068140330959152e-09 -5.955950481760083708e-11
6.534659541563927476e-01 -1.654437119941616888e-09 7.745294442621533645e-10 -9.882324203872808287e-10 -1.953248803389583162e-09 -7.540175230497204164e-09 -2.950777411119963631e-10 -3.356352968927752750e-10 -6.171366298714499723e-09 -6.018893430254967735e-10 -7.591683333475397417e-10 1.980753963288260660e-10 -4.819749920623124754e-09 -1.889809155691944617e-09 -3.045649277543928523e-09
6.576591076962554627e-01 -3.044472562231668858e-08 1.801019501446215386e-09 -1.332698833065673127e-09 -6.169049401895032451e-09 -1.744371491352979359e-08 1.022851768141356043e-09 1.087037815844847627e-10 -2.187629962969029617e-09 -1.982702078549675642e-09 -1.211668854388614350e-10 1.182386890629801711e-10 2.127909585345464599e-09 -9.287682615226635175e-10 1.370454852480526529e-09
6.618529307405217610e-01 1.185430522070413831e-08 -6.283597052011887488e-10 2.332157175555438824e-09 3.728006936088055518e-09 3.088424767759826324e-08 2.787614943356027603e-10 2.398131292934524168e-10 4.166405913311831892e-09 6.329407218502608277e-09 3.528955409394106959e-10 5.212235637684993401e-10 9.602120413175624844e-09 9.733871388659136299e-10 2.071650739605688755e-09
6.660240791386257131e-01 9.562881112285026211e-09 -1.846699745591317964e-10 -6.716734316289671292e-13 -5.953621578984284628e-09 -4.164578144474756868e-09 -6.330864255066909116e-11 4.958704419165653410e-10 3.085389480031644200e-09 -4.974296829069891877e-09 9.483180269908728566e-10 -2.922847985873921603e-10 2.241749508702798538e-09 -1.906404308981107792e-09 8.653434802400951955e-10
6.702067828716186115e-01 6.074329210615618468e-09 -2.001917714710887871e-09 1.730649715569617753e-10 2.513850965448171436e-09 1.705203197647170414e-08 -1.437543140261001445e-09 3.070530075178261524e-10 -2.827634512632664133e-09 2.885041185493042661e-09 -1.154522574361748943e-09 1.672289724215066073e-10 -4.707358013360928500e-09 1.061260756992290630e-09 -1.874439761539087566e-09
6.744172070879622671e-01 9.487620902634284292e-09 -1.092260037406631080e-09 -2.606855707633900031e-11 1.027084861267428750e-08 8.158331557201004248e-09 -5.922883100816601467e-10 8.921772042720986103e-10 1.169500580523693177e-08 5.826753351310557457e-09 1.832749551654052599e-10 4.422082921884970262e-10 2.330421535861338432e-09 4.252974185020818458e-10 -5.062085155068914761e-10
6.786118453466847278e-01 -2.762793021731421889e-08 -1.896803972258986422e-09 6.867698284016029872e-10 -8.605519687461760246e-09 -2.050577009548163141e-08 3.440277025413867946e-10 1.553453886112254281e-10 -6.030138332457283761e-09 3.575467374768103897e-09 7.458284473750115200e-10 4.117633762506379798e-11 -1.421786937922263879e-09 1.579849513704709492e-09 -7.549843656708363612e-10
6.827984616056306244e-01 -3.525702128044635724e-09 -1.293841137457089697e-09 -6.326216438601321088e-10 8.969549474774546286e-10 7.520847421593093634e-10 1.974166372761588930e-10 -3.131082087604250349e-10 -2.573739637207348808e-09 5.377911001757813396e-09 -1.947600431875615111e-10 2.523054544171448098e-10 3.299293594114851890e-09 2.687847707784470258e-09 2.104027726411223810e-09
6.869817177358829019e-01 9.239638455931293698e-09 -1.936017433033655147e-09 2.085331336030148531e-09 -1.534425806838827331e-09 2.204425038406315696e-08 1.762146972766026265e-10 1.026928098926358756e-10 3.877545336832598088e-09 7.468752017905605763e-09 1.999671894398436825e-10 -4.288246755623464508e-10 -2.789343439900126861e-09 1.340268511892502124e-09 -1.792231152805397810e-09
6.911718524128840357e-01 3.245600272268064930e-09 3.288416863401288381e-10 -5.433936186328536868e-10 -4.687428594045782086e-09 2.061898445203098984e-09 -4.010770499375734185e-10 2.649668244914262885e-10 -4.593060270092055298e-09 -3.811669461676197144e-09 -5.203521627697120965e-10 3.824706237916285736e-10 -7.854456153911882079e-09 -1.351863137891869257e-09 -1.176401719596988715e-09
6.953555746427921846e-01 -1.052298347234444279e-08 -1.939603095040763808e-10 -2.599549330323567616e-10 1.038201958883026376e-08 7.998031812040699172e-09 -3.927487906967853603e-10 8.643656465376488030e-11 1.866313343801838820e-08 1.108954652850557175e-08 6.726466887931689097e-11 3.162079468974342797e-10 1.026156432158658627e-08 1.771560942233904105e-09 3.812673423673130833e-09
6.995344561305086861e-01 -1.084530779098596075e-08 -2.303200824464698258e-10 -2.095242215721604074e-10 3.056569726879371969e-09 -7.537824689566322375e-09 -2.846206043389688002e-10 1.553841235555011466e-10 9.871459434367232283e-10 -4.552167366572727758e-09 -3.749379630457431332e-10 9.759298512327858480e-11 2.422742321185158580e-09 -4.340936773157860928e-10 -7.318031311354632591e-10
7.037287066792784485e-01 -1.634344567062394254e-09 -2.550179441798812566e-09 -1.887078883042099739e-10 -3.068140063978554258e-09 1.067424434214528097e-08 -4.152184549227508774e-10 -1.534676358369293231e-10 -5.293062043584902247e-09 4.780400177801390462e-09 3.201815571180791408e-11 -4.031176271202409964e-10 3.052983916123667068e-09 9.965125339518330476e-10 8.292171136911893680e-10
7.079143033440539190e-01 -1.867082597434640251e-08 -3.995656674145273558e-10 -5.271429120250888297e-10 1.022439350868999801e-09 -3.107894230147438049e-09 2.733486242474767992e-10 2.719674207677140578e-10 1.786095628823586460e-09 2.224753857470805967e-09 3.115154928311127022e-10 -2.358564181771756124e-10 6.890794473600274253e-11 4.105185032594689448e-10 -2.048511424963072621e-09
7.121186686741065586e-01 1.608557791889722104e-08 -1.062085675790901548e-10 -4.116946128924806302e-10 1.156182459386442535e-09 7.448715392762818647e-09 -6.358760717807253149e-10 2.861488011135132858e-10 7.811201573256307154e-09 2.864439118016967548e-09 3.695540673656218778e-10 -4.683863184721381806e-10 4.939040904293902226e-09 2.214233391101388059e-10 -3.394049944304913765e-10
7.163134555705721329e-01 -1.115948536166543625e-08 6.157321049158793212e-10 -4.596151676181620176e-10 -8.331455789521303088e-10 -2.834085040129487913e-11 -7.664732152213158873e-10 1.497640940566562430e-10 -3.435312687335568518e-09 -1.353749704487728321e-09 -4.222633556862100649e-10 5.817852207662648140e-12 -7.639935698211217232e-10 -6.892137275116380697e-10 1.853591861799414190e-09
7.204913713645887396e-01 5.786276491423965241e-09 5.651561144133454179e-10 6.524610664240815120e-10 -7.846610706331561895e-11 5.914538783131183923e-09 5.075766235869381939e-10 -2.762753677332373185e-10 3.042683293955682800e-09 1.476874629140658022e-09 -1.608352132023442556e-10 -2.421771308534186992e-10 4.933728528922973979e-09 1.296449394136185108e-09 -4.691916016307035786e-11
7.246803275165087932e-01 4.618204294454817087e-09 3.342196865957988774e-09 -5.957595568996052852e-10 -4.101312784961036148e-09 1.925648154377440312e-09 4.792010327025158975e-10 1.594384807177131287e-10 2.035783162096199118e-09 3.706216671637556535e-09 2.180644473654051835e-10 1.905729401349110754e-10 1.018586847906871907e-09 8.419224186215572245e-10 -1.056727289767168566e-09
7.288763115175647123e-01 4.517602006526495574e-09 -1.209739700049823890e-09 -5.245905849206022059e-10 -3.709426628047066445e-10 1.702627252544535503e-08 -2.208360227674248018e-10 -1.265268124793076052e-10 -4.866212846419186796e-09 4.060193696465157966e-09 -7.944622440674738903e-11 2.046725715519051866e-10 -3.241772386705644189e-09 5.362641018451431243e-10 -3.733869063150275488e-10
7.330585840505703388e-01 -1.532033446714276475e-09 1.089153560807454263e-09 7.622770803176853296e-10 -6.803500468356180523e-09 6.667187541119271127e-09 -6.947057910661182826e-10 5.404259450857571166e-10 -1.432578318095657754e-08 -2.456347344413434195e-10 1.602326631428549623e-10 -5.825104209902882186e-11 -1.032604374146933349e-08 -5.755696028052585417e-10 -3.236598584788216094e-09
7.372316440474646626e-01 1.871219697954696244e-09 -1.895244511286489701e-10 -9.085315442363280877e-11 1.582219245726578068e-09 -1.900123463576602365e-09 3.452295033020004723e-10 -6.222879226784145896e-11 4.372833082084308774e-09 1.737188211709654489e-09 -3.354134394708739172e-10 -7.911263385118300290e-11 7.350652769042791330e-09 8.512322434149700948e-10 2.082910107590575563e-09
7.414228560306842519e-01 -4.246874100182303474e-09 3.903054766246916983e-09 -1.939609019399089953e-09 -4.413499661563869160e-09 -1.260279821942835728e-08 5.885617250930041702e-10 -4.342086615685763604e-10 -1.138899983859235157e-08 -5.186195574641673605e-09 -9.229238739316852253e-11 2.453548351105368858e-10 -4.766402807676416063e-09 -5.757515022214078706e-10 -2.241532670182953498e-10
7.456189213758863676e-01 -1.104580775696443315e-08 4.052261114001765161e-11 -6.182007010047692706e-10 -2.999368092174752258e-09 5.601528474846293424e-09 -1.430772517443620826e-10 -4.964029358999269154e-10 6.389313788631233079e-09 1.977454819861506801e-09 2.343111971506359769e-10 1.249085412593776411e-11 1.199860895816554885e-08 -1.520531938377381861e-10 2.105118734492228683e-09
7.498104337627916616e-01 6.985759815840476486e-09 2.757620532887612575e-10 -7.463790784628192460e-10 -4.030768581004766479e-10 -1.475281531840955354e-08 -3.844247797065235004e-11 -4.716779689167470409e-10 -6.752796034148308273e-09 -1.446984720497671599e-09 2.475619741469581595e-11 -1.970544719730278476e-11 -7.756645265696228398e-09 1.194677284278102219e-10 -1.078054874915510188e-10
7.539974189770904944e-01 4.259672964489333751e-09 8.981658847491743151e-10 -3.833966308111348809e-10 5.371403784470446094e-09 -4.607194680249920062e-09 3.968856949955614153e-10 -3.175453540087709043e-10 1.795393974478790359e-09 -3.283468115299919988e-09 -1.645447438409413687e-10 8.783240317436507814e-11 2.997048122203214179e-09 -7.588472511831373917e-10 5.857524409019626833e-10
7.581896411468850294e-01 7.008040965669788185e-09 4.497726918741362154e-10 -3.059501033697627898e-10 -3.196923404783458931e-09 -1.160143389142517624e-08 5.205944306750266781e-10 -2.185501920244856238e-10 -4.876709066424112273e-09 -1.021553430259038630e-08 8.392777506668177850e-12 1.834238456612395623e-10 5.501477102456511783e-10 -1.533446355488111121e-09 1.851759393702675070e-09
7.623808615479977790e-01 -2.065995119024770886e-09 1.494285557402468919e-09 1.121817755850405970e-09 5.237405776159841955e-10 8.412857304507778453e-09 3.619583691762561540e-10 -7.187527644865320157e-11 7.468249213107266882e-09 4.868039820449145939e-09 1.621327050376116868e-10 5.058283235535293046e-10 6.502607962411764352e-09 9.182900151911723012e-10 -3.578556250133842414e-10
7.665651159623174671e-01 1.211314384073950066e-08 -2.038120830490849973e-09 9.062534454435533631e-10 5.797480373527289537e-09 1.165534451670190462e-08 -3.542924688783877729e-10 -5.803133059887776594e-10 8.542915316939262929e-09 5.442766081463145734e-09 2.141395473869284658e-10 -5.523145976894356159e-10 4.006080465911859286e-09 -4.635551081445242146e-10 1.141634790916706322e-10
7.707536355579491794e-01 1.733587932793440306e-09 3.025813877971681829e-10 1.722531924337003923e-10 -2.935989497109104424e-09 5.754928208607061129e-09 -4.473326423571124898e-10 3.768315647638667776e-11 2.568391227977517613e-10 -1.161653133920037358e-09 -4.017176070679403810e-10 2.878606775011198428e-10 -4.090244819125733473e-09 -1.319002749027976074e-10 -6.018091291684943339e-10
7.749462413082437440e-01 5.356312867698093098e-09 5.302417270397472088e-10 -2.248487559036246797e-10 5.570290265754033078e-09 1.046178160429811435e-08 -2.854686626164791642e-10 3.365372316437922599e-10 9.629078499136721166e-09 3.476021456453503291e-09 -1.238475949535559592e-10 -1.085047274512964121e-10 4.327853496304452720e-09 -5.964852119385744225e-10 -3.082453474147944528e-10
7.791369682448587852e-01 3.557114376101243419e-09 1.134650600572630865e-09 -7.836811800894586635e-10 1.101209422876722688e-09 3.753988507623139896e-09 3.018245882014854130e-10 3.523815574562083215e-10 2.278973131725747041e-09 4.989856428545151836e-09 2.397728380563632982e-10 1.337144268750967349e-10 -7.400384325099623898e-11 4.612757666771755776e-10 1.092835225839792687e-09
7.833258353347896108e-01 -7.817145537984423087e-09 -9.761819687081656928e-10 -5.414980071250122558e-11 -3.277960860477841794e-09 7.458532079609804895e-09 -5.711539153550942693e-10 -1.548995080648213397e-10 5.918181554545077472e-09 1.245202400522302251e-08 1.216662934627827412e-10 -4.805798196571163645e-11 4.764061719491745487e-09 3.220970025395799204e-09 1.139558185748058949e-09
7.875159900600451346e-01 -2.255980403014708570e-09 9.539083453944198134e-10 -1.875654896107297851e-10 -1.120560753446354279e-09 -7.200796179218523736e-09 -1.903212828109481997e-10 1.895098382712284357e-10 -9.459404930263902118e-09 -4.120268891448588155e-09 -2.524021971121583213e-10 5.233622596016849040e-11 -7.057651335351566004e-09 -1.469686963004040420e-09 -1.451178194283131027e-09
7.917084457625156446e-01 -9.685186327123818274e-09 -6.832374289994654278e-10 4.496840357923854551e-11 8.050522371727917682e-10 1.386910698864279299e-08 5.608459382574446645e-10 1.045515772210597174e-10 6.270997829706897657e-09 7.274292982184122174e-09 -2.142526680204858248e-11 7.403633319590315544e-11 7.216287338458293791e-10 1.688160388776834142e-09 5.943005939533597565e-10
7.958821468706197555e-01 -1.493164807918768543e-08 1.591240488726978642e-09 -9.194564235725478018e-10 3.798053168514230165e-10 -1.952649147615109100e-08 4.233408025107136077e-10 1.313602296396449857e-10 -2.355104658831431962e-09 -6.407673769187422541e-09 2.564926514295320701e-11 1.974291954357790555e-10 6.436255870058499732e-10 -1.231840107683394701e-09 2.242700609519524074e-10
8.000624692379799674e-01 1.192548429978891155e-08 -3.438773672058513833e-10 2.837232719730820490e-10 2.882856527135051842e-09 9.989852914199464995e-09 2.748244677392330258e-10 -1.350847393313671471e-10 -2.168774122439089996e-10 4.605916981266433724e-09 -5.385847155438849053e-11 -1.353491445854980315e-10 -4.926641884469788270e-10 6.557968471447505540e-10 -2.014225926543100393e-09
8.042564613727184453e-01 -6.105245655233139579e-09 -6.776196455958130806e-10 3.085146109600559220e-10 5.437973038312658760e-10 4.176455036860514671e-09 -4.011895338265008719e-10 -4.915632822666230730e-11 -2.498354313672066632e-09 1.725101135020689605e-09 -3.114100149340063185e-11 2.320235271523433632e-11 -1.051260853449542514e-09 -2.179328617536854675e-10 9.603850531561486796e-11
8.084384822996342201e-01 -2.765951920826225032e-09 1.264155071110769524e-10 7.855547421403888947e-12 -6.642745834014158490e-10 -4.974692229707605426e-09 9.020486269380043817e-11 2.693828699294929021e-10 6.680793770896455218e-10 1.441188356756953000e-09 -4.395247024461331795e-10 2.778310646400589733e-10 2.632720338044735126e-09 1.179377938460467098e-10 -3.867349969624825264e-10
8.126333810499198895e-01 1.014799972225052405e-08 -8.317451280608699229e-10 -5.762332677784710893e-10 1.628918971047749314e-09 -3.212889143577254592e-09 -1.171534453584462289e-10 -6.264347985251119784e-11 2.107924298867297356e-10 1.119022788141349099e-09 6.729800432975173931e-11 1.098245118580843015e-10 3.064464988563478528e-09 4.321761764182646684e-10 1.073907616539270873e-10
8.168271958201180905e-01 6.299174888841495027e-09 6.332163740276014912e-11 3.676164067538382033e-10 1.660700723491264632e-09 7.456867989416743015e-09 1.024033405762534921e-10 -2.407858681278399064e-10 5.418045574596851356e-09 4.559365657263505635e-09 2.515420525247967910e-10 -7.891381866834993673e-11 -2.750004036939303956e-09 9.362760430705557860e-10 7.856604605127487227e-10
8.210214995694952167e-01 -1.953405817112810786e-08 -6.734198940644642947e-10 1.082865577882491832e-09 -7.136618799940627190e-09 -1.824835570260892136e-09 -2.337742047653976472e-10 -2.296905290808274614e-10 -5.467996945267679447e-09 -1.812496992121275863e-09 1.482347822022063195e-11 -1.707232514069298760e-10 -1.791485932479022089e-09 -1.802562405869964761e-09 -8.575344233361417067e-10
8.252154145000215602e-01 -1.443216385136360384e-08 2.987124446055635563e-10 -1.581366885710402944e-10 -4.604630435503647346e-10 -8.573576704557103702e-09 1.465450263017287707e-10 -4.755756218028302244e-11 -4.002931315238215315e-09 -2.655530517584626480e-09 1.873726040799638849e-10 -1.681495004579997508e-10 1.767218457432217334e-09 -2.194441127045458547e-10 4.114248133134539594e-10
8.294030907808404018e-01 -1.330075340708150506e-08 1.163697174837719342e-10 -7.277535772242426518e-10 -2.986100178512615348e-09 -1.269431593717216248e-08 -3.863869567052262441e-10 -7.306211051665867220e-11 5.996196383054595648e-09 -6.765302952118746527e-09 -4.761216139056073385e-10 1.159688063402229251e-12 8.301160003508945554e-09 -2.729650614859778646e-10 1.650317463107114548e-09
8.335906150371191758e-01 1.243404543232257406e-08 1.174583221605243410e-09 -9.909765080584424814e-10 1.610355384841465487e-09 1.668144527416564428e-08 1.329536335009999168e-10 -5.677708018290406168e-10 4.595273654502343577e-09 7.916594656512520029e-09 -1.058437052831762672e-10 2.586906813849018597e-11 3.468616564446642498e-09 1.467956179695503968e-09 7.141658449971192658e-10
8.377685032221774408e-01 -2.189159564864790321e-08 -3.350941465619203131e-10 -5.433954116338667192e-10 -4.949412599181793651e-09 -3.389631712710307296e-09 4.023294119089107205e-11 -2.825610428463067587e-10 -5.289711536388836083e-09 8.502374914206735396e-10 -1.551959778057192390e-11 -2.086801006452503307e-10 -1.047235180099369030e-09 9.485190005674045824e-10 -1.855899027725612304e-09
8.419567297582307708e-01 -2.951508011051865100e-10 -2.504651572271132145e-11 3.630587850426671143e-11 1.204534544102444161e-08 -1.487992147862899282e-09 2.087076255342783500e-10 1.085403905547207085e-10 2.482824506339065642e-08 -3.215513555404108759e-09 1.220800480267543736e-11 9.719637370698828504e-12 1.173062425653117108e-08 -1.583289420548366794e-10 2.575908463626975864e-09
8.461556544987137718e-01 2.010917994004096899e-08 -4.557350147125578319e-11 -3.417659807572123826e-10 -1.922516494168884380e-09 3.385114795330820201e-09 -2.897461989026063500e-10 1.902978535577036767e-10 -3.301240127884599865e-10 -8.286125545551508520e-10 -1.456217317942935475e-10 2.881932795262747315e-11 2.759972336367180653e-10 2.063805805092501651e-10 -7.768917672134451529e-10
8.503430790983292908e-01 9.380983984222460846e-09 -3.829731255736183585e-10 5.377207809962340379e-10 7.195607139178767033e-09 3.214369943581130477e-09 2.190110915815272718e-10 5.641762899179519431e-11 1.129150719504971401e-08 2.540691244316234624e-09 -1.180107004065976881e-10 -2.581857400716356623e-10 1.007386533170814384e-08 1.832030412732045108e-09 1.975411652137103845e-09
8.545245840949285965e-01 -3.304718947572858849e-10 5.796280763818502943e-10 1.655244228183961038e-10 2.641523935823425675e-09 -2.687102387021553038e-09 -2.905052097513066765e-10 -9.132231632963787858e-11 -1.621089404400059105e-09 -5.144373829440754759e-09 -1.136656997951485979e-10 -2.055011877576948640e-10 -2.241259251044377036e-10 -1.455076244041262543e-09 5.280056191989797490e-10
8.587196449246210506e-01 4.723956580328582151e-09 5.244524420199041207e-10 -2.117207851866457323e-10 5.215260662313319857e-09 -4.525694831805287898e-09 1.984463561110761265e-10 -9.238575944073284681e-11 7.408170212051494333e-09 -4.557021302518249681e-10 1.725665770648536870e-10 -2.049627818383612302e-10 8.874358226440622307e-10 -1.016905467663718357e-09 1.122497223584163589e-10
8.629074348139629258e-01 -1.043892322186283022e-09 -7.377401684289417671e-10 1.031438846493962458e-09 -1.660452151089945755e-09 -3.115800712340768511e-09 -4.064458900255078414e-10 3.175505070139746155e-10 3.024282019093629692e-10 -2.062995856158282661e-09 -2.270710539083659901e-10 2.323619992955957157e-10 2.264467575764990062e-09 3.179231437963326541e-10 1.842430901002205923e-09
8.670852844200982457e-01 -1.055957425906860675e-08 -2.517957308768457800e-10 2.826569881408756075e-10 -1.791537197833865372e-09 -8.525657443884166231e-09 -3.432851345252277974e-10 3.125956233351746684e-10 -9.239635469898536824e-09 -1.662092613943225650e-09 -3.837547745052631882e-10 1.557308740968163098e-10 -4.450127861138750802e-09 -1.108081905689912958e-09 -1.691085727591263708e-09
8.712764316473343706e-01 5.157801019500875608e-09 6.329045210918131955e-10 -4.800888454783958412e-10 2.561848669997201513e-09 8.542065220279370593e-09 -2.225691004034147028e-10 3.835844792504502198e-10 4.294909593115315259e-09 2.773039794949908618e-09 -2.031573113597292984e-10 2.430059660109787875e-10 5.572167507644270342e-09 9.492251771041730996e-10 5.390583738886484122e-10
8.754762476624626810e-01 -1.107346708549440731e-10 -8.917032449253037423e-10 6.021134619955422693e-11 -2.083177063123987088e-10 2.402346493345020748e-09 -5.175740129629394255e-10 -1.733476510372182895e-10 9.602355924876889326e-09 2.889547232447382257e-09 -1.674298309859919773e-10 -1.054478362080767658e-10 5.314149701761388682e-09 4.986694563006660822e-10 7.386738968954211717e-10
8.796707865602606535e-01 -7.423831941760471492e-09 -2.954246675111223308e-10 -6.438590090100536340e-10 -2.935220872467985662e-09 -1.521407893504408249e-08 -2.250608242206947667e-10 -2.206615374954646618e-10 -2.435022407855607381e-09 -6.087211595609944667e-09 -1.828189192113771890e-10 1.230031931505762008e-10 1.751582374350049241e-09 -1.345496672432443302e-09 5.094839389019867621e-10
8.838562222970675064e-01 1.081817867655131267e-08 4.304616745193144860e-10 -9.913099087826084876e-10 -1.008073121206138657e-11 7.618457963219863592e-09 -1.140743914719041564e-10 -9.419804119056222004e-11 -2.690916843094519931e-09 -8.628679246388268879e-10 -3.338186549629412709e-10 7.485937005098659742e-11 -2.790428188560003304e-09 3.663809511048228786e-10 -9.583951293132129662e-10
8.880381764417510926e-01 1.172089518662868087e-08 -1.016357050806250678e-10 5.432457770971888072e-10 1.838089394804438685e-09 1.071356836495860489e-08 1.170625650832581149e-10 -1.992922302795287297e-10 1.364890906935369811e-09 4.049908129625170416e-09 1.158631545065314017e-10 -1.082870059340388977e-10 2.446845314256867140e-09 6.780737905336972878e-10 1.147036198882886616e-09
8.922270316229049536e-01 -6.417900736899419274e-09 -2.416051964707752139e-10 -3.045953225635380286e-10 -3.268915398856236998e-10 -6.064482141205646917e-09 8.446421532630294625e-11 -8.599049899547767657e-11 1.400119558429848061e-09 -1.674384187469461581e-09 2.031044795218620535e-10 -1.178846853552630299e-10 2.440130804016484007e-09 -4.734292604257491372e-10 8.262027186773124744e-10
8.964225585562245469e-01 -6.312616092849245352e-09 6.204655163250028303e-10 -6.796622579698332982e-10 1.338543778896151147e-09 4.766715355976902727e-09 5.341529455281430845e-10 -2.620081972343481465e-10 4.140252279353604998e-12 1.510077253098293258e-09 2.566720256991756826e-10 4.341593738242662806e-12 1.185799861406950239e-09 -1.118678230877061323e-11 3.043194168193941170e-10
9.006049913569987853e-01 -1.389659670893623477e-08 -9.314606863674220503e-10 2.192539413445190312e-10 1.667932946455314672e-10 -6.374127938480410605e-09 -5.887514232687784945e-11 3.164138223733928363e-10 6.983952930010653346e-10 9.233048451557168331e-10 -5.232585058540389158e-11 3.340353769864725252e-10 -1.987345968199992747e-09 7.672199425192887827e-10 7.117029441551631356e-10
9.047836582182254839e-01 -7.984008797759970136e-09 7.765697619437618431e-10 -3.499523097898679676e-10 7.701087042277196354e-10 -3.672707750142280787e-09 2.263940103242002912e-10 -1.627939766207189250e-10 6.099957649192288501e-09 2.178565816050796147e-10 -2.246919312400656224e-12 -1.207719813701848436e-10 3.758894278625990626e-09 5.888973985556066844e-10 7.996116733850581796e-10
9.089780964569278421e-01 -5.025447765022604077e-09 -1.853355851013998908e-10 -7.278327870173014084e-11 -6.024311460315683289e-09 -1.152818564775892736e-08 1.134978567770498474e-10 -1.918525712030484705e-10 -9.457986318602612022e-09 -5.201121812169605746e-09 1.319680689259788133e-10 -4.854304156508281210e-11 -2.285650102896259480e-09 -8.251490108045505268e-10 -1.216864382225891479e-09
9.131704587403689510e-01 -5.736738186781769232e-09 6.610167094266549414e-10 -6.330968829318536627e-10 -1.899069210327457369e-09 -3.954590443351197332e-09 1.774617368711337729e-11 7.866979892499015549e-11 2.104048967261316403e-09 -4.655461921092593756e-10 -3.609680190759858018e-11 4.142750582060472074e-11 2.128135644490855849e-09 6.556037636626321816e-10 5.630985158974760253e-10
9.173547920329833127e-01 1.353085360034643138e-10 2.003130812167881855e-10 -3.766665640700947265e-10 -2.215639004247775626e-09 1.426740090633119041e-09 1.724113352983190987e-10 -1.731751033257409210e-10 -3.970947035822888733e-09 -3.821773662301864349e-10 -3.788242388931260947e-11 6.561353385331301630e-11 -3.591742263437350672e-10 -2.746780413197659770e-10 1.088322411995143531e-11
9.215425617950214754e-01 1.204663654190559621e-09 -8.518814613275903215e-11 4.980689125003164687e-11 -1.187440135149246200e-09 5.387373158915332324e-09 2.543311006798319095e-10 -5.918072629739598887e-11 5.903639236832662177e-10 1.390646858887396811e-09 -1.467329578972934635e-10 2.451571447707552390e-11 2.732011240479202791e-09 3.063302475831157358e-11 8.940030173797973854e-10
9.257400405750663142e-01 3.290773472902490898e-09 5.291761838962190730e-10 -3.868530945486004024e-10 3.764965959367013138e-09 4.552689448671111756e-09 4.838522544411102020e-10 -2.310203628526123415e-10 1.086699227906438815e-09 5.637063804054331415e-09 -2.149145546780433760e-10 6.217272821883858119e-11 3.215139079245791876e-10 1.122369757218725430e-09 -9.939169654562991311e-10
9.299303352268617484e-01 5.132797967466095305e-09 3.882381372840546485e-10 -2.986543852240610900e-10 -4.083196000453131700e-09 -9.610646548326734463e-12 -3.321349169159851094e-10 1.361230998761178871e-10 -7.026475475004595942e-09 -2.375560889748680660e-09 -1.564597139028839537e-10 1.255581458344029713e-10 -4.430429917302703017e-09 -4.066788177984730706e-10 -1.848950383706773080e-09
9.341108300097852313e-01 1.543083184555329036e-09 9.378061902213523701e-10 -1.182898301414342151e-09 -1.372227069839262370e-09 -1.563528622423155430e-09 -1.548302015757780935e-10 -1.412816936203912922e-10 -2.241164607960291521e-09 -8.114882819990058687e-10 -8.444606756680187644e-11 2.588621194666884081e-12 -2.528153552693998314e-09 2.712941582062920243e-11 -1.158459592126208396e-09
9.382896253999645220e-01 8.809045171166054471e-10 -7.329389845053540393e-10 1.223317017089151160e-11 1.136600635664529628e-09 4.849341655963921588e-09 -2.676985721114342501e-10 7.127415298742301898e-11 -3.176083684138035029e-09 1.990345896492694432e-09 -3.171471460419644931e-11 -5.877294585311172455e-11 -9.505685020811335787e-10 9.518162288005944034e-10 -4.768036639279025172e-10
9.424819561228944265e-01 1.734499628697924620e-09 8.166369782620532840e-10 -8.577073301094395367e-10 -1.720186266472206790e-09 -5.610615871005964343e-09 3.726540869678814954e-10 -5.709774538990450031e-10 -2.474599645751013497e-09 -5.175219545064627396e-09 2.608094151823502410e-10 -2.532073304428129369e-10 -7.277318563387624001e-11 -1.088440928554753367e-09 -3.208122773362248703e-10
9.466849863120379016e-01 1.641857563557401524e-09 8.826632826312711045e-10 -1.304601695064936186e-10 2.516074065892495405e-09 3.878662072083925880e-09 8.403101057539281279e-11 -2.436072096730964427e-10 3.454896279098093240e-09 9.817350112314782321e-10 1.650069301160561080e-10 -2.252261015604148637e-10 1.031579452524995806e-09 5.147826073646733951e-10 -9.208135295044338265e-11
9.508714331057195324e-01 7.921367788677757989e-10 9.890045433280691259e-10 -2.744728278167226134e-10 2.407893748760567409e-11 -9.111170353018339445e-10 2.323914554833051187e-10 1.787721913558028725e-10 3.407223629406783273e-09 -2.946067580127743896e-09 2.088636207554804538e-10 -1.648616449417642097e-10 8.673043658992450002e-10 -8.650304813107764838e-10 6.516126936844506072e-10
9.550563230073290111e-01 -3.966739192493514247e-09 8.117088999686837102e-11 8.298405075145092773e-11 -3.298416304029931641e-09 -1.947247693882216405e-09 -2.016743577325601926e-11 -1.605114172092624848e-10 -6.226869564373514549e-09 2.890433411814992676e-09 1.180574977445940472e-10 -3.165996302663778294e-11 -4.009887806749808498e-09 1.225014690334104554e-09 -2.342571985288866421e-10
9.592513211539739348e-01 1.027917977621350994e-08 5.610874117949818409e-10 -4.394551664947693349e-11 2.932324053046479014e-09 4.511262949085101951e-09 2.348753240026221460e-10 -2.117641439582773091e-10 3.869265605973902584e-09 3.957693510741621529e-09 2.985429923646513858e-11 -1.116338187391021110e-10 1.234676047439693510e-09 6.542298352871518341e-10 8.957552981731148182e-10
9.634451052878124644e-01 1.684502099082105976e-09 -1.613060227429607799e-10 6.945715055853607662e-10 3.517922474106240602e-09 9.735293336037336044e-09 2.752109845102372342e-10 -1.212132462183545244e-10 -1.775336372745805109e-09 7.409416634040611361e-09 1.262590023945551398e-10 -1.633610593596935594e-10 -2.412299375032638728e-09 1.013269365551800111e-09 -1.213623328171695864e-09
9.676230540453005791e-01 5.111906010740786757e-09 -4.938858400561186366e-10 2.318234868661058353e-10 1.781091443941643111e-09 -1.290943406445344120e-09 -1.511101656394902753e-10 9.896563918172105158e-11 2.527411720741157419e-09 -4.568416434053297134e-10 -1.805636463724367453e-10 1.232802192932108832e-10 1.439018134028780075e-09 9.551393989310063310e-11 -3.056727611182763072e-10
9.718094297475188270e-01 1.419945162907088203e-09 1.734575269873443582e-10 -1.966791742015239069e-10 4.470088176937443995e-09 1.912499957570429497e-09 -4.941346699251221747e-11 -2.124370592010084372e-10 3.064101866610858692e-09 5.427926913851663154e-11 -2.542486884335416502e-11 9.635647895677359018e-11 1.915510145897725740e-09 -8.471207939739859427e-10 1.121252291279885081e-09
9.760091362076940280e-01 8.308883941495427289e-09 3.859875254840322988e-10 -8.923754378064008739e-11 9.649623980291978177e-10 3.340740269157631884e-09 -8.754243456743124209e-11 2.842815908135802896e-10 5.745150237024193336e-09 2.778539055736216627e-09 5.571861119099911383e-11 -2.167118422430956811e-11 4.494893039522113640e-09 5.959619329878516384e-10 7.428903183520986259e-10
9.802075838006468755e-01 5.801917007791047341e-10 -6.568949617757143205e-11 -2.297108693860304885e-10 -2.419620916137038341e-09 3.439616201903265441e-09 -1.926548081287490968e-10 5.239482509572618033e-11 6.741910632406064968e-10 1.184298597358710254e-09 -1.136754091384368645e-10 -1.928278026160155796e-11 -8.854044589189902049e-10 7.596674972982376126e-10 3.202611101801141407e-11
9.843901124947946890e-01 -3.542567801555990240e-09 5.332440652850857553e-10 -3.984193773392477086e-10 7.765607049113951754e-09 -5.229250840707107829e-09 3.789880834353345191e-10 1.559246739261131320e-11 4.324305067947328656e-09 -1.464284435846612161e-09 -5.876485225602628910e-11 1.287164198706060986e-10 -1.821734732933974843e-10 -5.754394250669048008e-10 3.878591892151968355e-10
9.885650797815361823e-01 1.444707721998155732e-09 -7.958651336177799072e-11 5.871417668211866287e-11 1.041707381245196078e-10 -3.247798875871136521e-09 -8.070110137298690402e-11 -1.987300415762155069e-11 -3.300255255171744195e-09 -1.487274647732590622e-09 9.143154677812811905e-11 -1.138176064760841265e-10 -6.496084873982682899e-10 -7.066034921700299163e-10 -3.968123932954359077e-10
9.927561705083151056e-01 -3.536463947632129348e-09 3.908284928979536345e-10 2.977503425233343837e-12 -1.473185480258662566e-09 -6.456312578405452335e-10 1.462036879764019260e-11 7.509760733637804906e-11 2.554696196320730317e-09 -1.274416029386887036e-09 -8.330953011862706494e-11 1.590877215239361543e-11 4.646069765488609334e-09 -3.164536641054062929e-11 8.847936968344065165e-10
9.969400597939003239e-01 -1.039161274897400767e-08 2.444070819798879126e-11 -6.967967261434462988e-10 -2.127172844058318942e-09 -7.253008901917280604e-09 -2.047214754439243346e-10 -1.347947992735735136e-10 -7.176743702871620067e-09 -2.627868145679674718e-09 -1.638665065007077385e-10 -1.270140842806044225e-11 -4.352203271627606702e-09 2.415879996081221429e-11 -2.081959075627744296e-09
1.001125867816581083e+00 -2.511552896359873811e-10 -2.120144575489221282e-10 -1.322975571593797159e-10 -1.214335616164812551e-09 3.951395627151113866e-09 4.000716600033713262e-10 -2.078325059039268560e-11 -4.344976611963591135e-09 -4.398189011435830367e-10 -1.795683053267080407e-10 1.208639167065715226e-10 -1.552408147313097804e-09 -1.685346107559768769e-10 -3.293015037716860843e-10
1.005315482813002204e+00 7.915657752523293415e-09 5.306551273552428381e-10 -1.488373314722593486e-10 -2.112786175006811544e-09 3.936049016176437077e-09 6.121815952406947943e-11 3.252045796070648521e-11 2.330090262591529237e-09 4.142997015942005589e-09 -1.054579764733515835e-10 1.130616821041772299e-10 2.954724831806412446e-09 1.144110118437077397e-09 9.349173862666313997e-11
1.009503724426713545e+00 -4.921862711560267027e-09 -1.872889040287603664e-10 -1.104412604166590162e-10 -9.286043179895062853e-10 -3.805207568440221569e-09 -1.217867850278933306e-10 1.147234833907864166e-10 7.974067122459972629e-09 -6.320352074357680023e-10 6.539456759393867244e-11 7.566791021036648366e-11 7.731217418231488874e-09 1.859043723778203955e-10 3.026119141524505640e-09
1.013699103815393299e+00 -9.054767487597661881e-09 1.289549527653388519e-10 3.159146534958340461e-10 -4.228328510476136119e-09 -1.050416766266975526e-09 1.754758533874956546e-10 -1.312502363001854135e-12 -4.790964996087664117e-09 -1.472055606312561249e-09 1.320641308258898491e-10 -1.437236522916821956e-10 -1.558396419362299470e-09 -2.382268160310554474e-10 -6.928639568708544126e-10
1.017885842421875964e+00 3.792032958614571464e-09 -4.488590730752660068e-10 9.297735545097210055e-11 -2.909954088072476116e-09 -2.293821702227958112e-10 -2.952204447669005109e-10 -2.306401806997231486e-11 -2.328195661773630316e-09 -2.510501856517160352e-10 -2.598330532481993111e-10 1.064974155272971200e-10 -7.426734639624579577e-10 3.544382379795439238e-10 -6.309397508236737987e-10
1.022076284359184406e+00 -8.210495833881107615e-10 -6.744182005989572202e-10 6.138743047075077133e-10 5.965567112381053100e-10 -1.098652447617151564e-08 -2.046972215101833851e-10 2.179320778197224880e-10 2.893268166184404425e-10 -5.128655480098477171e-09 -1.000841016089434842e-10 4.514638208688977146e-11 2.606696164665464360e-10 -9.825761178812147212e-10 2.004891120579218248e-10
1.026273875264014812e+00 8.123351124304426327e-09 -5.058397223539671948e-10 -1.667303384981875444e-10 1.216259016569577645e-09 9.441578609745869222e-09 -2.582759744246263703e-10 -1.400084336356877934e-10 3.851562427827202658e-09 2.380132634249586693e-09 1.146060916483167809e-10 -9.333300544121857686e-11 3.381004968699085007e-10 7.067416134357013103e-10 5.740402898240406556e-10
1.030463237552156075e+00 -2.184972980675282741e-09 -2.941619247953595893e-10 -2.957685673537080748e-10 -6.716656804842580065e-10 -9.582540206746784867e-10 5.199530713765734357e-14 7.254931408180444255e-11 5.391066850891160453e-09 4.029643838997398676e-09 5.212807352518577683e-11 4.404912934504308359e-11 4.202207130498131829e-09 1.015149835303077884e-09 4.090498450267825377e-10
1.034646639530784062e+00 -4.729079404972893401e-09 3.207343944731807373e-10 -6.597061745864108419e-10 5.186229648208498516e-09 3.727264699784674194e-09 -1.914001062931744993e-11 -1.439669186615534754e-10 8.299993704964325623e-09 4.473945553415004479e-09 2.234977576975994299e-11 -9.501223553228459242e-11 4.519553644967434080e-09 2.923012936524084689e-10 1.208043117468320615e-09
1.038830480088573260e+00 -6.931254103716363767e-09 3.191471049503948127e-10 4.491317982299553783e-10 -3.503382908941106546e-09 2.442550496460900472e-09 -7.328413228775384506e-13 1.356105038811346800e-10 -6.590365533361686828e-09 1.375466209648483683e-09 -2.625546895902491369e-11 -1.155812784951559410e-10 -5.326960387619364537e-09 -2.880038144898715892e-10 -1.279612210024338560e-09
1.043023229532383578e+00 -8.234079120881742658e-09 2.429545784903852549e-10 1.736659366787557045e-10 -3.017733752758544810e-09 -3.820629106989898679e-09 -3.594067040387234910e-10 -4.729565146188542011e-12 -6.162104557058913936e-09 -2.277525662090826585e-09 3.011674230923008687e-11 6.071658011974176212e-11 -4.138438871491034581e-09 -2.040545893422057780e-11 -1.265867357036382388e-09
1.047211320931656031e+00 1.979834679243196679e-09 2.174814580092177742e-10 -1.535057902642706941e-10 -1.606764297385225285e-09 -6.617320038515468289e-09 4.433743035194122446e-10 -9.571597690020066327e-11 -7.605162779247877969e-09 -3.848221674609187653e-09 -1.621073715945121650e-10 1.426053702028257608e-10 -6.658333479644825907e-09 -7.097796963136167754e-10 -2.109962213603652604e-09
1.051395396220772938e+00 -4.273305059766996372e-09 -5.995684326393865768e-10 6.087400843895783190e-10 4.393796540495114910e-09 -4.496623783317186176e-09 -8.333324420962164902e-13 2.349950549023680384e-10 5.231982679689149746e-11 -1.015398059512843425e-09 -9.640638781843341812e-11 -8.175837215689930947e-11 1.930658805664715122e-11 1.814909088751466375e-10 -5.252333316385961981e-10
1.055587561333155788e+00 4.207573567357055124e-09 2.503272422026664369e-10 2.493982369898529977e-10 -3.056226852860752585e-09 6.292028422034809535e-09 -6.500481352213036261e-11 1.472391443303197373e-10 -2.597484450098899555e-09 2.507238104610332020e-09 7.263811268744529187e-11 8.231478009674557544e-11 -1.413113946554017175e-09 5.566415101459327117e-10 3.781401791024200355e-10
1.059780855230085139e+00 -2.893280321409852364e-09 -5.615281540739037596e-10 -1.999840466154396560e-10 -9.276266113717363012e-09 -2.968442758144266234e-09 -1.572905442955855322e-10 -1.510122263138228469e-10 -6.427200249449857448e-09 -3.762403808849379742e-09 -9.965156472769265448e-12 -9.261727973747212424e-11 -4.912058947479556860e-09 -3.862423680956681673e-10 -1.447197823651704759e-09
1.063968553353427993e+00 -6.230137324209497124e-09 -8.778506179554908647e-10 -4.587494196731130404e-11 2.405350356806304585e-09 -6.544365365313346093e-09 -3.090453986498404057e-10 7.858702006223088694e-11 -2.811062966214153367e-09 -4.583132954213228508e-09 7.384528509099534201e-11 8.899054745020422197e-11 -3.676185480222730814e-09 -1.074766440978641171e-09 -9.103325850717236270e-10
1.068144877931138659e+00 1.843127438413583384e-09 -4.093538271906099745e-10 -5.290496617402770459e-10 -3.451828538203956147e-09 4.533261501709284136e-09 -1.710257639219612481e-11 1.388695407228656155e-10 -4.176286934333923931e-09 -7.412710104172528725e-10 -2.571565483485922290e-10 2.911950833869705212e-10 4.048860601660252406e-10 -7.411058595657174621e-10 1.519511804598066824e-10
