1.000000e-03 -5.893993e-05 2.736590e+00 -5.213008e-04 4.704362e-06 -1.564586e-04 1.186110e+00 -2.186627e-04 -1.491460e-04 -1.210907e-04 7.881242e-01 -1.433392e-04 -1.416548e-04 -3.482009e-05 -4.176967e-05
7.704698e-03 -2.944004e-03 3.052233e+00 -3.804527e-02 1.061302e-03 -9.212442e-03 1.305717e+00 -1.549794e-02 -9.162812e-03 -7.478947e-03 8.579904e-01 -9.520840e-03 -9.060502e-03 -2.158434e-03 -2.627265e-03
1.440940e-02 -6.567483e-03 3.049984e+00 -1.204327e-01 4.497205e-03 -2.601636e-02 1.300703e+00 -4.861351e-02 -2.699239e-02 -2.266937e-02 8.413002e-01 -2.793150e-02 -2.794596e-02 -6.545369e-03 -7.992502e-03
2.111409e-02 -5.989830e-03 3.024684e+00 -2.298183e-01 1.140904e-02 -4.202140e-02 1.285336e+00 -9.210539e-02 -4.647855e-02 -4.043529e-02 8.135818e-01 -4.977047e-02 -5.114618e-02 -1.182293e-02 -1.454971e-02
2.781879e-02 4.418220e-03 2.991118e+00 -3.548499e-01 2.383607e-02 -4.836546e-02 1.265658e+00 -1.413214e-01 -6.043897e-02 -5.521909e-02 7.804847e-01 -7.214972e-02 -7.311310e-02 -1.667123e-02 -2.089150e-02
3.452349e-02 3.010073e-02 2.955643e+00 -4.881767e-01 4.404573e-02 -3.680621e-02 1.244409e+00 -1.932884e-01 -6.237745e-02 -6.171090e-02 7.449368e-01 -9.362493e-02 -8.882162e-02 -1.985640e-02 -2.578486e-02
4.122819e-02 7.260706e-02 2.920583e+00 -6.233283e-01 7.256243e-02 -4.004065e-03 1.222878e+00 -2.454994e-01 -4.928847e-02 -5.719451e-02 7.088349e-01 -1.133519e-01 -9.545805e-02 -2.069978e-02 -2.852103e-02
4.793289e-02 1.250715e-01 2.883169e+00 -7.519802e-01 1.053695e-01 4.248215e-02 1.200551e+00 -2.948787e-01 -2.610442e-02 -4.489046e-02 6.732447e-01 -1.305670e-01 -9.517239e-02 -1.977143e-02 -2.953088e-02
5.463758e-02 1.791985e-01 2.839437e+00 -8.678882e-01 1.379792e-01 9.289871e-02 1.176322e+00 -3.391842e-01 5.701855e-04 -2.966901e-02 6.385075e-01 -1.448264e-01 -9.157522e-02 -1.805554e-02 -2.962605e-02
6.134228e-02 2.332359e-01 2.789226e+00 -9.697586e-01 1.693547e-01 1.450540e-01 1.150239e+00 -3.780220e-01 2.916391e-02 -1.275470e-02 6.048766e-01 -1.562469e-01 -8.561395e-02 -1.585467e-02 -2.906865e-02
6.804698e-02 2.944681e-01 2.737187e+00 -1.060864e+00 2.033993e-01 2.078884e-01 1.124038e+00 -4.126837e-01 6.608732e-02 1.063164e-02 5.729446e-01 -1.654536e-01 -7.341376e-02 -1.221664e-02 -2.702558e-02
7.475168e-02 3.769301e-01 2.691367e+00 -1.147178e+00 2.476897e-01 2.992945e-01 1.100631e+00 -4.453840e-01 1.239659e-01 5.026400e-02 5.436326e-01 -1.733206e-01 -4.715272e-02 -5.101449e-03 -2.173463e-02
8.145638e-02 4.905570e-01 2.657164e+00 -1.232113e+00 3.075370e-01 4.319496e-01 1.082104e+00 -4.774513e-01 2.120404e-01 1.134503e-01 5.177334e-01 -1.804861e-01 -8.554530e-04 7.065202e-03 -1.181665e-02
8.816107e-02 6.386185e-01 2.635630e+00 -1.315715e+00 3.846669e-01 6.105643e-01 1.068922e+00 -5.089125e-01 3.336667e-01 2.032481e-01 4.955716e-01 -1.871823e-01 6.794813e-02 2.500749e-02 3.335799e-03
9.486577e-02 8.061653e-01 2.618114e+00 -1.390594e+00 4.711297e-01 8.167481e-01 1.057905e+00 -5.370264e-01 4.760731e-01 3.103526e-01 4.762607e-01 -1.928157e-01 1.519074e-01 4.687170e-02 2.209738e-02
1.015705e-01 9.572615e-01 2.585530e+00 -1.441959e+00 5.482693e-01 1.006566e+00 1.041773e+00 -5.562710e-01 6.083390e-01 4.117636e-01 4.574240e-01 -1.958940e-01 2.325005e-01 6.799924e-02 4.039256e-02
1.082752e-01 1.063535e+00 2.523987e+00 -1.460701e+00 6.007132e-01 1.142614e+00 1.015120e+00 -5.632225e-01 7.036546e-01 4.864163e-01 4.369216e-01 -1.954554e-01 2.927615e-01 8.384232e-02 5.426110e-02
1.149799e-01 1.121775e+00 2.434651e+00 -1.449393e+00 6.268763e-01 1.219835e+00 9.781086e-01 -5.587971e-01 7.582072e-01 5.309212e-01 4.144531e-01 -1.917837e-01 3.298339e-01 9.364558e-02 6.305296e-02
1.216846e-01 1.149332e+00 2.330321e+00 -1.419316e+00 6.370253e-01 1.260908e+00 9.356953e-01 -5.472955e-01 7.878116e-01 5.568195e-01 3.914587e-01 -1.861599e-01 3.526867e-01 9.965999e-02 6.869029e-02
1.283893e-01 1.178521e+00 2.229358e+00 -1.385084e+00 6.481754e-01 1.304550e+00 8.949403e-01 -5.343278e-01 8.203186e-01 5.847775e-01 3.701908e-01 -1.802772e-01 3.777634e-01 1.061103e-01 7.479600e-02
1.350940e-01 1.236796e+00 2.146626e+00 -1.357873e+00 6.745562e-01 1.386367e+00 8.616887e-01 -5.241054e-01 8.800668e-01 6.339222e-01 3.527963e-01 -1.755124e-01 4.202988e-01 1.170281e-01 8.488439e-02
1.417987e-01 1.329970e+00 2.085168e+00 -1.339708e+00 7.195483e-01 1.513038e+00 8.371611e-01 -5.174332e-01 9.727593e-01 7.086706e-01 3.397585e-01 -1.721686e-01 4.840389e-01 1.334531e-01 9.984402e-02
1.485034e-01 1.448653e+00 2.038634e+00 -1.326232e+00 7.772899e-01 1.672192e+00 8.189066e-01 -5.126479e-01 1.088887e+00 8.022182e-01 3.301073e-01 -1.697236e-01 5.632755e-01 1.539663e-01 1.184043e-01
1.552081e-01 1.566128e+00 1.994331e+00 -1.308853e+00 8.350547e-01 1.833207e+00 8.018515e-01 -5.064165e-01 1.205978e+00 8.976383e-01 3.219264e-01 -1.671652e-01 6.436144e-01 1.749410e-01 1.372242e-01
1.619128e-01 1.649847e+00 1.935110e+00 -1.276121e+00 8.743133e-01 1.950158e+00 7.789600e-01 -4.943201e-01 1.293037e+00 9.705517e-01 3.123124e-01 -1.630084e-01 7.066825e-01 1.914881e-01 1.523586e-01
1.686174e-01 1.675674e+00 1.849744e+00 -1.222251e+00 8.838984e-01 1.996249e+00 7.456984e-01 -4.739965e-01 1.329316e+00 1.004627e+00 2.991427e-01 -1.563766e-01 7.383494e-01 1.998853e-01 1.603328e-01
1.753221e-01 1.645509e+00 1.740241e+00 -1.149590e+00 8.639047e-01 1.969726e+00 7.027107e-01 -4.464068e-01 1.314772e+00 9.996337e-01 2.825069e-01 -1.475214e-01 7.386098e-01 2.001603e-01 1.612480e-01
1.820268e-01 1.583398e+00 1.619935e+00 -1.068486e+00 8.279810e-01 1.903331e+00 6.552517e-01 -4.154423e-01 1.271387e+00 9.718466e-01 2.642100e-01 -1.375804e-01 7.205414e-01 1.956066e-01 1.580178e-01
1.887315e-01 1.516899e+00 1.504362e+00 -9.895847e-01 7.906072e-01 1.830056e+00 6.095785e-01 -3.852816e-01 1.224999e+00 9.403459e-01 2.467325e-01 -1.279572e-01 6.997802e-01 1.900851e-01 1.539800e-01
1.954362e-01 1.466807e+00 1.403481e+00 -9.198250e-01 7.623773e-01 1.778161e+00 5.697570e-01 -3.586203e-01 1.192830e+00 9.201031e-01 2.317032e-01 -1.195355e-01 6.876850e-01 1.869255e-01 1.519377e-01
2.021409e-01 1.441704e+00 1.319630e+00 -8.603696e-01 7.469291e-01 1.756489e+00 5.369430e-01 -3.360537e-01 1.182243e+00 9.163833e-01 2.196281e-01 -1.125309e-01 6.889555e-01 1.873009e-01 1.529852e-01
2.088456e-01 1.431953e+00 1.249604e+00 -8.091978e-01 7.396704e-01 1.753743e+00 5.097447e-01 -3.166990e-01 1.184408e+00 9.221991e-01 2.099461e-01 -1.066486e-01 6.974589e-01 1.895645e-01 1.555835e-01
2.155503e-01 1.423538e+00 1.185629e+00 -7.615283e-01 7.334024e-01 1.753021e+00 4.849137e-01 -2.986862e-01 1.187908e+00 9.290692e-01 2.012858e-01 -1.012715e-01 7.065509e-01 1.919805e-01 1.582544e-01
2.222550e-01 1.400210e+00 1.119145e+00 -7.121153e-01 7.198772e-01 1.733101e+00 4.590198e-01 -2.799392e-01 1.178053e+00 9.256186e-01 1.921310e-01 -9.559104e-02 7.072737e-01 1.923495e-01 1.591260e-01
2.289597e-01 1.350993e+00 1.045143e+00 -6.583275e-01 6.929942e-01 1.678656e+00 4.297320e-01 -2.593164e-01 1.143267e+00 9.018512e-01 1.814159e-01 -8.923878e-02 6.913344e-01 1.881601e-01 1.560246e-01
2.356644e-01 1.279028e+00 9.639216e-01 -6.008102e-01 6.545581e-01 1.594641e+00 3.973251e-01 -2.371287e-01 1.087260e+00 8.612115e-01 1.691657e-01 -8.223577e-02 6.614661e-01 1.803462e-01 1.497064e-01
2.423691e-01 1.192023e+00 8.793915e-01 -5.422386e-01 6.082503e-01 1.489645e+00 3.633477e-01 -2.144029e-01 1.016519e+00 8.085680e-01 1.560027e-01 -7.489738e-02 6.220858e-01 1.700118e-01 1.412728e-01
2.490738e-01 1.100402e+00 7.975506e-01 -4.863779e-01 5.607497e-01 1.379759e+00 3.303872e-01 -1.927292e-01 9.419323e-01 7.520240e-01 1.430444e-01 -6.786109e-02 5.791821e-01 1.586143e-01 1.318398e-01
2.557785e-01 1.016992e+00 7.236064e-01 -4.360858e-01 5.171950e-01 1.278210e+00 3.004394e-01 -1.731325e-01 8.734017e-01 6.998581e-01 1.311679e-01 -6.143733e-02 5.397778e-01 1.481149e-01 1.231996e-01
2.624832e-01 9.447453e-01 6.586085e-01 -3.920215e-01 4.796400e-01 1.191017e+00 2.741760e-01 -1.559670e-01 8.145374e-01 6.550396e-01 1.207794e-01 -5.582308e-02 5.058633e-01 1.390718e-01 1.157465e-01
2.691879e-01 8.829108e-01 6.021511e-01 -3.537414e-01 4.473526e-01 1.115971e+00 2.513189e-01 -1.410667e-01 7.638978e-01 6.164488e-01 1.116998e-01 -5.094057e-02 4.768448e-01 1.313230e-01 1.093924e-01
2.758926e-01 8.270423e-01 5.517103e-01 -3.196042e-01 4.184578e-01 1.047952e+00 2.308846e-01 -1.277507e-01 7.186907e-01 5.818222e-01 1.035923e-01 -4.657763e-02 4.509737e-01 1.243937e-01 1.037488e-01
2.825973e-01 7.710110e-01 5.046349e-01 -2.881833e-01 3.898082e-01 9.803619e-01 2.117835e-01 -1.154824e-01 6.729146e-01 5.465634e-01 9.589273e-02 -4.251329e-02 4.242391e-01 1.172215e-01 9.783235e-02
2.893020e-01 7.142086e-01 4.590522e-01 -2.583538e-01 3.606024e-01 9.103476e-01 1.931400e-01 -1.037718e-01 6.255547e-01 5.097331e-01 8.825207e-02 -3.856856e-02 3.962051e-01 1.096851e-01 9.160878e-02
2.960067e-01 6.538733e-01 4.142758e-01 -2.297454e-01 3.297362e-01 8.355609e-01 1.747452e-01 -9.249993e-02 5.744594e-01 4.696336e-01 8.054940e-02 -3.470754e-02 3.652560e-01 1.013244e-01 8.462098e-02
3.027114e-01 5.932788e-01 3.709274e-01 -2.026572e-01 2.987110e-01 7.598436e-01 1.568415e-01 -8.177298e-02 5.224870e-01 4.286279e-01 7.292176e-02 -3.097224e-02 3.335229e-01 9.275545e-02 7.745863e-02
3.094161e-01 5.335644e-01 3.300812e-01 -1.776599e-01 2.682544e-01 6.846543e-01 1.399079e-01 -7.185757e-02 4.709621e-01 3.876004e-01 6.559101e-02 -2.746710e-02 3.017216e-01 8.410671e-02 7.022900e-02
3.161208e-01 4.782864e-01 2.927343e-01 -1.551959e-01 2.400771e-01 6.146912e-01 1.243578e-01 -6.290774e-02 4.229353e-01 3.491615e-01 5.878047e-02 -2.426833e-02 2.718783e-01 7.596708e-02 6.341322e-02
3.228255e-01 4.279881e-01 2.595090e-01 -1.354816e-01 2.146389e-01 5.514016e-01 1.104982e-01 -5.503763e-02 3.795299e-01 3.143533e-01 5.265218e-02 -2.142867e-02 2.448763e-01 6.859494e-02 5.725392e-02
3.295302e-01 3.836616e-01 2.302995e-01 -1.183734e-01 1.921952e-01 4.952382e-01 9.828818e-02 -4.819618e-02 3.410023e-01 2.832815e-01 4.720790e-02 -1.893749e-02 2.207568e-01 6.198004e-02 5.172421e-02
3.362349e-01 3.440469e-01 2.045500e-01 -1.034929e-01 1.722485e-01 4.451095e-01 8.750330e-02 -4.223555e-02 3.066299e-01 2.554535e-01 4.235872e-02 -1.675065e-02 1.991530e-01 5.603117e-02 4.675553e-02
3.429396e-01 3.083154e-01 1.815470e-01 -9.038700e-02 1.541967e-01 3.996331e-01 7.783234e-02 -3.697110e-02 2.754418e-01 2.301528e-01 3.797143e-02 -1.480117e-02 1.795118e-01 5.062409e-02 4.224135e-02
3.496443e-01 2.753197e-01 1.607053e-01 -7.873519e-02 1.375442e-01 3.574621e-01 6.904851e-02 -3.228159e-02 2.464720e-01 2.065276e-01 3.393951e-02 -1.304324e-02 1.611333e-01 4.554032e-02 3.799168e-02
3.563490e-01 2.445410e-01 1.416625e-01 -6.828719e-02 1.221124e-01 3.182457e-01 6.100026e-02 -2.806108e-02 2.194508e-01 1.844322e-01 3.020472e-02 -1.144276e-02 1.439005e-01 4.077004e-02 3.400013e-02
3.630537e-01 2.158376e-01 1.241981e-01 -5.889547e-02 1.076503e-01 2.812883e-01 5.359122e-02 -2.425840e-02 1.940259e-01 1.635412e-01 2.672801e-02 -9.982231e-03 1.276168e-01 3.624324e-02 3.021400e-02
3.697584e-01 1.895388e-01 1.083764e-01 -5.057091e-02 9.442992e-02 2.473735e-01 4.685950e-02 -2.087614e-02 1.706348e-01 1.442144e-01 2.353282e-02 -8.666571e-03 1.125345e-01 3.203431e-02 2.669436e-02
3.764631e-01 1.656982e-01 9.422307e-02 -4.325179e-02 8.246649e-02 2.165801e-01 4.081729e-02 -1.789107e-02 1.494032e-01 1.266218e-01 2.063669e-02 -7.491287e-03 9.879651e-02 2.819087e-02 2.347878e-02
3.831678e-01 1.443206e-01 8.168886e-02 -3.689331e-02 7.176858e-02 1.889603e-01 3.545653e-02 -1.529473e-02 1.303672e-01 1.107937e-01 1.804394e-02 -6.459017e-03 8.644985e-02 2.472505e-02 2.058504e-02
3.898725e-01 1.255485e-01 7.074896e-02 -3.143458e-02 6.239974e-02 1.646903e-01 3.076786e-02 -1.305950e-02 1.136295e-01 9.684335e-02 1.575907e-02 -5.561293e-03 7.555476e-02 2.166336e-02 1.802807e-02
3.965772e-01 1.091593e-01 6.122060e-02 -2.675615e-02 5.419419e-02 1.433720e-01 2.667361e-02 -1.114001e-02 9.892436e-02 8.452941e-02 1.374770e-02 -4.783994e-03 6.594288e-02 1.895011e-02 1.576291e-02
4.032819e-01 9.476331e-02 5.292407e-02 -2.275648e-02 4.702216e-02 1.246868e-01 2.310003e-02 -9.493599e-03 8.603795e-02 7.371965e-02 1.197806e-02 -4.110422e-03 5.750154e-02 1.656429e-02 1.377149e-02
4.099866e-01 8.213396e-02 4.567071e-02 -1.931397e-02 4.071326e-02 1.081845e-01 1.996777e-02 -8.075714e-03 7.466163e-02 6.412575e-02 1.041530e-02 -3.524850e-03 5.002068e-02 1.444007e-02 1.200197e-02
4.166913e-01 7.091802e-02 3.930730e-02 -1.635318e-02 3.512904e-02 9.355349e-02 1.721489e-02 -6.851318e-03 6.456730e-02 5.560067e-02 9.031349e-03 -3.014230e-03 4.336287e-02 1.254712e-02 1.042335e-02
4.233960e-01 6.102718e-02 3.371853e-02 -1.380211e-02 3.022120e-02 8.063495e-02 1.479222e-02 -5.793910e-03 5.566248e-02 4.804662e-02 7.804105e-03 -2.569012e-03 3.746969e-02 1.086544e-02 9.022958e-03
4.301007e-01 5.232113e-02 2.882473e-02 -1.160772e-02 2.589203e-02 6.923477e-02 1.266622e-02 -4.882621e-03 4.779063e-02 4.135728e-02 6.718648e-03 -2.181547e-03 3.224552e-02 9.372227e-03 7.778592e-03