1.000000e-03 -1.774065e-05 3.573379e-01 -1.821052e-04 2.311431e-06 -5.429096e-05 1.587532e-01 -7.706859e-05 -5.300613e-05 -4.310062e-05 1.064465e-01 -5.067056e-05 -5.090001e-05 -1.250786e-05 -1.508698e-05
7.704698e-03 -6.976822e-04 4.483832e-01 -1.459817e-02 5.646655e-04 -3.094422e-03 1.937075e-01 -5.949309e-03 -3.265708e-03 -2.675382e-03 1.264304e-01 -3.553357e-03 -3.344545e-03 -7.831772e-04 -9.667225e-04
1.440940e-02 -2.517919e-04 4.431039e-01 -4.370297e-02 2.487227e-03 -7.093280e-03 1.897620e-01 -1.756137e-02 -8.335896e-03 -7.201548e-03 1.190113e-01 -9.465104e-03 -9.373377e-03 -2.137316e-03 -2.666357e-03
2.111409e-02 3.880973e-03 4.297020e-01 -7.786126e-02 6.400132e-03 -7.403263e-03 1.821792e-01 -3.093636e-02 -1.126640e-02 -1.061820e-02 1.083903e-01 -1.514970e-02 -1.488499e-02 -3.315218e-03 -4.242881e-03
2.781879e-02 1.426569e-02 4.138625e-01 -1.118133e-01 1.331545e-02 2.347860e-04 1.734959e-01 -4.400951e-02 -8.531224e-03 -1.007821e-02 9.706569e-02 -1.972973e-02 -1.704527e-02 -3.659642e-03 -5.015780e-03
3.452349e-02 3.247540e-02 3.980320e-01 -1.426775e-01 2.393776e-02 1.857286e-02 1.649112e-01 -5.572635e-02 2.169716e-03 -3.534328e-03 8.630224e-02 -2.309289e-02 -1.389280e-02 -2.696300e-03 -4.527252e-03
4.122819e-02 5.733487e-02 3.823357e-01 -1.680594e-01 3.760408e-02 4.667915e-02 1.566720e-01 -6.525393e-02 2.040139e-02 9.008745e-03 7.666932e-02 -2.530032e-02 -5.257951e-03 -3.792092e-04 -2.724580e-03
4.793289e-02 8.342904e-02 3.644136e-01 -1.850991e-01 5.141819e-02 7.798320e-02 1.480065e-01 -7.158301e-02 4.157185e-02 2.431811e-02 6.813687e-02 -2.632304e-02 6.300953e-03 2.649442e-03 -1.759239e-04
5.463758e-02 1.057689e-01 3.425846e-01 -1.927222e-01 6.279879e-02 1.060221e-01 1.382669e-01 -7.434994e-02 6.107056e-02 3.888219e-02 6.045674e-02 -2.623536e-02 1.791412e-02 5.648781e-03 2.459306e-03
6.134228e-02 1.233474e-01 3.178162e-01 -1.924578e-01 7.135598e-02 1.292102e-01 1.277616e-01 -7.416268e-02 7.765031e-02 5.161897e-02 5.356833e-02 -2.533340e-02 2.856927e-02 8.354153e-03 4.922478e-03
6.804698e-02 1.386897e-01 2.928846e-01 -1.872682e-01 7.856395e-02 1.503941e-01 1.174904e-01 -7.215293e-02 9.320488e-02 6.387015e-02 4.765452e-02 -2.402773e-02 3.919668e-02 1.101831e-02 7.405518e-03
7.475168e-02 1.556561e-01 2.709209e-01 -1.801963e-01 8.660810e-02 1.743612e-01 1.086556e-01 -6.949792e-02 1.110316e-01 7.816144e-02 4.300909e-02 -2.271518e-02 5.167561e-02 1.416475e-02 1.033146e-02
8.145638e-02 1.751254e-01 2.528315e-01 -1.724697e-01 9.597928e-02 2.020400e-01 1.015740e-01 -6.666161e-02 1.317109e-01 9.498228e-02 3.964862e-02 -2.155320e-02 6.630005e-02 1.789941e-02 1.376826e-02
8.816107e-02 1.952943e-01 2.377762e-01 -1.640925e-01 1.057494e-01 2.311796e-01 9.588169e-02 -6.363499e-02 1.535106e-01 1.130732e-01 3.732318e-02 -2.052869e-02 8.196571e-02 2.197270e-02 1.748161e-02
9.486577e-02 2.108168e-01 2.227828e-01 -1.536578e-01 1.130617e-01 2.545112e-01 9.031515e-02 -5.983478e-02 1.712587e-01 1.283326e-01 3.541483e-02 -1.940373e-02 9.533609e-02 2.550423e-02 2.070496e-02
1.015705e-01 2.146160e-01 2.039116e-01 -1.392963e-01 1.143201e-01 2.632124e-01 8.316154e-02 -5.448447e-02 1.786289e-01 1.358467e-01 3.306841e-02 -1.785360e-02 1.024391e-01 2.746863e-02 2.254973e-02
1.082752e-01 2.048640e-01 1.802532e-01 -1.213094e-01 1.084452e-01 2.540720e-01 7.397077e-02 -4.766237e-02 1.732576e-01 1.333678e-01 2.991490e-02 -1.582275e-02 1.014579e-01 2.731251e-02 2.255335e-02
1.149799e-01 1.855084e-01 1.541200e-01 -1.018781e-01 9.766924e-02 2.319912e-01 6.362594e-02 -4.020194e-02 1.586806e-01 1.233798e-01 2.619471e-02 -1.353741e-02 9.438011e-02 2.551381e-02 2.113587e-02
1.216846e-01 1.623551e-01 1.288028e-01 -8.345363e-02 8.508547e-02 2.044668e-01 5.348643e-02 -3.307316e-02 1.401793e-01 1.099531e-01 2.242621e-02 -1.130601e-02 8.446617e-02 2.292790e-02 1.903726e-02
1.283893e-01 1.408249e-01 1.069603e-01 -6.775889e-02 7.351289e-02 1.785870e-01 4.468536e-02 -2.697545e-02 1.227300e-01 9.707928e-02 1.909648e-02 -9.374308e-03 7.486009e-02 2.040561e-02 1.697462e-02
1.350940e-01 1.232054e-01 8.951978e-02 -5.526814e-02 6.410613e-02 1.573257e-01 3.763897e-02 -2.211766e-02 1.084071e-01 8.642297e-02 1.641356e-02 -7.830857e-03 6.690438e-02 1.830430e-02 1.525827e-02
1.417987e-01 1.089875e-01 7.575870e-02 -4.542358e-02 5.657758e-02 1.401973e-01 3.206636e-02 -1.828051e-02 9.690709e-02 7.786022e-02 1.428673e-02 -6.608700e-03 6.051312e-02 1.662193e-02 1.388452e-02
1.485034e-01 9.661477e-02 6.444268e-02 -3.742952e-02 5.003179e-02 1.251089e-01 2.746538e-02 -1.515603e-02 8.670767e-02 7.019455e-02 1.250352e-02 -5.601685e-03 5.473162e-02 1.509899e-02 1.263035e-02
1.552081e-01 8.454146e-02 5.445630e-02 -3.059261e-02 4.369283e-02 1.101793e-01 2.336298e-02 -1.246371e-02 7.652210e-02 6.241451e-02 1.086130e-02 -4.712757e-03 4.878203e-02 1.352204e-02 1.132018e-02
1.619128e-01 7.194229e-02 4.507024e-02 -2.448285e-02 3.710051e-02 9.427826e-02 1.945708e-02 -1.003413e-02 6.557247e-02 5.387902e-02 9.223850e-03 -3.877910e-03 4.217213e-02 1.175160e-02 9.838569e-03
1.686174e-01 5.897850e-02 3.618197e-02 -1.900896e-02 3.034163e-02 7.765036e-02 1.570632e-02 -7.833881e-03 5.403777e-02 4.471152e-02 7.580333e-03 -3.091221e-03 3.501457e-02 9.808693e-03 8.206254e-03
1.753221e-01 4.667028e-02 2.817643e-02 -1.432541e-02 2.396202e-02 6.172779e-02 1.229578e-02 -5.934213e-03 4.297818e-02 3.580191e-02 6.033091e-03 -2.388078e-03 2.804849e-02 7.900495e-03 6.605198e-03
1.820268e-01 3.603502e-02 2.147437e-02 -1.056552e-02 1.846922e-02 4.786167e-02 9.417945e-03 -4.398622e-03 3.333291e-02 2.794546e-02 4.693194e-03 -1.803700e-03 2.189423e-02 6.200095e-03 5.178880e-03
1.887315e-01 2.753869e-02 1.621470e-02 -7.716285e-03 1.408768e-02 3.671759e-02 7.144742e-03 -3.228248e-03 2.557924e-02 2.157835e-02 3.613439e-03 -1.348328e-03 1.690668e-02 4.812608e-03 4.016605e-03
1.954362e-01 2.104340e-02 1.224811e-02 -5.634403e-03 1.075075e-02 2.817212e-02 5.422053e-03 -2.368977e-03 1.963233e-02 1.666090e-02 2.781335e-03 -1.007415e-03 1.305370e-02 3.734835e-03 3.114445e-03
2.021409e-01 1.614681e-02 9.293185e-03 -4.130476e-03 8.236068e-03 2.169461e-02 4.132205e-03 -1.745246e-03 1.512304e-02 1.290700e-02 2.148609e-03 -7.555460e-04 1.011289e-02 2.907360e-03 2.422616e-03
2.088456e-01 1.241593e-02 7.070970e-03 -3.036322e-03 6.324933e-03 1.674042e-02 3.157510e-03 -1.289293e-03 1.167475e-02 1.001843e-02 1.663071e-03 -5.679083e-04 7.850199e-03 2.267523e-03 1.888190e-03
2.155503e-01 9.493971e-03 5.357339e-03 -2.222813e-03 4.830668e-03 1.284426e-02 2.401873e-03 -9.484024e-04 8.959741e-03 7.728934e-03 1.280399e-03 -4.247932e-04 6.055762e-03 1.757173e-03 1.462168e-03
2.222550e-01 7.154043e-03 4.006867e-03 -1.607469e-03 3.636453e-03 9.710523e-03 1.803166e-03 -6.890334e-04 6.775348e-03 5.874185e-03 9.720969e-04 -3.135364e-04 4.601745e-03 1.341281e-03 1.115264e-03
2.289597e-01 5.281663e-03 2.939792e-03 -1.140822e-03 2.681446e-03 7.189587e-03 1.327564e-03 -4.911747e-04 5.016806e-03 4.370523e-03 7.232156e-04 -2.268897e-04 3.422781e-03 1.001942e-03 8.324127e-04
2.356644e-01 3.814209e-03 2.112140e-03 -7.931326e-04 1.934444e-03 5.207119e-03 9.569772e-04 -3.428968e-04 3.633657e-03 3.180434e-03 5.264806e-04 -1.606670e-04 2.489995e-03 7.320040e-04 6.076676e-04
2.423691e-01 2.701538e-03 1.489439e-03 -5.413596e-04 1.368578e-03 3.697967e-03 6.769353e-04 -2.349596e-04 2.580377e-03 2.268848e-03 3.758837e-04 -1.115933e-04 1.775625e-03 5.241736e-04 4.347873e-04
2.490738e-01 1.888771e-03 1.037258e-03 -3.649304e-04 9.558704e-04 2.592210e-03 4.728378e-04 -1.589992e-04 1.808698e-03 1.597310e-03 2.648758e-04 -7.650286e-05 1.249593e-03 3.703635e-04 3.069709e-04
2.557785e-01 1.312306e-03 7.180156e-04 -2.445557e-04 6.635073e-04 1.805597e-03 3.282484e-04 -1.069451e-04 1.259777e-03 1.117216e-03 1.854220e-04 -5.210039e-05 8.736950e-04 2.599525e-04 2.153042e-04
2.624832e-01 9.094834e-04 4.958391e-04 -1.635295e-04 4.593962e-04 1.254296e-03 2.272839e-04 -7.176576e-05 8.750970e-04 7.791894e-04 1.294082e-04 -3.537989e-05 6.091483e-04 1.819124e-04 1.505708e-04
2.691879e-01 6.289210e-04 3.417390e-04 -1.091881e-04 3.174421e-04 8.693997e-04 1.570572e-04 -4.808351e-05 6.065722e-04 5.421476e-04 9.009574e-05 -2.397550e-05 4.237097e-04 1.269783e-04 1.050393e-04
2.758926e-01 4.331061e-04 2.346038e-04 -7.264139e-05 2.184117e-04 5.999664e-04 1.080730e-04 -3.209461e-05 4.185651e-04 3.754706e-04 6.243292e-05 -1.617743e-05 2.933501e-04 8.820757e-05 7.292466e-05
2.825973e-01 2.957317e-04 1.597421e-04 -4.796118e-05 1.490178e-04 4.104974e-04 7.375276e-05 -2.125771e-05 2.863708e-04 2.577726e-04 4.288902e-05 -1.082600e-05 2.013347e-04 6.073242e-05 5.018352e-05
2.893020e-01 1.994576e-04 1.074632e-04 -3.129943e-05 1.004279e-04 2.773947e-04 4.972115e-05 -1.391488e-05 1.935057e-04 1.747568e-04 2.909526e-05 -7.156506e-06 1.364551e-04 4.128740e-05 3.409908e-05
2.960067e-01 1.325746e-04 7.126054e-05 -2.014063e-05 6.670378e-05 1.847177e-04 3.303856e-05 -8.980546e-06 1.288485e-04 1.167319e-04 1.944828e-05 -4.662352e-06 9.112136e-05 2.765154e-05 2.282648e-05
3.027114e-01 8.684702e-05 4.658085e-05 -1.277904e-05 4.366625e-05 1.212216e-04 2.163827e-05 -5.713669e-06 8.455193e-05 7.683428e-05 1.280968e-05 -2.993109e-06 5.996005e-05 1.824694e-05 1.505613e-05
3.094161e-01 5.618990e-05 3.007567e-05 -8.010033e-06 2.823288e-05 7.856428e-05 1.399728e-05 -3.591064e-06 5.479492e-05 4.993935e-05 8.331207e-06 -1.897508e-06 3.896114e-05 1.188892e-05 9.805758e-06
3.161208e-01 3.600137e-05 1.923196e-05 -4.973441e-06 1.807759e-05 5.042057e-05 8.966748e-06 -2.235466e-06 3.516391e-05 3.213849e-05 5.364710e-06 -1.191012e-06 2.506694e-05 7.669277e-06 6.322982e-06
3.228255e-01 2.290707e-05 1.221388e-05 -3.067770e-06 1.149582e-05 3.213353e-05 5.704477e-06 -1.382331e-06 2.240900e-05 2.053630e-05 3.429784e-06 -7.423268e-07 1.601365e-05 4.911764e-06 4.048032e-06
3.295302e-01 1.449744e-05 7.715967e-06 -1.882989e-06 7.271037e-06 2.036684e-05 3.609511e-06 -8.505117e-07 1.420245e-05 1.304910e-05 2.180371e-06 -4.601973e-07 1.017297e-05 3.127798e-06 2.576905e-06
3.362349e-01 9.121115e-06 4.846179e-06 -1.149590e-06 4.571911e-06 1.283213e-05 2.270506e-06 -5.204147e-07 8.947563e-06 8.241280e-06 1.377624e-06 -2.836208e-07 6.423285e-06 1.979478e-06 1.630291e-06
3.429396e-01 5.696795e-06 3.021822e-06 -6.970934e-07 2.853904e-06 8.025470e-06 1.417827e-06 -3.162592e-07 5.595628e-06 5.166043e-06 8.638962e-07 -1.735515e-07 4.025573e-06 1.243292e-06 1.023670e-06
3.496443e-01 3.526237e-06 1.867555e-06 -4.190820e-07 1.765561e-06 4.974013e-06 8.774556e-07 -1.905353e-07 3.467833e-06 3.208806e-06 5.367971e-07 -1.052565e-07 2.499901e-06 7.737163e-07 6.368634e-07
3.563490e-01 2.159745e-06 1.142167e-06 -2.494233e-07 1.080804e-06 3.050234e-06 5.373481e-07 -1.136295e-07 2.126468e-06 1.971872e-06 3.299929e-07 -6.317204e-08 1.535931e-06 4.763267e-07 3.919707e-07
3.630537e-01 1.307691e-06 6.905703e-07 -1.467668e-07 6.540827e-07 1.849070e-06 3.253042e-07 -6.699750e-08 1.288999e-06 1.197778e-06 2.005121e-07 -3.747706e-08 9.327908e-07 2.898442e-07 2.384531e-07
3.697584e-01 7.830777e-07 4.129643e-07 -8.544508e-08 3.914981e-07 1.108567e-06 1.947750e-07 -3.907633e-08 7.727421e-07 7.194994e-07 1.204812e-07 -2.198761e-08 5.602195e-07 1.744040e-07 1.434475e-07
3.764631e-01 4.641956e-07 2.444751e-07 -4.925152e-08 2.319664e-07 6.578727e-07 1.154427e-07 -2.256567e-08 4.585530e-07 4.277849e-07 7.165204e-08 -1.276973e-08 3.330241e-07 1.038631e-07 8.540845e-08
3.831678e-01 2.726981e-07 1.434346e-07 -2.814028e-08 1.362139e-07 3.868977e-07 6.780868e-08 -1.291622e-08 2.696628e-07 2.520385e-07 4.222484e-08 -7.349443e-09 1.961742e-07 6.128981e-08 5.038893e-08
3.898725e-01 1.589635e-07 8.350736e-08 -1.595933e-08 7.936967e-08 2.257681e-07 3.952137e-08 -7.338003e-09 1.573485e-07 1.473288e-07 2.468716e-08 -4.197316e-09 1.146539e-07 3.588128e-08 2.949353e-08
3.965772e-01 9.197213e-08 4.825690e-08 -8.987297e-09 4.590143e-08 1.307505e-07 2.286189e-08 -4.138931e-09 9.112010e-08 8.546462e-08 1.432339e-08 -2.379436e-09 6.649894e-08 2.084471e-08 1.713049e-08
4.032819e-01 5.281138e-08 2.767733e-08 -5.024917e-09 2.634702e-08 7.515061e-08 1.312545e-08 -2.317797e-09 5.237019e-08 4.920093e-08 8.246916e-09 -1.338971e-09 3.827708e-08 1.201696e-08 9.874036e-09
4.099866e-01 3.007169e-08 1.574210e-08 -2.786783e-09 1.499633e-08 4.282975e-08 7.472347e-09 -1.287424e-09 2.984526e-08 2.808363e-08 4.707916e-09 -7.472499e-10 2.184513e-08 6.868459e-09 5.642681e-09
4.166913e-01 1.696933e-08 8.873568e-09 -1.532337e-09 8.459028e-09 2.418930e-08 4.215798e-09 -7.089021e-10 1.685497e-08 1.588436e-08 2.663085e-09 -4.132854e-10 1.235405e-08 3.889913e-09 3.195207e-09
4.233960e-01 9.482410e-09 4.953294e-09 -8.345561e-10 4.725327e-09 1.352863e-08 2.355418e-09 -3.866527e-10 9.426121e-09 8.896385e-09 1.491647e-09 -2.263963e-10 6.918154e-09 2.181333e-09 1.791484e-09
4.301007e-01 5.247139e-09 2.738119e-09 -4.502079e-10 2.613900e-09 7.492324e-09 1.303162e-09 -2.088589e-10 5.220086e-09 4.933754e-09 8.272873e-10 -1.228076e-10 3.836206e-09 1.211206e-09 9.946084e-10
