# Columns: ('k', 'S1', 'S2', 'S3', 'S4', 'S5', 'S6', 'S7', 'S8', 'S9', 'S10', 'S11', 'S12', 'S13', 'S14')
5.345493089407682419e-03 -5.456968519422742858e+00 1.922311469184027715e+02 1.738234117296006787e+01 -1.992645475599500671e+00 -1.006873575846354107e+01 1.876158142089843750e+01 1.506170993381076251e+01 -4.743122948540581696e+00 -4.069454616970485716e+00 8.806591457790798216e+00 8.721716139051649108e+00 -2.351082907782660492e+00 -3.680272632175021763e-01 -4.367487960391573942e-01
9.344366739594166943e-03 2.042674796811995819e+01 1.978875220514112812e+02 -1.383532025737147109e+01 -4.901376047442036032e+00 1.409849203786542304e+01 7.923293378276208898e+01 -6.659890943957913478e+00 1.344246279808782640e+00 7.336194930538054493e+00 4.478132087953628826e+01 -6.000312559066280471e+00 4.901703865297379004e+00 1.807020248905304882e+00 1.418094635009765625e+00
1.312833575873958818e-02 1.745015047034438549e+00 9.933286830357141639e+01 -1.902246903400031774e+00 -4.253688890106823273e+00 7.280161332110968608e+00 3.067477230149872369e+01 -4.023698456433354664e+00 1.553631218112244694e+00 9.134986098931760168e+00 1.818524045360331343e+01 -4.704711914062500000e+00 6.162295594507333441e+00 3.095469572106186007e+00 2.297259583765146385e+00
1.700891779646987109e-02 -2.319822358630952763e+01 1.679621093750000114e+02 -1.129934314546131091e+01 6.994675409226190910e-01 -9.336824544270834636e+00 6.421086309523809632e+01 -5.466645740327381375e+00 2.156082007998512129e+00 -3.273955426897321885e+00 3.476256277901786262e+01 -5.301350911458333925e+00 -2.300027029854911031e+00 -2.165276082356771159e+00 -2.518129766555059934e+00
2.135270783943789275e-02 -5.501688058035714590e+00 1.652370535714285609e+02 -4.490626395089285694e+01 -1.298077566964285667e+00 -2.091737025669642946e+01 4.099734095982142890e+01 -6.832216796874999609e+00 -1.533052734374999915e+01 -1.319516880580357210e+01 2.087554827008928626e+01 -2.101910574776785889e+00 -1.255861467633928541e+01 -2.884661167689732242e+00 -2.994482421874999911e+00
2.564347439342075027e-02 2.534309244791666771e+01 2.240046180555555679e+02 -1.227452083333333377e+02 2.359594618055555415e+01 2.225924479166666714e+01 8.609046874999999943e+01 -4.678560763888889085e+01 8.310330403645833641e+00 -1.310432400173611178e+00 3.742059895833333627e+01 -1.447566840277777800e+01 -9.728097873263889639e+00 -2.319323459201388715e+00 -3.065743815104166714e+00
2.962205054058980949e-02 1.531909260797342220e+01 1.570695338455149397e+02 -6.865880009343854340e+01 2.845281759369809205e+00 -5.182644764846346064e+00 5.484039529692691417e+01 -2.535056971553156302e+01 -1.024170895193106290e+01 -8.546605715323920549e+00 2.593521594684385434e+01 -1.107395757630813904e+01 -9.679435248390781510e+00 -2.142192447700373759e+00 -2.194844293435942895e+00
3.361537140302770649e-02 2.701128813976377785e+01 1.256276656824147011e+02 -5.681546300853018039e+01 2.160494586614173329e+01 3.011171772473753094e+01 4.160642737040682704e+01 -1.983342817011154935e+01 2.204314560777558896e+01 1.255780686105643085e+01 1.513542563771325433e+01 -5.464684193528543510e+00 9.012253168061024056e+00 2.654803418737696763e+00 2.239302187141158029e+00
3.793950633336700545e-02 2.580224694888353909e+01 8.773055768388792330e+01 -4.239763025394045570e+01 2.147938957147548322e+01 2.890160491462346926e+01 3.321661900722416760e+01 -1.778388381129597207e+01 1.834589296464535835e+01 9.150748070818739421e+00 1.246717826455779310e+01 -5.083018501669220868e+00 3.587119294549036663e+00 9.090940672545424484e-01 2.534690629788747818e-01
4.227894994616508695e-02 1.477072812500000154e+01 8.011797500000000127e+01 -5.183884062500000312e+01 -1.614918359375000056e+00 1.394723437500000163e+00 2.462755000000000294e+01 -1.527852500000000013e+01 -1.114430234375000062e+01 -5.316106640625000601e+00 9.551461718749999719e+00 -5.441495312499999848e+00 -9.275862500000000566e+00 -1.886321484375000024e+00 -2.362397265625000298e+00
4.633325468672155889e-02 5.036660343792866712e+01 9.067880872770918188e+01 -5.407412765775033847e+01 2.392809338563099786e+01 3.832744984567901270e+01 2.749073270318929829e+01 -1.637325317215363540e+01 2.129310003000685825e+01 1.053552999614197461e+01 8.286095303926611422e+00 -3.805632247192215267e+00 4.360261474944272742e+00 9.018362121163407963e-01 4.212738162696116201e-02
5.038752484052157893e-02 5.415154699558986096e+01 7.739534523153253076e+01 -5.010580898566703212e+01 2.165385542998897606e+01 4.525798907800441384e+01 2.523540001378169961e+01 -1.657753497105843365e+01 2.398433193219404558e+01 1.578089469060088312e+01 7.963161952177508773e+00 -4.588362217475193461e+00 9.201981549751929279e+00 2.237433083396499267e+00 1.571532395603638443e+00
5.464179025701254577e-02 4.456864812901744699e+01 6.437431846877869646e+01 -4.526519814623507898e+01 2.048235551538108368e+01 4.441384010560146578e+01 2.145271249426079052e+01 -1.467822489812901665e+01 2.788223319846188986e+01 2.027673216540404155e+01 7.600769771579430234e+00 -4.321628931359044579e+00 1.406724560950413228e+01 3.709822613564623506e+00 2.768690769556358955e+00
5.886817576171304162e-02 3.785575335268214303e+01 5.246512835268214303e+01 -3.775744345476380914e+01 1.936340322257806079e+01 3.937568805044035258e+01 1.738090785128102311e+01 -1.198550637384907880e+01 2.949862389911929483e+01 2.124698821557245765e+01 6.603308427992393703e+00 -3.828315777622097293e+00 1.794594112790231932e+01 4.839484869145316281e+00 4.282272693154522969e+00
6.290140616743733482e-02 2.929710740846682171e+01 4.039378337147216058e+01 -2.843247938119755958e+01 8.794959119946605952e+00 1.928043061117467616e+01 1.240663809234363057e+01 -9.013042435402365271e+00 8.748744845299389894e+00 5.536157394164759715e+00 4.084598171720061011e+00 -2.731460769152841639e+00 2.953310852283562493e+00 7.462548343940694773e-01 4.356219235674104184e-01
6.703999982739437813e-02 3.301108682219891932e+01 3.691413973562013240e+01 -2.593010878520071927e+01 1.540944942705212739e+01 3.382098655632115225e+01 1.252319526100958669e+01 -8.813203312237867237e+00 2.109898797932893899e+01 1.556631380130317588e+01 4.006046612866986045e+00 -2.368662583320850779e+00 1.102702076467944892e+01 2.887337220079388977e+00 2.374990638106650565e+00
7.134254604642074893e-02 2.881578494425040660e+01 3.159853993148844964e+01 -2.330799973132724645e+01 1.230254336546211746e+01 2.930058184443847580e+01 1.101016233711714243e+01 -7.808403265213595290e+00 1.628652480185384377e+01 1.260557160128963083e+01 3.483444615630038044e+00 -2.018713162446265752e+00 8.349192197575229457e+00 2.367467717289092111e+00 1.806541446970714837e+00
7.561818311969153994e-02 3.251201288968825054e+01 2.857323328836930543e+01 -1.884651903477218227e+01 1.244212942146283041e+01 3.039397107314148627e+01 9.542402015887290645e+00 -6.324511952937649895e+00 1.736454024280575581e+01 1.319596541516786559e+01 3.149867449790167750e+00 -1.736960900029976163e+00 8.879975082434052425e+00 2.352247733063549173e+00 1.800644367318645189e+00
7.973924982214039558e-02 2.729438317462138741e+01 2.355553902306103708e+01 -1.616931146741624659e+01 1.006654070100963771e+01 2.543502968678292930e+01 7.886780597464433384e+00 -5.378448220227168619e+00 1.457358683025470469e+01 1.109471625458926169e+01 2.594463934861174881e+00 -1.516492769224701664e+00 8.100635684373566292e+00 2.098465645078017694e+00 1.788989112157239658e+00
8.385356877962653332e-02 2.579740421384584792e+01 2.034025191199841132e+01 -1.356430181019070247e+01 9.906873882598331349e+00 2.418883157032181330e+01 6.630656845947556555e+00 -4.388072823549860502e+00 1.436802865514501448e+01 1.091277826405442930e+01 2.261022895870580030e+00 -1.254210043578665168e+00 8.034272416319030441e+00 2.111306591738677074e+00 1.759543696613031338e+00
8.809929214337092196e-02 2.200153269382219179e+01 1.632597977555127855e+01 -1.025362186078053917e+01 8.023226942597130318e+00 2.053622954585229365e+01 5.403819019075953634e+00 -3.417497046727336230e+00 1.179563900070003513e+01 9.361731465479524061e+00 1.916819571447322401e+00 -1.007936322109074245e+00 6.556162085448022481e+00 1.792344939512600543e+00 1.417378010013781831e+00
9.230415729057904473e-02 2.026556492393848075e+01 1.391040830825810737e+01 -8.335541781594784538e+00 7.021950617477432210e+00 1.841286750877632628e+01 4.442867665496489593e+00 -2.714332776976763562e+00 1.015983366766967499e+01 8.069850175526578795e+00 1.463185291551738487e+00 -7.250640267155633589e-01 5.513060666374122398e+00 1.482530926111668368e+00 1.164179305494608796e+00
9.643309047658384092e-02 1.436146716903968468e+01 1.010259201757043357e+01 -6.073485070811875275e+00 5.454875179869736357e+00 1.391068875908815450e+01 3.400484997443956381e+00 -2.029164635243108084e+00 8.187378114586488564e+00 6.522127527643138301e+00 1.265872616725992161e+00 -6.226859521735838010e-01 4.618876441324598403e+00 1.244807148875340719e+00 9.849664548858300117e-01
1.005689403076158450e-01 1.178280482994389899e+01 7.799512951437588271e+00 -4.497471620792426350e+00 5.176336233345021576e+00 1.332433489656381553e+01 2.955530932240533204e+00 -1.650230375613604528e+00 8.396592851507714172e+00 6.799082880434783149e+00 1.193640564735273468e+00 -5.431636173628155984e-01 5.011900639901823773e+00 1.372459567847124973e+00 1.114101946002805210e+00
1.047818677762802908e-01 9.834847406335573083e+00 6.488980426935524015e+00 -3.732261667211227429e+00 3.610046219582399907e+00 9.259274061799850131e+00 2.135243574184714888e+00 -1.227648947053149087e+00 5.336653694454817298e+00 4.226388435088374251e+00 7.827628574651480653e-01 -3.791441306089743390e-01 2.962307410303087085e+00 7.944259358663181558e-01 6.165288612265060753e-01
1.090277847809041356e-01 7.776578477225191577e+00 4.914471916395537932e+00 -2.736210111404834056e+00 3.051980676635486667e+00 7.943985300952823181e+00 1.713864464109342345e+00 -9.405764101716825865e-01 4.947346872821287711e+00 4.028301021816174554e+00 6.955730377062514513e-01 -3.110579079094527022e-01 2.988318015773878678e+00 8.239745526376945906e-01 6.707461545723913954e-01
1.132170039508717807e-01 6.244229814692256575e+00 3.882799573957643968e+00 -2.031996478946062279e+00 2.136102177779616085e+00 5.699964582643944233e+00 1.238698545734061351e+00 -6.663171249379549188e-01 3.251165929020515932e+00 2.671044070910544743e+00 4.670346603208415659e-01 -2.143130282442642642e-01 1.902962907428854988e+00 5.250707054516876582e-01 4.221662129625799453e-01
1.174008294871188018e-01 5.239276830079301561e+00 3.221957501003814617e+00 -1.623022367810178723e+00 1.899985178051596169e+00 5.048511688165027600e+00 1.057129004278759332e+00 -5.265542263727163164e-01 2.943469951440473853e+00 2.451696917034731804e+00 4.168925412661865226e-01 -1.666716702179218690e-01 1.744640963787392085e+00 4.899695993211704570e-01 3.893996405089339419e-01
1.215998224695146873e-01 3.800349155805687218e+00 2.314277066054502452e+00 -1.155134589751184881e+00 1.340682020142180075e+00 3.613182020142180040e+00 7.604478302725118377e-01 -3.811760867150473797e-01 2.105434315758293984e+00 1.755176429206161126e+00 2.998158184611966481e-01 -1.222685292320793843e-01 1.263843305687203822e+00 3.550229330198459432e-01 2.862246371445497650e-01
1.257670529567683493e-01 2.556325891067610989e+00 1.546682575605736742e+00 -7.545706883017103683e-01 9.108730569659718723e-01 2.446626936074737468e+00 5.123365610524674985e-01 -2.516349766654975006e-01 1.396026105692143249e+00 1.161813605135399996e+00 1.976241589696909051e-01 -7.857154725219356317e-02 8.160053948423303671e-01 2.281084629849234047e-01 1.795241306453768115e-01
1.299386816717305049e-01 2.184855739543882791e+00 1.285188330391692890e+00 -5.833475912851967538e-01 8.289424469732834533e-01 2.244192082269883315e+00 4.431120182956323483e-01 -1.974723988028466160e-01 1.340757598952329932e+00 1.146958103490861136e+00 1.901608634658529529e-01 -6.809373689447657807e-02 8.259701464216614442e-01 2.372214714463609375e-01 1.880694068520500639e-01
1.340949335765710126e-01 1.573011022776852341e+00 9.274250449934555718e-01 -4.260874812837141534e-01 5.324126408059655091e-01 1.445087222850230058e+00 2.937876649760035042e-01 -1.366330606302306461e-01 8.402236534190068440e-01 7.069815929666429799e-01 1.205174456545990147e-01 -4.721556900607845608e-02 5.099887717778240903e-01 1.440313485393860116e-01 1.152489196302851904e-01
1.382635144665005922e-01 1.174822164020612902e+00 6.837516754818142584e-01 -2.955964899222033315e-01 4.133801020119367009e-01 1.135231193848717623e+00 2.264107479045156524e-01 -9.748372242530521647e-02 6.359962692227576486e-01 5.418904062250942122e-01 9.120645869937328565e-02 -3.296966176847671709e-02 3.693516522175228634e-01 1.046884799587469300e-01 7.957900052415410597e-02
1.424925284902303357e-01 8.215479303282160473e-01 4.760382446603463324e-01 -2.064794266597193839e-01 2.855625884294089589e-01 7.837710986215602471e-01 1.551976006771468575e-01 -6.780632715068794780e-02 4.656646012839738002e-01 3.979906865828757856e-01 6.655545808022400589e-02 -2.388214156833528071e-02 2.931092706850684237e-01 8.398233966742069123e-02 6.864566190206893015e-02
1.466886314558672189e-01 6.218861706306765269e-01 3.562860121079866604e-01 -1.453797487392227139e-01 2.281197521174065102e-01 6.224918142029748358e-01 1.216978108520427315e-01 -4.983075016248189604e-02 3.741866264026918465e-01 3.221581607048834561e-01 5.434601806222850995e-02 -1.866054898957853272e-02 2.329204720510563154e-01 6.722928863521372700e-02 5.332337590727630194e-02
1.508619291163366127e-01 4.123357993307098512e-01 2.340579465859365660e-01 -9.626992029626155190e-02 1.439420719315971930e-01 3.960752977524462093e-01 7.710800458380180633e-02 -3.171198130726191056e-02 2.307027415920900604e-01 1.985521484612404186e-01 3.309114807878213438e-02 -1.115794823441250937e-02 1.414309875258295823e-01 4.083371768096853704e-02 3.220248822237373881e-02
1.550655720814744509e-01 3.090178436425177755e-01 1.749694404366328448e-01 -7.076966947395650631e-02 1.020150866780342724e-01 2.839848759764486141e-01 5.498501881166564104e-02 -2.238341068295841840e-02 1.625937423714949870e-01 1.403443250981913637e-01 2.313710092956179978e-02 -7.876483018378548778e-03 1.000891951562864340e-01 2.885125858377601132e-02 2.289222200475289973e-02
1.592593054631499527e-01 2.207149671435316984e-01 1.229054643018449577e-01 -4.502958036468883429e-02 7.313270781865897907e-02 2.031729834032492132e-01 3.896151431664363063e-02 -1.476206727791730573e-02 1.188300828297793738e-01 1.034005851248562952e-01 1.723685641024051002e-02 -5.515139191432340098e-03 7.508239779508375789e-02 2.187273649321998595e-02 1.754075742350028749e-02
1.634144798183441161e-01 1.583014192708333268e-01 8.852854817708333268e-02 -3.293986328125000224e-02 5.544136718749999998e-02 1.533859114583333294e-01 2.941037109374999847e-02 -1.123213541666666718e-02 8.800124348958333897e-02 7.625684244791666733e-02 1.271559244791666682e-02 -4.254427897135417032e-03 5.319631835937500136e-02 1.531182291666666716e-02 1.178004720052083266e-02
1.675823816150099899e-01 1.120299237205940462e-01 6.206155075460857706e-02 -2.196940450054672700e-02 3.929703619989868141e-02 1.097374343231071470e-01 2.078396536161673802e-02 -7.306889157598287290e-03 6.419707537050879653e-02 5.654260798076566480e-02 9.436174215294336476e-03 -2.789959554511048899e-03 3.960990396733220925e-02 1.164529907311023446e-02 8.880105451761268268e-03
1.718045808093531246e-01 7.452922972210081209e-02 4.085639580146416261e-02 -1.371781640397363132e-02 2.772319233500874017e-02 7.723106402061480358e-02 1.432226221044580368e-02 -4.708653518925735859e-03 4.683214449938082752e-02 4.168196386946387139e-02 6.908848191196824418e-03 -1.898878404310533298e-03 3.024427436170600350e-02 9.008504516317015695e-03 7.145661040619536580e-03
1.760135070798979073e-01 5.062320668583803612e-02 2.768216968158068378e-02 -9.218898738801680967e-03 1.813895532357737150e-02 5.078626910081902868e-02 9.418229437538774493e-03 -3.159684112690563755e-03 3.057382762698069439e-02 2.711083704239140510e-02 4.474899393430271932e-03 -1.289694309885976772e-03 1.976617782366274848e-02 5.844291990631189648e-03 4.660601260264533342e-03
1.801930856696074279e-01 3.359155489877914402e-02 1.841109671481744661e-02 -6.028681091615565105e-03 1.136171306635796845e-02 3.183629337798887793e-02 5.919880761727075273e-03 -1.979887226375612319e-03 1.843879172263594018e-02 1.632540586323762838e-02 2.670292963651163531e-03 -7.627089811544083327e-04 1.156169542438304464e-02 3.416807528967219856e-03 2.665068444546384117e-03
1.843742315857553882e-01 2.267999587960652097e-02 1.233131783782677286e-02 -3.850978936681770468e-03 7.599879100530776768e-03 2.149899277013923513e-02 3.974045684537736225e-03 -1.246003856298759198e-03 1.255918673693107342e-02 1.122568332160256074e-02 1.852138498025590737e-03 -4.967879201814305633e-04 7.973526492212846747e-03 2.374452775473325297e-03 1.847740378338964817e-03
1.885797910080431738e-01 1.558733115096618861e-02 8.432419915928152793e-03 -2.536889242885163008e-03 5.425809205823512935e-03 1.530352684873149960e-02 2.797734495724744311e-03 -8.515655181186104978e-04 8.984660345118827829e-03 8.061966439913666529e-03 1.316014981385618069e-03 -3.445179894501063968e-04 5.704327683804222802e-03 1.706269420875779165e-03 1.325895614818095635e-03
1.927656394953895236e-01 1.003865905757045027e-02 5.418073036502902944e-03 -1.579916507327471919e-03 3.549463488404040398e-03 1.005968414757662382e-02 1.839219962430498805e-03 -5.301898649872806161e-04 5.920831382489148524e-03 5.346035170458353011e-03 8.834462334162354212e-04 -2.179890699888300013e-04 3.772766559629165371e-03 1.135455420064893301e-03 8.751495808844490278e-04
1.969014248243030341e-01 6.551493612331172993e-03 3.560272241205611650e-03 -1.084982850443603521e-03 2.168000104132109841e-03 6.140816613023067534e-03 1.137256171584935397e-03 -3.513186262068744266e-04 3.540284814101638845e-03 3.168346699321000250e-03 5.216459824736747325e-04 -1.377727234224003072e-04 2.254423259223910757e-03 6.739628113010427950e-04 5.312086599207544628e-04
2.010715633173454087e-01 4.415623509924073917e-03 2.371002997320484102e-03 -6.553330589110169290e-04 1.461509006904208917e-03 4.153013114532846418e-03 7.580838052173085196e-04 -2.119840893489171219e-04 2.423519984186044574e-03 2.191504600050854425e-03 3.618509272522422060e-04 -8.756371413259572494e-05 1.562061964715002116e-03 4.709226450391525457e-04 3.689464925284200001e-04
2.052920281681521186e-01 2.799484428318067299e-03 1.501055938269704390e-03 -4.073444923939571727e-04 9.407052226450251511e-04 2.680871271343262564e-03 4.855894141988018053e-04 -1.313020912884491282e-04 1.543075987466646084e-03 1.405445969554982482e-03 2.305770272691848874e-04 -5.291674133200559532e-05 9.840573465882851856e-04 2.989484915396654137e-04 2.306725043185630286e-04
2.095172134954577381e-01 1.596675899482300582e-03 8.579147432125491064e-04 -2.358101257176159038e-04 5.525327962149850043e-04 1.568679540371085025e-03 2.859326633551674806e-04 -7.969507174503599365e-05 9.106703407259235297e-04 8.230772986468231668e-04 1.359473674255720957e-04 -3.338683703830370888e-05 5.752065217635422920e-04 1.729026377655504189e-04 1.324966749857432020e-04
2.136973926115405542e-01 1.108166716819585732e-03 5.918292851411094966e-04 -1.508701235749000658e-04 3.842342287995094570e-04 1.096352628959241767e-03 1.976289083791333732e-04 -4.972577649493550519e-05 6.438824557518774529e-04 5.884740075399708895e-04 9.756459376608678420e-05 -2.165683295375617120e-05 4.182474298994670538e-04 1.273958073105923010e-04 9.914971137231634113e-05
2.178750580088065492e-01 7.096239076043567339e-04 3.785446055614165219e-04 -9.259986181328767050e-05 2.520614401267392917e-04 7.188565887673928345e-04 1.292761642567432712e-04 -3.155078331049341467e-05 4.518947740540887230e-04 4.153813828517050771e-04 6.899158449938697806e-05 -1.442130377692897876e-05 3.112599170991103945e-04 9.567411798630317426e-05 7.720458594551922482e-05
2.220823861956562617e-01 4.338356298245558810e-04 2.318118546170053716e-04 -5.908939595915658577e-05 1.495800264704655910e-04 4.254685593060230720e-04 7.686138475863214900e-05 -1.998284131115366698e-05 2.513401747866183004e-04 2.289630168786325754e-04 3.793411477605871984e-05 -8.721186396917891302e-06 1.627737719805408614e-04 4.942154073335935422e-05 3.839717296239465608e-05
2.262696194198526023e-01 2.592906291237344644e-04 1.386403972037100144e-04 -3.434182940954931003e-05 8.966475553397925259e-05 2.559967698541530082e-04 4.626140378797173066e-05 -1.145667888961534816e-05 1.497287784795661161e-04 1.369998674528288677e-04 2.275317745373121766e-05 -4.970772818557882355e-06 9.736741499391182524e-05 2.970614090129154630e-05 2.316179008261919222e-05
2.304259489101245229e-01 1.723157404765006786e-04 9.159093753249205184e-05 -2.140433606964268589e-05 6.051344714861476740e-05 1.736782986699797796e-04 3.114110958702112419e-05 -7.123022371527685616e-06 1.043148414324716905e-04 9.638451003805605110e-05 1.599991797995943253e-05 -3.156007177719270764e-06 6.913821172463679304e-05 2.131250265151931342e-05 1.653547240419693068e-05
2.345870463846415066e-01 1.072613114272388574e-04 5.702377912888619715e-05 -1.299665369453300180e-05 3.637694497020358699e-05 1.042739498091634716e-04 1.873369404285101070e-05 -4.288158586882340872e-06 6.253736804397729443e-05 5.763395691655783551e-05 9.591929869002081423e-06 -1.936986751942778748e-06 4.188664458134996394e-05 1.289595348717159554e-05 1.024092409321568562e-05
2.388019837064606632e-01 6.085122298660245344e-05 3.228553942697533045e-05 -7.107394185800828464e-06 1.890955269207206566e-05 5.442693981332171252e-05 9.781274578903169798e-06 -2.236855622566759785e-06 3.061247995380546988e-05 2.817006503195268566e-05 4.631252554252263004e-06 -9.368236411782124165e-07 1.936228382462543206e-05 5.934268562772898266e-06 4.472725292281872472e-06
2.430077036534963875e-01 3.756031479729183713e-05 1.995083904071387747e-05 -4.351275802503121744e-06 1.294022279091082647e-05 3.703058358238103093e-05 6.626585986142332020e-06 -1.461547324514953510e-06 2.145655274317494015e-05 1.982641685979884258e-05 3.297043267224987072e-06 -6.577357088698247052e-07 1.374348840081889457e-05 4.233290387623683645e-06 3.206797122320537051e-06
2.471758823520590620e-01 2.055561770020092766e-05 1.090907192581082059e-05 -2.403176120024326267e-06 6.972848478200162631e-06 2.007550084747153192e-05 3.594499630444514196e-06 -8.067481475031000855e-07 1.167316879725067061e-05 1.078562699232629932e-05 1.788092573693934001e-06 -3.635267018038367789e-07 7.566339560118618726e-06 2.325803322418170652e-06 1.784932287185048079e-06
2.513692271335918882e-01 1.227228361158724557e-05 6.504942121810816338e-06 -1.331616763155453435e-06 4.425807247735297201e-06 1.272465915503812206e-05 2.259330284485414961e-06 -4.387956205058539311e-07 7.731760050565908595e-06 7.228459327373560870e-06 1.205320765396097559e-06 -2.028664168012642483e-07 5.218990365241603459e-06 1.628551793397894680e-06 1.275225672376092834e-06
2.555723892733414715e-01 8.215421662402407733e-06 4.313265630064613268e-06 -8.649177612517860719e-07 2.738146684373964655e-06 7.913125626253633945e-06 1.397004471883697346e-06 -2.804762590065437161e-07 4.639410106529526906e-06 4.347631860445012103e-06 7.217442002116282619e-07 -1.258558819800834042e-07 3.116980444921271334e-06 9.730484780927013297e-07 7.712023537456619328e-07
2.597674079539822323e-01 4.692923903843369941e-06 2.477907600947687633e-06 -4.679034894678548415e-07 1.545468375283813440e-06 4.495638655335584215e-06 7.962417100698250526e-07 -1.513062362388158846e-07 2.631935012366570561e-06 2.481585321942178143e-06 4.114439045694959953e-07 -6.584759323477975956e-08 1.760716406768818923e-06 5.548893325081441970e-07 4.321635972482739844e-07
2.639178238801485610e-01 2.780360618885587096e-06 1.488297915492829563e-06 -2.586094314563681815e-07 9.593704201971701412e-07 2.758960209669499653e-06 4.847541814302163146e-07 -8.674329312539962995e-08 1.617817881650321569e-06 1.523221578240906769e-06 2.514611733747645624e-07 -3.721652289878036201e-08 1.089536194814014874e-06 3.419276033414759118e-07 2.700712738384467805e-07
2.680749044740857179e-01 1.404070252290396895e-06 7.343153872944807671e-07 -1.465352809611379383e-07 4.794052412725703033e-07 1.423401672013140582e-06 2.552757814509793352e-07 -5.002014156730549376e-08 8.511705194058083973e-07 8.038494908079431091e-07 1.386986063322094356e-07 -2.325931793398819338e-08 5.938230085933430447e-07 1.836587302162754539e-07 1.468234988688987823e-07
2.723023151079725368e-01 7.738517506062202160e-07 4.138403228987032362e-07 -7.814406779749509188e-08 2.562159658260719274e-07 7.494746878354733386e-07 1.313639789224662709e-07 -2.673352497064553769e-08 4.007160955622315921e-07 3.801932860421349925e-07 6.152509080986810508e-08 -1.275405717504335340e-08 2.514866240464466479e-07 7.887973342856014439e-08 5.300059662517149618e-08
2.765128983200950685e-01 4.968944588975069750e-07 2.519473280954787431e-07 -3.688873483571308138e-08 1.619092481680724303e-07 4.469426877962083864e-07 7.924000905202467732e-08 -1.394127170445312632e-08 2.855234668133434871e-07 2.561136737252412210e-07 4.172942512288519985e-08 -6.330465181104238134e-09 1.848694515260315551e-07 5.809743994816143341e-08 4.182254623479176014e-08
2.807027537381580062e-01 2.963061602709268543e-07 1.440336101347565289e-07 -2.575256452461869252e-08 9.866289145088514356e-08 2.566176630128479253e-07 4.972585453533200705e-08 -7.418415008727778446e-09 1.428376518659905004e-07 1.364642699538582742e-07 2.456646402137515312e-08 -3.780930470694868024e-09 9.985712322990204146e-08 3.214725958449500231e-08 2.178742716089218343e-08
2.848857026249724811e-01 8.795991916359684223e-08 7.875883546539099762e-08 -2.443164139910861182e-08 3.530501108464292148e-08 1.311924325129270810e-07 2.450716493284522815e-08 -5.471549491966045976e-09 6.708829362628595945e-08 7.829148917151146279e-08 1.356570234952613049e-08 -1.376145322867112937e-09 4.630334871550500237e-08 1.767338382687512664e-08 1.089566969438292849e-08
2.890807262117984777e-01 3.796103442528897858e-08 4.242950403916069969e-08 -9.870057209047604006e-09 2.967611969913872361e-08 9.328151240389871847e-08 1.613977098361833058e-08 -4.656255711960712450e-09 5.338157701074665970e-08 4.776729613014603190e-08 8.975186190765063575e-09 -1.934811377066049311e-09 3.950778016792222524e-08 1.167031629634415404e-08 7.509657157865776063e-09
2.932785946948970324e-01 1.300956532714573747e-08 1.836861873439541705e-08 1.934315221867677666e-09 1.762491757910115364e-08 3.466213616414915517e-08 3.232175662603060461e-09 2.552664035802987686e-09 2.761130028764036951e-08 2.915427405295257459e-08 3.645364368877387428e-09 9.468571233379283032e-10 2.452917963064788723e-08 5.353663069340690858e-09 6.398571704089519619e-09
2.974321087309398370e-01 5.877034303139664897e-08 1.319962297964395169e-08 -1.720751300680384053e-09 1.673003715511059581e-08 3.447084657434687812e-08 3.899828625662231431e-09 -1.341480178033925045e-09 3.052223124001779484e-08 2.918231265435722757e-08 4.480471672299420378e-09 7.195467987180111627e-10 1.713594093392484884e-08 4.975369355057982130e-09 2.933507497186180295e-09
3.016123743882810904e-01 -5.043820010022940928e-09 8.470258734600014250e-09 3.922596380707383026e-09 -7.748788370877373576e-09 7.465617354603893208e-10 1.893812106083752876e-09 7.976067900543168868e-10 2.949549017422197078e-10 1.026483288916953161e-08 1.152238602450047465e-09 5.049079554372253961e-10 -1.782039814899570227e-10 1.421913398121152454e-09 5.176254947093554779e-11
3.058101292111336522e-01 -1.516624582613593998e-08 2.030195332937351814e-09 5.251991459366053811e-09 -7.236468037792330103e-09 1.131244408724740110e-08 1.221304934639882032e-09 -5.209952690135413989e-10 2.606503853189330542e-09 2.897361257151978108e-09 1.952351909720517243e-10 -8.493481966222290756e-10 1.308231603071157040e-09 -1.331954895277195850e-10 4.828791406392305711e-11
3.100168993294901143e-01 8.672097983645990419e-09 4.670499180888788630e-09 1.337554911616534826e-09 -1.201977758599975109e-08 -2.047994892404769287e-09 1.426245429645798804e-09 -4.309240389953656385e-11 2.715136254699473868e-09 3.581742914197653767e-09 4.330653928442700601e-11 2.482746200145875019e-10 4.382925041397480815e-09 1.436655462835938810e-09 1.263051560961984187e-09
3.142092030053749707e-01 1.587737014908357838e-08 -1.494597089356787511e-09 4.812279256683729386e-09 5.884160622909681783e-09 2.454098357031388005e-08 -3.813987708785600673e-11 2.143235733094250169e-09 5.506354450915213606e-09 9.826660273340280034e-09 -4.341327091164013834e-10 2.012705307020727267e-10 1.003977249623344252e-08 2.153104502611217419e-09 3.373187813592180678e-09
3.183867557675504334e-01 1.130359512733172767e-09 -2.180312422472862973e-09 -7.324090595271728779e-09 2.771520535446369783e-09 -1.754258925545998314e-09 1.139132149611352123e-09 -1.258884094015599280e-09 -1.521799951241567951e-09 2.121822908968782423e-09 -5.219012810760189177e-10 1.144376778201736862e-10 2.184269560831639530e-10 1.189190389931989040e-10 -2.093909900706457561e-09
3.225872781332082551e-01 -1.404363359396121316e-09 -4.352805947658893616e-10 -1.281140826069621292e-09 -1.247707747411320574e-10 -2.283934653481659265e-09 4.340066738780966564e-12 -9.843635383012209874e-10 -6.879929504356656979e-09 4.982916892376510575e-09 1.649650498820480502e-10 6.507316214822435927e-11 -1.460288869727518912e-09 1.631582453521198701e-09 1.598536920863172868e-10
3.267666109043823597e-01 2.822568361904210714e-08 -2.374942632466483843e-09 -2.414573838272652918e-09 -1.095537907359543241e-09 -9.235463072352359904e-09 6.532918627444152233e-10 1.979997134574743908e-09 -5.230984012295839315e-09 -5.541745675513472865e-09 -1.206794757612596935e-09 1.604287734285499989e-09 -2.246630108136211533e-09 -9.160106051792435560e-10 1.052760475897018116e-10
3.309328770241455886e-01 -3.810664208019320665e-09 1.213680601779860815e-08 -5.753755763807341469e-09 -4.595692300564792085e-09 -7.821640510502457770e-11 1.261391938649546258e-09 -6.972795034383238069e-10 1.497032967115631073e-09 -1.812638605971262807e-09 -1.810670528967518068e-10 -2.267982353674337609e-10 -3.355008313955306474e-09 5.249778684753625160e-10 -8.911839409532488237e-10
3.351106074107195187e-01 -1.301133143776655588e-10 6.507344471317938026e-09 -1.584193533104679631e-09 -7.877574483446816762e-09 2.082393797470355804e-09 1.836775360561699631e-09 -1.507433862209517356e-09 -5.266643233150876370e-10 1.682283587899935634e-10 1.639851381357302494e-09 -1.266649123145085625e-09 3.629978617585056919e-09 -2.463180307339861496e-10 1.313525727888010320e-09
3.393095620710060434e-01 -6.731741944590332225e-09 -2.172379514336689150e-09 -3.180991011247115337e-09 -2.110678631063747126e-09 -6.180647238687760120e-09 3.065077832481068565e-10 -1.731715522612196454e-09 2.002145407142226417e-09 -7.300201476510012143e-10 1.002014014078215707e-09 -1.958683967468232176e-10 -3.812716545396631302e-09 -1.789248819651870819e-09 -1.582546933458210999e-09
3.435164896197421824e-01 3.421633665304519503e-09 -2.492700831899624062e-09 5.453509754607696736e-09 1.844039061413750229e-09 -1.935294107029643132e-08 1.285832966046336655e-10 1.397658984440131526e-09 -1.126359076025395360e-09 -4.536329002978895638e-09 5.404348872920368377e-10 -1.666021216159579808e-12 1.672363724081971124e-09 -5.303235182314361258e-11 8.623574688926631449e-10
3.477107812306902690e-01 -4.350698814066360492e-09 -6.186249079333183498e-09 6.201910387678236804e-09 5.643724571081266835e-09 -2.470801576211936099e-09 -9.478281180073468479e-10 8.987928749934688317e-10 7.159208700973722412e-09 7.891090035559405853e-09 7.605858305998381805e-10 1.460095034527511552e-10 3.892954269029926914e-09 2.353153445907955759e-10 2.139498421834645547e-09
3.518857617074659383e-01 -1.278334782968029031e-08 5.506673302433556457e-09 -1.271679693200910584e-09 -2.716075334162673598e-09 -1.224623167535698461e-08 -1.359824088290102060e-10 -4.784001984155047075e-10 2.522277651314472893e-09 -1.156377303779140747e-09 -7.316773116083399058e-10 3.377087340770357656e-10 -2.929333194476217367e-09 -8.693420390006948971e-10 -2.181712079771319786e-09
3.560773577310688554e-01 2.171843318154420965e-08 -3.298252043296269503e-09 4.411062617445414344e-09 2.293295868309395792e-09 8.890067026692706809e-09 1.574359750735520370e-09 4.641975590258760740e-10 4.618313506510303947e-10 1.147790460916766967e-09 3.013413937528739825e-10 -4.625524444861138418e-10 -1.826537679003844366e-09 1.464499610630293614e-09 -5.642722205114900485e-10
3.602869550449780967e-01 -1.157867355855857805e-08 2.754666397167697240e-09 -2.764169561202250031e-09 -9.916344026609223369e-10 -2.095086441892223123e-09 -3.589688425303446196e-10 -2.861785260964579219e-10 2.906006128054272991e-09 -8.355619167211988742e-10 -1.340089635648321777e-10 -3.984320732885712128e-11 -1.707696265884855745e-10 9.196901668701717849e-10 2.315949776575808205e-10
3.644651285618699665e-01 -1.098503592266590713e-08 8.161602411073350395e-10 -2.267761763730819603e-10 -9.339476120976125676e-11 -1.239988661249075856e-08 9.153520948614733799e-10 5.293271101207773471e-11 4.354365906440593338e-09 4.442370507513874581e-09 -8.110340017433508390e-10 4.924755453786299786e-10 2.482335435732410493e-09 2.850162902230914077e-09 1.988183334994217720e-09
3.686396944457170921e-01 6.897039947384128148e-09 -2.653874161766751889e-09 -8.767381571877426542e-10 8.601161761435971983e-09 4.003419863129013339e-09 -2.495505584861213856e-10 -1.195709395153067801e-09 4.955952025478597456e-09 5.649431254428650540e-09 2.506906011283133103e-10 -3.781403224986077398e-10 3.749909504921320748e-09 1.163380997671769965e-09 -1.431377448352514184e-09
3.728293470315630076e-01 1.441235230387913470e-08 -3.917262305464748538e-09 5.844713618728674445e-09 5.779335829657745600e-09 1.157095897014168165e-08 -1.095100665531887513e-09 9.888775962172193703e-10 3.742750845075981570e-09 8.449743794532727194e-09 -3.196910460880244309e-10 -6.075374977477250026e-10 8.919468932978571923e-09 7.375039530716025246e-11 3.781546318221772801e-09
3.770363921861874523e-01 2.128298127758118365e-08 -2.103659418941804855e-09 5.119180229446823056e-09 3.891981288809585555e-09 2.414997780005803572e-08 -1.844885117551474457e-09 5.608319689409223047e-10 7.534549076907909367e-09 7.087558610320312549e-09 2.049617543410775473e-11 1.276704583903986205e-10 3.738542910215363228e-09 5.145297080364820178e-10 -7.627451828580983493e-10
3.812363453093803867e-01 -3.044297350567867417e-08 -1.806488106573097316e-09 5.643322754755775625e-09 -6.482547986956303794e-09 1.469358359918987787e-08 7.310194476027269598e-11 1.090002536807427256e-09 7.108036337415498810e-10 9.794108418126183825e-09 4.109874826509438130e-10 2.363167157232613580e-10 8.273510544809363975e-10 5.035945347495829119e-10 -8.077933337023200139e-10
3.854150971210312249e-01 9.108828986020687517e-10 2.073234129287094263e-09 -3.779359025556807701e-10 2.197569904249676649e-09 6.311365387103687088e-10 9.833660668981795697e-10 -1.763088824504100773e-10 1.687640012118507010e-08 -4.914692962931393328e-09 -6.055934433830480352e-10 4.360214377254312769e-10 6.521293040863595817e-09 -1.359092177670420443e-09 1.204267933146710805e-10
3.896036578152083374e-01 -1.945633510124197357e-08 6.541565971878118773e-09 -4.917870601217874437e-09 4.950040702242875639e-09 -1.394339082902109414e-08 1.333823541268428222e-09 -1.146626194766628264e-09 -3.420873122889380176e-09 -1.315980694042171890e-08 -6.907053639548541602e-11 -4.385080953319403018e-10 -1.179575465280208607e-09 -8.237458393701864925e-10 -1.159329124174885372e-09
3.937795161075864914e-01 -2.294273622191486422e-08 -4.243667812856740885e-10 2.826210718069084799e-09 -1.725297337745645973e-09 1.311647076199886868e-08 -3.778959274762809189e-10 -1.175561698492479634e-11 -1.884234226939844474e-11 -1.193852919466878112e-09 -1.992369521355576866e-10 -5.949871692316672521e-11 -2.173492936072438892e-09 -2.057934621987174501e-09 -5.297627985028835366e-10
3.979440095093054186e-01 1.310010147243098912e-08 -5.521354624965962749e-10 3.676243625402233770e-10 7.501012346154753580e-09 9.272464525941384317e-09 1.066869074821915844e-09 -2.865670257945320075e-10 7.551308839607661055e-09 6.714323283498686714e-09 -3.323483859910534021e-10 7.530042848287390228e-10 2.627545594313380547e-09 5.395579059167817679e-10 1.847277812674201115e-09
4.021139069446590386e-01 1.505152370167700290e-08 7.693758432073757873e-09 -2.244442062717953811e-10 4.482959264619180552e-10 -2.230720682763510395e-08 2.320500462234730149e-09 -1.346903625852888444e-09 3.823134317654665985e-10 -1.285640426884652949e-08 1.198445461334901563e-09 -1.475222662958528775e-09 -2.872773018673728289e-10 -3.486175547900469897e-09 7.025991522159212921e-10
4.063125452039867413e-01 1.308841252628887878e-08 -1.851545279702908308e-09 -2.059108134881501002e-09 6.212183033229033939e-09 1.254512664805344451e-08 1.235303783829206774e-09 -1.231417873792094640e-09 4.442827170698268297e-09 9.580101936286727079e-10 1.775700990614697398e-09 -4.444315554496969821e-10 1.515037845608463499e-09 7.266133484693416390e-10 -2.979861070953815032e-10
4.105412315868290918e-01 -2.320936645498380761e-08 -1.202738793879746436e-09 1.230868117920019206e-09 4.761510219188404896e-09 -2.454582858996335956e-08 1.615859430908545598e-09 -8.979162656085483711e-11 -5.360004703212366195e-09 -7.556000535486744888e-09 4.082485214022287009e-10 -2.518684713096338993e-10 -3.662963295407070293e-09 -1.333804076513456324e-09 -1.403208447291265851e-09
4.147348487769681458e-01 -3.181898494095686821e-09 3.414505060424391989e-09 1.610422043364901762e-09 3.877140350321878125e-09 2.310380059821432444e-08 1.815351961094064426e-09 -5.267791971780551868e-11 1.092269403060693965e-08 6.819128310809031364e-09 3.361662263597614956e-10 -4.556579927926278671e-10 7.010486055657088867e-09 7.411919510978630632e-10 2.250987363590031403e-09
4.189107045044477284e-01 2.423929117632427740e-08 3.589041529309341243e-09 -4.157811943961292365e-09 5.466939759893093430e-09 2.280427454627665914e-08 5.644775360433892660e-10 3.319212516846606057e-10 1.388786764952101943e-08 3.694284228136761825e-09 7.409350363219801372e-10 -5.651202331021796901e-10 6.636665294099504121e-09 -2.506165748570011095e-11 3.889424705787736161e-10
4.230974437456921922e-01 5.338344957215410787e-09 -3.025600522040520791e-09 2.350735161922815702e-09 -2.939159943328343333e-09 1.071525436283850271e-08 -6.165411300650685254e-11 -5.137080356681533939e-10 1.143818906146507762e-09 1.870474395204786644e-09 -5.923373043032645633e-10 -2.414588600415854197e-10 7.353385064217064676e-10 1.008251906199768212e-09 -1.423216019086153220e-09
4.272931011032126136e-01 -1.038612472319298256e-08 -2.908053077354212531e-09 2.112236590065044982e-09 -1.233911407739731671e-08 7.354689081090077637e-09 -7.398172639739100076e-10 -6.386321632090781044e-10 -8.429129076556965612e-09 -1.745311792780701794e-09 2.206120016248692303e-10 -2.874669232622637698e-10 -4.850140437141386080e-09 -2.388497692107779472e-09 -1.063244949823164984e-09
4.314914587673138180e-01 1.252907517201983000e-08 -8.918124086451939904e-10 1.022049993200486651e-09 5.402950855341602870e-09 7.915395683211421994e-09 6.999026468727000228e-10 7.703631919121569833e-10 2.584890343293529230e-09 -4.325112861680698852e-10 -4.722993839034584259e-10 1.122835421207179000e-10 5.921683398193619331e-10 -8.749747930275372546e-10 -3.695267138501813243e-10
4.356511643511531418e-01 1.071914817901432776e-08 1.305781309761182263e-09 -3.401071462092029945e-09 -3.129662798397554480e-10 5.090240513316535160e-09 1.729018187353393334e-09 4.956579423140406045e-10 -4.425485166308619226e-09 -3.030790291543950278e-09 -1.967937281430206587e-11 -2.288976629316120876e-11 -3.134370329822580331e-09 -9.665568909074810535e-10 -8.907775037868667879e-10
4.398424702607344750e-01 9.400004191234334686e-10 2.583660874581244798e-09 -1.534557538854677374e-09 5.830085082442053144e-09 -9.023083100176052763e-10 1.371650132858438282e-10 -9.565997166954403144e-10 5.857824198425051047e-09 1.262543747519729561e-09 -2.405403226452806965e-10 -1.720727631689108551e-10 -9.165621210752677125e-10 -2.264970431281132927e-10 -1.227250967987908033e-09
4.440501074980069407e-01 -2.110651500612861681e-08 -3.224859110343468276e-10 2.094968627681340108e-09 6.204312157054858748e-09 8.530679359460386862e-09 -9.161475707085424567e-10 1.568132685392409529e-10 7.549599117240144017e-09 7.838203856855567109e-09 -8.995273529778749136e-12 3.208520628058492760e-10 2.980980856011118658e-09 3.577388090740474776e-10 8.778334131502861870e-10
4.482267968899237842e-01 -1.082448218232782027e-08 1.815027995922440127e-09 -1.239725809320642526e-09 2.323711244231809872e-09 -1.353419606614234470e-08 -3.329695610435409135e-10 4.367420995905774234e-10 -5.650156199982324273e-09 -8.274979824223491069e-09 -9.471156599606985913e-11 3.328867403635655560e-10 -6.773901236360381409e-09 -1.118061850409236373e-09 -1.241767621569212380e-09
4.524052929840755577e-01 -1.060607156337354475e-08 -1.579916086723893916e-09 -1.253451909873728478e-09 5.020288418637011733e-10 4.215186875112118682e-10 -6.338624206427175235e-10 9.069836609364769674e-11 -4.014506903355115567e-09 -2.318128549933889751e-09 -2.857115536693420401e-10 1.690013593752259027e-10 -3.510698930470943572e-09 -1.409164762818121039e-09 -1.091948625976699003e-09
4.566090347930675253e-01 9.947477708828139839e-10 -3.164557528666907078e-09 6.432077899041106110e-10 8.021664786855128613e-09 1.480617896439504568e-08 -1.292977899521925556e-09 1.197734769153072631e-09 1.183829146353580417e-08 8.409232373475790946e-09 4.513549628159679781e-10 6.900899265384331487e-11 8.650118200101608542e-09 1.024634110899886391e-09 1.062329608478440876e-09
4.608167319022857811e-01 1.057907780297523792e-08 -1.608517407793323027e-09 6.204120556788217212e-10 -8.983488087003537544e-10 -3.150923290451823098e-09 7.843562676303832457e-10 -2.174377837871558701e-10 1.847660835768452138e-09 -5.680843402162603583e-09 9.134331274256943579e-11 4.757704399974878501e-10 2.303958028752664665e-09 3.538910375166534463e-10 1.281530468112945469e-09
4.649806979855051203e-01 6.960380704054399017e-09 4.531658292582179088e-10 -2.459624479879050822e-10 -2.872536189133459729e-10 -1.347985292879423904e-09 5.439494775354912877e-10 -7.954264997688089470e-10 -3.168113536190574148e-09 1.323210002168678787e-09 -4.644769662854714045e-11 -1.988447195369090791e-10 -3.128306414352035284e-09 3.164405500476638165e-10 -1.527879097364037422e-09
4.691538386770017222e-01 -4.743057514012366771e-09 -3.018935691147263993e-10 -1.691919859366261346e-10 -7.550186173390489316e-09 -9.421946710311656161e-09 4.545241396647603286e-10 1.368510166470228622e-10 -3.210760179599887527e-09 1.340886176175887005e-09 -3.365577003361054703e-10 -6.391409981175255341e-11 -8.294728104950490234e-10 9.541934517832728298e-10 -1.354409743525118026e-09
4.733478629909182445e-01 -1.164641609304412407e-09 1.039199024102358063e-09 -5.762082176712507773e-10 1.761532988041295554e-09 -4.736211191787739810e-09 5.588543490908447854e-10 7.592098873760570900e-10 3.690596781885765499e-10 -1.001502518583976354e-09 1.689875467583449956e-11 2.864540907740514214e-10 -3.644987653214352639e-09 -3.516051785918581033e-10 -1.597845906637970100e-09
4.775500538217637980e-01 -4.763856964324696523e-09 -2.356888142482233053e-09 -9.453558236961400609e-10 -2.383681784790562598e-09 -5.642552438465651342e-09 -4.809816247455332170e-10 -2.909820396210694931e-10 -1.374406055825214732e-09 4.790847112733780230e-09 2.714181103729776374e-10 -2.678294132741415470e-10 4.847834591360972849e-09 1.561036483552531716e-09 9.917593737783924810e-10
4.817339644282710998e-01 2.445261380643612357e-08 1.529645885473957490e-09 -7.803920297311597884e-11 -2.298448524871721662e-09 5.099699350259595206e-09 2.391143230018400728e-10 2.500686975792433177e-10 3.420628789209349433e-10 4.209523856306515767e-11 -3.175089804542045415e-10 2.014250133766119526e-10 -5.295565021184074191e-09 1.930397626136789808e-10 -2.046950358317590941e-09
4.859144464692263798e-01 1.308773604515267582e-08 -1.636923139726796199e-09 7.240298782053908334e-10 -9.120175763547928781e-10 1.826554000561890656e-09 -2.179649433826773774e-11 1.854746976224686338e-10 6.514170977747857553e-09 -1.305650096098254362e-09 2.196708202393863124e-10 -3.073767811750287283e-10 5.622962168956595345e-09 -2.734261391298395231e-10 1.368347303445615571e-09
4.901252990058800885e-01 5.977450914910695010e-09 2.378128655775992858e-09 -2.189879098976521170e-09 -7.572761971942426981e-09 7.553064486837372242e-10 9.649650352637657057e-10 1.697756356012419423e-10 -3.201114809947896353e-09 5.255906548251858037e-09 7.526614871341880832e-10 -5.353284994446691821e-10 -1.606498263524684924e-09 2.233226453686472113e-09 -1.967888406511345154e-09
4.943123444065962158e-01 9.055063352339268622e-09 -2.268173069889348734e-09 2.212248105006793037e-09 5.211403908935465557e-10 -7.239287865640806306e-10 -1.028089287843466167e-09 2.937273636720119594e-10 -4.933215916066450205e-09 -5.813618251909232002e-09 -2.912844571582501287e-10 1.818325799926634737e-10 1.784639673507562535e-09 -4.462121363665998769e-10 1.220203037704221299e-09
4.984736335014697817e-01 3.466359094414280659e-09 5.054764297679210532e-10 -3.480930271927340709e-10 3.701544675848039069e-09 1.746909440320365920e-09 -3.528865372877586804e-10 -5.443320799615208838e-10 7.324320107364977352e-09 2.392193014103413224e-09 -5.447588959706344392e-10 4.642658006357048915e-10 1.723721436153112730e-09 -2.608663433815279734e-10 -6.988637589101462227e-10
5.026590164608074618e-01 -3.074032180063319616e-09 1.018451168513172187e-09 6.363729455655078508e-10 8.824254756285225456e-09 8.225168121908746913e-09 -4.206242855025833103e-10 1.809369676854548578e-10 6.285894614725810385e-09 4.521449639827871969e-09 6.017775084380807956e-11 -9.661475940954308321e-11 5.770720220138591476e-09 8.958734425239248657e-10 9.036461448708793486e-10
5.068609875937976073e-01 1.801002153786714297e-08 2.666050053150058379e-09 -1.875157287240413073e-09 -9.998831385324945250e-10 1.654719418491529106e-08 3.985712613729858429e-10 -8.388928614970060441e-10 6.349381158988957037e-09 4.942851404792308700e-09 7.187700678339854233e-11 6.214079276990312087e-11 5.405987824739489797e-09 9.144117231534052895e-10 6.209717963135473140e-10
5.110594965365916620e-01 7.587290043571866325e-09 -1.809081399099022835e-09 -2.377719002641363810e-10 -4.242875659400118110e-09 7.194059899715885629e-09 -5.960762274127285888e-10 -6.404346527398820927e-10 -6.248313021437848474e-09 5.944552729735024761e-09 6.988273970540628142e-11 9.232241169380581669e-11 -5.383235926604352839e-09 9.494852287886864772e-10 -1.004907895511702228e-09
5.152492140965455603e-01 -3.874825090953147599e-09 2.729271094311082672e-09 8.860989700165747691e-10 -2.614079586642644052e-09 -2.051643359030593370e-09 -4.582448205304835181e-10 6.023489376933910695e-10 4.378785336397480632e-09 -7.088893336707753231e-09 -1.105156866497018786e-10 -2.062858850909360380e-10 -3.134639647332817052e-09 -1.476851044744057419e-09 -8.664244746742832067e-11
5.194329442812991582e-01 -3.519990787234281053e-09 2.989144597299071353e-09 -1.031891218190092317e-09 5.495933670845210746e-09 1.015144749913327329e-08 1.114713205298817216e-09 -2.997093591383013832e-10 2.625561817730771148e-10 1.938095964449194775e-09 6.174396825385087441e-10 -1.936078404161080739e-10 -1.533008488387947985e-09 -8.515274946905697890e-10 -6.032369618901402493e-10
5.236343964239100757e-01 1.671068914402174326e-08 -1.375251629751436160e-09 1.659711206736539904e-09 8.722377059841632505e-10 1.195814376033921728e-08 -3.762362325340213223e-10 2.877389766771745200e-10 3.313672816372045746e-09 4.754816097259576608e-09 -2.837308948983382799e-10 3.073719722784598148e-11 -4.219850629218371268e-10 1.304740013074651665e-09 2.128148422308130691e-10
5.278273205415198177e-01 -1.370548649098052002e-10 9.276663392429907674e-10 -1.511965400529756122e-09 2.082168850522458961e-09 1.355190741404306820e-08 6.667388047111307114e-10 4.803240643356336215e-10 -7.931824542367403295e-09 4.477131366462669053e-10 3.687282553720533383e-11 -3.536053908560604044e-10 1.847587927536619438e-09 -1.416104253057361092e-09 -4.259064957852033471e-10
5.319960279023402405e-01 9.170959942619920552e-09 -1.724551542920439156e-09 2.169215147570421014e-09 1.553867984377815785e-09 1.202768765332763090e-08 -8.470299304549395333e-10 5.343225601377448047e-10 2.695029104564986845e-10 6.676553818840875659e-09 6.592691718353858385e-10 -1.878724277339390870e-10 2.453120312874962005e-09 1.482911678978311835e-09 -1.741276558560513622e-11
5.361714592099571242e-01 -1.917396186799037968e-08 9.397589211059123719e-10 -2.211903435921529125e-09 6.316680622197153078e-11 3.041545864230850442e-09 5.967685896097134119e-11 -9.069543374026657901e-13 -9.840647168235986821e-10 -6.119233943781057828e-10 2.516864495092012674e-10 2.678447247581786429e-10 -2.313763160319477103e-09 5.147026939722340491e-11 -5.622368059751147170e-11
5.403746330902056139e-01 1.939649154863654658e-09 9.177237668003677351e-10 9.687909276759232914e-10 -3.032420582211113600e-09 3.200838074476282267e-09 -9.414117636648573511e-11 2.819802612773604389e-10 -1.000124661996603411e-09 -1.179075655904201888e-10 3.334757264372974025e-10 -2.086312270900833276e-10 2.819097763661786570e-09 3.242340452245681659e-10 2.208922514610870246e-09
5.445761264886261888e-01 6.399580291874013857e-09 3.705276602655097980e-09 -6.842754771592130693e-10 3.858399638598717044e-09 1.146693386119738245e-08 2.625897267968947174e-10 -1.134422718193504276e-10 1.368322454189271723e-08 4.688202282945996954e-09 -3.167590918299566037e-10 1.709439361112011504e-10 3.246915317674737012e-09 1.274115788517609834e-09 1.094063290326720645e-09
5.487504490749764985e-01 2.015454313232185985e-08 -1.579365172302225715e-09 1.601256377043342694e-09 -5.233271373665291646e-09 -5.111911401953262745e-10 -7.525653998197617900e-10 7.564789506151393081e-11 1.783384359828083416e-09 5.406404050032115817e-10 -8.964728029028744461e-11 7.384123531061600954e-11 -2.233951703370635108e-09 4.538077803354389468e-10 2.103512549589849053e-10
5.529407179677009454e-01 -1.379518982424904589e-09 2.847029529798833827e-09 -1.471418468244962705e-09 -5.880953920023800191e-09 6.163797627695566779e-09 -2.562046994672520552e-10 2.025096787044775859e-11 -8.959158685868871902e-09 -1.050788087023191054e-10 -3.483993305040687381e-10 -2.757068530238167234e-11 -1.829081595367312474e-09 3.169710154030615020e-10 4.374450819325841373e-11
5.571409157079509900e-01 -7.212319179189914559e-09 -1.033237614033222387e-09 4.908249621530435347e-10 3.291295563674130384e-09 -8.295457482404142296e-09 2.153575491281352856e-10 1.676524536157335749e-10 -3.103430142317897499e-09 1.711682478888974544e-09 4.017163070843490586e-10 2.049671997109848034e-10 2.302863937900780857e-09 -4.695006406786781844e-11 -4.748035151417559428e-12
5.613298693710127019e-01 -3.653073025726126163e-08 7.033581298908965134e-10 -1.448790362215537582e-09 3.615754526791457979e-09 -1.340665891114045294e-08 -3.751224991146081689e-10 -7.773539796884348028e-11 -2.480658586018685122e-09 -2.924752992839238453e-09 -9.416067600812376697e-12 -1.415000371901952842e-10 2.813602013490351401e-09 -1.512191893170127428e-10 4.756364164157603345e-10
5.655062246218995892e-01 -1.117506984668521505e-08 2.105184154853156379e-09 -3.039860096543134792e-10 -3.005638184627206711e-09 -1.230078911707255558e-08 1.681399109663452593e-10 4.111646227879164145e-10 1.686149894415892057e-09 -6.851463264441841479e-09 -1.791589722250775308e-10 2.402237623231971065e-10 -9.888628656716663961e-10 -1.305049182512545419e-09 -1.489920620478761211e-09
5.696867424029971039e-01 -1.681907915974671334e-08 -1.832192954482538441e-09 3.049040444160986120e-10 5.676562446891428421e-09 -6.332024154266377050e-09 -2.566500647972038183e-10 2.998467413508920350e-10 -2.197129442822064208e-09 -4.226892808766359457e-10 -5.904807427644289218e-10 2.610952288386245724e-10 -8.789203884203103135e-10 3.005539985867209722e-10 8.731771910669147920e-10
5.738956954203543459e-01 6.779631679938934761e-09 -4.020807659260135552e-09 2.575728523704063684e-09 -2.654015573419131433e-09 4.741587667735230895e-09 -1.729460289827025513e-10 9.326619470449571953e-10 -5.694807197904798286e-09 1.410557482738751664e-09 -4.684618982919126463e-11 5.655581771178889642e-11 1.996115640253546931e-09 -2.333133506872219389e-10 -1.464638904883456045e-09
5.780928920821047923e-01 -6.382310166496829505e-09 5.857590558913453026e-10 -1.425829369301542870e-09 9.028721696998005992e-09 5.943001251450563193e-09 2.253329719561442495e-10 -5.094946606294582267e-10 1.115722280140036066e-08 3.920523458607444054e-09 1.639733513591812147e-10 -3.076345857082889661e-10 7.716664599122857187e-09 1.019642331725082526e-09 1.806115977922895761e-09
5.822632071880226023e-01 1.137633215025909241e-09 1.382429535621073931e-09 -3.172324210513705733e-10 -3.820949168356024904e-10 -3.988210178425243327e-10 -6.214929939358145589e-11 1.074450423926958746e-10 -1.488195024020599291e-09 -1.593747735159290319e-09 -1.573425005260555063e-10 2.674998351567354188e-10 -1.870820015426110639e-09 -2.225846048072903475e-10 1.307650082422422901e-10
5.864430803127811398e-01 -7.436909397484752135e-09 -1.773516334022951428e-09 1.394905117961586954e-10 -3.336589114617193883e-09 -1.133499356323339494e-08 -6.663552969032447671e-10 9.635543670139090847e-10 -1.198900374581824571e-08 -6.270328049675560321e-09 -2.784036766003079429e-10 1.842493336668094524e-10 -6.258437855897411771e-09 -3.644862162855521821e-11 -8.948341268043240783e-10
5.906376733072625784e-01 5.088839681447112568e-09 -2.571450931932456921e-10 7.137792272429277876e-10 -1.295753876426400787e-09 1.972186588522545307e-09 1.385219249929642569e-10 2.091530216452252298e-10 2.344586954343509190e-09 7.709929678782386510e-10 1.809425344673835933e-10 -3.930066990539778867e-10 -9.615434808596722293e-10 -1.044983813168878167e-10 4.559250145261370434e-10
5.948356627105599870e-01 -5.559726321606249026e-09 -2.899948827339173030e-10 -3.491702355547135302e-10 2.626065422106352232e-09 -1.189249275919274331e-09 -5.837826035466497098e-10 -2.294206544884720952e-10 1.350728902916669537e-08 3.623002849983717858e-09 -1.967778640312527116e-11 -1.845989436087868733e-11 3.797199162721821737e-09 1.030751196958830104e-09 6.627250096709081033e-10
5.990145239901687457e-01 1.327176491184024260e-08 4.730132023754961352e-10 1.752843645363616677e-10 1.827174848712202937e-09 7.810613435962115977e-09 8.022212141042096994e-10 -2.222160613912092840e-10 5.258221072005959592e-10 3.282330223122187354e-09 5.759085550413635844e-10 -4.654606978576771553e-10 4.455066633645344514e-09 2.834316346063447118e-10 -7.767152388448675806e-10
6.031829950841108845e-01 1.700271633529466914e-08 9.936410395158865227e-10 8.448142628462500658e-10 -3.816291832786618399e-09 7.628372366323767412e-10 -6.271690793599974899e-10 1.944002324242687947e-10 -8.717966483716909892e-09 -2.998797637433606241e-09 -5.588407406534250112e-10 2.932332150008927666e-10 -1.151748682233572065e-08 -1.808521240187041892e-09 -1.482067689676413644e-09
6.073740526175752663e-01 -6.129334748915566871e-09 -7.292397949245597564e-10 9.795917849826768897e-10 3.077309122215103865e-09 1.277236977809365605e-09 1.743139850612623501e-10 2.880360597216285934e-10 7.336876810049324012e-10 4.193473872343462304e-09 1.208345542968762493e-10 -2.474137524629263270e-10 -1.841104444052891311e-10 8.569291248484616360e-10 8.055775164119336049e-11
6.115768023320514724e-01 -5.602703430611122769e-10 -1.612578585591466845e-09 1.622270006691190351e-09 -4.219003778497675704e-10 1.176339652588055492e-10 -5.155385911108467824e-10 -3.567083153227028978e-10 -1.016503021227160165e-08 -3.855611065321265136e-09 -1.575375113912281221e-10 8.068393312777085562e-11 -6.084425424619801774e-09 -1.844166650495438400e-09 -2.224288743013063025e-09
6.157710000000914397e-01 -7.655554248645991579e-09 1.311356979721426867e-10 -3.188188828950935802e-11 -6.360680395989907514e-09 1.172593224073284925e-09 5.106719008485561396e-10 -4.123074174454051695e-10 -3.697080067766370311e-09 -3.302019377566024219e-09 1.761173348956134268e-10 -3.668251200356806832e-11 -3.808928149556981738e-09 -5.253331850570494127e-10 -1.325081339905902117e-09
6.199632023912512446e-01 -1.137772656248680492e-08 -1.026440118296174140e-09 1.082187134439435746e-09 -4.221861930794590372e-09 -2.090437490708990830e-09 8.005851913516940815e-10 -3.296368972143065450e-10 -2.906442212186460733e-09 6.658409173776626252e-10 5.078238546063189162e-10 -3.780169224475944321e-10 -3.228256740797697963e-09 -1.940843859189198360e-10 3.044726857631581276e-10
6.241630060990407403e-01 -1.139092201638848860e-08 -4.539038342328307995e-10 3.990929359150337686e-10 -1.467159212368442388e-09 3.266411629809957856e-09 -2.501514555969884005e-11 -5.264547384863101290e-11 5.465547914737985918e-09 2.578017904313721571e-09 5.011397800545082457e-10 -3.767171395004099962e-10 8.333501005451192125e-10 1.224415047251313226e-09 -5.660396392503954775e-10
6.283593402461892241e-01 1.897741548869650767e-08 3.198788737477018528e-09 -1.246049249018559532e-09 -3.642975461664070059e-09 -7.137188545235922118e-09 -1.038877923285139090e-10 8.545714269676303533e-12 -2.856929399366000588e-09 -4.351480870317206704e-09 -1.604139713956499898e-10 8.680530972303180901e-11 1.875272511749846501e-09 -2.952464306997260474e-10 3.408214297057278383e-10
6.325410955997395890e-01 2.843747449426182577e-09 1.972174374341926148e-10 -1.396385803058412715e-10 -3.970550360721053397e-09 8.151222273948278526e-09 -4.071924349011400341e-10 2.688892812584343134e-10 -7.344383304711959130e-09 -3.132848696441642419e-11 -8.578207191424010540e-11 9.789869603772295405e-11 -4.167915093113714685e-09 -1.792964759780254804e-09 -1.920771572114324869e-09
6.367142920629192959e-01 1.028523019202900774e-08 1.516367837506371090e-09 -1.086655181194366172e-09 3.247199599529589305e-10 -8.827276131509068677e-09 2.687088960002377639e-12 -4.566050309775984188e-10 8.718815303818059779e-10 3.935779887438375659e-10 -1.887444185767292288e-11 1.286947019334793344e-10 -3.781141429192894228e-09 -1.025636289808854590e-10 -1.265678787271457796e-09
6.409035099394975177e-01 5.382763889650293980e-09 8.749822696405643726e-10 -3.935267451647884129e-11 3.725695910231355227e-09 4.006988067671953022e-09 1.504784331730359998e-10 -3.795586751670509051e-10 8.118599461207007205e-09 1.587112402183248569e-09 3.033285190813050355e-10 -3.847143130698046964e-10 6.039870374136313699e-09 4.959684129138264717e-10 -5.689957778201103749e-10
6.451032402190634008e-01 -3.426745001826370992e-09 2.275041503898377009e-09 -9.256611372689543279e-10 7.127831246588956930e-10 -7.262746816305202857e-09 3.563145508447735921e-10 5.249116157009332169e-12 -6.153335207674418863e-10 -2.845148244693364128e-10 2.656809978115513265e-10 -9.697789032744127521e-11 2.837009807038516897e-10 8.040937957050011624e-11 6.614492124825559842e-11
6.492879941711476866e-01 1.085010220221624420e-08 -2.436376873561097330e-11 3.427360309147007606e-10 2.096806218221782990e-09 -7.053208008489719072e-09 5.384943609111214047e-10 -4.170354152608448256e-10 1.467581302839794188e-09 6.322667642831395786e-11 3.712878299424224577e-10 1.456441949946517592e-10 5.575144851830152550e-10 4.545902409661850190e-10 7.559848472539641675e-10
6.534659541563927476e-01 1.074830422682386159e-08 8.668796156154191189e-10 4.494449258253944394e-10 3.119988897708590752e-09 -8.219105636012450724e-09 8.785805053085877464e-10 2.198208770835554319e-10 6.088693980261429129e-09 1.704990155057290830e-09 -2.548286055473566588e-10 -2.344439680378527251e-11 2.596672703219910985e-10 3.969804703960466152e-10 -1.058560412972394824e-09
6.576591076962554627e-01 1.819365831590381048e-08 5.114073894841827332e-10 -1.195314395892161146e-09 3.962873910379849435e-09 -1.339144781730992460e-09 -2.487975176561852977e-11 -1.379909659670802361e-10 5.655535923815551848e-10 -8.862356756878113280e-10 1.327112999726727740e-11 7.333222355526932745e-11 -3.638233330059277732e-09 -3.741801094741424851e-10 -1.876284508786431420e-09
6.618529307405217610e-01 1.858531893630029525e-09 2.434111403224385199e-09 -2.487413889705242000e-10 2.392950959475997862e-09 -4.097356614940740285e-09 9.243012785389632066e-10 2.229559205908630427e-10 -5.970130962854111509e-09 -3.466434444831140427e-09 3.067577167538929100e-10 -8.284453208813436291e-11 -1.214039642627106524e-09 -2.832699424395459156e-10 2.696547298884242673e-10
6.660240791386257131e-01 2.099740099022939699e-08 -3.269431062201509991e-10 -3.033951572711361399e-11 3.011677628870499013e-09 9.824163055616512372e-09 3.116454448187706006e-10 4.275611238465539355e-10 2.161275501152713839e-09 4.244210105532570850e-09 8.267492913065332561e-11 1.807370860963643819e-11 3.764601272105035774e-09 1.012755027035593872e-09 2.567136753537322988e-11
6.702067828716186115e-01 3.221113661397058422e-11 -3.301727310177184561e-11 3.280798471455791754e-10 -5.389250939193942919e-10 8.157515238225801464e-09 -1.099636331263146778e-10 -3.719997888224801735e-10 -8.327734412495701253e-09 4.183272108294489194e-10 3.536932872569654017e-10 -1.075348703413518699e-10 1.066085743551602151e-09 -1.382351107237530639e-10 1.526973709293981841e-09
6.744172070879622671e-01 2.662387605803892094e-09 -3.796090409317034228e-10 -1.611944493961801875e-09 -5.568199599234795626e-10 3.718873605483767722e-09 3.702005781394086093e-10 -3.723327732895599629e-10 3.408681242070178304e-09 1.658377292953885687e-09 2.186344190750575387e-10 -9.748311013092804185e-11 2.472096164281981949e-09 3.717739257467779947e-10 -3.571930229041497000e-10
6.786118453466847278e-01 -8.307574336451690252e-10 1.188524958801306224e-09 -1.199704453588993136e-10 -1.666201614194401515e-09 -4.507058635619818184e-09 -3.135334563056909867e-10 1.201677950888458998e-11 3.151876247162869886e-09 -9.297659158828876972e-10 -1.761988523614161793e-10 2.893311753310814351e-11 2.509315597753963947e-09 6.631352890752747912e-10 1.827379459587734449e-09
6.827984616056306244e-01 1.366896194534001528e-08 -2.145881029711946785e-10 3.471265581626913413e-10 -2.593385994444756586e-09 9.151846628639610566e-09 2.169818327408587137e-10 6.143576191787991872e-11 -1.605681247771475720e-09 5.861007747531976274e-09 5.917874850331203843e-11 5.259048500576674613e-11 1.240075239013635732e-09 1.312164514397341329e-09 -6.202060627366998599e-10
6.869817177358829019e-01 2.346612474755733140e-09 1.100295271778683614e-09 -6.293732572637324051e-11 7.080666987648370750e-09 -6.006523322788708285e-09 -1.488339392776362422e-10 -9.703313619261306477e-11 3.258326151940348034e-09 -4.691344466279169460e-09 -1.787374927001042618e-10 -2.361218791286379204e-10 -5.907808608125257701e-10 -4.983271469827533495e-10 6.496709635402567425e-10
6.911718524128840357e-01 -5.069174933693421427e-09 2.054807100744449075e-09 -1.851218461929702208e-10 -5.828388478825065444e-09 5.955518046119357352e-09 -2.995486538327010932e-10 -5.900046128012885456e-11 -1.282555510553778623e-09 4.761082349187454474e-11 -3.976047577368511731e-10 2.854557550022737912e-10 -4.139094109878966034e-09 -3.362258107688087869e-10 -4.758210588990264781e-11
6.953555746427921846e-01 -3.126609540759973676e-09 7.718738578498601888e-10 5.656285986322230547e-10 -1.264921118207080063e-09 1.494720871389112870e-09 -2.615460764406964729e-10 -2.913258560142529966e-10 -2.996032733540281328e-09 1.849453006878333306e-09 3.504040670789586304e-10 -2.098543855054306405e-10 -3.530018818711814564e-09 -4.864234162496393024e-11 -3.433579770414875596e-10
6.995344561305086861e-01 1.356184149744641574e-08 4.408029143012288135e-10 -1.355237967654953324e-09 -1.835855728156144839e-09 3.748302906802504710e-09 -4.237330273173910778e-10 -2.513805081668576562e-10 -1.040118097677675186e-08 3.531991409791751279e-10 -1.372638534821570334e-10 2.938323916879468306e-10 -5.022027246859089985e-09 3.916174921649890964e-10 7.214867374269450126e-10
7.037287066792784485e-01 -1.105500532103028499e-08 8.654909414136184000e-10 -8.495936048211856693e-10 -6.957781636853967642e-09 -2.386628851565334530e-08 -2.189484626932522986e-10 4.446100430597017823e-11 -8.794441252501404167e-09 -6.977896121419046693e-09 -5.543663974264017590e-10 2.561435830078636578e-10 -2.922724531965937137e-09 -5.634098114230385153e-10 -4.701267298126043216e-10
7.079143033440539190e-01 -1.236939238714219451e-08 2.223198042858726985e-09 -1.438412296007209428e-09 -1.382310114592767768e-09 4.869967263194244874e-09 4.637730926436746193e-10 -5.122784215634625606e-10 2.719511670179191459e-10 2.059930688639207565e-09 2.941930133305891377e-10 -2.148656033031518508e-10 3.617935194198558992e-09 -7.480754861599264358e-11 9.429950802359834140e-10
7.121186686741065586e-01 1.596268811921033690e-09 7.360493557118330450e-10 -1.896299508676649827e-10 -2.052609165922293883e-09 2.597505063676971135e-10 4.688582634561096734e-10 4.173678892207718092e-10 -1.813586718547435285e-09 -1.354703569170180336e-09 -1.965387540444695063e-10 -7.199298351154075450e-11 1.137964683474088501e-09 -4.753675588843552150e-10 -5.909982532960480649e-10
7.163134555705721329e-01 -2.988893772937989247e-09 3.618489798292933432e-10 -1.188988815773612438e-09 6.849510160206750637e-09 -3.106351966773963783e-09 3.625614790875292736e-10 -1.857927442261469593e-10 -4.464287480091384061e-09 -2.507532122320521472e-09 1.843768553255612426e-10 -6.340770513763163910e-11 -3.048536536483365593e-10 -6.131279083919323793e-10 2.128594219128572120e-10
7.204913713645887396e-01 1.907196622699843020e-08 1.767663654891499361e-10 5.413089891783608914e-10 6.463820856968980924e-10 6.729860169247289935e-09 4.182391055177910641e-10 2.382985466916366983e-10 -4.874452015578613083e-09 3.645968729622824979e-09 -1.182407429058827366e-10 1.437390172479624401e-10 -1.059636398041596302e-09 1.141691967346870402e-09 -7.957848343460103767e-11
7.246803275165087932e-01 -2.420403054459285784e-09 -1.371072592847379897e-09 1.095097784299951288e-09 -4.876294907323723794e-09 -5.576086032112724564e-09 -3.966322103151195991e-10 5.316012569560638883e-10 -3.763283357990981294e-09 -1.493918088127690247e-09 -1.411970289910809913e-11 7.768826306830275011e-11 -5.334050185291943158e-09 -5.771708055599228493e-10 -1.088553900424004440e-09
7.288763115175647123e-01 -6.358510020581357303e-09 -9.134038845369344778e-10 -6.900397725430602540e-11 -6.836491068907250410e-10 -7.158242493371129932e-09 -1.901090999316922787e-10 2.036403401629269960e-10 -6.722641380301362169e-10 -1.287892436746163773e-09 -2.110375637373468313e-11 1.109907762444913810e-10 -2.372019221680091178e-09 9.564283123412847505e-11 4.734423373035964754e-11
7.330585840505703388e-01 5.760181145275724826e-09 -1.160113899181514442e-10 9.871079017780893180e-10 -4.630207994552762510e-10 -1.125976098039510884e-09 -6.500090493762520713e-10 4.346256649313468536e-10 -5.248306556527748931e-09 -1.015365718127999222e-09 -7.844319746956713688e-11 1.105666080761352344e-10 -3.413912592127889462e-09 -8.513481346793201987e-10 -9.199183440921564910e-10
7.372316440474646626e-01 4.969748854128422220e-09 -1.822682721421804909e-12 -3.418189133451725965e-10 1.671378684727210833e-09 -1.119013690765559982e-08 -5.081117133344720483e-10 7.986737456515444904e-12 -5.903505376585082565e-09 -5.696078633959390101e-09 -5.660180069799429967e-11 -4.611882451266375526e-11 -3.407493210176169842e-09 -1.136940740099145654e-09 -3.163284271252227480e-11
7.414228560306842519e-01 -2.087580091297765452e-09 3.622428101284524519e-10 -9.216485419638805993e-12 -6.469739418062389319e-09 -4.100591014670780333e-09 -7.734930198140777878e-11 -2.414937529086643189e-10 -3.913484295521025163e-09 -2.527539098714524791e-09 4.568705108684559867e-10 -9.292243455877244316e-11 6.549054523013292326e-10 -2.439413294738224170e-10 1.226244415876458966e-11
7.456189213758863676e-01 -3.043279497631525176e-09 1.132298331295494204e-09 -4.947644620397807279e-10 1.786662394793593755e-09 -7.133339242221604491e-09 -1.718235483126549238e-10 -2.686283667729799334e-11 -2.576801905940253040e-09 -3.456529438871953370e-09 -5.071701721358893351e-11 -9.054552555230160144e-11 2.504731059300162251e-09 5.448198803607672575e-11 -4.151671709530731146e-11
7.498104337627916616e-01 -6.439728304561420825e-09 -2.595183985930454004e-10 -1.329448072486221850e-10 7.391525772884058666e-09 5.413190035843338603e-09 -2.899641103337440421e-11 -3.757495521634701643e-12 5.799037095204915979e-11 1.542484128865584269e-10 -1.960483481793962821e-10 2.389094985560337673e-10 6.534164562278944369e-10 -2.639759360907810906e-10 -2.888787911146138567e-10
7.539974189770904944e-01 5.853907618572399430e-09 -1.506615225216166171e-10 -5.741023475490556116e-10 -7.559477537690973337e-10 -1.056200595318114800e-08 3.090119342883973924e-10 -4.756898006132901902e-10 -5.251952501463659921e-09 -3.823561375099579727e-09 1.262137581531124829e-10 -1.986873987196099080e-10 -1.535810997062286875e-09 -5.417244237802543900e-10 -1.438488014596316227e-09
7.581896411468850294e-01 1.506770840328543502e-08 -1.130303154412596928e-09 5.278102901997125325e-10 -1.532753376931206320e-09 7.466768237630919851e-09 8.822591640644236382e-11 1.486896349259469999e-10 -7.097375700639498527e-10 3.234476497901359140e-09 2.384275205693390976e-10 4.839417602672367942e-11 -3.765414532365921265e-09 4.652104635161414745e-10 -8.623625371594528336e-10
7.623808615479977790e-01 -5.683533429801281743e-09 9.468490939133804891e-11 -7.568411358830181310e-10 -8.831083410904497765e-10 -4.863150526044121824e-09 5.312673904521635446e-12 -8.049801303592709381e-11 -8.211122057545159447e-11 -2.690775975783237518e-09 2.320294134762405679e-10 -3.110335416224074827e-11 2.101556018952711571e-09 -2.724810442706720892e-10 9.668972785877583889e-10
7.665651159623174671e-01 -6.466334190000341827e-10 -1.300132028487095177e-12 4.876550183043743986e-11 3.187051514477402073e-09 4.091096581316060621e-09 1.014777229043591469e-10 1.423398876203631408e-10 -1.999882899021362223e-09 5.144388903398157752e-10 -5.153900914313917219e-11 9.510618543380237066e-11 -7.252601690391868274e-11 8.476942709669863549e-11 5.948399995834642952e-10
7.707536355579491794e-01 -8.657810590372294400e-10 8.399258317471802455e-10 -2.692622343490062603e-10 -8.548477950671295326e-10 2.001479879881037244e-09 -2.494442297137187088e-11 -4.360969510375540283e-10 7.166322307464515517e-10 -5.305619979191067033e-10 1.778164279245238460e-10 6.297978507896665229e-11 -2.597096660988502304e-10 5.806703544861248765e-11 -1.714155854284752843e-10
7.749462413082437440e-01 -5.280940928148614250e-09 1.717184759766646938e-11 1.116893533009391910e-09 1.121497824359174322e-09 1.911077863223816870e-09 -2.592967964499322386e-10 1.824270294250526977e-10 5.575818628596289345e-11 9.905840510062641339e-10 9.080279939525814154e-11 6.395267157120748480e-11 -1.384789952488086818e-09 -1.316997809093782193e-10 -4.306243359790266584e-10
7.791369682448587852e-01 -5.049971460955233523e-09 2.595284510626489005e-10 -2.017742498333561963e-10 3.213699333994309481e-09 -1.099862443933068944e-09 -2.428981789484813545e-10 -7.008375865191020749e-11 3.588036467330603109e-09 -2.396350849371754426e-09 -2.774615236365380005e-11 -9.849470297922715026e-11 -2.013784307174875478e-09 -1.026461337579063786e-09 2.383718566739618428e-11
7.833258353347896108e-01 5.122016174238025291e-09 -9.184522046180219181e-10 1.124046834871481698e-09 9.069796348205844552e-10 3.283010661190971608e-09 7.070642755868242134e-10 -2.469857131482503001e-10 3.381280339301442660e-09 -1.476432470572746763e-09 5.282615249203985241e-11 -2.062010400683123510e-10 1.951525614874655450e-09 -2.986993541831884930e-10 4.520120256122996114e-10
7.875159900600451346e-01 -3.893048060228270370e-09 1.327237619656701647e-09 1.720650812951072857e-10 1.537619066636300959e-09 5.598369787818214839e-09 -1.131330933679591041e-10 -1.011970025146413764e-10 -6.387108211872352650e-10 -3.959355933252991291e-10 -8.136662411349825518e-11 7.961664978668393373e-11 -2.810854486933239885e-09 -5.964028204401801073e-11 2.321084107328335423e-10
7.917084457625156446e-01 3.429761714556995815e-09 -1.371802510249075841e-09 9.926106734793617812e-10 -5.416078725980130632e-09 -5.605729038594907689e-09 -3.102995347778416217e-10 1.953864402470529705e-10 -1.049599773978196885e-08 -3.482180895823097670e-09 -1.773404899410091140e-10 5.446115702741739338e-11 -4.912751347003477468e-10 -8.809434038841201494e-10 -6.186821754006983328e-10
7.958821468706197555e-01 5.153634771626963419e-09 -5.316873676811355553e-10 5.072568211597037689e-10 -5.480131828766795572e-09 1.500547636781452423e-09 1.508943459372821288e-10 5.622065785544174099e-11 -5.226851038769067649e-09 -1.143800985029211122e-09 -1.063385795796975745e-10 1.001756730690566564e-10 -1.801678095544823151e-09 -5.953674733405169802e-10 -5.869696808615073796e-10
8.000624692379799674e-01 -1.734141586502637171e-08 5.244074483112366077e-10 3.401276573880769322e-10 -5.204263474810027062e-09 -4.426910254408441130e-11 -8.713575687210375926e-11 -1.299177065229015355e-10 -1.259006750768758062e-09 -9.643066709214574949e-10 -1.180736019171839283e-10 -2.378763192004841380e-10 -4.598001162937253257e-09 -5.736619356709336381e-10 -1.328750587079105243e-09
8.042564613727184453e-01 8.746736169892069090e-09 -9.903377919444728976e-10 1.081936182406405953e-09 -5.588213976100156941e-09 -1.917371079363644392e-09 -8.622452671938755578e-11 -8.001734802545402058e-11 -3.492407367886821136e-09 -2.957156210501833958e-09 8.617824148203069289e-11 -3.719755363350263972e-10 -2.408496725755666192e-09 -5.784487640608122900e-10 -5.162907382661301443e-10
8.084384822996342201e-01 -9.462959057620781349e-09 9.024747066320718690e-10 -3.949535232999513177e-10 -3.264525944626356857e-10 -1.340390484300636070e-08 3.321175711255355787e-10 6.670568668246663019e-11 3.033809296784328415e-09 -4.458984421884740212e-09 2.380536052764134150e-10 -2.538073073097742312e-10 3.314000973465397811e-09 -7.630369061885204522e-10 1.426311005307021567e-09
8.126333810499198895e-01 3.494494615164569216e-09 6.176118776273736539e-10 -9.864692771825001053e-10 1.961088256133685440e-09 7.881088201445325623e-09 5.426734192196148770e-11 -4.175669344790591570e-10 7.077703893291838692e-09 3.552940529687593755e-09 -9.987574614041675092e-12 -2.671499026134810778e-11 3.467068487208465813e-09 1.869678042816768832e-09 5.602490733278368335e-10
8.168271958201180905e-01 -8.305265878036509441e-09 -5.527133859234746005e-10 -1.689775766414467096e-10 -4.201935249622516338e-09 -8.031102191323525524e-10 -3.641120429659907471e-10 4.628699943848897335e-10 2.980605354479552224e-09 -3.638575904450334988e-10 -1.161966402560114908e-10 5.036349258381590212e-11 -3.564478256914138394e-09 6.256669729639582416e-10 -1.968154875092570894e-10
8.210214995694952167e-01 4.224297380431154963e-09 -1.450658922654014352e-09 1.278239999469596926e-10 8.262080443115229981e-09 1.952139653068247537e-09 -2.050137481063184452e-10 6.194167869809224799e-10 5.440465311334390730e-09 -4.923857698855338457e-09 -7.448169189014186356e-11 -6.603654747073707657e-11 -2.102946098297044457e-09 -2.355330298193234123e-09 -2.329308500150528809e-10
8.252154145000215602e-01 1.967998135041163705e-09 7.541991640190976352e-10 -2.945125253994199040e-10 2.860984281958409056e-09 5.264465265363539282e-09 -2.329815083588818966e-10 -1.926859908638317780e-10 1.409038695868583074e-09 7.814327980237185085e-10 1.926979877303523481e-10 -8.978534833314514081e-11 -2.132519009168338063e-09 -1.350847170217683914e-11 -4.161425848076878583e-10
8.294030907808404018e-01 1.656530603539350798e-08 -1.756853338495019040e-10 -5.050293397870843502e-10 5.762938132312440993e-09 2.555772404730098428e-09 1.209213613121803266e-10 -2.040874444373285942e-10 8.149523733598904097e-09 -4.187551259867278362e-10 -3.096365654369878506e-11 3.564426685872305106e-11 3.507108501389343556e-09 3.992728089957925143e-11 -6.646743931180341110e-10
8.335906150371191758e-01 -8.701325336805139067e-09 -1.239865561732898562e-09 2.444075087369227695e-10 -3.344806863525905569e-09 -6.094246234587360125e-09 -4.712031428144565874e-11 -1.498734945499151344e-10 -2.164332532473558315e-09 -5.640316502069648430e-09 -2.350038200044729511e-10 2.855806436834001113e-11 -1.887754138528734435e-09 -3.604178988839824809e-10 7.651446647405101381e-10
8.377685032221774408e-01 -8.493965872474098236e-09 -2.141837453084060333e-10 5.502342334295628831e-10 3.698731375225276984e-09 -1.332825886552688578e-08 -3.851013704011388560e-10 1.971929364898656724e-10 1.582202290616120559e-09 -7.359886995210657115e-09 -3.573606634880073732e-10 3.446235971855744776e-10 2.908203254615646466e-09 -1.144316632358428737e-09 -2.046234767690765029e-10
8.419567297582307708e-01 2.843232985313681647e-09 -7.279934938908323205e-10 9.340526789798803799e-10 -4.474035011976420989e-09 -1.627743091969283689e-09 -6.323498505881356228e-11 -4.034494332670967385e-10 -6.407996855503330251e-09 4.269884141567609293e-10 2.325437612244321160e-10 -1.852106354650011170e-10 -6.906539344430271799e-09 1.886538970436545441e-10 -8.528895021297371507e-10
8.461556544987137718e-01 -8.651712922286308476e-09 -1.191704971209182486e-09 8.394116726690160105e-10 -2.460242533534626794e-09 2.120767231068610412e-09 -5.641167903298739232e-10 1.204495263741014334e-10 -1.168518594753286000e-08 -2.644739862414487171e-09 -2.978601108529630228e-10 4.053454122919065831e-12 -7.217092086107749550e-09 -6.975240331460453358e-10 -1.024205109686581323e-09
8.503430790983292908e-01 1.355816848463391623e-08 -8.444841012624379096e-10 4.902266483162371973e-10 -5.108317168639785858e-09 3.815100682725727951e-09 -9.304575645545344902e-11 1.475605895600180991e-11 -9.705898926861332385e-09 -2.508471889062721303e-09 -7.741628599798346697e-11 -7.520548251741016572e-12 -6.208885127434141646e-09 -1.093998821701583170e-09 3.169979663897991114e-10
8.545245840949285965e-01 -1.534186256140754959e-08 -5.210115934214276627e-10 -1.734555900209107786e-10 -4.091066240782010470e-10 -2.287061354243672057e-09 -2.633153692851437205e-10 7.526006788795719785e-12 3.138212928595951575e-09 3.242536117375688791e-09 -3.914898243731748936e-10 9.025264605761880447e-11 1.650407085375837610e-09 1.139752205763463012e-09 1.238613630010699959e-09
8.587196449246210506e-01 6.425084240207758170e-09 -1.933100037299771043e-10 5.010687182557541557e-11 2.144750991348227602e-09 1.013928492065137843e-08 1.351789884207656871e-10 -3.843909777848380047e-10 -3.072707192304147087e-09 -1.316637769502370322e-09 -2.746802267623977637e-12 -1.056677570983327363e-10 1.714867926951990998e-09 -7.180904450602590384e-10 1.071132273808442919e-09
8.629074348139629258e-01 -8.063204362303354328e-09 -1.145710429242311471e-09 2.800059716144241546e-10 3.080326283672475770e-09 -1.096720483970422873e-09 3.111769711957175968e-10 1.088001598655010305e-10 -1.087186385342039774e-09 -2.133687521910315842e-10 6.957512811836914406e-11 5.135788276821049593e-11 3.727799398941783815e-09 3.972565620972538470e-10 1.462761872568840080e-09
8.670852844200982457e-01 -9.110979297702209397e-09 -9.551719473561139604e-10 6.624533936983715933e-10 -1.253260914333988617e-09 1.609015731969313444e-09 1.319541018781756021e-10 -4.401375523704291855e-10 -6.328846066533153897e-10 -1.750247173305494623e-09 6.201147864773041013e-11 -1.308033356722825605e-10 3.099063498576964514e-09 -5.866487812682102364e-10 -6.389931500341518618e-10
8.712764316473343706e-01 -1.709043248183515352e-08 1.576924833833471333e-09 -3.778479282934539403e-10 -1.900676051363374470e-09 -1.162928410899060028e-08 2.506287594706341861e-10 -4.232330393843258436e-10 2.293507213299550313e-09 6.918789168105610683e-10 9.973262864506177510e-11 1.190412782182757781e-11 -4.168127653010023327e-10 7.291845899771746063e-10 -2.307857322429534184e-10
8.754762476624626810e-01 -5.812459734157962980e-09 -4.940834480974115692e-10 2.906372400889904689e-10 -5.646866392442724535e-10 2.551049974539788334e-09 -2.173684976863124001e-10 1.576149073493308139e-10 -2.032332522497889210e-09 1.828407249848567062e-09 2.698590424197703168e-10 1.119496078825010442e-11 6.797181843214390174e-10 -4.533589136665906422e-10 -5.414775509301420791e-10
8.796707865602606535e-01 1.889301131424929394e-09 5.659161559377013315e-10 1.969016512643855254e-10 -3.670075701273948803e-09 3.458366929499434231e-09 -1.859538293185904435e-10 1.629701711435778577e-10 2.416329786602300383e-09 5.461656443695915148e-09 7.490384687988498576e-11 -1.061237232714937066e-10 -9.579672090989140376e-10 1.905447872805003469e-09 -8.131816127514805617e-10
8.838562222970675064e-01 4.809935039653177096e-09 1.794743336586794131e-10 7.158167523963520970e-11 -1.778922512660252525e-11 -6.425352418198819564e-10 1.623686608213633414e-10 -2.487150198916431551e-10 -4.624260106663847194e-09 -1.030484616975748940e-09 -2.370886354727137960e-11 3.847947119363684620e-11 -4.302285642246372378e-09 -3.684186915780081757e-10 -8.815710726660828303e-10
8.880381764417510926e-01 -4.614417664922749308e-09 -1.954832385140906842e-10 9.148338786705198540e-11 -2.104839399984190260e-09 -1.772873050881519596e-09 -6.936879219050281240e-11 9.858750123674741875e-11 -4.662483274039881146e-09 -1.021931681448361865e-09 -4.825724957113208684e-11 -1.410130819799201340e-11 -2.051273743990864184e-09 -9.708933673124330248e-11 5.794596688081817187e-11
8.922270316229049536e-01 8.742137797865589766e-11 -1.554499377084308734e-10 7.647805938832805131e-10 -2.349997461272063791e-09 5.037589846620410636e-09 2.389138163134191845e-10 3.491290132756593150e-10 1.867170396081641042e-10 8.209387726203028961e-10 8.997370999897869682e-12 1.321023493957952670e-10 1.571014048753571357e-09 5.223126804043442622e-10 1.508086569250958314e-09
8.964225585562245469e-01 -5.585747470522731587e-09 3.652637143995629249e-10 -7.331948838076109779e-11 -5.814896499454890841e-09 -1.004246400427257616e-09 3.862764698708528861e-10 5.444303829404273010e-11 -2.325098143446503755e-10 -1.691790775507498876e-10 -4.736182124475460999e-11 4.506126619023828461e-11 3.403695600918940571e-09 1.914696121940085641e-10 1.952461006536444485e-09
9.006049913569987853e-01 -1.029255483830293934e-08 -3.545506093644420411e-10 8.746245043434704017e-12 -2.859324379220194996e-09 -7.654636482509523685e-09 1.346014535251274316e-11 6.004312155273611395e-11 5.950526209543857039e-10 -3.390075359535692719e-09 -4.843615694469200395e-11 1.492564114955373701e-10 -1.570787133296217905e-09 -9.630033166888307365e-10 5.468777419748260292e-10
9.047836582182254839e-01 -5.389792898980518042e-09 2.645046997459790539e-10 -1.040026449286054707e-09 -4.782520063047398312e-09 -1.929175686903900792e-09 1.522488409796404234e-11 1.689949133795504688e-10 -2.546470521913614556e-09 -1.980641720242808227e-09 -6.786893441390416878e-11 6.502027574323346030e-11 -8.610441483967646742e-10 -6.241541369422208024e-11 1.270016012537660184e-09
9.089780964569278421e-01 4.399281677224533769e-09 1.283013777692853668e-09 -6.659209784153597960e-10 -8.895223678893614573e-09 -4.360774570633077322e-10 1.547039217830894831e-10 2.438014343951635283e-10 -7.927156346968399421e-09 6.665877100666112053e-10 -7.206494976607847549e-11 1.643474181298007961e-10 -4.299608379816406874e-10 7.755225456060550625e-10 -1.822856966094733396e-10
9.131704587403689510e-01 1.102778239192105402e-08 2.318628465601097026e-10 -3.762469372326012776e-10 1.762718461369426718e-09 3.862684433798687407e-09 2.282605966469386327e-10 -1.314017623778337045e-11 -4.748147292354435933e-10 6.523684835932125520e-10 -1.470889622937764141e-10 2.748331793140758991e-11 -1.857455010951841917e-09 1.245171632750702247e-10 -2.068170752722092303e-10
9.173547920329833127e-01 1.293769596395442242e-09 5.548712739938449663e-10 -7.071997064335776487e-10 -4.630708716975133379e-09 -2.780469842258943115e-09 -3.545676464261490225e-10 -2.688156212929294002e-10 -2.635038763257123533e-10 -3.224766654344811650e-09 -2.343455426879879798e-10 1.751125708276990356e-11 -4.190066126126621434e-10 -7.897630543143275863e-10 -2.916710961452189999e-10
9.215425617950214754e-01 1.137489984505442364e-09 -7.755952651314449859e-10 1.677140322377659677e-10 -3.682545020789544319e-09 -3.510232205084022924e-09 -3.145285206504881488e-11 9.539518926642773743e-11 -2.916902132728368298e-10 9.245047739353366964e-10 -3.139452528285332707e-11 -1.002538257962871040e-10 -1.796646208970612467e-09 6.531501351757791323e-10 2.238941277016417629e-10
9.257400405750663142e-01 7.559072635457460955e-09 -6.223165544496755344e-10 6.864617958272326823e-11 -5.010420094299864467e-10 -5.712705367420158362e-10 7.263389986710101529e-11 -2.024474682245054083e-11 1.492171184432883145e-09 1.491691002597824539e-11 -4.404833442902917385e-11 2.255038612924096125e-12 7.031541286607443266e-10 -5.300904633175297094e-10 -5.937828573760807465e-10
9.299303352268617484e-01 -1.330122391171665408e-08 -2.808021723100206139e-10 -1.291987671068640283e-10 3.057787125129254372e-09 1.124271620934903584e-08 -1.652297615457473423e-11 -5.567578389949653893e-11 6.979117965645206792e-09 4.952893640189994213e-09 -1.289208009841051004e-10 4.995032233258035148e-11 6.238656512212314407e-09 1.419900737212670806e-09 4.011641813201655720e-10
9.341108300097852313e-01 3.527511745350795066e-09 6.788167304906951724e-10 -1.120586403465504862e-10 -1.575867095067942281e-10 7.179292681115696946e-10 -7.878697842318650010e-11 -1.698575173506245847e-11 1.128092654328245092e-10 -6.473012846013149345e-10 4.292052860771905589e-11 4.562537079463133120e-11 -1.514295853002346645e-10 -4.253622747708147932e-10 -2.324642055648339823e-10
9.382896253999645220e-01 -6.352869498382780477e-09 4.718435725543465289e-10 9.484424639808266359e-10 -4.895451103555067822e-10 1.972348529850375419e-09 -3.554281117100991769e-10 6.512609496164919270e-11 2.441556056123683397e-09 4.314672545407005965e-09 1.250939988793236473e-10 -1.001267559907824121e-10 2.934900880344686223e-09 1.420936544879813833e-09 -8.466437004326059996e-11
9.424819561228944265e-01 9.283759329699367323e-09 -2.448648028544699096e-10 6.848138907757637845e-10 5.908121733911860488e-11 -4.338483577374661414e-09 -2.429191006594244524e-10 3.199468683991205318e-10 2.969972775537883590e-09 3.881003825102246573e-10 -2.262494415050901768e-11 1.536140235302041376e-10 -2.433380272241602271e-09 9.638540398488724131e-11 -4.711023986394801049e-10
9.466849863120379016e-01 -3.912894970917328546e-09 -7.113280911132019196e-10 -3.020137459013012262e-10 -5.907492476920129186e-09 7.936336823624305519e-10 -5.592091844449401618e-10 7.511421279188757001e-11 -5.956383891952925264e-09 -1.761690815796351984e-11 -1.091074970859560933e-10 7.213140558968820916e-11 -1.839542025494031204e-09 -3.393093064753370537e-10 2.449298085996138621e-10
9.508714331057195324e-01 -1.211492116337578195e-08 -3.047566498390256973e-10 1.870923810202752258e-10 -4.349891928464633539e-09 5.585291307832993691e-09 4.516871863375760291e-13 9.194758927183976452e-11 -1.345148754684451471e-09 2.814003138567132984e-11 -1.945590079346052405e-10 9.603419510072016259e-11 -2.131352258156455769e-09 3.674049185564625585e-11 8.191729827833167782e-10
9.550563230073290111e-01 -5.969023227821168058e-09 -3.135716944494447002e-10 3.167751243732727155e-10 4.199524587571669415e-09 -4.337445096655185838e-09 -2.399779813008629845e-10 2.850801449168554616e-10 2.205779350398246940e-09 1.721089433706330845e-09 -1.229279324059250085e-10 7.556871772614514697e-11 -4.704824874213801840e-10 1.351873793167275118e-09 1.150203741509187648e-09
9.592513211539739348e-01 2.248312461057773610e-09 -1.241181690380852079e-09 -4.534730182459315070e-10 -7.343154724219936502e-09 5.565016422365115604e-11 -2.094642997646648349e-10 -2.228110910856660236e-10 -3.445609229595263978e-09 -1.192644091697759618e-09 1.762502936847509161e-11 -1.205692993655254963e-10 1.356889354287621072e-09 -8.452269876378890512e-11 6.381908077283580710e-10
9.634451052878124644e-01 5.293248162465723838e-10 -2.735981019545186828e-10 -2.802705231069086772e-10 4.100637343958254608e-09 6.374992183571039122e-09 -9.074753965465186007e-11 -1.569184838786344481e-10 4.670414297743568263e-09 5.838327719382802306e-09 -1.877635299452404513e-10 7.259516412638842042e-12 -2.883194610407217199e-09 1.216032306979582812e-09 -5.625097757590711658e-10
9.676230540453005791e-01 -1.866007758409906201e-08 -5.735696845362774390e-10 -3.013158223129733279e-10 3.195770420825765955e-09 -6.654862184441214708e-09 -1.163294657669697563e-10 2.463574327286074961e-10 2.908273128093045540e-09 -2.145970757725151839e-09 -2.567055576518287388e-11 -6.685649770648494737e-11 4.014874828992799266e-09 -4.767741188763121013e-10 1.508654049942706374e-09
9.718094297475188270e-01 1.929485662694279027e-08 1.145570388619959044e-09 -5.267447255877670804e-10 -1.165443152030287755e-09 9.699026349679186924e-09 1.366324276028732020e-10 4.984586118129209199e-11 -1.535526245276190326e-09 -2.336716036597389563e-09 -1.997822843919820035e-10 1.221228801151592278e-10 2.191696553631405945e-09 -6.433782509227077370e-10 1.059453851836912215e-09
9.760091362076940280e-01 -1.753626080100487828e-08 -1.080440135235942646e-09 8.405941043957750392e-10 -1.961346541680093106e-09 -1.271250226139694947e-08 -3.126310565599892025e-10 6.598036487587852333e-11 -3.404399852060975818e-10 -3.295696988608360990e-09 1.067563543985636563e-10 -7.295192933827203431e-11 -2.424585813539040912e-09 2.291607249869671606e-10 4.611473762291411684e-10
9.802075838006468755e-01 9.584794692195595790e-09 4.371562167179764405e-10 -3.937254743891161047e-10 3.215130892312581384e-09 2.159763933718726439e-09 2.731995256588482217e-10 -3.799350506841326576e-10 6.892490086593380554e-09 -1.428132343013510365e-09 2.654904450046866477e-10 -1.083525577065949099e-10 2.222136851373610924e-09 -4.923443949045036657e-10 7.459696601165274091e-10
9.843901124947946890e-01 -1.444025658963831511e-08 -1.025863679920791735e-09 -2.645069815163029079e-10 -5.557524188719594626e-09 3.498433572705576950e-09 1.153036493911744887e-11 -1.086085779896633250e-10 2.999023098108710679e-10 2.031544592509593468e-10 1.197418702653658980e-10 -6.140438153959840434e-11 -1.998621772400768164e-09 -2.806278194175409264e-10 -4.338213412540750129e-10
9.885650797815361823e-01 -6.001833041034192116e-09 -7.133962934580369814e-10 7.766854740497237846e-10 4.270348939557256619e-09 -2.809945333331879145e-10 -2.196375420032803850e-10 2.078036692094460221e-10 2.588059284069786467e-09 2.761238757084984221e-09 -4.101512682490429719e-11 5.712959149732758056e-11 6.206453949869522417e-09 9.173647159641844052e-10 2.499358518408820448e-09
9.927561705083151056e-01 1.255152966093047243e-08 -1.261515867130852297e-09 4.296720939214452371e-11 -2.587530813323225973e-09 9.018790148375709771e-09 -1.141879773421589538e-10 -2.291766933783633476e-10 -8.035818422613804359e-09 2.612890659377793196e-09 2.070594678449684041e-11 -1.029309069651905729e-10 -5.070407244608030644e-09 -1.106951234013908256e-10 -9.669482083011281280e-10
9.969400597939003239e-01 -7.259256567798377153e-09 2.916534720991504274e-10 1.081887932760001573e-10 3.010391276844363346e-09 3.057104826094720609e-09 1.092935121665910407e-11 1.462990141278750797e-10 -4.427560208130460421e-10 8.796446492049305469e-10 -6.468286377589933865e-11 1.786401872880584439e-11 -3.251436614175104897e-09 9.412225543589171274e-10 -5.210361199762326977e-10
1.001125867816581083e+00 2.699760380773604774e-09 5.234501336267248473e-10 6.351986411328117300e-10 8.162691509221969602e-09 7.134932716028232327e-09 2.293914388910765072e-11 1.596285177972845854e-10 1.145636505994312112e-08 2.333062040039203600e-09 6.975545454700655110e-11 5.988810945196502434e-11 2.481321354289473988e-09 -4.963570098205689105e-11 -8.135887698927839309e-10
1.005315482813002204e+00 -1.770997205255930306e-08 4.143058910692551038e-10 -4.389786054133625812e-10 -9.970620529859608146e-10 -1.972405173531780136e-10 1.884861778327340932e-10 4.164278615226110983e-11 -3.259137399203226935e-09 5.017891564906448117e-09 1.103785688456633994e-11 -2.153079012874997348e-11 -2.658498409314112663e-11 1.366038420861383872e-09 -1.002042485009679038e-09
1.009503724426713545e+00 -4.727918232452506268e-09 -9.517653985895580981e-10 1.076975109343141221e-10 -3.051044570479924123e-09 -6.692963540721084014e-09 -1.520304734040372998e-10 6.490012752749931192e-11 -1.606956673593925645e-10 -1.527588449917518117e-09 -4.597429262469315748e-11 1.524814473049095738e-11 2.094921653979546641e-09 8.538105650850961338e-11 1.906311836056131863e-10
1.013699103815393299e+00 5.071877610594379282e-09 2.967905675318744854e-10 4.575296729206749376e-11 -3.015831227932343582e-09 -2.132346867802940359e-09 -7.707278043743009166e-11 1.854285862919612014e-10 -7.945071528295199098e-09 -1.053367846508903653e-09 -1.581902448877764624e-10 2.381348738800679022e-10 -2.208212954438081940e-09 3.356699056293282958e-10 5.501977183545587800e-10
1.017885842421875964e+00 -5.415557500191143128e-10 -4.997591741410408501e-10 -3.837343922837116456e-11 2.871856682274643849e-09 2.566973888983931492e-09 -5.695442808930644310e-11 -2.071287572986988090e-10 1.045437740937660844e-08 2.659244240209601651e-09 1.068428746849314331e-11 -1.151096723087542967e-10 5.658365571939958243e-09 3.365457957932953393e-10 1.681979520901690507e-09
1.022076284359184406e+00 7.408147303833862065e-09 -2.064077201372615399e-10 3.005272974954113728e-10 -1.145093060506871263e-09 4.791431908542595334e-09 -1.261190751834698899e-10 4.847706977779987977e-11 3.962156754383907210e-09 2.775638189946080070e-10 3.290909194423650296e-11 4.427591952558441961e-11 -2.484530826836125227e-09 3.800309834809378368e-10 -3.589223863972978539e-10
1.026273875264014812e+00 1.013935187620316390e-08 4.893860064815928608e-10 -7.934345289846999415e-10 1.745165710434115346e-09 -5.393469150981313959e-11 6.429096413154637046e-11 -1.652027137669680818e-12 1.666770516842705642e-09 -1.712662643137931504e-09 6.950717587774247202e-11 9.048008278417205722e-11 1.289918349875423621e-09 8.428569789924804295e-11 -7.777229961438732054e-10
1.030463237552156075e+00 4.920519898232955116e-09 1.011725126193333431e-09 -3.309652302788016856e-10 4.921669628563158562e-09 6.166946619319519793e-09 3.319947698751253342e-11 -1.539019395571306166e-10 5.671907074971706296e-09 2.114355913385736590e-09 3.059008623489046288e-12 2.892703254577533177e-11 1.758028257840720368e-09 9.247510257438269173e-11 4.608488763351786645e-10
1.034646639530784062e+00 -1.463403770721604423e-09 -8.384256820036966139e-10 7.628001537025693394e-10 3.462374642277077988e-09 5.916051144101467294e-09 -2.726571775437517614e-10 1.336444988890758902e-10 -1.864924289143431408e-09 3.294122981601129912e-09 2.840471251652417661e-11 1.641918760452868213e-10 3.830241659282382098e-09 3.260512448325757267e-13 1.861929013545128328e-09
1.038830480088573260e+00 7.694380528532061441e-09 6.352483053913265859e-10 4.455584980700724951e-10 -3.332080830139381703e-09 -5.736452590198144224e-09 2.569333356944137599e-10 -7.740086847778300745e-11 -8.835577011080361907e-09 -3.670316889588202814e-09 7.517783732875355534e-11 1.401638185892402588e-11 -3.780343138242969246e-09 -1.234753153789770651e-09 -2.538787810387910748e-11
1.043023229532383578e+00 8.669525822011122503e-09 -2.207906384007197774e-10 1.631454660062064202e-10 7.433359142799872326e-09 -1.562824267364987603e-09 8.781274611130294201e-11 9.178510315091200474e-11 -7.708424632278127671e-09 -2.053455498572231537e-09 -9.572735653807497915e-11 1.489773980083513150e-11 -6.144870561301701571e-09 -1.396712425146295251e-12 -1.405603547294664944e-09
1.047211320931656031e+00 1.184887629661530534e-09 -1.084695798797406250e-09 2.408300836774132681e-10 9.908194049638861149e-09 6.479388675636876844e-09 -3.414676297264392738e-10 1.913920448230578037e-10 7.379799326043839776e-09 4.477929008101223446e-09 8.449661898634505645e-11 9.334250596938569331e-11 2.484216469021055031e-09 2.195065556656994554e-10 7.856191471281949285e-10
1.051395396220772938e+00 4.148246951183725525e-09 4.629483349338333736e-10 -1.235546020435753775e-09 -7.464366687689952019e-09 -1.145503393739424135e-08 1.065203423808696920e-10 -1.779331149013549329e-10 -9.087163985977213957e-09 -6.622749031153307868e-09 2.526776633274996762e-11 -4.469843354607451771e-11 -3.010780598860247690e-09 -8.002404068852255393e-10 -2.057026792942086896e-09
1.055587561333155788e+00 2.623403138548276711e-08 1.271390686489481528e-09 -2.414211296284699647e-10 1.995023823298131706e-09 3.566028683942037831e-09 1.720967321922626297e-10 1.740102230028703763e-10 6.443147525565244011e-10 1.522441321559572794e-09 -1.478627434934605469e-10 1.917966009902813211e-10 -2.528857689380265263e-09 1.209133012079086529e-10 1.486094898168993781e-10
1.059780855230085139e+00 6.208747938308620389e-09 -1.746749743973956785e-10 4.198437661266046300e-10 9.204587913423246797e-09 1.028830635045928220e-08 -2.990941731919559431e-10 2.571643299702852674e-10 8.647001327131302430e-09 7.726554915443605005e-09 -6.755350925505358580e-11 1.543928590732335296e-10 2.406665600912007743e-09 1.475080103257825271e-09 6.323783564981959928e-10
1.063968553353427993e+00 6.558863534353667501e-09 3.738690535339738428e-10 5.260466574793335207e-10 7.172987108012360272e-10 -1.645521766119996743e-08 3.048627947997659520e-10 -2.728549086077910751e-10 -4.537900162353530782e-09 -9.149669373162804677e-09 7.627292311119403759e-11 -1.805026000088938705e-10 -6.536359016776460129e-10 -1.519042569445632891e-09 1.914451729024688085e-09
1.068144877931138659e+00 1.103327329601253296e-09 7.560059296762963331e-10 4.538659172499522101e-10 -5.413271105683757134e-09 -3.039222749066074028e-09 6.429644025386591782e-11 6.153888882945174616e-11 -2.509346689065666167e-09 -1.561363627853701346e-09 1.641080863396832528e-10 8.513763872554739887e-12 -2.481924778351280395e-09 1.048273563372480164e-09 -7.699015706261290529e-10
