# Columns: ('k', 'P')
5.345493089407682419e-03 1.437123524305555475e+04
9.344366739594166943e-03 1.625103024193548299e+04
1.312833575873958818e-02 1.272134438775510171e+04
1.700891779646987109e-02 1.272584404761904807e+04
2.135270783943789275e-02 1.269491714285714261e+04
2.564347439342075027e-02 1.261743444444444503e+04
2.962205054058980949e-02 1.284542524916943512e+04
3.361537140302770649e-02 1.077715748031495968e+04
3.793950633336700545e-02 9.119837127845885334e+03
4.227894994616508695e-02 8.226571200000000317e+03
4.633325468672155889e-02 7.467660493827160280e+03
5.038752484052157893e-02 7.202496141124586757e+03
5.464179025701254577e-02 6.645526170798898420e+03
5.886817576171304162e-02 6.244810248198558838e+03
6.290140616743733482e-02 6.464162471395881767e+03
6.703999982739437813e-02 5.750972438585979944e+03
7.134254604642074893e-02 5.513147770016120376e+03
7.561818311969153994e-02 5.301359232613908716e+03
7.973924982214039558e-02 4.961752638825149006e+03
8.385356877962653332e-02 4.723006754072308468e+03
8.809929214337092196e-02 4.464623381169058121e+03
9.230415729057904473e-02 3.932011367435639841e+03
9.643309047658384092e-02 3.674850045440775375e+03
1.005689403076158450e-01 3.661243197755960864e+03
1.047818677762802908e-01 3.455528254916604510e+03
1.090277847809041356e-01 3.215166163141993820e+03
1.132170039508717807e-01 3.154953673064195755e+03
1.174008294871188018e-01 3.037050190724753975e+03
1.215998224695146873e-01 3.057921516587677615e+03
1.257670529567683493e-01 2.919851238197042676e+03
1.299386816717305049e-01 2.860112629672320054e+03
1.340949335765710126e-01 2.755092495636998592e+03
1.382635144665005922e-01 2.610467468482828735e+03
1.424925284902303357e-01 2.484934255117256271e+03
1.466886314558672189e-01 2.441321574305646664e+03
1.508619291163366127e-01 2.324694299258539104e+03
1.550655720814744509e-01 2.276625859857759224e+03
1.592593054631499527e-01 2.152444760757691711e+03
1.634144798183441161e-01 2.075238826666666682e+03
1.675823816150099899e-01 2.077984778096273658e+03
1.718045808093531246e-01 1.998880186480186467e+03
1.760135070798979073e-01 1.966003460522721070e+03
1.801930856696074279e-01 1.956231182337396831e+03
1.843742315857553882e-01 1.898256717411197087e+03
1.885797910080431738e-01 1.866096045633238191e+03
1.927656394953895236e-01 1.804462516272302764e+03
1.969014248243030341e-01 1.762580382462008174e+03
2.010715633173454087e-01 1.747406591894309486e+03
2.052920281681521186e-01 1.734671133004926105e+03
2.095172134954577381e-01 1.656522462352718776e+03
2.136973926115405542e-01 1.625523596899224913e+03
2.178750580088065492e-01 1.577617051094890485e+03
2.220823861956562617e-01 1.575708805776499048e+03
2.262696194198526023e-01 1.530313553274414062e+03
2.304259489101245229e-01 1.524349662969056908e+03
2.345870463846415066e-01 1.475475950526797988e+03
2.388019837064606632e-01 1.458933230338434896e+03
2.430077036534963875e-01 1.438687110730756331e+03
2.471758823520590620e-01 1.415258312255690953e+03
2.513692271335918882e-01 1.415430747013259861e+03
2.555723892733414715e-01 1.388842732770081966e+03
2.597674079539822323e-01 1.371325287308975703e+03
2.639178238801485610e-01 1.345310251688152221e+03
2.680749044740857179e-01 1.313573030220739383e+03
2.723023151079725368e-01 1.306406803475688776e+03
2.765128983200950685e-01 1.298255035534116359e+03
2.807027537381580062e-01 1.276790019328764629e+03
2.848857026249724811e-01 1.272790647507045605e+03
2.890807262117984777e-01 1.239105202388414227e+03
2.932785946948970324e-01 1.225980982256641482e+03
2.974321087309398370e-01 1.215664631612593894e+03
3.016123743882810904e-01 1.194757097215883277e+03
3.058101292111336522e-01 1.200193623849083679e+03
3.100168993294901143e-01 1.170205056099170633e+03
3.142092030053749707e-01 1.169987833090566482e+03
3.183867557675504334e-01 1.148020124817859369e+03
3.225872781332082551e-01 1.145628834601521930e+03
3.267666109043823597e-01 1.127322891629909464e+03
3.309328770241455886e-01 1.120682436397968786e+03
3.351106074107195187e-01 1.106346120204923182e+03
3.393095620710060434e-01 1.112236001250210393e+03
3.435164896197421824e-01 1.085558216993834549e+03
3.477107812306902690e-01 1.082618075936496325e+03
3.518857617074659383e-01 1.068318333446796942e+03
3.560773577310688554e-01 1.068439249273525775e+03
3.602869550449780967e-01 1.044616719276772073e+03
3.644651285618699665e-01 1.051067211414297617e+03
3.686396944457170921e-01 1.037677406090013847e+03
3.728293470315630076e-01 1.032117724947336910e+03
3.770363921861874523e-01 1.015325002436884802e+03
3.812363453093803867e-01 1.018620179242555764e+03
3.854150971210312249e-01 1.012116750982641520e+03
3.896036578152083374e-01 9.961860962172719383e+02
3.937795161075864914e-01 9.980742373065043012e+02
3.979440095093054186e-01 9.958575523940102130e+02
4.021139069446590386e-01 9.828878419190612021e+02
4.063125452039867413e-01 9.734703197884915653e+02
4.105412315868290918e-01 9.661169275049469434e+02
4.147348487769681458e-01 9.585889753460562588e+02
4.189107045044477284e-01 9.566580716954136960e+02
4.230974437456921922e-01 9.468168811919805421e+02
4.272931011032126136e-01 9.466183183962623389e+02
4.314914587673138180e-01 9.388377679065523580e+02
4.356511643511531418e-01 9.274378501112887534e+02
4.398424702607344750e-01 9.317350182868690354e+02
4.440501074980069407e-01 9.120940580679118739e+02
4.482267968899237842e-01 9.128652172096327604e+02
4.524052929840755577e-01 9.037254049620668184e+02
4.566090347930675253e-01 9.038680916030534718e+02
4.608167319022857811e-01 8.940956593862317732e+02
4.649806979855051203e-01 8.935056780401309879e+02
4.691538386770017222e-01 8.873463823749256107e+02
4.733478629909182445e-01 8.796912696535498526e+02
4.775500538217637980e-01 8.815427478031955388e+02
4.817339644282710998e-01 8.730064850843061777e+02
4.859144464692263798e-01 8.665703620841918564e+02
4.901252990058800885e-01 8.644336998369809635e+02
4.943123444065962158e-01 8.591048799843582628e+02
4.984736335014697817e-01 8.570968785708628275e+02
5.026590164608074618e-01 8.551495803126479132e+02
5.068609875937976073e-01 8.482077753077048783e+02
5.110594965365916620e-01 8.423370824921759095e+02
5.152492140965455603e-01 8.380546859395533374e+02
5.194329442812991582e-01 8.350290907202574999e+02
5.236343964239100757e-01 8.296753054162841181e+02
5.278273205415198177e-01 8.282967375829235834e+02
5.319960279023402405e-01 8.222367928730512858e+02
5.361714592099571242e-01 8.181745773763758507e+02
5.403746330902056139e-01 8.119559872024910874e+02
5.445761264886261888e-01 8.129785996064512119e+02
5.487504490749764985e-01 8.062429155096813247e+02
5.529407179677009454e-01 8.062063585436708308e+02
5.571409157079509900e-01 8.019669017072795896e+02
5.613298693710127019e-01 7.943838030347216090e+02
5.655062246218995892e-01 7.970904995292439708e+02
5.696867424029971039e-01 7.888794223950687865e+02
5.738956954203543459e-01 7.820430076781404978e+02
5.780928920821047923e-01 7.854704821349172335e+02
5.822632071880226023e-01 7.818823782816526773e+02
5.864430803127811398e-01 7.796210649142282136e+02
5.906376733072625784e-01 7.688133618240458418e+02
5.948356627105599870e-01 7.666331320523592012e+02
5.990145239901687457e-01 7.634345997531620469e+02
6.031829950841108845e-01 7.648247539887998983e+02
6.073740526175752663e-01 7.613154498177179903e+02
6.115768023320514724e-01 7.560489130030291562e+02
6.157710000000914397e-01 7.520091323528329212e+02
6.199632023912512446e-01 7.494681442453535283e+02
6.241630060990407403e-01 7.470948142331989175e+02
6.283593402461892241e-01 7.430466775564465252e+02
6.325410955997395890e-01 7.417170109057755099e+02
6.367142920629192959e-01 7.371680177725036174e+02
6.409035099394975177e-01 7.374844094894625641e+02
6.451032402190634008e-01 7.304191413632144076e+02
6.492879941711476866e-01 7.316080251235172227e+02
6.534659541563927476e-01 7.280579092258499259e+02
6.576591076962554627e-01 7.229661319073084087e+02
6.618529307405217610e-01 7.203824173858605491e+02
6.660240791386257131e-01 7.192421356384829778e+02
6.702067828716186115e-01 7.151435611914914716e+02
6.744172070879622671e-01 7.124364716552736354e+02
6.786118453466847278e-01 7.091077166986798375e+02
6.827984616056306244e-01 7.093340650556845048e+02
6.869817177358829019e-01 7.055643301485251868e+02
6.911718524128840357e-01 7.022266193114112411e+02
6.953555746427921846e-01 6.995964831635235441e+02
6.995344561305086861e-01 6.970009274590466930e+02
7.037287066792784485e-01 6.958109564461797163e+02
7.079143033440539190e-01 6.884872743093321787e+02
7.121186686741065586e-01 6.894580495026247036e+02
7.163134555705721329e-01 6.833896941034963675e+02
7.204913713645887396e-01 6.832120380386522811e+02
7.246803275165087932e-01 6.802167740288201685e+02
7.288763115175647123e-01 6.785114477850171397e+02
7.330585840505703388e-01 6.754467102127191538e+02
7.372316440474646626e-01 6.716299958416116169e+02
7.414228560306842519e-01 6.715599876047122052e+02
7.456189213758863676e-01 6.692348131718478044e+02
7.498104337627916616e-01 6.664408013485090123e+02
7.539974189770904944e-01 6.629112016553541480e+02
7.581896411468850294e-01 6.612995383221668817e+02
7.623808615479977790e-01 6.564992464114257018e+02
7.665651159623174671e-01 6.580463552573471588e+02
7.707536355579491794e-01 6.531119905509884802e+02
7.749462413082437440e-01 6.514926357685938001e+02
7.791369682448587852e-01 6.493996528401268051e+02
7.833258353347896108e-01 6.461091478314683627e+02
7.875159900600451346e-01 6.421623157904203936e+02
7.917084457625156446e-01 6.426113385756609659e+02
7.958821468706197555e-01 6.390397542929932797e+02
8.000624692379799674e-01 6.369789143386848309e+02
8.042564613727184453e-01 6.327062227654143953e+02
8.084384822996342201e-01 6.291785036844831893e+02
8.126333810499198895e-01 6.310116773136703614e+02
8.168271958201180905e-01 6.266669684357881351e+02
8.210214995694952167e-01 6.221649864856500471e+02
8.252154145000215602e-01 6.198262869345599029e+02
8.294030907808404018e-01 6.186848295406171019e+02
8.335906150371191758e-01 6.196378641285293725e+02
8.377685032221774408e-01 6.155161749405025375e+02
8.419567297582307708e-01 6.114116587554713078e+02
8.461556544987137718e-01 6.110607846111364552e+02
8.503430790983292908e-01 6.093192859550757703e+02
8.545245840949285965e-01 6.067594995809430429e+02
8.587196449246210506e-01 6.041757365384107743e+02
8.629074348139629258e-01 6.032301440263224777e+02
8.670852844200982457e-01 6.006708754115031752e+02
8.712764316473343706e-01 5.969171778802859762e+02
8.754762476624626810e-01 5.956219239130040251e+02
8.796707865602606535e-01 5.927574542133138493e+02
8.838562222970675064e-01 5.933524170521028509e+02
8.880381764417510926e-01 5.889059173211749112e+02
8.922270316229049536e-01 5.870415464492176625e+02
8.964225585562245469e-01 5.846698083438229787e+02
9.006049913569987853e-01 5.837623384304623642e+02
9.047836582182254839e-01 5.791346193905741302e+02
9.089780964569278421e-01 5.783865716986908865e+02
9.131704587403689510e-01 5.758861923561528329e+02
9.173547920329833127e-01 5.753720935628321058e+02
9.215425617950214754e-01 5.712198254146484260e+02
9.257400405750663142e-01 5.709015542697849241e+02
9.299303352268617484e-01 5.672042517729231577e+02
9.341108300097852313e-01 5.648472307145624427e+02
9.382896253999645220e-01 5.632117083982154782e+02
9.424819561228944265e-01 5.615122441000296476e+02
9.466849863120379016e-01 5.588007851261521637e+02
9.508714331057195324e-01 5.567071368197481434e+02
9.550563230073290111e-01 5.568212030788535003e+02
9.592513211539739348e-01 5.529026161338850898e+02
9.634451052878124644e-01 5.505526611158421701e+02
9.676230540453005791e-01 5.494262224819792664e+02
9.718094297475188270e-01 5.453333765319556505e+02
9.760091362076940280e-01 5.446445727543567727e+02
9.802075838006468755e-01 5.441764717796186233e+02
9.843901124947946890e-01 5.409918414410647074e+02
9.885650797815361823e-01 5.375716540196854112e+02
9.927561705083151056e-01 5.355646414288994492e+02
9.969400597939003239e-01 5.348127793691432998e+02
1.001125867816581083e+00 5.320569440543298469e+02
1.005315482813002204e+00 5.310447075112494986e+02
1.009503724426713545e+00 5.266510314281417777e+02
1.013699103815393299e+00 5.250434277241113250e+02
1.017885842421875964e+00 5.252317700952088444e+02
1.022076284359184406e+00 5.228510473793520532e+02
1.026273875264014812e+00 5.213169171747039172e+02
1.030463237552156075e+00 5.180902650540333525e+02
1.034646639530784062e+00 5.167233918909367958e+02
1.038830480088573260e+00 5.137815224217738432e+02
1.043023229532383578e+00 5.130256889064451116e+02
1.047211320931656031e+00 5.095682800511019650e+02
1.051395396220772938e+00 5.070883233797776484e+02
1.055587561333155788e+00 5.069879643458443184e+02
1.059780855230085139e+00 5.039162196476355007e+02
1.063968553353427993e+00 5.019623049842504656e+02
1.068144877931138659e+00 4.991341163280710589e+02
1.072333631721394287e+00 4.995185605062593481e+02
1.076529250989757935e+00 4.971914199305349484e+02
1.080715398019409967e+00 4.944588406510554250e+02
1.084904936652320240e+00 4.925476975206258317e+02
1.089093298629248752e+00 4.894358288455243837e+02
1.093287964081373520e+00 4.879221553958241202e+02
1.097481084425870668e+00 4.867700870405515161e+02
1.101662775046244880e+00 4.843002213403412952e+02
1.105848288301073179e+00 4.828217205200456306e+02
1.110043792652057215e+00 4.814598731231959619e+02
1.114237022246535647e+00 4.791290522524471385e+02
1.118420804053559481e+00 4.778275414364023277e+02
1.122606627889955133e+00 4.754929672321090379e+02
1.126802895000778904e+00 4.732403537277139094e+02
1.130994973190692976e+00 4.724055491319372777e+02
1.135175530355129858e+00 4.696248709438326046e+02
1.139357857233193494e+00 4.682107636147745211e+02
1.143548829888810126e+00 4.660858229408615330e+02
1.147744097134298924e+00 4.638754564641677121e+02
1.151930256695038679e+00 4.623534875676770071e+02
1.156114230090140582e+00 4.600015468195091444e+02
1.160308690298018641e+00 4.597735480924045532e+02
1.164501699317697536e+00 4.570152892331871044e+02
1.168678957480829395e+00 4.551908263096839278e+02
1.172865667672344125e+00 4.535034851418640187e+02
1.177061142727866105e+00 4.521313153103748164e+02
1.181252180195633050e+00 4.499174170604277379e+02
1.185442696108527150e+00 4.469234989308270087e+02
1.189630150035091871e+00 4.474335735663455011e+02
1.193820874976702973e+00 4.441183192882521098e+02
1.198003140555066404e+00 4.426042792973215114e+02
1.202184526614288318e+00 4.394287733362681365e+02
1.206372134536291885e+00 4.387657481941532183e+02
1.210565320825467195e+00 4.363434313894907746e+02
1.214760708325205663e+00 4.345333234941845149e+02
1.218950145227777559e+00 4.337466636839246235e+02
1.223140776522191553e+00 4.316123723179546232e+02
1.227332562681608952e+00 4.296700895232410176e+02
1.231523790821133169e+00 4.294235505854280177e+02
1.235709673226760064e+00 4.256808382256115237e+02
1.239894103466915531e+00 4.250972450474957327e+02
1.244085198015228100e+00 4.231684714931132021e+02
1.248274615313672120e+00 4.203186106231056556e+02
1.252460261590602197e+00 4.199398181019035405e+02
1.256641779403912418e+00 4.164747483538871506e+02
1.260830491714778789e+00 4.155727844946543996e+02
1.265024812591575731e+00 4.135042901695625801e+02
1.269212806706549124e+00 4.123272669923692888e+02
1.273398716056856061e+00 4.110075054182809708e+02
1.277589928238672679e+00 4.083055886236044216e+02
1.281783326752581775e+00 4.084059137183803045e+02
1.285972078937059448e+00 4.064509273054113123e+02
1.290156577631410562e+00 4.045881367117771674e+02
1.294343803630449541e+00 4.013689136798402046e+02
1.298534695243567683e+00 4.001596871942670077e+02
1.302723869349531549e+00 3.980644505117431891e+02
1.306913841358269268e+00 3.958868555239867533e+02
1.311100232127344833e+00 3.949337148679684901e+02
1.315291375153139652e+00 3.925605226705621362e+02
1.319485426805764527e+00 3.912470544404600901e+02
1.323671688006123892e+00 3.901275982784637790e+02
1.327849159274065993e+00 3.874579654510556566e+02
1.332037723607804036e+00 3.862113118580546711e+02
1.336229683007175373e+00 3.849083641579580899e+02
1.340410982224631065e+00 3.840223453608648470e+02
1.344604972292623879e+00 3.822105096301083904e+02
1.348801087477393468e+00 3.804290166359219825e+02
1.352988930115230026e+00 3.780682311421830377e+02
1.357177622129659866e+00 3.767075029601587630e+02
1.361366864361913454e+00 3.749636426368467710e+02
1.365558447411116649e+00 3.728514926411095871e+02
1.369749214745741295e+00 3.721220141055908357e+02
1.373933124159338881e+00 3.697943238780662796e+02
1.378123855409371767e+00 3.684008601266705227e+02
1.382318653027508670e+00 3.678004348403808308e+02
1.386505837888620807e+00 3.651788199116454052e+02
1.390689420555323297e+00 3.634804223855678060e+02
1.394878115792794526e+00 3.617430738999006508e+02
1.399063630701236960e+00 3.600988522499022793e+02
1.403246366557702185e+00 3.583402634021239805e+02
1.407435249785259135e+00 3.572058291136829666e+02
1.411625034538625423e+00 3.560345736453639915e+02
1.415821115442740474e+00 3.535794326408703796e+02
1.420010285197888189e+00 3.520153259045268328e+02
1.424194862862244948e+00 3.502180983160869232e+02
1.428388059388597808e+00 3.493022209527505879e+02
1.432582242452475452e+00 3.481282838788620211e+02
1.436769793183754862e+00 3.457660983937836932e+02
1.440952501781323170e+00 3.448574450341065472e+02
1.445144832313955741e+00 3.425731403973210263e+02
1.449337788447135233e+00 3.418389698116675390e+02
1.453520728297142073e+00 3.409027999962950730e+02
1.457704360059781656e+00 3.389710163040689395e+02
1.461898058354390573e+00 3.371124044794496513e+02
1.466097031084687918e+00 3.360649181848929743e+02
1.470274952456834816e+00 3.341372641712148948e+02
1.474457374041747926e+00 3.323314157318305888e+02
1.478652317257242110e+00 3.312793265422849345e+02
1.482842787845669585e+00 3.301979060152328884e+02
1.487032705956168765e+00 3.282164147299810679e+02
1.491219101446579653e+00 3.265507702936096734e+02
1.495407229203066457e+00 3.250237181927688539e+02
1.499589623795763549e+00 3.235590850684902762e+02
1.503776122896453238e+00 3.224511431770948207e+02
1.507964969822873424e+00 3.203068034537297422e+02
1.512158859640292174e+00 3.192267856122524563e+02
1.516354485238609939e+00 3.179068401889212510e+02
1.520541490280819197e+00 3.164295883447907158e+02
1.524727857268060704e+00 3.145349798196816096e+02
1.528916651621438971e+00 3.135352327703618016e+02
1.533109491278655589e+00 3.124324362812985783e+02
1.537296695428149729e+00 3.100573567413169940e+02
1.541477395568062736e+00 3.091516447271549168e+02
1.545670162131141945e+00 3.080107020702384375e+02
1.549867226858335334e+00 3.063742550101114830e+02
1.554052101687437348e+00 3.052367156921230844e+02
1.558237003997116732e+00 3.035090668853130182e+02
1.562430243406512709e+00 3.022675066141870843e+02
1.566622816408262064e+00 3.006222260648372639e+02
1.570807075718620327e+00 2.992148019580150162e+02
1.574993417862886380e+00 2.978971687388468013e+02
1.579187280664332116e+00 2.965148122926430005e+02
1.583378839632388679e+00 2.949665746573609795e+02
1.587563618515538177e+00 2.937815038069306866e+02
1.591746879414970728e+00 2.925254784772216112e+02
1.595936200566555163e+00 2.908451145782171920e+02
1.600127046494542959e+00 2.897171569574994123e+02
1.604312306321297177e+00 2.885060544120951818e+02
1.608492535323062578e+00 2.872065308137854345e+02
1.612683108451734348e+00 2.856040772084433002e+02
1.616882721484784735e+00 2.846894293483184697e+02
1.621073596855042043e+00 2.837468994512387894e+02
1.625260697959964640e+00 2.823466090889788802e+02
1.629451580346186867e+00 2.806388218480554997e+02
1.633641961780497809e+00 2.792989735151639934e+02
1.637828286974475578e+00 2.780328366328018319e+02
1.642014461063480368e+00 2.763180492394218390e+02
1.646203964495890792e+00 2.752768484206993094e+02
1.650395669041056168e+00 2.745846636888018679e+02
1.654579815087334316e+00 2.727314301611638143e+02
1.658763768266129590e+00 2.710259420303084994e+02
1.662959260542529627e+00 2.701437595281974495e+02
1.667147921849807313e+00 2.688705461377290362e+02
1.671327380380188687e+00 2.676367440056989722e+02
1.675518678975576492e+00 2.666790302542355562e+02
1.679713714701155824e+00 2.657389596751124827e+02
1.683901613036909994e+00 2.641907767329967101e+02
1.688088249015482045e+00 2.631462938301873464e+02
1.692278022732293330e+00 2.621202213068805236e+02
1.696471941469795741e+00 2.607885236649069611e+02
1.700658045684455999e+00 2.588325530164985366e+02
1.704841794296464208e+00 2.579890043934410642e+02
1.709033922101610203e+00 2.566902235700764550e+02
1.713226380494573320e+00 2.557663059772165184e+02
1.717416515670760147e+00 2.543162878376065805e+02
1.721601575417246677e+00 2.530496801461864891e+02
1.725791926777759278e+00 2.519069360776360895e+02
1.729983831035190933e+00 2.510874190222760660e+02
1.734168346783132808e+00 2.496598367625343826e+02
1.738351841346799986e+00 2.481980411700413640e+02
1.742539577595474620e+00 2.474149641231989278e+02
1.746734554749637125e+00 2.463616932123070171e+02
1.750924186608118438e+00 2.451210474096345422e+02
1.755108602084327618e+00 2.438508148952938370e+02
1.759295034493173260e+00 2.428610668031562341e+02
1.763486010729576448e+00 2.422773812160343425e+02
1.767679145233215232e+00 2.406665862956741648e+02
1.771867157550218508e+00 2.394609873242534945e+02
1.776054216617759529e+00 2.384894529033834090e+02
1.780245923416458265e+00 2.370795182503714784e+02
1.784436492892171211e+00 2.363310546506453704e+02
1.788626354921981632e+00 2.347580619990810931e+02
1.792811392089806333e+00 2.336752737106210134e+02
1.796997643707510584e+00 2.327261025873416429e+02
1.801189175797128561e+00 2.316200998604296046e+02
1.805374889086017065e+00 2.308048172094679558e+02
1.809560897992754214e+00 2.296726949075814730e+02
1.813748057956913851e+00 2.288724966922814872e+02
1.817942910234812137e+00 2.273026575933945139e+02
1.822136701581300811e+00 2.264765243406828006e+02
1.826320880591992823e+00 2.253229933965988323e+02
1.830508011455946216e+00 2.245031911695013775e+02
1.834699353143709022e+00 2.233220610006427762e+02
1.838887198300723114e+00 2.222927379397352468e+02
1.843069282308386736e+00 2.215974348594292564e+02
1.847261866430534916e+00 2.201703506572532376e+02
1.851456042624079590e+00 2.193610260871126343e+02
1.855643045252892920e+00 2.184202048534126561e+02
1.859829645980425994e+00 2.176375072023868427e+02
1.864018878568365789e+00 2.163768319625821448e+02
1.868207498273631639e+00 2.156732739772198784e+02
1.872391908803826777e+00 2.144523954066268061e+02
1.876580554756707375e+00 2.135266083350953181e+02
1.880773071242444416e+00 2.129799023642003135e+02
1.884967666175008105e+00 2.117628241982253599e+02
1.889155970357456971e+00 2.107172116528175820e+02
1.893343540350098220e+00 2.097186029341401650e+02
1.897532239245619312e+00 2.089753837620919512e+02
1.901720307487648309e+00 2.077242074796863278e+02
1.905907047003916333e+00 2.070610273924561398e+02
1.910089405107282312e+00 2.060267424187317999e+02
1.914280408812974343e+00 2.050298779963424067e+02
1.918475631162388506e+00 2.042633932257284926e+02
1.922662528795225478e+00 2.030409857601154613e+02
1.926849351779634567e+00 2.022847585536889312e+02
1.931038581703705237e+00 2.016065771046682471e+02
1.935228841358232144e+00 2.004090197693881805e+02
1.939419415046742090e+00 1.998835952203302782e+02
1.943604816234503430e+00 1.988561733024093883e+02
1.947795772410824355e+00 1.981001844493954138e+02
1.951985447950053798e+00 1.971858265370448748e+02
1.956173168634372406e+00 1.963843307991029974e+02
1.960361014675556124e+00 1.954066614542611546e+02
1.964548088096554679e+00 1.945807919383538263e+02
1.968738793663139752e+00 1.936403452512832359e+02
1.972926678481252027e+00 1.926165837681763264e+02
1.977116983196353095e+00 1.919149133449305964e+02
1.981307087080972584e+00 1.911707850052850972e+02
1.985496567801383838e+00 1.903961589461172252e+02
1.989685493389416804e+00 1.897115325314977383e+02
1.993869696337085884e+00 1.888521116303814722e+02
1.998058833607485374e+00 1.877184679731662982e+02
2.002246261934327531e+00 1.870811909561739412e+02
2.006427908918351655e+00 1.866668778116489591e+02
2.010616306813330478e+00 1.856761610979170598e+02
2.014806084384726859e+00 1.846925500420417166e+02
2.019000567367017052e+00 1.843274714579108604e+02
2.023195429959193881e+00 1.835633696372723875e+02
2.027381954680245624e+00 1.827370979614891269e+02
2.031572808679554587e+00 1.816921612666803867e+02
2.035763016772660805e+00 1.813483136669236728e+02
2.039950245986236421e+00 1.802139400384446333e+02
2.044137728848704150e+00 1.793990326909793396e+02
2.048327557655818421e+00 1.790102785386214919e+02
2.052519261718513732e+00 1.780994937012406751e+02
2.056704270133729473e+00 1.776807814398114544e+02
2.060890703246815114e+00 1.766800895324351757e+02
2.065084344553849593e+00 1.760829744828331229e+02
2.069276034716736490e+00 1.752190698786982352e+02
2.073457293758373510e+00 1.746868235442937305e+02
2.077643244750767781e+00 1.741158261078391831e+02
2.081839133714620260e+00 1.734714329730922486e+02
2.086027924280811519e+00 1.727625892711895972e+02
2.090209270090675364e+00 1.721072267369101496e+02
2.094396473723341146e+00 1.713582925118011815e+02
2.098592574860953963e+00 1.707774445573921582e+02
2.102781065127938831e+00 1.703097664792128967e+02
2.106962405958119344e+00 1.694606195445818742e+02
2.111149952742659597e+00 1.686917456787172114e+02
2.115345634217440374e+00 1.679714366320336296e+02
2.119540211254510087e+00 1.674580857909480187e+02
2.123726591093939575e+00 1.670789429464137754e+02
2.127912758457529918e+00 1.662295826571704538e+02
2.132101886295742155e+00 1.658262014766151538e+02
2.136292447748215473e+00 1.649954415839379465e+02
2.140479861487419200e+00 1.643681176481352111e+02
