# Columns: ('k', 'S1', 'S2', 'S3', 'S4', 'S5', 'S6', 'S7', 'S8', 'S9', 'S10', 'S11', 'S12', 'S13', 'S14')
5.345493089407682419e-03 -2.963338487413194002e+02 3.470760416666666424e+04 4.043211805555555429e+02 -3.906859809027777715e+02 -7.769660373263888005e+02 2.737836631944444161e+04 -5.615881008572048216e+01 -8.140859375000000000e+02 -7.207866753472221717e+02 2.204899826388888687e+04 -1.195537380642361001e+02 -7.222303059895832575e+02 -2.283744032118055429e+02 -2.276798231336805429e+02
9.344366739594166943e-03 -1.869477696572580498e+02 -2.835887096774193310e+02 -2.799761844758064626e+02 -3.867874243951612812e+01 -2.560128528225806122e+02 2.682141381048386847e+03 1.151330960181451601e+01 -2.531759702620967687e+02 -1.619237808719757936e+02 3.893203125000000000e+03 -1.237057869203628968e+02 -1.565593182963709751e+02 -7.172519216229838435e+01 -7.475971837197580783e+01
1.312833575873958818e-02 -1.416817283163265301e+03 2.878605612244897566e+04 1.859285873724489647e+03 -2.034256696428571331e+03 -2.401394132653061206e+03 2.394335714285714130e+04 1.789823820153061149e+02 -2.776929528061224119e+03 -1.445019929846938567e+03 1.930366709183673447e+04 -5.327848772321427759e+02 -1.432957110969387713e+03 -3.525297751913265074e+02 -3.497166374362244596e+02
1.700891779646987109e-02 -2.181042261904762199e+03 5.597523809523809905e+04 -1.250522321428571558e+03 -1.708518750000000182e+03 -6.371644642857143481e+03 3.453758809523809759e+04 -7.781857142857143117e+02 -5.981547619047619264e+03 -5.526934523809524762e+03 2.481798095238095630e+04 -6.488547619047619719e+02 -5.507151190476191005e+03 -1.638258630952381054e+03 -1.669276488095238165e+03
2.135270783943789275e-02 -9.430258035714285825e+02 2.986668000000000029e+04 -1.599585892857142881e+03 -3.469483258928571701e+01 -3.075730357142856974e+03 1.719608142857142957e+04 -5.113509821428571627e+02 -2.352262499999999818e+03 -2.034618928571428569e+03 1.241532571428571464e+04 -3.754860714285714494e+02 -1.926416607142857174e+03 -3.941214285714285666e+02 -4.578820535714285711e+02
2.564347439342075027e-02 -3.019607638888888914e+02 2.591019111111111124e+04 -1.711175416666666706e+03 4.690229166666666742e+02 -1.622437777777777683e+03 1.404935333333333256e+04 -7.497070138888889232e+02 -9.615983333333333576e+02 -1.181004722222222199e+03 9.786983333333333576e+03 -4.664645486111111268e+02 -1.267969166666666752e+03 -3.145690972222222399e+02 -4.193055555555555429e+02
2.962205054058980949e-02 -2.228239202657807283e+01 2.136117940199335408e+03 1.767633305647840643e+03 8.712296511627906739e+02 -4.634309593023256184e+02 4.914156146179401730e+03 4.807708160299003453e+02 6.321785714285714448e+02 -2.318536129568106503e+02 4.522819352159468508e+03 5.542511939368770868e+01 2.767099252491694372e+01 -4.071083367940199338e+01 -7.609156976744186807e+01
3.361537140302770649e-02 -1.638390440452755854e+02 1.380917585301837244e+04 -1.355378608923884485e+03 7.953719652230970496e+02 -1.927619422572178564e+03 7.691952755905511367e+03 -1.586605971128608985e+02 -1.256793963254593109e+03 -1.538149934383201980e+03 4.958532808398949783e+03 5.329826935695538026e+01 -1.638666994750656158e+03 -3.607587762467191510e+02 -4.641277066929133639e+02
3.793950633336700545e-02 4.571084719789842552e+02 9.286208406304727760e+03 -9.539666155866900681e+02 2.063963222416812641e+03 1.051662215411558691e+03 5.455147985989492554e+03 -6.026491900175130922e+02 2.280317206654991423e+03 8.449900394045533858e+02 3.332606830122591873e+03 -2.292049584063047405e+02 9.891004816112084654e+02 2.038231173380034988e+02 1.544085485989492099e+02
4.227894994616508695e-02 5.182180500000000620e+02 1.884018879999999990e+04 -3.844038400000000365e+03 1.956487200000000030e+03 -2.778464999999999918e+02 1.057868159999999989e+04 -1.586182300000000168e+03 4.380939999999999941e+02 -6.059109500000000708e+02 6.758116800000000694e+03 -5.407003500000000713e+02 -8.354299000000000888e+02 -1.590558875000000114e+02 -2.952657000000000380e+02
4.633325468672155889e-02 -5.377841220850480113e+02 1.073443278463648676e+04 -1.595489711934156276e+03 9.909205246913579685e+02 -2.395378086419752890e+03 6.969196159122084282e+03 -9.049497599451302676e+02 -1.345908093278463639e+03 -2.407841735253772185e+03 4.455955418381344316e+03 -3.554885116598079549e+02 -2.296935871056241467e+03 -7.161403892318243152e+02 -7.787175925925924957e+02
5.038752484052157893e-02 2.800544377067254800e+02 7.356652701212789907e+03 -1.156066565600882086e+03 2.072007993384785095e+03 3.333945700110253370e+02 4.957028665931642536e+03 -6.884691979051818862e+02 1.209878996692392548e+03 -1.537397326350606477e+02 3.132992282249173059e+03 -2.070701832965821438e+02 -2.838939153803748923e+02 -1.206473349641675838e+02 -2.205284247519294354e+02
5.464179025701254577e-02 9.689126492194674256e+02 8.553947658402203160e+03 -2.483487373737373673e+03 2.634834940312212893e+03 9.552654958677685499e+02 4.999264921946740287e+03 -1.060906565656565590e+03 2.000495179063360865e+03 2.381850321395776007e+02 2.856722681359045055e+03 -1.722374598255279921e+02 1.839656795224977088e+02 4.727040289256198236e+01 -2.596415863177226768e+01
5.886817576171304162e-02 1.496732485988791041e+03 9.350413931144916205e+03 -3.007100480384307048e+03 3.311213370696556922e+03 1.736915132105684506e+03 6.045737389911929313e+03 -1.588151120896717202e+03 2.815550640512409700e+03 5.356841473178542401e+02 3.493277021617293485e+03 -5.510867694155324443e+02 2.627019865892714279e+02 1.217253803042433802e+01 -1.682360513410728515e+02
6.290140616743733482e-02 1.844754958047292348e+03 5.694838672768879405e+03 -2.035805873379099921e+03 4.356777269260106550e+03 3.904308543096872654e+03 3.852090770404271552e+03 -1.123502097635392829e+03 5.877017925247902895e+03 2.829077993897788019e+03 2.024599160945842868e+03 -2.397423245614035068e+02 3.194636727688787232e+03 7.800708428680396764e+02 7.768430587337910538e+02
6.703999982739437813e-02 3.775636234272019465e+02 6.571843019772319167e+03 -1.926868184541641767e+03 1.966209107249850149e+03 -3.912673382264829343e+02 4.503899640503295814e+03 -1.092936863391252245e+03 6.038350808867585329e+02 -9.411485170760935262e+02 2.601668963451168565e+03 -2.900655332534452100e+02 -1.100340698022768038e+03 -3.530363241461953407e+02 -4.619251048532055393e+02
7.134254604642074893e-02 1.342485760343901120e+03 7.230188070929608330e+03 -2.617536002149382057e+03 3.147912412681354454e+03 2.180922353573347664e+03 4.652290166577109630e+03 -1.330486835034927481e+03 2.766178398710370857e+03 8.145071869962386018e+02 2.583140784524449373e+03 -3.627928533046749067e+02 3.284153009134873855e+02 4.293524986566362145e+01 -1.110187735088662038e+02
7.561818311969153994e-02 -2.432096223021582659e+02 4.641662350119903749e+03 -1.187081774580335832e+03 2.151005275779376461e+03 -6.252278177458033497e+02 3.346147242206235205e+03 -7.914028177458034179e+02 1.091594244604316600e+03 -8.295049760191847099e+02 2.044687769784172815e+03 -2.933945443645084197e+02 -6.144687050359711975e+02 -2.654384892086330865e+02 -3.158784172661870571e+02
7.973924982214039558e-02 3.063581459385039125e+03 6.898114731528224183e+03 -3.633914410279945059e+03 4.998168884809545489e+03 6.177056906837999122e+03 4.271617255621845288e+03 -1.891840408444240438e+03 6.886721431849472538e+03 3.937304726938963086e+03 2.255135383203304173e+03 -6.977054268012850571e+02 3.457321018815970547e+03 8.612282010096374734e+02 6.942137448370812081e+02
8.385356877962653332e-02 5.186217719507350239e+02 6.124278903456495755e+03 -2.508285856177989444e+03 2.599625546285260043e+03 1.090670242352006426e+03 3.995371871275327976e+03 -1.431992848629320633e+03 2.131264600715137021e+03 2.597069924513309616e+02 2.176285458879618545e+03 -5.243049264998013541e+02 -4.402810885975367294e-01 -6.256312077870480692e+01 -2.007733164481525705e+02
8.809929214337092196e-02 1.535811865593279663e+03 4.122870493524676021e+03 -1.789765488274413656e+03 3.362191459572978601e+03 4.156644382219111321e+03 3.095674833741687053e+03 -1.150297164858242922e+03 4.546954847742386846e+03 2.717665733286664363e+03 1.779711060553027664e+03 -4.440021876093804849e+02 2.202582779138956994e+03 6.051448197409870318e+02 4.432390182009100386e+02
9.230415729057904473e-02 2.026658475426278756e+03 4.497825476429287846e+03 -2.182760448010698838e+03 4.031539618856569632e+03 4.560542962219992660e+03 3.132751253761283806e+03 -1.308319959879638873e+03 5.529928452022734746e+03 2.813306586425944261e+03 1.671509862922099501e+03 -4.794630558341691540e+02 2.645584587094616836e+03 5.798784269475091833e+02 4.912858575727181005e+02
9.643309047658384092e-02 2.097882156922144986e+03 4.076766434413813840e+03 -2.004088609512268931e+03 3.928229324447137060e+03 5.611576491972129588e+03 2.948243865495304362e+03 -1.277380945168130893e+03 6.229068767040290368e+03 4.007001514692517503e+03 1.661515601332929464e+03 -5.449063162677975924e+02 3.679456528324750252e+03 9.920246137534080617e+02 8.489483489851560307e+02
1.005689403076158450e-01 1.754813183730715309e+03 3.848850210378681822e+03 -2.175873913043478296e+03 3.773224403927069034e+03 4.630880224403927059e+03 2.822762692847124981e+03 -1.410712201963534426e+03 5.469391304347826008e+03 2.969784852734922879e+03 1.521411781206171099e+03 -5.875740532959326856e+02 2.733912201963534699e+03 6.336646563814866795e+02 5.259319775596072759e+02
1.047818677762802908e-01 2.198050286283295918e+03 4.047985063480209192e+03 -2.180081404032860519e+03 3.924970624844411304e+03 5.508806572068708192e+03 2.842356982823002454e+03 -1.373265247697286441e+03 5.820728404281801886e+03 3.507056011949215645e+03 1.501458675628578476e+03 -5.426961040577544964e+02 2.968584266865820155e+03 7.252139656460044534e+02 5.709830719442369400e+02
1.090277847809041356e-01 2.071693004880316039e+03 3.484195445038345497e+03 -1.939648733441784771e+03 3.876454798977457358e+03 5.925031373460376926e+03 2.567604462003253502e+03 -1.269106321171275795e+03 6.234983035091796410e+03 4.068917034627004341e+03 1.351646525679758270e+03 -5.016059725772716433e+02 3.583350220776202605e+03 9.281385080176620477e+02 7.929936091099233408e+02
1.132170039508717807e-01 2.643362011912640355e+03 3.808131480255900897e+03 -2.237473196558570180e+03 4.219076108537392429e+03 6.494969777189498927e+03 2.687099713214206986e+03 -1.404942863445841567e+03 6.897275093756893511e+03 4.433280388263842724e+03 1.426068056474740843e+03 -5.632726119567614660e+02 4.017199205823957527e+03 1.017952128833002348e+03 8.907908118243988156e+02
1.174008294871188018e-01 2.854144950813089963e+03 4.018956032925115323e+03 -2.411636619152780440e+03 4.544682593856655330e+03 6.977367596868099099e+03 2.765762698253362942e+03 -1.438115237904035439e+03 7.428121260791005625e+03 4.762904236097168905e+03 1.475944388676972494e+03 -5.886749146757679227e+02 4.367858662919092239e+03 1.109997189319413792e+03 9.784487050793013623e+02
1.215998224695146873e-01 2.668833744075829145e+03 3.151607772511848452e+03 -1.858403033175355404e+03 4.234048909952606664e+03 6.827981800947866759e+03 2.381556966824644405e+03 -1.241397251184834204e+03 7.108395071090047168e+03 4.628227867298578531e+03 1.296577725118483386e+03 -5.192390047393364512e+02 4.151512037914691973e+03 1.025370805687203756e+03 8.891592417061610831e+02
1.257670529567683493e-01 2.467330126492071940e+03 2.779505255656511508e+03 -1.603396757527169029e+03 4.031508284339925467e+03 6.631867450561197074e+03 2.190539640121147386e+03 -1.129591662212720394e+03 6.851740602173525986e+03 4.594213789417423868e+03 1.240298592553001981e+03 -5.079267771245323502e+02 4.108343844646356956e+03 1.047005790130055175e+03 9.069562622483520045e+02
1.299386816717305049e-01 1.510054338876996553e+03 2.354792853614358592e+03 -1.349760661946319715e+03 3.058527251770130079e+03 4.329624897085460361e+03 1.899190515396015144e+03 -9.719538942861847772e+02 4.608369175037048990e+03 2.741152642845381251e+03 1.038570146550304571e+03 -4.099905318623415269e+02 2.336550963280092219e+03 5.515014819693726622e+02 4.336084307590976437e+02
1.340949335765710126e-01 1.048481278756147958e+03 1.903377122005394313e+03 -1.130747659844518466e+03 2.537634301126448008e+03 3.380910994764398311e+03 1.563236554021894563e+03 -8.190834523242900786e+02 3.790105029351102985e+03 2.194699825479930496e+03 8.255356179597017672e+02 -3.162171188323021056e+02 1.946889259082976423e+03 4.606738854513724277e+02 3.876873710931303094e+02
1.382635144665005922e-01 2.054048108969714576e+03 2.242830314447181536e+03 -1.427029126213592235e+03 3.257798579915954178e+03 5.394488914650050901e+03 1.822867990146355623e+03 -1.026670337632227302e+03 5.299934502246051125e+03 3.489322127227937926e+03 9.947433705260107217e+02 -4.511629111722938887e+02 2.949200405738298741e+03 7.303222721344733372e+02 6.025588320533256592e+02
1.424925284902303357e-01 1.907320048800325139e+03 2.111806560932628145e+03 -1.286714924766165041e+03 3.181966653111020605e+03 5.161180425647281481e+03 1.668350820116578461e+03 -8.967076047173646884e+02 5.299498983326555390e+03 3.444615968550901016e+03 8.931872034702453220e+02 -3.642708418056120081e+02 3.033986173241154574e+03 7.401798834214449698e+02 6.332434594008403792e+02
1.466886314558672189e-01 2.137776095827300196e+03 2.169781361063577606e+03 -1.346001316309069352e+03 3.593171515071738668e+03 6.151640384362247460e+03 1.723121363696195658e+03 -9.379590627879425710e+02 6.397863367118598944e+03 4.428097933394760730e+03 9.611177438462550526e+02 -4.105803277609582551e+02 4.028350664736079580e+03 1.049414374095037374e+03 9.348888376990917095e+02
1.508619291163366127e-01 1.736892062720311287e+03 1.739126413030266121e+03 -9.831090312386046435e+02 2.999293059438434284e+03 5.520670475264373636e+03 1.502911753980795083e+03 -7.633453263644098570e+02 5.575457882581743434e+03 4.125327823021757467e+03 8.981858514646894491e+02 -3.644904582472346988e+02 3.688067825452777470e+03 1.020298529233013255e+03 8.991884040354929084e+02
1.550655720814744509e-01 1.851102949749329582e+03 1.633590532820333465e+03 -9.610177218141541289e+02 3.095669348256966259e+03 5.540962574326686990e+03 1.409866853212078695e+03 -7.520862772531187375e+02 5.653516614200769254e+03 3.998621895767750630e+03 8.093487233298355932e+02 -3.440238136877695752e+02 3.607921650926897200e+03 9.402924099335431265e+02 8.363168357234463883e+02
1.592593054631499527e-01 1.443977444432278617e+03 1.393219095587430274e+03 -8.570431402605934181e+02 2.596187014124603138e+03 4.574264316215920189e+03 1.223107960144530807e+03 -6.788317091864666963e+02 4.637375670644913953e+03 3.276061316106427057e+03 6.935908792291689906e+02 -3.114030986532355314e+02 2.898405343260702921e+03 7.653122741705901717e+02 6.652637687506843349e+02
1.634144798183441161e-01 1.383876053333333402e+03 1.508093226666666624e+03 -9.822167466666666087e+02 2.558004053333333104e+03 4.428951893333332919e+03 1.254712960000000066e+03 -7.342540266666666184e+02 4.585076906666666218e+03 3.160355199999999968e+03 6.905556266666666261e+02 -3.296372799999999756e+02 2.860391680000000179e+03 7.331491733333333514e+02 6.532006400000000212e+02
1.675823816150099899e-01 1.642770485321735578e+03 1.291524364930315187e+03 -8.216064050607886884e+02 2.743812592665809916e+03 5.045324898685380504e+03 1.150301373925076632e+03 -6.630518928536126850e+02 5.071488385885143543e+03 3.608859147968765228e+03 6.608791143619649802e+02 -3.173272709301176064e+02 3.241541366017594100e+03 8.370348917663338852e+02 7.436169318968072730e+02
1.718045808093531246e-01 1.641421724941724960e+03 1.422929324009324091e+03 -9.353033100233100186e+02 2.591969417249417347e+03 4.796494172494172744e+03 1.179227226107226215e+03 -6.972224242424242675e+02 4.738773333333333539e+03 3.337149463869463943e+03 6.514355244755245167e+02 -3.239484382284382491e+02 2.962460419580419511e+03 7.481682983682983377e+02 6.583664335664335567e+02
1.760135070798979073e-01 9.714906656952919093e+02 1.048349148529277954e+03 -5.947756579546489775e+02 1.920165740825061448e+03 3.465910572807576955e+03 9.527209725890173786e+02 -4.972980602859484520e+02 3.487865221746653333e+03 2.516966032237501167e+03 5.551012658227848533e+02 -2.309860668427283485e+02 2.202130771332301265e+03 5.858623986886440207e+02 5.078047081322284271e+02
1.801930856696074279e-01 1.176133492455886199e+03 1.030585116358366804e+03 -6.657421788423835096e+02 2.095350098030858589e+03 3.862873071349416477e+03 9.259357258545734339e+02 -5.221653311738130014e+02 3.827589804790725793e+03 2.745910152587162429e+03 5.226512658767368293e+02 -2.387985039638564615e+02 2.420250958997527960e+03 6.314634302276020890e+02 5.517668144233228986e+02
1.843742315857553882e-01 1.305299725480409279e+03 1.036256551035687608e+03 -6.589861908327094397e+02 2.191885533649446643e+03 4.122604774977123270e+03 9.399542467348805985e+02 -5.404919723816653914e+02 4.129756925380584107e+03 2.982683304217619025e+03 5.415356875467931559e+02 -2.568619291240329403e+02 2.673847100906746618e+03 6.941445387238998137e+02 6.181936610930871439e+02
1.885797910080431738e-01 1.150474678177753731e+03 8.922123641409079937e+02 -5.750968550065520049e+02 1.913775379634625779e+03 3.598559161335080262e+03 8.095820550373853166e+02 -4.620729977645879671e+02 3.532725506821860563e+03 2.545105064364448936e+03 4.539087335234718239e+02 -2.062623911200184921e+02 2.239467201109997404e+03 5.799323209743313328e+02 5.103844908656440111e+02
1.927656394953895236e-01 9.586881843939046348e+02 7.636619955586186279e+02 -4.490531051382188821e+02 1.706860555938433436e+03 3.246460831610384048e+03 7.440140898996861551e+02 -4.029602572938204048e+02 3.143991423539321659e+03 2.281530132475687424e+03 4.343095183398422705e+02 -1.933117964622099976e+02 1.974876636802205439e+03 5.101381422773566783e+02 4.411265793705491092e+02
1.969014248243030341e-01 8.278390169417581319e+02 7.056281538573401804e+02 -4.637980077074092833e+02 1.555774594633898005e+03 2.883645750018177750e+03 6.627541627281319734e+02 -3.863298916600014650e+02 2.950658038246200704e+03 2.129114084199810804e+03 3.806863229840761846e+02 -1.810088344361230099e+02 1.935287137351850333e+03 5.046465498436704706e+02 4.560546062677233863e+02
2.010715633173454087e-01 8.237025390490607606e+02 6.799853437005435808e+02 -3.925982591343838521e+02 1.476083671643845037e+03 2.895529897474712925e+03 6.571525493703984466e+02 -3.419509392417257345e+02 2.879357599944953108e+03 2.183573797564164579e+03 4.029070391522741375e+02 -1.695247024014312274e+02 1.955719810087387486e+03 5.354923966146012617e+02 4.776406798321062865e+02
2.052920281681521186e-01 5.759349753694581295e+02 5.015971756978653389e+02 -3.501174384236452966e+02 1.223386666666666770e+03 2.170610180623973520e+03 5.041180295566502423e+02 -3.093891297208538731e+02 2.211320328407225134e+03 1.522493530377668321e+03 2.799516256157635326e+02 -1.440600000000000023e+02 1.341455369458127961e+03 3.304617077175697659e+02 2.864322167487684965e+02
2.095172134954577381e-01 5.685921492029488036e+02 4.755450192174405970e+02 -3.265195639846260178e+02 1.148384726860311275e+03 2.093445655598261055e+03 4.724612185747589592e+02 -2.813765358200491278e+02 2.133945435070254007e+03 1.504524478608783284e+03 2.684592968306974967e+02 -1.310284638649108331e+02 1.359341314346921990e+03 3.445874236027975712e+02 3.116946002142271936e+02
2.136973926115405542e-01 6.766344186046511595e+02 5.095203720930232407e+02 -3.118956899224806421e+02 1.170602170542635577e+03 2.291599379844961277e+03 4.955455503875969043e+02 -2.695956589147286877e+02 2.230138294573643634e+03 1.673505984496124029e+03 2.949474418604651191e+02 -1.272874573643410798e+02 1.464208620155038716e+03 3.943131162790697886e+02 3.455358449612402865e+02
2.178750580088065492e-01 5.120318832116788599e+02 4.228404963503649583e+02 -2.710618978102189658e+02 1.038699211678832171e+03 1.971471182481751839e+03 4.312851678832116704e+02 -2.453328467153284862e+02 1.961830072992700707e+03 1.429380671532846691e+03 2.488034452554744576e+02 -1.159015766423357690e+02 1.263848408759124140e+03 3.295443795620437868e+02 2.910480000000000018e+02
2.220823861956562617e-01 3.666539459581429696e+02 2.821142043210921315e+02 -1.880687651604896473e+02 8.525860551700795895e+02 1.575920121848028430e+03 3.305083770519546533e+02 -1.923970214926383449e+02 1.595114119704405766e+03 1.141155525469622717e+03 1.965909770406724135e+02 -9.759192192700400881e+01 1.019831894849664423e+03 2.595827269137474218e+02 2.324676200146668918e+02
2.262696194198526023e-01 6.378802766646539339e+02 4.191574628094637092e+02 -2.508964703299116081e+02 1.064664653894713638e+03 2.175321073722347137e+03 4.230387001152769244e+02 -2.312982104627545823e+02 2.142930449580062486e+03 1.628534006697041150e+03 2.652842399956085160e+02 -1.217686364384915123e+02 1.471215458088598552e+03 3.914202393368831281e+02 3.538958664983257449e+02
2.304259489101245229e-01 4.287803991295579067e+02 2.797339578578631745e+02 -1.749412982325778785e+02 8.347832386815986183e+02 1.635645772517382284e+03 3.127484475346319073e+02 -1.752825221591210720e+02 1.596583196221007483e+03 1.175043256727349899e+03 1.845115439732498430e+02 -8.520406958229393979e+01 1.029486439148665113e+03 2.643615519346107021e+02 2.326432514197760213e+02
2.345870463846415066e-01 4.087168778948440035e+02 2.676985544866901137e+02 -1.590120883595459986e+02 7.877157326818344245e+02 1.547945538759098099e+03 2.988975670585840021e+02 -1.616670229551585578e+02 1.525974754415432471e+03 1.133651346261515755e+03 1.795051916323102716e+02 -7.954227108464397134e+01 1.005554435791723904e+03 2.637425561154374805e+02 2.341955005853311036e+02
2.388019837064606632e-01 2.160683145850432254e+02 1.712344904166465653e+02 -1.190594795539033584e+02 5.865642350214841372e+02 1.106870274706705914e+03 2.239969101530439843e+02 -1.315908487423357371e+02 1.132404094047216859e+03 8.239468932554434559e+02 1.355587191618790257e+02 -6.648082725824362171e+01 7.382765413025636008e+02 1.900700043450972885e+02 1.695538792062955622e+02
2.430077036534963875e-01 2.745627585223220422e+02 1.906105168069224476e+02 -1.270244021299862140e+02 5.653862977226262956e+02 1.080316835449056271e+03 2.078637379356249824e+02 -1.216234488660676050e+02 1.061810678457661879e+03 7.792928255598345686e+02 1.173653782151856575e+02 -5.632138781914134995e+01 6.748970665145247949e+02 1.765909760851994577e+02 1.519852850282888710e+02
2.471758823520590620e-01 1.587052195907105272e+02 1.441835824327431510e+02 -1.066734651644056129e+02 4.439659691883191499e+02 7.794079558519199509e+02 1.756905495516210749e+02 -1.099852034950563393e+02 7.785054955162106580e+02 5.276795585191998725e+02 9.405910554150379710e+01 -4.984582662681076215e+01 4.416188549091745585e+02 1.051992641986663699e+02 8.534114739020465379e+01
2.513692271335918882e-01 2.157305369568071569e+02 1.465915386635158200e+02 -9.663325456216358589e+01 4.816146339328694808e+02 9.326566014616428220e+02 1.797860159292810067e+02 -1.045099558006214266e+02 9.235063673362216150e+02 6.741405627762461563e+02 1.032486105640891054e+02 -5.038860443744256656e+01 5.944661502778872091e+02 1.515257756772132609e+02 1.341361647192683222e+02
2.555723892733414715e-01 1.260674615087704353e+02 1.000437449071493035e+02 -7.089818587296822727e+01 3.704648968563708991e+02 6.942978084659262095e+02 1.367163014109877111e+02 -8.214203156495261737e+01 6.806134151048592003e+02 4.935833083158211139e+02 7.562990521936784205e+01 -3.822160869751683521e+01 4.167619333533473878e+02 1.059455225800917901e+02 8.943081228288373552e+01
2.597674079539822323e-01 6.484976520986943171e+01 6.856440252090456511e+01 -6.163707418544301220e+01 3.138673847674754143e+02 5.420441982122997615e+02 1.112271903447707757e+02 -7.167842505251884688e+01 5.811012892861556338e+02 4.004327552827779186e+02 6.195727437492276835e+01 -3.269202846315442912e+01 3.604171849899081508e+02 8.931653416814269519e+01 7.963271821065205813e+01
2.639178238801485610e-01 1.710435850214855691e+02 1.162397687742991508e+02 -8.630904440351953610e+01 3.730372007366482308e+02 7.338544710456312714e+02 1.363255371393492794e+02 -8.367251892776754119e+01 7.319520360139143804e+02 5.449644771843666149e+02 7.897034990791895837e+01 -4.022169019848577420e+01 4.871126662574176294e+02 1.270701862083077458e+02 1.142350214855739665e+02
2.680749044740857179e-01 3.746015828063777775e+01 3.998185397835279531e+01 -3.448490902742754827e+01 2.212479342049113313e+02 3.816183807270046486e+02 8.032721030375915916e+01 -5.129434670442642386e+01 3.743325057221553607e+02 2.517911704232455179e+02 4.163390813515924549e+01 -2.223090351864064829e+01 1.979624859370756838e+02 4.504311013694378119e+01 3.405481145982852809e+01
2.723023151079725368e-01 7.108863006100942528e+01 4.832587354409317726e+01 -4.365697910889258537e+01 2.545979293769643164e+02 4.771526344980587737e+02 8.467106674061749061e+01 -5.438295433536698198e+01 4.994085782954335286e+02 3.644151229432427499e+02 4.935554168977630241e+01 -2.532876224810501142e+01 3.327775189498983082e+02 8.567644666296912703e+01 7.933831577001294022e+01
2.765128983200950685e-01 -3.274513016901719453e+01 -3.189812939573590356e+00 -1.015448595205655913e+01 1.331979600103103962e+02 1.879489634348418292e+02 4.174464686821077208e+01 -3.077043902124682262e+01 2.239741871340722241e+02 1.348593548624663754e+02 2.200964530323673429e+01 -1.445207842361085504e+01 1.195202710166807663e+02 2.528162628419928382e+01 2.189261746511028406e+01
2.807027537381580062e-01 -6.894580917237743733e+01 -2.965933491477771966e+01 3.597144614303286136e+00 8.676141275698471134e+01 9.898553856967140518e+01 2.219913020558777106e+01 -2.119699086276576949e+01 1.185242136707081357e+02 5.695180987524160798e+01 6.797281892461781716e+00 -8.268204731154455089e+00 3.556261641187840183e+01 2.476302495167808981e+00 -1.493700579862941469e+00
2.848857026249724811e-01 -8.206504644932326187e+01 -3.805466493858947530e+01 4.680750060888626329e+00 7.041285097943703875e+01 6.337611339201837524e+01 1.222538903482829475e+01 -1.672092024459831094e+01 1.037022459204620617e+02 4.891393827632997926e+01 2.158329998956194817e+00 -5.007344690511812857e+00 4.261032149194530660e+01 6.397810401516996315e+00 5.337144671375386729e+00
2.890807262117984777e-01 -4.638710289314815327e+01 -2.655258882327714076e+01 9.085530547949723257e+00 8.519209580048163843e+01 1.258309883548312484e+02 1.984390772935703851e+01 -1.399189497905189050e+01 1.478075083297594858e+02 9.882232870385642798e+01 1.052759954474977633e+01 -5.488175452776036245e+00 8.346709332629563960e+01 2.030574341041797126e+01 1.722748903110876384e+01
2.932785946948970324e-01 -5.897625232820312391e+01 -2.762211221122112548e+01 -2.956499362807567977e+00 6.866394634512957396e+01 7.422605626899324704e+01 1.375502401725321100e+01 -1.942449269679443447e+01 1.110348086788876998e+02 5.476431232232134505e+01 4.979470966898670525e+00 -8.993916037643369776e+00 5.388144544652485735e+01 7.935357644675359090e+00 8.460000347188184833e+00
2.974321087309398370e-01 -7.311058814128176664e+01 -3.702148393798945136e+01 7.646905465878216290e+00 3.385889403867668079e+01 9.810124660380374451e+00 2.170916823158063114e+00 -1.011414116189867407e+01 3.068982739331948295e+01 -3.037985456288956332e+00 -4.588965358798145822e+00 -2.498262945501038779e+00 -1.151576034840978124e+01 -9.071499920089500790e+00 -9.969951654147354958e+00
3.016123743882810904e-01 -6.610711242963638767e+01 -3.951063821694812361e+01 1.030157462345960795e+01 3.092789251483340962e+01 1.236741784573254321e+01 -1.892320858055682509e+00 -6.696646793701506617e+00 3.888884831888027094e+01 7.742018484710178505e+00 -4.650201582230335973e+00 -1.794659616042902917e+00 5.762543739540545218e+00 -3.337219020994979690e+00 -3.154800890004564096e+00
3.058101292111336522e-01 -8.844781513361125747e+01 -4.712489503044117356e+01 1.783943031520858824e+01 -5.400255488408361337e+00 -6.427077647482229850e+01 -1.172043982245148896e+01 6.107827167621390219e-01 -4.527618990492756978e+01 -5.399494646552499688e+01 -1.195926431334912898e+01 3.308007865219086518e+00 -5.756726674264463384e+01 -1.902891911345709630e+01 -1.902060964820202216e+01
3.100168993294901143e-01 -6.038374128382449868e+01 -3.600726347958334372e+01 1.175440920112485266e+01 2.349297684295101618e+01 5.786210687537662878e+00 -3.208045110691842172e+00 -3.157786539785933488e+00 3.011486341071480055e+01 7.557790395707193909e+00 -4.379443725071021198e+00 1.910541309695041601e-01 7.139413523343567824e+00 -9.762836182530345575e-01 -6.449517583897672601e-01
3.142092030053749707e-01 -9.818115414274697628e+01 -5.478581883871704861e+01 2.072868291777339778e+01 -2.023435938080141838e+01 -9.464837346128581430e+01 -1.815458722474509656e+01 3.107381543997943751e+00 -7.018722331705366457e+01 -7.405195213206523874e+01 -1.536404871047896492e+01 4.150930547225316403e+00 -7.228731471167851907e+01 -2.326995508811013025e+01 -2.227629380515808322e+01
3.183867557675504334e-01 -8.601472245896681557e+01 -4.833428298463145723e+01 1.831100679075138160e+01 -1.655453908118659356e+01 -7.987885244549528352e+01 -1.548429810573777310e+01 2.316775793514420201e+00 -5.848238391114288248e+01 -6.362162868061474796e+01 -1.304505831935776605e+01 2.808391741470321445e+00 -6.170819014103868483e+01 -2.054229613999395099e+01 -1.951620707667775534e+01
3.225872781332082551e-01 -8.291722733947403867e+01 -4.583008610332399257e+01 1.523481511146709444e+01 -2.493682418902683295e+01 -1.022682619142971561e+02 -1.921743091710052198e+01 2.622221457415565560e+00 -8.059727005740221273e+01 -8.500873047657188408e+01 -1.697282906154051574e+01 3.513780286343612502e+00 -8.029067547723936116e+01 -2.649583667067147275e+01 -2.479756874916566645e+01
3.267666109043823597e-01 -9.391787723514963204e+01 -4.942533873907186859e+01 1.816596233591294407e+01 -4.320851271757217660e+01 -1.409757005889966024e+02 -2.390720332268033133e+01 5.812343176355616592e+00 -1.148884075962071876e+02 -1.098216370407543394e+02 -1.894254311824833081e+01 5.030430390111196637e+00 -1.003616320223977283e+02 -3.112218377750191678e+01 -2.842493264837167644e+01
3.309328770241455886e-01 -8.668118604710505792e+01 -4.557764296103498936e+01 1.651833422644109461e+01 -3.366944805940442365e+01 -1.185028962208783128e+02 -1.999505441577993992e+01 4.439902619357472879e+00 -8.732520605271888314e+01 -8.711324606394651937e+01 -1.443186863660721109e+01 3.265176851284799397e+00 -7.483119625405088016e+01 -2.382037370180407976e+01 -2.075105099645308826e+01
3.351106074107195187e-01 -8.843073847307259427e+01 -5.102527177308509465e+01 2.046319192802699050e+01 -3.802953579907534731e+01 -1.176334874422091730e+02 -2.320642259152817743e+01 7.193614894414594119e+00 -8.999765088091965026e+01 -8.352705235536673456e+01 -1.672901411970510921e+01 5.359626077720854198e+00 -7.192240409846307614e+01 -2.190545732850181082e+01 -1.873427152317880839e+01
3.393095620710060434e-01 -9.163692207823432057e+01 -4.913273267136297306e+01 1.934759755247277369e+01 -5.311941913302719342e+01 -1.556545692784843595e+02 -2.727945808188878019e+01 8.572495672348713569e+00 -1.325172745413891846e+02 -1.205176111364893217e+02 -2.089559541268963727e+01 6.637345827422883815e+00 -1.100530978770466248e+02 -3.301400776572981499e+01 -3.013669968504315833e+01
3.435164896197421824e-01 -7.202672855691776022e+01 -4.224619091488909106e+01 1.620796718871801900e+01 -3.863485637682186535e+01 -1.153271679304561417e+02 -2.289602526397845494e+01 6.748359731178985577e+00 -1.009852951598043944e+02 -9.300422837975101231e+01 -1.828242446790919473e+01 5.417302252379939453e+00 -8.831069142276710693e+01 -2.700418408806368475e+01 -2.540344116882809899e+01
3.477107812306902690e-01 -8.230218034340120425e+01 -4.372502484228040487e+01 1.670432775633766909e+01 -5.060775194694151224e+01 -1.446397291613708376e+02 -2.469289741871374844e+01 7.423772473597855637e+00 -1.259706745545721418e+02 -1.141498856099646417e+02 -1.913782843805606149e+01 5.570864049176161181e+00 -1.054225498578790479e+02 -3.177808044277032096e+01 -2.932188373812770266e+01
3.518857617074659383e-01 -7.777318628452128735e+01 -4.516650214446183753e+01 1.813321192729253184e+01 -4.436473721832663841e+01 -1.276599950076020491e+02 -2.512844361994235953e+01 8.558180582975921880e+00 -1.070362970022919598e+02 -9.716284294369935992e+01 -1.859992029182835083e+01 6.066154945877867632e+00 -8.707279823904508476e+01 -2.627730501282138320e+01 -2.358730597726189515e+01
3.560773577310688554e-01 -8.362657038606916160e+01 -4.640381590159277891e+01 1.742687053464134905e+01 -5.641194367366557572e+01 -1.567506063055780032e+02 -2.847594987873888073e+01 8.992608261050055063e+00 -1.352907754156743465e+02 -1.216443990473901522e+02 -2.149438211453166758e+01 6.545078956280451443e+00 -1.097764644191483256e+02 -3.304528174091633730e+01 -2.982440625751053886e+01
3.602869550449780967e-01 -7.760207434129999626e+01 -4.203839732440034993e+01 1.547272863922351682e+01 -5.401343705039833054e+01 -1.508024436857136550e+02 -2.663254793961648303e+01 7.982022643818848628e+00 -1.332414374369215579e+02 -1.203047628250552918e+02 -2.053794772273400682e+01 5.715908785887607202e+00 -1.108124288689900965e+02 -3.345820180806974520e+01 -3.083778103459382791e+01
3.644651285618699665e-01 -5.787961218484726800e+01 -3.224148743622853885e+01 1.229678337814094391e+01 -3.578446834183619529e+01 -1.015824848112788175e+02 -1.870688943457736286e+01 5.850384481043206186e+00 -8.440276043099981962e+01 -7.630240902644001721e+01 -1.364648251444780946e+01 4.046788670378289154e+00 -6.718893287326150698e+01 -2.018866296915684089e+01 -1.785059352441838598e+01
3.686396944457170921e-01 -6.822971708781381039e+01 -3.705353691633941793e+01 1.322151088677344433e+01 -5.028556448794128642e+01 -1.394078376544605931e+02 -2.450466208853342209e+01 7.418030511750314027e+00 -1.232656825050887335e+02 -1.116307338034829542e+02 -1.890568137426239304e+01 5.426192379258589327e+00 -1.014325821905134006e+02 -3.072745286510270191e+01 -2.793842907662890696e+01
3.728293470315630076e-01 -6.989927776105929524e+01 -3.884909218577590906e+01 1.477520563747617821e+01 -5.166412879927776203e+01 -1.395745109840505620e+02 -2.545365633463737964e+01 8.496037089978935697e+00 -1.216939713110643027e+02 -1.078371852743504888e+02 -1.907959048048951800e+01 6.133993504865082436e+00 -9.637951650115358859e+01 -2.866063296218277046e+01 -2.552396930484502136e+01
3.770363921861874523e-01 -5.581081002046983741e+01 -3.075376254995613934e+01 1.253494370796373936e+01 -3.963549078857588626e+01 -1.069184423433083282e+02 -1.922423847353543280e+01 6.823645701335412816e+00 -9.048275660395751174e+01 -7.986661467979335782e+01 -1.369629227994931320e+01 4.507934496539624192e+00 -6.996132176625403076e+01 -2.073641436787211489e+01 -1.825635052149332438e+01
3.812363453093803867e-01 -5.515504481063891262e+01 -3.030496289871832261e+01 1.178848414763419150e+01 -4.153793967427965583e+01 -1.126048954418425438e+02 -2.006880601329864078e+01 6.711176761106293576e+00 -9.874541775079502770e+01 -8.790534836657994333e+01 -1.497898236484533108e+01 4.619015611448396008e+00 -7.932201985159487378e+01 -2.370760817191866821e+01 -2.146480678423436572e+01
3.854150971210312249e-01 -5.814474451319278359e+01 -3.225496962744249885e+01 1.196672653414326781e+01 -4.509218024185206275e+01 -1.217423316344761446e+02 -2.198082908619035791e+01 7.036364790401143487e+00 -1.068595433772779444e+02 -9.540169823030484508e+01 -1.648077971903033401e+01 4.813728301957760358e+00 -8.554454328324524681e+01 -2.567281562070975909e+01 -2.311850469223101712e+01
3.896036578152083374e-01 -4.601642621561365587e+01 -2.567775643505978778e+01 1.085133606950048701e+01 -3.577725802885412776e+01 -9.379544156394523213e+01 -1.692378116190370818e+01 6.335743601790945867e+00 -8.316385679803953224e+01 -7.220574226595175560e+01 -1.241591352974775653e+01 4.335345153206935365e+00 -6.527404971164298786e+01 -1.909002519669080300e+01 -1.726461362003205835e+01
3.937795161075864914e-01 -5.290529776204324008e+01 -2.916322272998211673e+01 1.144564736376280223e+01 -4.231381518342575276e+01 -1.119967577624044850e+02 -1.998199384065169681e+01 6.935054774849628956e+00 -9.930435489406282557e+01 -8.722663150479561978e+01 -1.479127305239961743e+01 4.705788387551252505e+00 -7.890369019019922803e+01 -2.333295025558586033e+01 -2.121855752036558584e+01
3.979440095093054186e-01 -4.964965011306779274e+01 -2.739668097078043729e+01 1.005543882765620367e+01 -4.031158188066451942e+01 -1.073602678014992762e+02 -1.924888712807820568e+01 6.282179804490660935e+00 -9.537877708730258064e+01 -8.450466515909617726e+01 -1.444894811345951879e+01 4.295044603906625902e+00 -7.633392389736650330e+01 -2.277056142162711083e+01 -2.066355210911486751e+01
4.021139069446590386e-01 -4.472108033480024147e+01 -2.430541893174562063e+01 8.637424497368193954e+00 -3.606894253171110876e+01 -9.688533954612132959e+01 -1.713827551988955022e+01 5.423811372853568180e+00 -8.520025023729398583e+01 -7.593260850806800022e+01 -1.289857084304081525e+01 3.819478600396928325e+00 -6.801132539477090688e+01 -2.034530805073777060e+01 -1.833592846664940978e+01
4.063125452039867413e-01 -3.832565717461226029e+01 -2.088640688412508339e+01 7.629181541855412085e+00 -3.090477072562854488e+01 -8.239818634962867350e+01 -1.460785915160904480e+01 4.820729417510061232e+00 -7.161552969705134331e+01 -6.338623427580283476e+01 -1.076309613020561429e+01 3.339863681525015338e+00 -5.607105147937961220e+01 -1.666202448512200363e+01 -1.482335327450616980e+01
4.105412315868290918e-01 -3.853134147737493720e+01 -2.114765163780274548e+01 8.033018732931036965e+00 -3.167982305516034458e+01 -8.361122013442574996e+01 -1.489963654352483324e+01 5.073438445436556421e+00 -7.288239382491946117e+01 -6.407006247035928936e+01 -1.088770666732080628e+01 3.434895705571636260e+00 -5.671660207035274226e+01 -1.677690763544784147e+01 -1.493970670002780032e+01
4.147348487769681458e-01 -3.432964001965763146e+01 -1.880280121222049416e+01 6.988354902121385770e+00 -2.864777827831927581e+01 -7.604618723892211563e+01 -1.347321238430665957e+01 4.460576726185601082e+00 -6.690074125645016068e+01 -5.922335981652879155e+01 -1.001819764108444666e+01 3.062542489147350278e+00 -5.283629699402080604e+01 -1.574586882627569828e+01 -1.412657363420427536e+01
4.189107045044477284e-01 -2.864459899848978708e+01 -1.567183948016850792e+01 5.752994098243382481e+00 -2.389119704316032156e+01 -6.339750417295922347e+01 -1.126437584452746243e+01 3.667522702885303243e+00 -5.579211509418965420e+01 -4.932016532867021397e+01 -8.376061123917017071e+00 2.505194837453302625e+00 -4.397004610126381152e+01 -1.308044074397901646e+01 -1.171775594149908528e+01
4.230974437456921922e-01 -3.115906661986114301e+01 -1.700310671659255846e+01 6.168417485763320052e+00 -2.575579608393790210e+01 -6.825755519151259421e+01 -1.210019892347296988e+01 3.937859086122162289e+00 -5.920440752008736496e+01 -5.237428426554333072e+01 -8.857019853342693594e+00 2.638319096653404916e+00 -4.604280365083079829e+01 -1.370278297839144876e+01 -1.213074537795459840e+01
4.272931011032126136e-01 -2.929605554452875538e+01 -1.583691905736140448e+01 5.490483342748522233e+00 -2.465390399560284962e+01 -6.586038291830159608e+01 -1.155609226376780541e+01 3.587663843382139728e+00 -5.758951173336183160e+01 -5.136211200513000108e+01 -8.630278867734400450e+00 2.465309479823503125e+00 -4.551310747057117112e+01 -1.365212433393895886e+01 -1.218528043269157379e+01
4.314914587673138180e-01 -2.558362124407352312e+01 -1.393513408414471755e+01 4.956256262993374406e+00 -2.215514275885792728e+01 -5.859926564065747812e+01 -1.036791440451085045e+01 3.331142687815018988e+00 -5.238744933518792379e+01 -4.640145226664273537e+01 -7.843685033128430462e+00 2.308230414591465607e+00 -4.181642512077294782e+01 -1.248085580532747052e+01 -1.129563665664587724e+01
4.356511643511531418e-01 -2.316825508268228262e+01 -1.248513660875670439e+01 4.288930041229105150e+00 -1.993237717162362088e+01 -5.300953796513451977e+01 -9.267447679369015034e+00 2.867206989528404915e+00 -4.697467995160061349e+01 -4.181178390571082559e+01 -7.009359641784802086e+00 1.998336504563583915e+00 -3.740730173431128236e+01 -1.120616419939351438e+01 -1.008615538592533944e+01
4.398424702607344750e-01 -2.378646700536509684e+01 -1.275905626947871774e+01 4.156020969417523858e+00 -2.044790376979891633e+01 -5.475069020478446902e+01 -9.551711992486017877e+00 2.804134602385119912e+00 -4.833724330785979362e+01 -4.334345159316341523e+01 -7.269268809859255498e+00 1.963663964550512953e+00 -3.866515462010274717e+01 -1.167251206079494530e+01 -1.048233484893765421e+01
4.440501074980069407e-01 -2.125062947209696063e+01 -1.148549191288390681e+01 3.906975048721851529e+00 -1.866060784955261198e+01 -4.957572158129080719e+01 -8.704643334708451974e+00 2.685698936298846373e+00 -4.387171572044326240e+01 -3.907487161614293569e+01 -6.577399284464486406e+00 1.868901989060699709e+00 -3.485869951776035691e+01 -1.045142218017838687e+01 -9.382333172112607755e+00
4.482267968899237842e-01 -1.971145033915066236e+01 -1.070364360627881339e+01 3.688593795701770262e+00 -1.731119510564508346e+01 -4.601873337326072289e+01 -8.101078387676365011e+00 2.520239790659776880e+00 -4.072958480159338279e+01 -3.630244299901109883e+01 -6.100260978870983841e+00 1.740385544486538372e+00 -3.237653732050085864e+01 -9.713234884465924424e+00 -8.717387216736074862e+00
4.524052929840755577e-01 -1.753143496685120439e+01 -9.505168819629552956e+00 3.217304866379604888e+00 -1.545561820791469998e+01 -4.118532909575558421e+01 -7.245892283507620490e+00 2.207584922424987717e+00 -3.637057617387738162e+01 -3.248170323286173300e+01 -5.468632526826600504e+00 1.522847250700567256e+00 -2.891176269564622814e+01 -8.689218952908207783e+00 -7.789113867814912773e+00
4.566090347930675253e-01 -1.556843345502821130e+01 -8.367248589445734908e+00 2.811260994025887694e+00 -1.363497842681712591e+01 -3.624897112512446284e+01 -6.333951211417192084e+00 1.932588781944905465e+00 -3.191598406903418450e+01 -2.846105210753401948e+01 -4.776402256886823849e+00 1.343246245436441999e+00 -2.528421838698971058e+01 -7.591994689678061903e+00 -6.795706936608032045e+00
4.608167319022857811e-01 -1.356742630698948204e+01 -7.308822754979791725e+00 2.397875195834485496e+00 -1.195139026027884199e+01 -3.193120449728135668e+01 -5.591010374290717344e+00 1.665072014429216596e+00 -2.799478652395434253e+01 -2.507445660044498936e+01 -4.203688435562225933e+00 1.150120915452163883e+00 -2.216955152257198236e+01 -6.679170451702937328e+00 -5.956659277617600168e+00
4.649806979855051203e-01 -1.331891876034889677e+01 -7.147935435924849479e+00 2.309736355754312243e+00 -1.180640555939451630e+01 -3.153335115190550297e+01 -5.509145735276861799e+00 1.616688797278973633e+00 -2.777637583280095157e+01 -2.489950977196573589e+01 -4.173942130927391858e+00 1.118631965540619833e+00 -2.210355741274332075e+01 -6.669454621311881937e+00 -5.967097843518168965e+00
4.691538386770017222e-01 -1.165699390622426712e+01 -6.263737125156779051e+00 2.131316868420052302e+00 -1.022085344532704987e+01 -2.711384972064915999e+01 -4.733010512079864895e+00 1.473315877864771473e+00 -2.389396703533376609e+01 -2.124794129198180670e+01 -3.547754107914307120e+00 1.020357455056820406e+00 -1.888591748698263117e+01 -5.649713206136850019e+00 -5.061456393396931652e+00
4.733478629909182445e-01 -1.045625334561615460e+01 -5.659086382252985103e+00 1.878379266827671312e+00 -9.361496937594145251e+00 -2.494013681235917446e+01 -4.387360884612033551e+00 1.316627751185748707e+00 -2.200320245490420845e+01 -1.967598719018038267e+01 -3.319808226169876697e+00 9.111628039064347817e-01 -1.748601376837754984e+01 -5.262380724893874095e+00 -4.715722995431288922e+00
4.775500538217637980e-01 -9.423539932481018511e+00 -5.096007361275304071e+00 1.715245891274938650e+00 -8.365902761696993650e+00 -2.217770045459531048e+01 -3.901113712812762646e+00 1.206618254195561235e+00 -1.947384248820855390e+01 -1.732441256048067757e+01 -2.921109470024740418e+00 8.392089028470097745e-01 -1.532082789972090531e+01 -4.585776681576092528e+00 -4.087233092832506465e+00
4.817339644282710998e-01 -1.030518155205643893e+01 -5.550481759942786475e+00 1.728628010715541174e+00 -9.347908105749301200e+00 -2.499617561850734049e+01 -4.388944446464719817e+00 1.254082250718207892e+00 -2.224658017867316318e+01 -1.998988448064778112e+01 -3.384768915839364123e+00 8.947147320508624935e-01 -1.783701831581754504e+01 -5.393565826636120164e+00 -4.833825396681091568e+00
4.859144464692263798e-01 -8.413408890197231926e+00 -4.511663968207241027e+00 1.429240874300853559e+00 -7.623896820724167966e+00 -2.038085075066234708e+01 -3.558565278186635261e+00 1.031071165734471551e+00 -1.815966882543420624e+01 -1.630186193700323827e+01 -2.738467213717986404e+00 7.321210811009714048e-01 -1.459289814542243136e+01 -4.407476081836914972e+00 -3.970065866941418609e+00
4.901252990058800885e-01 -7.807217058027816847e+00 -4.197984952539512093e+00 1.332313200201172387e+00 -6.984227047275501477e+00 -1.866306810955799733e+01 -3.266822893182107279e+00 9.489315609355670755e-01 -1.644734834032811932e+01 -1.475860474258032440e+01 -2.482941899922537221e+00 6.655469048073254790e-01 -1.308546067311805494e+01 -3.950823332524019182e+00 -3.529430127293538000e+00
4.943123444065962158e-01 -6.339060002070226574e+00 -3.400374653524560919e+00 1.064497984404292330e+00 -5.740521524606944759e+00 -1.533599491644335089e+01 -2.682396316146617998e+00 7.718608390743786352e-01 -1.355457060048075313e+01 -1.216989947899294933e+01 -2.053176611901503357e+00 5.471724603062785297e-01 -1.080551226609313709e+01 -3.264235683807377164e+00 -2.919009029926276977e+00
4.984736335014697817e-01 -5.919263143603841648e+00 -3.186731380601658614e+00 1.013801385070540517e+00 -5.321086687823145311e+00 -1.419988912647501422e+01 -2.489644851169263262e+00 7.268135210546561309e-01 -1.248468700856441416e+01 -1.118559294708617635e+01 -1.886268016947810322e+00 5.096731493737908236e-01 -9.898009791942437019e+00 -2.982704649334193103e+00 -2.661481844460283686e+00
5.026590164608074618e-01 -5.209022728022794091e+00 -2.779251259612105507e+00 8.479560696526990959e-01 -4.677610119800662325e+00 -1.254049185377498610e+01 -2.182858790057315090e+00 6.142133251421877382e-01 -1.102833027139415556e+01 -9.924776680124532291e+00 -1.664641168689013462e+00 4.339565674470028389e-01 -8.780802741443988424e+00 -2.657221352075334941e+00 -2.370625907580774960e+00
5.068609875937976073e-01 -4.961250881093097753e+00 -2.656110888955159233e+00 8.182969148186304276e-01 -4.461481998590251408e+00 -1.194395705687794873e+01 -2.083231103941875162e+00 5.884444640242910696e-01 -1.049760546006615058e+01 -9.441982052811365378e+00 -1.584931444179363602e+00 4.125219002467060969e-01 -8.344968958412406934e+00 -2.524758038280106476e+00 -2.248819335249146345e+00
5.110594965365916620e-01 -4.471616944916204872e+00 -2.392436826406468597e+00 7.219567458155755624e-01 -4.066830291814870435e+00 -1.091611924675019552e+01 -1.904968403189455373e+00 5.298362213071853288e-01 -9.590142703026030446e+00 -8.644707116992982776e+00 -1.454161259226028458e+00 3.749973296589440563e-01 -7.626770436120101415e+00 -2.310734570769378493e+00 -2.053533495423035315e+00
5.152492140965455603e-01 -3.869883048620236909e+00 -2.065802562417871524e+00 6.223582457293036496e-01 -3.503645860709593052e+00 -9.392237187910644991e+00 -1.636966819973718845e+00 4.576656948094612876e-01 -8.224404073587384900e+00 -7.404640604467806142e+00 -1.244350361366622915e+00 3.236856521024967237e-01 -6.513419185282523394e+00 -1.971090834428383953e+00 -1.747382555847569074e+00
5.194329442812991582e-01 -3.441821155943293409e+00 -1.837989107856883075e+00 5.642013293867165213e-01 -3.153296203977774326e+00 -8.438711247857922260e+00 -1.468734096692111857e+00 4.171742742898685852e-01 -7.434733473542088689e+00 -6.684385548112374842e+00 -1.119736005089058573e+00 2.955145774913018331e-01 -5.902090798151321316e+00 -1.783593790569663051e+00 -1.584833599470322429e+00
5.236343964239100757e-01 -3.248802672329436092e+00 -1.720998535969009424e+00 4.811714076386857109e-01 -2.978612978804967337e+00 -8.053774450956852959e+00 -1.395948505452601296e+00 3.612585527908642735e-01 -7.159630448818182558e+00 -6.504943153732081207e+00 -1.091187157636163807e+00 2.609262849047181976e-01 -5.811119195577390428e+00 -1.775256426099851792e+00 -1.597674889283444477e+00
5.278273205415198177e-01 -2.724896377111584833e+00 -1.446697635732100196e+00 4.202127424598887662e-01 -2.502878658986035454e+00 -6.747190443975483731e+00 -1.170276007956622344e+00 3.130955791774791552e-01 -5.923658582146066998e+00 -5.362866277249916713e+00 -8.975253566848753195e-01 2.224078027656330447e-01 -4.728071642416471043e+00 -1.438230471944828670e+00 -1.278924795783394019e+00
5.319960279023402405e-01 -2.475362688690918134e+00 -1.318732058896312731e+00 3.878396436525612390e-01 -2.233893838158871770e+00 -6.004005196733482208e+00 -1.044758259094283659e+00 2.865211851954961864e-01 -5.243541202672606261e+00 -4.731260517198712989e+00 -7.937847222222221832e-01 2.028161926194011477e-01 -4.151825352635486688e+00 -1.258269766146993263e+00 -1.113488926008413760e+00
5.361714592099571242e-01 -2.078277826979785914e+00 -1.112723431523780615e+00 3.315382499318741405e-01 -1.918422935056592893e+00 -5.150174937470194614e+00 -9.001837573356950006e-01 2.497538611242226259e-01 -4.529808104057381435e+00 -4.084765902521629855e+00 -6.888840345836050316e-01 1.789508511474340868e-01 -3.602486532977780875e+00 -1.091327274187112506e+00 -9.694848620694688224e-01
5.403746330902056139e-01 -2.042183925028243863e+00 -1.091181063864126166e+00 3.153435117674422972e-01 -1.880840851157756788e+00 -5.067144793179725326e+00 -8.842928498191449105e-01 2.372043268432020291e-01 -4.473619378542337266e+00 -4.050350139557403750e+00 -6.830022108456038632e-01 1.706583599750315650e-01 -3.585676497393978757e+00 -1.091156810425032875e+00 -9.725752197791764919e-01
5.445761264886261888e-01 -1.768897168896462757e+00 -9.417458903335750309e-01 2.716943194335910139e-01 -1.628592133260523767e+00 -4.386661119636956485e+00 -7.629605427301743292e-01 2.047266239184468983e-01 -3.855811258979597866e+00 -3.489667872576803553e+00 -5.861543402172992856e-01 1.465713170409931043e-01 -3.077966562473520185e+00 -9.359060625817932078e-01 -8.316130528984211345e-01
5.487504490749764985e-01 -1.550681511139782476e+00 -8.246433066642357979e-01 2.331757232911676470e-01 -1.415367833702633860e+00 -3.819268948849559475e+00 -6.640577522695612078e-01 1.753688913508914538e-01 -3.314341242906160279e+00 -3.003088800381454426e+00 -5.045010675819706636e-01 1.249784069567544537e-01 -2.612993939266448074e+00 -7.948588945296796160e-01 -6.970987422750773987e-01
5.529407179677009454e-01 -1.323207869896920075e+00 -7.037259071513253250e-01 2.003809704675239833e-01 -1.224039312153271108e+00 -3.303763337466175454e+00 -5.740595615718073752e-01 1.514355664067802698e-01 -2.905955025928305346e+00 -2.636788781595880149e+00 -4.431014671212792910e-01 1.086636189783432987e-01 -2.332030083395928877e+00 -7.113197219155270590e-01 -6.352292087115486430e-01
5.571409157079509900e-01 -1.219572153104432122e+00 -6.465995758886250444e-01 1.767467473603073214e-01 -1.129926570498641203e+00 -3.061984249871344765e+00 -5.312886177783696651e-01 1.348891489897166007e-01 -2.680905846823340433e+00 -2.440826983324455135e+00 -4.101339962847933562e-01 9.700549635024963147e-02 -2.145350687516363930e+00 -6.560190692120873024e-01 -5.817455842421971335e-01
5.613298693710127019e-01 -1.038219299292133968e+00 -5.529658185087974465e-01 1.550173203767774011e-01 -9.554881436853220888e-01 -2.583773540302411575e+00 -4.496627197168535650e-01 1.168330508856058325e-01 -2.258080587148828311e+00 -2.051377731823925910e+00 -3.448090926765467468e-01 8.307171880109051609e-02 -1.800713831225642103e+00 -5.495548358696323854e-01 -4.870780682480977397e-01
5.655062246218995892e-01 -9.011619449919486824e-01 -4.784938504755954503e-01 1.353984610790429921e-01 -8.379239828152084124e-01 -2.261447728492612885e+00 -3.925855664909764231e-01 1.031007919533731554e-01 -1.981956738849243616e+00 -1.797248690022613671e+00 -3.017192903244256263e-01 7.386748756566384466e-02 -1.580874192675565393e+00 -4.816009565254691926e-01 -4.273737978125247139e-01
5.696867424029971039e-01 -8.822219396296392402e-01 -4.681378427597633896e-01 1.277731437289128802e-01 -8.165498825988788401e-01 -2.212851237540886640e+00 -3.841812854671577404e-01 9.784834979792841891e-02 -1.944985260471665089e+00 -1.770589194804302879e+00 -2.977438715863531260e-01 7.097551384453258672e-02 -1.561269783269374489e+00 -4.773053786669070875e-01 -4.242228212111846530e-01
5.738956954203543459e-01 -7.454916285773155460e-01 -3.947225399254892797e-01 1.043914013946589531e-01 -6.982329975022917301e-01 -1.898690385084392362e+00 -3.291690297307184876e-01 8.090239962912816607e-02 -1.675237602914834145e+00 -1.530722285529270366e+00 -2.574539340483058547e-01 5.889861729216250286e-02 -1.355939337014019364e+00 -4.161529904170416239e-01 -3.719915281854191402e-01
5.780928920821047923e-01 -6.433238088197048565e-01 -3.407151591036837734e-01 9.008871194389214687e-02 -5.970757803127543228e-01 -1.624067604384265007e+00 -2.815140673369743163e-01 6.937032229192359456e-02 -1.420713339667279085e+00 -1.297828762195991636e+00 -2.181146555602395953e-01 5.031505219213248253e-02 -1.139969059094455561e+00 -3.495713116825644451e-01 -3.099851010704787746e-01
5.822632071880226023e-01 -5.471888358573098188e-01 -2.894603447133188290e-01 7.642958899346777302e-02 -5.069395004204326760e-01 -1.378595164817867813e+00 -2.387789442222618130e-01 5.885345418786089300e-02 -1.204469788913834272e+00 -1.099997980680810894e+00 -1.846236998691067055e-01 4.246816756880183313e-02 -9.651295936922682506e-01 -2.958861808150179407e-01 -2.620738459849721314e-01
5.864430803127811398e-01 -5.051018108484793823e-01 -2.683144817233750756e-01 7.228181544700952588e-02 -4.674671721673459568e-01 -1.269153409597355120e+00 -2.206810945970310023e-01 5.553489501879926848e-02 -1.109814975001823134e+00 -1.011386616352940138e+00 -1.703421302589357145e-01 4.020835791706844214e-02 -8.881828538639806592e-01 -2.716787711491868151e-01 -2.407873032963560034e-01
5.906376733072625784e-01 -4.667361803037942125e-01 -2.476667789588885282e-01 6.484268162954270887e-02 -4.348189294174609754e-01 -1.184234397133322014e+00 -2.058290167102830581e-01 5.023133229344233647e-02 -1.041616460289068735e+00 -9.529110445527517737e-01 -1.606619557703696521e-01 3.660464225173665209e-02 -8.413060185629797072e-01 -2.584295445087352872e-01 -2.301283251252470852e-01
5.948356627105599870e-01 -4.112128462870334178e-01 -2.181011412356400614e-01 5.698900240526182798e-02 -3.776944478253017046e-01 -1.026882027820747334e+00 -1.785427185495206126e-01 4.402002066998884217e-02 -8.984989075468585717e-01 -8.203402898288980616e-01 -1.384585589237618819e-01 3.213726543666715896e-02 -7.198726354720417220e-01 -2.206361962950820765e-01 -1.950667011105134407e-01
5.990145239901687457e-01 -3.573577120133009100e-01 -1.896601999465446498e-01 4.945570625899110145e-02 -3.314468586145634110e-01 -9.020390410662766367e-01 -1.569297683831332446e-01 3.833943426762256856e-02 -7.928902927465822925e-01 -7.249062075010415107e-01 -1.223806715842628984e-01 2.797929789448368176e-02 -6.397526044737400497e-01 -1.963926920952919764e-01 -1.748457355365972410e-01
6.031829950841108845e-01 -3.165200073745746412e-01 -1.677350687669480755e-01 4.295645079031818608e-02 -2.934526464448404814e-01 -8.004718455449120196e-01 -1.390404987056085284e-01 3.332369401372746454e-02 -7.023929438380052126e-01 -6.434016881822441913e-01 -1.084933578416310135e-01 2.430453051722366448e-02 -5.673520475967337440e-01 -1.744636029214070294e-01 -1.553273379706092694e-01
6.073740526175752663e-01 -2.729475344750805776e-01 -1.440844638294700719e-01 3.577865776453539176e-02 -2.542379747635616916e-01 -6.955754975016417152e-01 -1.204572120165563476e-01 2.803509510013246775e-02 -6.126331616498222887e-01 -5.630185060609720349e-01 -9.480364848296436719e-02 2.061261346632122307e-02 -4.979833516684655792e-01 -1.536358579049265372e-01 -1.370922388847584938e-01
6.115768023320514724e-01 -2.151652951284226956e-01 -1.142632345765326324e-01 3.043683751818794178e-02 -1.992183284444518920e-01 -5.406674346536569642e-01 -9.403799512135217753e-02 2.358486091981211105e-02 -4.691337027671720339e-01 -4.275921072707110082e-01 -7.211887279186296462e-02 1.711101056284468694e-02 -3.722029644018726158e-01 -1.138584322273576421e-01 -1.000160452763450697e-01
6.157710000000914397e-01 -2.008984423906879646e-01 -1.064037488446469004e-01 2.686883183559371502e-02 -1.846093588894985316e-01 -5.038072567222218190e-01 -8.754472390282883043e-02 2.093549417064519483e-02 -4.367949354106981374e-01 -3.999523474381541099e-01 -6.747906555409077800e-02 1.526206600322854538e-02 -3.484249223013529129e-01 -1.069999596662088298e-01 -9.413376077562399247e-02
6.199632023912512446e-01 -1.747668916191315869e-01 -9.235072320890756747e-02 2.305116947103172734e-02 -1.635750585797174084e-01 -4.469070283414251499e-01 -7.749393706728570363e-02 1.821706177926309816e-02 -3.913929941560891912e-01 -3.591839015316453110e-01 -6.052672617395295912e-02 1.334604410295243612e-02 -3.157793188877519031e-01 -9.726062287498275782e-02 -8.633288616121645442e-02
6.241630060990407403e-01 -1.638932928325421978e-01 -8.640939658133767187e-02 2.055233969304311528e-02 -1.512057108569185293e-01 -4.150767671044648388e-01 -7.187515335575860032e-02 1.613981528159463136e-02 -3.612762768121631773e-01 -3.329231670919732822e-01 -5.609914324320103979e-02 1.183448044602546448e-02 -2.911685485741817847e-01 -9.002378966058746657e-02 -7.950734880795175263e-02
6.283593402461892241e-01 -1.351244236902211238e-01 -7.131224443931775958e-02 1.732243483865535810e-02 -1.248659770395355445e-01 -3.422787858779354209e-01 -5.931852915491064859e-02 1.362591854895450934e-02 -2.972127643776915074e-01 -2.733630857676234149e-01 -4.603308196017805165e-02 9.962632640468878364e-03 -2.384939962575220729e-01 -7.356053346441727980e-02 -6.481720643778682289e-02
6.325410955997395890e-01 -1.330880346591506724e-01 -7.014249449889539689e-02 1.627064352513413192e-02 -1.227826959576743676e-01 -3.379195688098327599e-01 -5.850968556036750118e-02 1.278702811179515710e-02 -2.947683892502717673e-01 -2.723511414244135231e-01 -4.592242264482589154e-02 9.395041841818038697e-03 -2.387117771855384596e-01 -7.399174724725601782e-02 -6.547282925535645448e-02
6.367142920629192959e-01 -1.091088730246545097e-01 -5.747670932495877599e-02 1.337590483441119908e-02 -1.009723434384551116e-01 -2.779000570482879628e-01 -4.809674239399280848e-02 1.053169847236284234e-02 -2.421779326614600103e-01 -2.237561435788551212e-01 -3.767277333266352835e-02 7.699194413924783688e-03 -1.958262256542226964e-01 -6.069221095749708500e-02 -5.362734456389753324e-02
6.409035099394975177e-01 -9.302722025119365690e-02 -4.917100995121810592e-02 1.173590353318544263e-02 -8.732860594229031881e-02 -2.395303522127590345e-01 -4.158919139508072266e-02 9.380408378848811499e-03 -2.103351813317984043e-01 -1.937277887861067471e-01 -3.277962093003117250e-02 6.972691535373241878e-03 -1.707711514853603452e-01 -5.277333482752297189e-02 -4.694890362243356319e-02
6.451032402190634008e-01 -8.151069143199619893e-02 -4.285582992728665525e-02 9.880358002181984303e-03 -7.589562498121857348e-02 -2.088453793931845937e-01 -3.611118125162772474e-02 7.900268937000413244e-03 -1.821899426289991797e-01 -1.682231340025642785e-01 -2.835437340149182806e-02 5.867871068968949673e-03 -1.473437557387695385e-01 -4.561676825679970848e-02 -4.032720090159199605e-02
6.492879941711476866e-01 -7.017916102004280454e-02 -3.683650476691736897e-02 8.234031996250307239e-03 -6.524630896242140932e-02 -1.801464705058708204e-01 -3.109697727473512835e-02 6.559650854374820227e-03 -1.572643998284759814e-01 -1.457254536468438888e-01 -2.452025412463994941e-02 4.847701383271782634e-03 -1.277421547349962272e-01 -3.969689545598883984e-02 -3.513031537956980144e-02
6.534659541563927476e-01 -6.342290964066658876e-02 -3.339294066813684736e-02 7.610491588672276334e-03 -5.860807318060995419e-02 -1.615386572363645967e-01 -2.796424768090911492e-02 6.024908151566658356e-03 -1.408160225701142465e-01 -1.302602407612356017e-01 -2.199102159437549622e-02 4.465016879769369805e-03 -1.141788657849394234e-01 -3.542655134286171875e-02 -3.135492703619816718e-02
6.576591076962554627e-01 -5.223914644829050907e-02 -2.748259548527320212e-02 6.100140951985077130e-03 -4.821647337142930673e-02 -1.331889425753071121e-01 -2.304306073969011534e-02 4.839246539709582753e-03 -1.158106585471405520e-01 -1.073629910406893317e-01 -1.811227069568186604e-02 3.563449678233411924e-03 -9.382465757060946820e-02 -2.917201524060149265e-02 -2.575257282054190314e-02
6.618529307405217610e-01 -4.490119788406072426e-02 -2.362840383569640018e-02 5.434373553943136308e-03 -4.174783632961971691e-02 -1.149964056940354223e-01 -1.989032188951296923e-02 4.320976831499016152e-03 -1.001167301018583006e-01 -9.255536863146077153e-02 -1.559019606884138980e-02 3.181268174901064234e-03 -8.107507453119310037e-02 -2.513971261173190974e-02 -2.226469516921684988e-02
6.660240791386257131e-01 -3.785881470774823954e-02 -1.990523599363304766e-02 4.386882108834631346e-03 -3.526318038948444283e-02 -9.749802664208691294e-02 -1.685730738662251718e-02 3.510451362548885380e-03 -8.465505219176955309e-02 -7.853082007840631040e-02 -1.324321101101580064e-02 2.594418041474777416e-03 -6.848765068020161439e-02 -2.129890302509365729e-02 -1.875413835377207766e-02
6.702067828716186115e-01 -3.382753545833100395e-02 -1.783923328402665237e-02 3.985746217792573119e-03 -3.147190249012314645e-02 -8.694381841253437382e-02 -1.507799037404412498e-02 3.176695215370494221e-03 -7.561331972841367488e-02 -7.009793495785461570e-02 -1.185162569721818701e-02 2.346555869201906799e-03 -6.129515527918986267e-02 -1.905543271315925796e-02 -1.684284815763318482e-02
6.744172070879622671e-01 -2.961558149603423298e-02 -1.555430694729990036e-02 3.369303280397801473e-03 -2.769840267019618718e-02 -7.668769397975115643e-02 -1.324892341000328752e-02 2.704329338015446903e-03 -6.672752450450751549e-02 -6.201142449902910525e-02 -1.045653816859527276e-02 2.004152279478454632e-03 -5.421374404792702467e-02 -1.689312360091093854e-02 -1.492290678062663939e-02
6.786118453466847278e-01 -2.579910258315802618e-02 -1.355507694594347556e-02 2.964045757992812401e-03 -2.411770545119516079e-02 -6.672603633113814714e-02 -1.153655375949914734e-02 2.386480750294407184e-03 -5.844557594172079124e-02 -5.426894088806061278e-02 -9.156177083095139863e-03 1.778660735297760663e-03 -4.775394495640111064e-02 -1.486850869834065170e-02 -1.320992303500106817e-02
6.827984616056306244e-01 -2.166042928275675392e-02 -1.139634110125021735e-02 2.523590413198348835e-03 -2.017893968034744148e-02 -5.577308336713572567e-02 -9.654107255002878502e-03 2.025367890231674541e-03 -4.842947503892246208e-02 -4.488823668863076849e-02 -7.578252224992693478e-03 1.504088021834511842e-03 -3.915279246276268804e-02 -1.216342872846588874e-02 -1.071374537422975330e-02
6.869817177358829019e-01 -1.786882943417567038e-02 -9.394242324463493096e-03 2.069614820403421415e-03 -1.682915530730050291e-02 -4.649090925157008114e-02 -8.042267742237029296e-03 1.682171925343966699e-03 -4.053746777055987349e-02 -3.758550916934547820e-02 -6.350044100384706625e-03 1.257790561715424775e-03 -3.291157471742268276e-02 -1.023371779613879186e-02 -9.050755206007976908e-03
6.911718524128840357e-01 -1.617581041636997202e-02 -8.480658507379399205e-03 1.779952161817245811e-03 -1.505458686523806523e-02 -4.179350082905605723e-02 -7.214590834770800119e-03 1.430459343022577818e-03 -3.632319430538036298e-02 -3.382817540820656776e-02 -5.706327127394344827e-03 1.067215936784975594e-03 -2.957553928606720950e-02 -9.232779602968617730e-03 -8.159580796044582293e-03
6.953555746427921846e-01 -1.399284948207905888e-02 -7.341034235823407431e-03 1.534709628878179119e-03 -1.308379468688721479e-02 -3.632960922907732537e-02 -6.277561656648764088e-03 1.244171751477137541e-03 -3.168342671172297981e-02 -2.951408556123769761e-02 -4.983624086346765542e-03 9.322547531924789627e-04 -2.585878789989176987e-02 -8.074328351111957625e-03 -7.143274348903025199e-03
6.995344561305086861e-01 -1.145211080281751358e-02 -6.024091331067318172e-03 1.307247735690130223e-03 -1.076276697009122436e-02 -2.978089157868608200e-02 -5.157291329938221321e-03 1.064446332087060250e-03 -2.586582329415814535e-02 -2.400762404320223864e-02 -4.058923496608622151e-03 7.946114965281186144e-04 -2.091491774579798402e-02 -6.505355321411857190e-03 -5.722476272535689974e-03
7.037287066792784485e-01 -1.030117045006919037e-02 -5.407534592206622581e-03 1.114879386219153490e-03 -9.737620921854633210e-03 -2.706652216200508901e-02 -4.679321112048183406e-03 9.136164328762592674e-04 -2.381674594116228033e-02 -2.221395638067485967e-02 -3.756484867829897826e-03 6.929595637146184319e-04 -1.964134188456389749e-02 -6.140081134877051726e-03 -5.481638846316065454e-03
7.079143033440539190e-01 -8.721984188188158099e-03 -4.569933576341245543e-03 9.366397482436985156e-04 -8.076642853712776016e-03 -2.246489341615281327e-02 -3.878346152190252551e-03 7.547506726446455991e-04 -1.942677840777569734e-02 -1.812130701269083072e-02 -3.057720283713458859e-03 5.614321654586429356e-04 -1.576343255364772572e-02 -4.927637591911252120e-03 -4.334572225502069352e-03
7.121186686741065586e-01 -7.213061754560295968e-03 -3.797846673312618021e-03 8.052779854044979846e-04 -6.759498936232320905e-03 -1.873535804407410604e-02 -3.248804667036363312e-03 6.570270230401128097e-04 -1.626870432917510920e-02 -1.512633489485745025e-02 -2.563705618128144046e-03 4.932979683535303542e-04 -1.320642062703825462e-02 -4.114349205362214865e-03 -3.630888125982425097e-03
7.163134555705721329e-01 -6.335414847786419341e-03 -3.337744918810311382e-03 6.984431324999444820e-04 -5.937525227619870789e-03 -1.648864954655422307e-02 -2.860064608334927840e-03 5.686124487385442851e-04 -1.436095742581531415e-02 -1.337583221780090648e-02 -2.267842561178446542e-03 4.274476060376928644e-04 -1.171418500211858504e-02 -3.656851952366836460e-03 -3.238118845528587149e-03
7.204913713645887396e-01 -5.194096362743930856e-03 -2.722802394595516713e-03 5.539517486539581722e-04 -4.863094187335350455e-03 -1.353773962521056390e-02 -2.338710003356064913e-03 4.525880623542285759e-04 -1.175380142027719101e-02 -1.097022210446703915e-02 -1.853926406044818526e-03 3.406116871087254351e-04 -9.574925407235040584e-03 -2.992833467311037821e-03 -2.640293529740906243e-03
7.246803275165087932e-01 -4.450823018821678176e-03 -2.341855502099812140e-03 4.872604152346679865e-04 -4.185183582820404223e-03 -1.162592895330544218e-02 -2.012906291619734507e-03 3.965307933153594490e-04 -1.011549154257073389e-02 -9.421740125463448287e-03 -1.594300078400109856e-03 2.958771916047281229e-04 -8.240671070531882178e-03 -2.573245797798987076e-03 -2.274906370921639907e-03
7.288763115175647123e-01 -3.905226918096822014e-03 -2.054409150173679144e-03 4.225352216148081891e-04 -3.654561949995257120e-03 -1.015915091471890699e-02 -1.760638352512461629e-03 3.438871977427011969e-04 -8.827973470167071318e-03 -8.233337697801370800e-03 -1.394958280489539976e-03 2.586667190888340033e-04 -7.185751657475730747e-03 -2.244955998598463769e-03 -1.979151781990835107e-03
7.330585840505703388e-01 -3.366831117529326366e-03 -1.764765927674065123e-03 3.544159860302593013e-04 -3.159771198663368329e-03 -8.799621819574377640e-03 -1.519810526546679216e-03 2.897624133145978195e-04 -7.649985971719510183e-03 -7.143985858650259667e-03 -1.207685649667552619e-03 2.181356669525078679e-04 -6.238964443219674992e-03 -1.952565191093171308e-03 -1.722528009960324529e-03
7.372316440474646626e-01 -2.944937593792353731e-03 -1.547269270809268444e-03 3.050283533363526292e-04 -2.748184781044486769e-03 -7.674661637615703448e-03 -1.327716833052337234e-03 2.500247378085581761e-04 -6.677345799514341346e-03 -6.246339902287498247e-03 -1.058118102115828633e-03 1.897051787908474976e-04 -5.463958608473614906e-03 -1.711719389971882695e-03 -1.512253339595381624e-03
7.414228560306842519e-01 -2.540594386334036562e-03 -1.325485068028031503e-03 2.513717270690053870e-04 -2.387756431682723848e-03 -6.678323679016022127e-03 -1.149418444279069838e-03 2.066585001905211897e-04 -5.838734873399153286e-03 -5.477525216425406691e-03 -9.238522433885316227e-04 1.567598554347276324e-04 -4.812391183545985766e-03 -1.513096650224283503e-03 -1.343828109273716631e-03
7.456189213758863676e-01 -2.060001996064041684e-03 -1.080535628462112952e-03 2.120841727601446749e-04 -1.940558075577172772e-03 -5.413273095395823749e-03 -9.354507327643800949e-04 1.753064145508472546e-04 -4.713432294020115584e-03 -4.408640333628629192e-03 -7.466519722114090115e-04 1.327858685316699885e-04 -3.860699998497964854e-03 -1.209754298862067423e-03 -1.070283241604874560e-03
7.498104337627916616e-01 -1.803682175155682087e-03 -9.417895383138851721e-04 1.731923506959853721e-04 -1.687046456203368473e-03 -4.729905793240424261e-03 -8.149926741909629914e-04 1.432246962605150187e-04 -4.108438002870615918e-03 -3.860189035163572556e-03 -6.520730770744297133e-04 1.085116738286397278e-04 -3.369247089255125553e-03 -1.060779049018444661e-03 -9.359554003195841559e-04
7.539974189770904944e-01 -1.514878172866974525e-03 -7.933701857231699722e-04 1.526379317975193339e-04 -1.420295894535301105e-03 -3.975560829993217762e-03 -6.869649163606600731e-04 1.256778329367233744e-04 -3.460130078388026602e-03 -3.245828316471738220e-03 -5.497450091738635214e-04 9.509356449675476601e-05 -2.841083163761267891e-03 -8.933078632132279793e-04 -7.906427262069727407e-04
7.581896411468850294e-01 -1.279611138594637879e-03 -6.708859797888023623e-04 1.239882040755849960e-04 -1.199266116032283655e-03 -3.356177532619924846e-03 -5.787561463482473632e-04 1.020499664218970693e-04 -2.913449483151999125e-03 -2.735802024726620776e-03 -4.625658945270111257e-04 7.731247582112366675e-05 -2.390375376231630624e-03 -7.521397097692262244e-04 -6.638998803283852968e-04
7.623808615479977790e-01 -1.001741967041860871e-03 -5.242350651695927696e-04 9.855070248824737895e-05 -9.447253830193306536e-04 -2.650955985717329787e-03 -4.576045983395846573e-04 8.202929938373292994e-05 -2.302993905420119662e-03 -2.162562318853964750e-03 -3.659845240591767216e-04 6.196685692705975704e-05 -1.892487050000556852e-03 -5.943421520805470312e-04 -5.264450851857547771e-04
7.665651159623174671e-01 -9.068530108003710136e-04 -4.758939312783354455e-04 9.194751626124884447e-05 -8.417523655432063547e-04 -2.351649869212938098e-03 -4.063935891677506753e-04 7.525371206962591208e-05 -2.029562917342962822e-03 -1.899288155445196490e-03 -3.213042715111133550e-04 5.675800680210182447e-05 -1.650482459881877145e-03 -5.171713717705840162e-04 -4.547461282511182888e-04
7.707536355579491794e-01 -7.776149862145543970e-04 -4.065311723171687952e-04 7.564622817376448331e-05 -7.276472610424735473e-04 -2.043850132707614696e-03 -3.523943121967775590e-04 6.278461003060182579e-05 -1.776098375355573272e-03 -1.664556684033087963e-03 -2.815364303090913474e-04 4.773406320397983809e-05 -1.455647936574524549e-03 -4.566015758151529928e-04 -4.030932793765499276e-04
7.749462413082437440e-01 -6.397133830354926253e-04 -3.346993073350534994e-04 6.098503248450086098e-05 -6.017181354155673239e-04 -1.677336379879383133e-03 -2.895086405501979599e-04 5.042124761417883944e-05 -1.457762398899467744e-03 -1.367443142706410144e-03 -2.319678318652648469e-04 3.836845510955526231e-05 -1.199778306554397838e-03 -3.767815751251991701e-04 -3.346344339990183045e-04
7.791369682448587852e-01 -4.848711697806991567e-04 -2.550313344433333975e-04 4.823513102929582016e-05 -4.574809299723334795e-04 -1.282298917449100056e-03 -2.218494697796776253e-04 4.019303571705255866e-05 -1.104215709266627606e-03 -1.036376621520631496e-03 -1.756323217008049398e-04 3.013164895197911573e-05 -8.977390878062468027e-04 -2.827486647258795754e-04 -2.469548360560592029e-04
7.833258353347896108e-01 -4.549056650010366277e-04 -2.366400320710240431e-04 4.247991410460971886e-05 -4.267002665826273556e-04 -1.195552442317679345e-03 -2.058637050668465451e-04 3.533412228742353200e-05 -1.035672089654709506e-03 -9.742353918058141915e-04 -1.644620617342660673e-04 2.697783409107577511e-05 -8.484216395303960075e-04 -2.673866236109568640e-04 -2.359144381390759011e-04
7.875159900600451346e-01 -4.121950837092217576e-04 -2.171451517533655386e-04 3.828044134298636702e-05 -3.844807039679295547e-04 -1.084925023843040645e-03 -1.876521616279820063e-04 3.191119175422084593e-05 -9.482318166643899848e-04 -8.912417638920976624e-04 -1.514625009797727700e-04 2.456442910044768309e-05 -7.821395247735745846e-04 -2.471813316858658023e-04 -2.194603130342857649e-04
7.917084457625156446e-01 -3.067288867496407653e-04 -1.604505297053731487e-04 2.945486572086153414e-05 -2.841656377620322186e-04 -8.064495208271841046e-04 -1.389088558127255424e-04 2.406387063973686616e-05 -6.941930866005643517e-04 -6.537067683301635897e-04 -1.101276273383897840e-04 1.816989101343544926e-05 -5.676480273920440607e-04 -1.785220875939428102e-04 -1.567309895536027407e-04
7.958821468706197555e-01 -2.521163930745179589e-04 -1.321127071967865760e-04 2.453406743876864271e-05 -2.313173542774693754e-04 -6.554934250972415267e-04 -1.143526992109438834e-04 2.025141541889676438e-05 -5.621204095420761875e-04 -5.308226528622913762e-04 -9.046830650099904852e-05 1.550750483875408563e-05 -4.599970007119042977e-04 -1.450172973116486052e-04 -1.276237853129185296e-04
8.000624692379799674e-01 -2.285992245727736102e-04 -1.185275018771597027e-04 2.110310260168053341e-05 -2.083764498145297521e-04 -5.953718154288247530e-04 -1.024712649915223523e-04 1.734715680720315940e-05 -5.144304463369647491e-04 -4.833954584843572666e-04 -8.186834366513510985e-05 1.306198811181081574e-05 -4.209748540989436002e-04 -1.327847745683688571e-04 -1.170045747597041791e-04
8.042564613727184453e-01 -1.990517675674548562e-04 -1.045462189924652462e-04 1.822671440795909517e-05 -1.863394268616924427e-04 -5.242162046653128923e-04 -9.046322449339099002e-05 1.544836206856213195e-05 -4.540639165139164022e-04 -4.266102477205205388e-04 -7.248239465770593118e-05 1.167405385936843750e-05 -3.708816941300628243e-04 -1.170779920122988211e-04 -1.030030287843244549e-04
8.084384822996342201e-01 -1.623997022305400490e-04 -8.567136095585986056e-05 1.463040639247677794e-05 -1.510142649138375990e-04 -4.296549618722188268e-04 -7.465104818657518695e-05 1.209764272703074105e-05 -3.757912672639901757e-04 -3.530109843931641608e-04 -5.994864366469278971e-05 9.346840913459276187e-06 -3.112421016696953263e-04 -9.782533366690342581e-05 -8.653440340179618831e-05
8.126333810499198895e-01 -1.256847561909972284e-04 -6.457446067456683455e-05 1.114389014671080186e-05 -1.161093389950948218e-04 -3.297451246062314692e-04 -5.689652882775948816e-05 9.789946628752705892e-06 -2.830856883104018165e-04 -2.686201707080549100e-04 -4.554840726337445778e-05 7.427978828069410680e-06 -2.334441508321299854e-04 -7.363373416121386903e-05 -6.502528020916924429e-05
8.168271958201180905e-01 -1.011379780573311602e-04 -5.430294536227913695e-05 8.649064566886000187e-06 -9.578643710700596647e-05 -2.714439785689896304e-04 -4.763458376406078435e-05 7.802333013905450305e-06 -2.366094785929500580e-04 -2.225949152868980890e-04 -3.798682181848254746e-05 6.012769712374965903e-06 -1.927937890241485303e-04 -6.149407651574068806e-05 -5.331340928141710980e-05
8.210214995694952167e-01 -8.710706585946607883e-05 -4.620310137023806829e-05 7.854628686399017974e-06 -8.454462224901415136e-05 -2.335032180652960488e-04 -4.068746485507375091e-05 6.738279573538661123e-06 -2.056772655224415203e-04 -1.918006361921755464e-04 -3.292977577474086309e-05 5.231617498932051941e-06 -1.682298258754023456e-04 -5.261720703825178508e-05 -4.749743184382785769e-05
8.252154145000215602e-01 -7.758050583605428962e-05 -4.037481194288955358e-05 6.685298863985865009e-06 -7.098922029231545701e-05 -2.064424614522401477e-04 -3.502625013650540077e-05 5.934107771389969725e-06 -1.745996361446954599e-04 -1.677804447434986168e-04 -2.813658227969684033e-05 4.618987540503953542e-06 -1.435434996221362429e-04 -4.561916102310688113e-05 -3.983005772689312700e-05
8.294030907808404018e-01 -6.251658626294362344e-05 -3.357577581125751080e-05 5.166484995291610037e-06 -6.288596266749680262e-05 -1.678202489856470169e-04 -2.976723191924266865e-05 4.620547558633738187e-06 -1.536012582717029696e-04 -1.390837351774966218e-04 -2.383821382933465168e-05 3.608006837963369257e-06 -1.262722527988005561e-04 -3.906049442164055322e-05 -3.481997906251417356e-05
8.335906150371191758e-01 -5.283599587520881381e-05 -2.743507735209772995e-05 4.370552532537253831e-06 -5.174972001267888884e-05 -1.430428543400409495e-04 -2.421263304629105479e-05 4.090000153218137072e-06 -1.263706453947700142e-04 -1.162020033108664428e-04 -1.948812315812105812e-05 3.214846281407901607e-06 -1.028445217384313279e-04 -3.214034550888267430e-05 -2.903238892837214279e-05
8.377685032221774408e-01 -4.600375402087349635e-05 -2.514317430763045950e-05 4.733389723388421738e-06 -4.575551455535786089e-05 -1.259353906373018633e-04 -2.183320768462551853e-05 3.723353660149761183e-06 -1.093983371253666567e-04 -1.044984589984987970e-04 -1.765058596920360498e-05 2.715274313247592775e-06 -8.914321178053655865e-05 -2.857688048778442364e-05 -2.540801604198195994e-05
8.419567297582307708e-01 -3.837735678211156068e-05 -2.147682766584307372e-05 3.134268196838619833e-06 -3.344928626045487935e-05 -1.018976822147545406e-04 -1.802917430302407751e-05 2.790728046698477035e-06 -8.716557973757379358e-05 -8.409601167344763861e-05 -1.453616833159043136e-05 1.971409544087648623e-06 -7.203715715640067409e-05 -2.346963835302829285e-05 -2.076599279993838855e-05
8.461556544987137718e-01 -2.828591954457228960e-05 -1.701222886407570699e-05 2.776839365825957287e-06 -2.949006406663951308e-05 -8.065064586784636929e-05 -1.467161883196853016e-05 2.161680421823994084e-06 -6.909210766361051164e-05 -6.766468026301334033e-05 -1.173898991538826605e-05 1.544482312379430943e-06 -5.675794431781123534e-05 -1.919359459835973618e-05 -1.559428550106026275e-05
8.503430790983292908e-01 -2.416020633198986698e-05 -1.325287159171773396e-05 3.001550081471583327e-06 -2.607191170060436296e-05 -6.785594209451202791e-05 -1.178515510842436143e-05 2.294120948432056633e-06 -6.043275900066194913e-05 -5.531726754221325660e-05 -9.595432534029614947e-06 1.549050070735167271e-06 -4.846898881019754448e-05 -1.521792295458290146e-05 -1.391502337564963484e-05
8.545245840949285965e-01 -2.142714042391597465e-05 -1.107899797890176420e-05 1.726004191037769549e-06 -1.698997687606580381e-05 -5.528652582367817031e-05 -9.719201567447635225e-06 1.672171685418826395e-06 -4.316917465361614048e-05 -4.413080899958247950e-05 -7.669922797297711370e-06 1.147572410943766762e-06 -3.869476575883302446e-05 -1.218341832049615089e-05 -1.050572165009408803e-05
8.587196449246210506e-01 -1.668026803950403033e-05 -8.776714022641062075e-06 1.490132967706502749e-06 -1.504772137497340070e-05 -4.203633449519607676e-05 -8.075935261949955868e-06 1.172298813198325159e-06 -3.563253810599293801e-05 -3.496783542109365778e-05 -6.286838035436417320e-06 9.873449011426136563e-07 -3.153533896440796977e-05 -9.471372574300131197e-06 -9.456496629427817239e-06
8.629074348139629258e-01 -1.701864655609506918e-05 -8.355250508224577134e-06 1.359701819637227346e-06 -1.233487897470160799e-05 -4.099677912509837335e-05 -7.432883018646141758e-06 1.270519645386601249e-06 -3.149140396212300307e-05 -3.389898890732804133e-05 -5.998887759930711784e-06 8.693244588310723880e-07 -2.612846176134391178e-05 -9.390606854764686960e-06 -7.490860473104727801e-06
8.670852844200982457e-01 -1.090687639600315949e-05 -6.845001219797018170e-06 8.836544712261986867e-07 -1.169742928988157311e-05 -2.928027985851559768e-05 -5.723771395597332550e-06 7.620441413166316091e-07 -2.791000150783944531e-05 -2.429893945318480422e-05 -4.517762144277887871e-06 5.020997639285770374e-07 -2.343843667418746594e-05 -7.185877165638405511e-06 -6.086096598440942268e-06
8.712764316473343706e-01 -1.203598751006211319e-05 -5.538388272010767492e-06 1.169155628700067799e-06 -1.083049115520687096e-05 -2.911351602665895470e-05 -4.777083611524710145e-06 9.950785838194736010e-07 -2.243054681438323963e-05 -2.213150814372506040e-05 -3.734056989006488381e-06 6.074835332966144098e-07 -1.776240979790667872e-05 -5.498290064141507762e-06 -4.558295689032612436e-06
8.754762476624626810e-01 -5.631383797230113839e-06 -4.303417152581182891e-06 6.933250683806091509e-07 -7.943627749120207767e-06 -2.330949504947388054e-05 -4.005495810330230050e-06 7.417543695142518087e-07 -1.858283480014932536e-05 -1.991489617766488329e-05 -3.189476981819583948e-06 4.821856191043538718e-07 -1.451005125911186225e-05 -5.267498536482373989e-06 -3.885178585135345080e-06
8.796707865602606535e-01 -5.368509580470049876e-06 -3.866838606918527234e-06 3.274827008281960647e-07 -9.116030874358053133e-06 -1.814453260405495273e-05 -3.341470716917079792e-06 4.550260986748774703e-07 -1.688876610763939210e-05 -1.582746253263622816e-05 -2.684998043420342128e-06 4.295943158993376616e-07 -1.449668212180214390e-05 -4.746648964037214138e-06 -4.489276352778989233e-06
8.838562222970675064e-01 -4.719921413700994275e-06 -2.993884967726040680e-06 5.387232014489204877e-07 -4.422893091819980479e-06 -1.565861538219710583e-05 -2.174752834863365568e-06 7.287271673140938804e-07 -1.254098416681645784e-05 -1.199099961009669655e-05 -1.947934825847100742e-06 4.231221132932639109e-07 -1.028180709621783472e-05 -3.043974300623977773e-06 -3.708390738125869102e-06
8.880381764417510926e-01 -3.757478090490799219e-06 -2.775937045878138103e-06 6.563571045453469288e-07 -2.662369517668713856e-06 -1.028986487976293159e-05 -2.035418177842109782e-06 5.297470416607751157e-07 -1.240603005413967262e-05 -8.936274612632767614e-06 -1.819671801570905510e-06 3.450466120537809025e-07 -1.003589735470238371e-05 -2.647929159442422766e-06 -3.410811092701063360e-06
8.922270316229049536e-01 -4.687621849599350958e-06 -2.722250384128501440e-06 5.472636337097594410e-07 -1.105608101601102548e-06 -1.079229827812281035e-05 -1.999415113016489985e-06 8.513689068929110128e-08 -7.449325386172563858e-06 -8.961811922970024832e-06 -1.640572153550329277e-06 1.756423958075536769e-07 -6.048007434795930623e-06 -2.522714920027094806e-06 -1.610121121028240831e-06
8.964225585562245469e-01 -5.587092422511331008e-07 -1.088778777289847948e-06 2.671670554226011358e-07 1.224174873731191217e-07 -7.580765180416367322e-06 -1.447834957438858778e-06 2.617751562703795441e-07 -3.885429326078860430e-06 -6.644293848235657043e-06 -1.237600857118861648e-06 2.200408885029230551e-07 -6.259725137336795115e-06 -2.323922020943530900e-06 -1.824872402247632345e-06
9.006049913569987853e-01 -2.272862725987897673e-07 -2.304622907686082403e-06 9.833713936123826601e-07 -5.537808693305870749e-08 -1.678275124886356728e-06 -1.496529169067171219e-06 3.047578331518020268e-07 -2.193935282346643736e-06 -2.597590651950345120e-06 -9.739178817601721186e-07 3.920524426756125478e-08 -2.491818522916484216e-06 -1.172742419530049334e-06 -1.194014418945137277e-06
9.047836582182254839e-01 -3.083257678460183031e-06 -1.425082119670762384e-06 6.308559730916605346e-07 -4.077921446723220058e-06 -7.734078454259232075e-06 -9.586075308086526329e-07 2.554454607835784499e-07 -9.095405039326939840e-06 -5.856559724159619949e-06 -6.167256870755612309e-07 2.337817768656649225e-07 -5.654355435077105238e-06 -1.588547246823902790e-06 -1.103368108860463322e-06
9.089780964569278421e-01 3.844543004590799583e-07 -1.000584074067045449e-06 -8.263530641275713363e-09 6.276420853826963878e-07 -1.161038812009140072e-06 -8.432248479014720287e-07 1.687762571011737788e-07 1.926519308103269251e-06 -1.543195442982634966e-06 -8.393599702963280348e-07 2.134820970097039138e-07 4.526287560829969313e-07 -4.116284158329672323e-07 -4.659224510600365600e-07
9.131704587403689510e-01 2.029584967153806372e-07 -8.178507265349687721e-07 9.210755073037881749e-08 -1.624523016245912855e-06 -9.345118111294389956e-07 -6.826013038760220142e-07 1.430126209811771675e-07 -5.451156731565075436e-06 -2.570781122982276516e-06 -5.830056223735144559e-07 1.507247135149536199e-08 -4.465324244845668914e-06 -8.145464112507300131e-07 -1.638633470883743928e-06
9.173547920329833127e-01 -8.593303743222502300e-07 -8.475380977239019481e-07 -3.272372067094560297e-08 -1.210715580975014423e-06 1.004121864958354206e-06 -6.187771381038796776e-07 1.125757758831344901e-07 -3.007287165581577391e-06 6.251151237553667959e-07 -4.321491832364519631e-07 2.613834544751210141e-07 -2.279209261113995552e-06 -1.378891198186343211e-07 -1.211760585030484554e-06
9.215425617950214754e-01 -1.665736586748991361e-06 -3.386661310971351927e-07 -4.405112507101561287e-07 -9.185834706319699567e-07 -3.136877180793281616e-07 -5.740827511580913307e-07 4.733744123602379242e-08 -1.462943485835472097e-06 2.256833759327469181e-07 -3.672787295369123071e-07 9.796201192011910655e-08 -1.049858887764739135e-07 2.387903586352522751e-07 -3.184514960227235347e-07
9.257400405750663142e-01 -1.306914745707389932e-07 -6.714318668461122393e-07 4.332845714250257248e-08 -1.980594985035025560e-07 -1.305705235399760677e-06 -4.685129779824267737e-07 1.203692307536141050e-07 -2.898171014452372494e-06 -2.355299935565230595e-06 -3.228956844560876170e-07 2.821178083178216680e-07 -4.456315314398212501e-06 -8.584173979074267279e-07 -1.258469947904835784e-06
9.299303352268617484e-01 -2.466851143490482853e-06 -5.943299988887098748e-07 2.793658117503960611e-07 -7.552068662078908012e-07 -5.860119841878845274e-06 -3.877606955086352968e-07 5.386750516308276129e-08 -3.975897244549663478e-06 -5.189870695543348088e-06 -2.756097057757868947e-07 9.504775795808665326e-08 -5.083611769392461429e-06 -1.290446290064104042e-06 -3.702126718830627961e-07
9.341108300097852313e-01 1.738896957193618457e-06 -7.920537250454795958e-07 6.902771049246455582e-07 1.809985837643832506e-06 3.122900005937413173e-06 -3.866608354051590537e-07 2.907485961730882929e-07 3.604679587169968324e-06 2.160425802832404154e-06 -2.900912474225521756e-07 1.067561800154523271e-07 8.595965476785781736e-07 -2.593987374416961212e-08 9.584899684411555294e-08
9.382896253999645220e-01 -1.577890858701728090e-06 -1.002013561654105587e-06 4.330402306132148547e-07 4.911464600468738741e-07 -4.692107944776482255e-06 -4.634432857333923909e-07 -1.616571605167384988e-08 6.897360793749263740e-07 -5.596886602663068443e-06 -2.589252979483578238e-07 -1.814266234744210721e-07 4.923093951027722229e-07 -1.465953661898484230e-06 5.982681149367510053e-08
9.424819561228944265e-01 3.380700392371165950e-07 -1.315646502419834708e-07 3.065436929792934259e-07 -1.894899716012364864e-06 -8.724141532189311684e-08 -6.010909502671923043e-08 -1.015945234546442670e-07 -2.929805670838881014e-06 -6.273225963817624366e-07 -1.445355539660020445e-07 -2.539876486481348126e-08 -2.558538116189234712e-06 -4.895508146713322952e-07 -3.867215230324324982e-07
9.466849863120379016e-01 1.482224752690009318e-06 -7.621453753126642496e-07 -1.148896136033335389e-07 -5.591127027351765187e-07 -9.626733149001339535e-07 -3.108744133622209849e-07 -1.629013337039338521e-07 -1.244474942905395906e-06 -2.134991070669150839e-06 -1.206283385009986753e-07 -1.436854446583263433e-07 -3.804117472233331731e-06 -8.566064456093913561e-07 -1.771751806569769847e-06
9.508714331057195324e-01 -1.693119256444248357e-06 -3.039324641279024916e-07 -1.134934261761272592e-07 -7.201046457536814307e-08 -2.633699400112778863e-06 -1.164189694135463120e-07 3.866143080938753008e-08 5.582803844072816998e-06 -1.445961786455386385e-06 -1.912895340439346110e-07 8.043258923753496579e-08 2.222699052248084800e-06 -3.118572252173859569e-07 8.151642706799398227e-08
9.550563230073290111e-01 1.409924527032130685e-06 -4.684276669393434153e-07 -7.401638597308815172e-08 -1.282262284782449407e-06 1.029607326585381248e-06 -3.588628027568233810e-07 2.679213687443919487e-07 -2.055412119634386719e-07 9.953048986659589074e-07 -2.466510322844108862e-07 1.361508351495726476e-07 3.678702193887438371e-07 6.496817807081975534e-07 -3.858931703183256567e-07
9.592513211539739348e-01 2.040350380838365661e-06 -5.178983091150854722e-07 2.845523121933769463e-07 2.340609863646862941e-06 3.918829894112982216e-06 -2.850943726984050797e-07 2.409007678803078122e-07 7.003560284613359942e-06 3.559963287758017542e-06 4.635385778288004505e-08 1.218356196058573629e-07 7.685752225481543294e-06 1.131387260806665933e-06 4.416322272821649883e-07
9.634451052878124644e-01 6.428716147719666492e-06 -6.465267471160831242e-08 -5.713017397224211614e-07 2.585104469342959027e-06 5.860815206827257442e-06 -1.551191070236253555e-07 -1.681705760475419225e-07 6.241896678064230007e-07 3.436876963352043036e-06 -4.443803718467906746e-09 5.128940376711530560e-08 4.895786300919842052e-07 5.138045911999893355e-07 -6.795554206800782941e-07
9.676230540453005791e-01 1.858163211155199212e-06 -7.239360115032861638e-07 6.120105133379062651e-07 5.011931261605908113e-06 -5.400920057520418763e-08 -3.668538421362517015e-07 1.151402044597105980e-07 4.620082150183901731e-06 4.624010148886111844e-07 -1.809036899290762408e-07 -2.500515069238242058e-09 2.239542363739665113e-06 -5.496240683673381323e-07 5.328085716604394461e-08
9.718094297475188270e-01 8.038352157318668374e-07 3.949952568585398632e-07 -7.552592481344520541e-08 -1.823683526334876978e-07 -1.536561876242498563e-06 3.189711446768292973e-08 -6.593752965677496426e-08 3.508317432524853232e-07 -1.913342505820100145e-06 -9.938604286407955234e-09 3.245324393234881310e-08 -2.315257216992675716e-07 -9.672374247152145535e-07 3.246175022600681213e-07
9.760091362076940280e-01 4.086302348150503987e-06 -6.399942679719521709e-07 1.148688305185615243e-07 7.078870700750793398e-07 5.838108387656250730e-06 -1.386391053562996301e-07 8.230586068263350472e-08 -3.363326630650497678e-07 2.492119366159486544e-06 -1.137855027727498558e-07 1.707827002502834377e-08 -1.968462945531000747e-06 2.705856725244794788e-07 -5.395045291589601301e-07
9.802075838006468755e-01 -9.990643108268661695e-07 1.448963086367956456e-07 -3.892282669626564999e-08 -3.466259320879591609e-06 -4.124934113601432849e-06 -7.821867392671496331e-08 3.547279230003826971e-08 -5.670665587118006487e-06 -2.929745947971234660e-06 3.407178667153794229e-09 4.928717650464171564e-08 -1.901697195219978934e-06 -4.198487392787549125e-07 -4.326917476166811491e-07
9.843901124947946890e-01 -1.043088641077455100e-07 2.028804299430456359e-07 -3.455546739027654698e-07 1.062664200297278657e-06 -3.505965491636744996e-06 -7.736358114125537588e-08 3.137234970114666944e-08 2.717914742118375143e-06 -3.112157379764374507e-06 -2.311892647414592086e-07 1.848799833731676339e-07 1.851538384812567477e-06 -7.634294112303883379e-07 6.256463953888636606e-07
9.885650797815361823e-01 -3.165135648605452713e-07 -1.569500237400803634e-07 -1.286865697619265420e-08 3.364025303570219076e-06 4.646610563296340405e-07 8.671060661007151128e-08 -4.972602301383944180e-08 -1.805317907656179854e-06 -7.849663029693051903e-09 1.956802408231050205e-07 -3.151382193589032913e-08 -6.916921941824571831e-07 -1.329896519871466025e-07 1.731123041322883744e-07
9.927561705083151056e-01 1.957386795535617632e-06 2.641098642438034356e-07 -4.767720347004823112e-09 -3.082541599286277069e-07 1.445743279060154755e-06 2.121214806754969085e-07 -2.814995921247247297e-07 -3.187175471855845814e-07 -8.007369651262391013e-07 7.115166050944285575e-08 -1.598482134579841184e-07 -1.340686821686797480e-07 -8.467541105428663426e-07 -3.458328493590221463e-07
9.969400597939003239e-01 3.327017343945365418e-06 -1.653193642478590687e-07 1.119200111351780402e-07 6.680625026687333332e-06 5.825363234992069119e-06 1.602186982107847609e-07 -4.130235054514566735e-08 1.115458232310154002e-05 3.146166509218789461e-06 1.634306293390591430e-07 -2.788203896307636838e-08 6.626681497744961792e-06 6.494504910425483341e-07 1.358585873987446343e-06
1.001125867816581083e+00 -2.389117192235566665e-07 -1.344335714854876575e-07 1.681088154056452471e-07 3.060723978453197492e-06 -2.223682356620828816e-07 7.491636584097162697e-08 -1.261904960643633003e-07 -1.347574091443388667e-06 6.587884582734930716e-07 2.641950547185443572e-08 -2.739288999805177180e-08 3.378036150280047670e-07 3.560102032908172925e-07 -7.149798274784491229e-07
1.005315482813002204e+00 -1.613970486174491337e-06 6.063504795088987881e-08 -3.350626106037735308e-07 -1.463036423284069120e-06 -2.367839800028208283e-06 4.816015066263707479e-08 -1.608358406616189707e-07 -1.559962117164429639e-06 -2.095157607445959383e-06 -5.454072575950424692e-09 -1.272452088036146065e-07 -1.714057763912719739e-06 -5.922844022894119814e-07 -9.278473700565960174e-07
1.009503724426713545e+00 8.357653925729169248e-07 -5.812708701594080230e-08 4.336296370496469892e-07 -2.066567370075809287e-06 3.330464832497657516e-07 -3.997793977541636396e-08 2.031253098975453302e-07 -4.372907218417359199e-06 -1.579148841310666360e-06 -5.767463976125316566e-08 5.304468921317146461e-08 -5.025578200930367770e-06 -7.795848513468915616e-07 -1.422267160849653255e-06
1.013699103815393299e+00 -8.337935820803790599e-07 -1.301379213036036621e-07 2.022404450452956586e-07 -2.059777765921199024e-06 8.295748757813460569e-07 -1.192663898748923760e-07 7.831800631983991436e-08 -2.947463856030737465e-06 1.523838737164339363e-06 -7.593250471235478452e-08 5.564747293394027482e-09 -4.257503763761426390e-06 1.760397731507890473e-07 -1.186685320802162764e-06
1.017885842421875964e+00 2.523827887914560875e-07 3.460370709977959240e-07 -3.180633587234287998e-07 2.603220942017526663e-06 -1.542964480194581037e-06 2.329570846418806937e-07 -1.878603453020237555e-07 2.129488318098314140e-06 -1.042370273618539901e-06 -1.013056690122825810e-08 -2.834483947705868519e-08 8.955163089849231503e-07 -2.376374174561416181e-07 3.827165120360740497e-07
1.022076284359184406e+00 3.946639557469359448e-06 6.380054374619094842e-08 -2.163892702495832802e-07 1.327398644407868115e-06 1.819506553951413514e-06 -9.541190323151756854e-11 -4.803431396757653105e-08 1.203478163077931988e-06 2.186954245679030631e-08 -5.605282705298051474e-08 -4.645335566511606147e-08 1.155999555288225197e-06 -4.280161392500630922e-07 -2.096614026647392441e-07
1.026273875264014812e+00 -2.290822504815159150e-06 5.145354579866684311e-07 -2.254857073559593831e-07 -6.079186422491526278e-07 -3.277733217479071332e-06 -5.083421861835169902e-09 -2.276306315848968371e-07 -4.138172795482337966e-06 -2.018272590428498408e-06 9.066936891320815162e-08 -2.365233084344739155e-07 -2.734313037813886414e-06 -5.612192330221177400e-07 -1.082995611569306418e-06
1.030463237552156075e+00 -1.245056017299658192e-06 -1.986962769286875751e-07 3.757222897024099302e-07 2.534767768720416698e-07 -2.211686536770674841e-06 -2.816373051578048029e-08 3.310917817113544925e-08 2.422526766713484752e-07 -9.759933308186787336e-07 2.028497651162608980e-08 -4.586458084903312874e-08 1.020529358335093428e-06 -4.630754620868336264e-08 -1.047510897994828933e-06
1.034646639530784062e+00 1.155396791371049866e-06 2.852296250179355885e-07 -1.825587961558196134e-07 1.423770208429687913e-06 1.336475601405788542e-07 3.319348266894202641e-08 -9.112550752801274775e-08 -3.437237848194640510e-06 -5.808280853809792553e-07 8.244819076760427147e-08 -1.006553219604668023e-07 6.829782939606096831e-07 -4.321868015283585426e-08 6.723499676115879318e-08
1.038830480088573260e+00 -1.722302231772478752e-06 7.667422159978904252e-08 1.742044769350877617e-07 -3.313662275808560904e-06 -4.523997514196744041e-06 -2.130761144154587930e-07 2.358743830693582586e-07 -3.352266351481041537e-06 -1.398027256694101338e-06 -3.242664735642942580e-08 3.845285607387806216e-08 1.005194300500369041e-06 6.500656266607231923e-08 3.332970937701074166e-07
1.043023229532383578e+00 1.575299924464553651e-06 3.298494839842138336e-07 -3.143048916155066119e-07 2.907528873332124296e-06 -3.761350957955870512e-07 -8.218394195997976248e-08 -5.474974270831143100e-08 2.717167730655324029e-06 -5.336992129511380294e-07 -2.131865138725421604e-07 -2.410332062475967679e-08 -1.066017995801810962e-07 -2.844175441209754025e-07 2.481923192876245384e-07
1.047211320931656031e+00 1.340795584131121981e-06 -1.904835030571218346e-07 -9.784975017152798257e-08 2.157027523748824401e-06 -1.886393980565443862e-06 -1.954599422814974299e-07 -5.249635444149749026e-08 9.242246529715763183e-08 -5.253977754623181614e-07 -8.750774423940691714e-08 -1.240851719561930650e-08 3.527974935391000428e-07 -1.277311747869415083e-07 5.137200466720899702e-08
1.051395396220772938e+00 -2.761399973320097826e-07 -2.852679946972956228e-08 2.159116572882489197e-07 -1.051577187378415950e-06 -1.484984803177653732e-06 -7.278506081453122654e-08 2.267508340454155475e-07 -3.564291505245666563e-06 -9.715094928934324118e-07 6.600618318740596449e-08 4.472538786029822378e-08 1.449659269590837689e-06 -1.997740647583791371e-07 2.939556656887040311e-07
1.055587561333155788e+00 -2.048379960154633372e-06 -2.205492376977297430e-07 -7.075265024697073243e-08 -2.100591153111671386e-06 -1.879653942974801706e-06 -4.679166625211445235e-08 2.397568090901731501e-10 -1.110353076405996683e-06 -1.564060031664342073e-06 -2.332924781051739724e-07 -3.878979294197651144e-08 4.293151848588096523e-07 -4.322955736658467316e-07 4.004519738510627854e-07
1.059780855230085139e+00 -1.091658548514156672e-06 5.586614272439374314e-07 1.640632912209633954e-07 -2.423519160908113984e-06 6.453845408186472096e-07 1.011708138044318319e-07 6.226902412575807606e-08 -3.883936400910880703e-06 1.193483119152727189e-06 -4.255593514326990207e-08 -5.900426276433023942e-09 -3.246411751408367623e-06 3.633596256054061669e-07 -1.395653625225324794e-06
1.063968553353427993e+00 7.399338493750053830e-07 6.672291042673514497e-08 -7.582684715051411067e-08 -2.321771397053750014e-06 5.486016511755134679e-07 2.334759326826671142e-07 -1.143597351246446746e-07 -1.448619270713456814e-07 7.197474190527789711e-07 5.179820703639940273e-08 -7.868937761020383400e-09 -5.694981023635190203e-07 2.408961605962376486e-07 -2.399802973666381658e-08
1.068144877931138659e+00 2.332413168631989298e-06 9.110817778427601593e-08 3.455971105456022138e-08 -7.287610080096671863e-08 7.355654768012702077e-06 5.997940497320543356e-08 -6.255257087434535881e-08 7.856422356731580940e-07 6.020781190962038608e-06 -1.612708312037774769e-08 1.864896009363495036e-08 -4.919084230567142945e-08 1.473116304746813476e-06 5.253941876047410417e-07
