# Columns: ('k', 'P')
5.345493089407682419e-03 4.255159375000000000e+04
9.344366739594166943e-03 3.777563709677418956e+04
1.312833575873958818e-02 5.262864285714285506e+04
1.700891779646987109e-02 6.766018095238096430e+04
2.135270783943789275e-02 7.543906285714285332e+04
2.564347439342075027e-02 6.743148444444444613e+04
2.962205054058980949e-02 5.504117607973422128e+04
3.361537140302770649e-02 5.608811548556430353e+04
3.793950633336700545e-02 4.599316637478108896e+04
4.227894994616508695e-02 4.322219840000000113e+04
4.633325468672155889e-02 3.785227434842249204e+04
5.038752484052157893e-02 3.778187872105843417e+04
5.464179025701254577e-02 3.433603673094582336e+04
5.886817576171304162e-02 3.280578702962369425e+04
6.290140616743733482e-02 3.249921586575133551e+04
6.703999982739437813e-02 3.125496464949071378e+04
7.134254604642074893e-02 2.954224825362708361e+04
7.561818311969153994e-02 2.771172757793765049e+04
7.973924982214039558e-02 2.722749518127581541e+04
8.385356877962653332e-02 2.544851172030194721e+04
8.809929214337092196e-02 2.348630031501574922e+04
9.230415729057904473e-02 2.219573921765295745e+04
9.643309047658384092e-02 2.074532565889124453e+04
1.005689403076158450e-01 1.993913716690042202e+04
1.047818677762802908e-01 1.926952452078665738e+04
1.090277847809041356e-01 1.935764815245177670e+04
1.132170039508717807e-01 1.835223472314140599e+04
1.174008294871188018e-01 1.755335555109415873e+04
1.215998224695146873e-01 1.762713175355450221e+04
1.257670529567683493e-01 1.744114163548904253e+04
1.299386816717305049e-01 1.720725572204841228e+04
1.340949335765710126e-01 1.653427003014437651e+04
1.382635144665005922e-01 1.666666743950152159e+04
1.424925284902303357e-01 1.617769174461162947e+04
1.466886314558672189e-01 1.568704067395024140e+04
1.508619291163366127e-01 1.556929524735626546e+04
1.550655720814744509e-01 1.493191185729275821e+04
1.592593054631499527e-01 1.448719062739516085e+04
1.634144798183441161e-01 1.437893973333333270e+04
1.675823816150099899e-01 1.395834812691509251e+04
1.718045808093531246e-01 1.372655291375291381e+04
1.760135070798979073e-01 1.386664383935889236e+04
1.801930856696074279e-01 1.366610314551189185e+04
1.843742315857553882e-01 1.373392296813908979e+04
1.885797910080431738e-01 1.359855453634471633e+04
1.927656394953895236e-01 1.349598468489164588e+04
1.969014248243030341e-01 1.351787333672653222e+04
2.010715633173454087e-01 1.333710149315351373e+04
2.052920281681521186e-01 1.290304735632183838e+04
2.095172134954577381e-01 1.288460916136349260e+04
2.136973926115405542e-01 1.290049686821705473e+04
2.178750580088065492e-01 1.270364122627737197e+04
2.220823861956562617e-01 1.260867873864726062e+04
2.262696194198526023e-01 1.249105253334797089e+04
2.304259489101245229e-01 1.244466089910302071e+04
2.345870463846415066e-01 1.229873833155189095e+04
2.388019837064606632e-01 1.235548689228986768e+04
2.430077036534963875e-01 1.227479560690343715e+04
2.471758823520590620e-01 1.209907049896528042e+04
2.513692271335918882e-01 1.213542199466106649e+04
2.555723892733414715e-01 1.195564026246944377e+04
2.597674079539822323e-01 1.196539275857807843e+04
2.639178238801485610e-01 1.195059283814200899e+04
2.680749044740857179e-01 1.178029530201342095e+04
2.723023151079725368e-01 1.179085524126455857e+04
2.765128983200950685e-01 1.165043561512685483e+04
2.807027537381580062e-01 1.155654668775259233e+04
2.848857026249724811e-01 1.145359730002435572e+04
2.890807262117984777e-01 1.140928736845577805e+04
2.932785946948970324e-01 1.138530052609221457e+04
2.974321087309398370e-01 1.130097414096212196e+04
3.016123743882810904e-01 1.133336984634109285e+04
3.058101292111336522e-01 1.117623921062891714e+04
3.100168993294901143e-01 1.114541203477861745e+04
3.142092030053749707e-01 1.120371062176905798e+04
3.183867557675504334e-01 1.114325109284359314e+04
3.225872781332082551e-01 1.107433154452009148e+04
3.267666109043823597e-01 1.113936980005810801e+04
3.309328770241455886e-01 1.103338508254867520e+04
3.351106074107195187e-01 1.081952267899537583e+04
3.393095620710060434e-01 1.097744178106893014e+04
3.435164896197421824e-01 1.084104485862093316e+04
3.477107812306902690e-01 1.074768432972061055e+04
3.518857617074659383e-01 1.083951183425238742e+04
3.560773577310688554e-01 1.075146933513950353e+04
3.602869550449780967e-01 1.078286619854409582e+04
3.644651285618699665e-01 1.079084180444124650e+04
3.686396944457170921e-01 1.055180738943602773e+04
3.728293470315630076e-01 1.068247246464038653e+04
3.770363921861874523e-01 1.056007111804269516e+04
3.812363453093803867e-01 1.058627102245350397e+04
3.854150971210312249e-01 1.051828619788238393e+04
3.896036578152083374e-01 1.052516809463269055e+04
3.937795161075864914e-01 1.046163423224897451e+04
3.979440095093054186e-01 1.044372286818254724e+04
4.021139069446590386e-01 1.039161190784364589e+04
4.063125452039867413e-01 1.033110432278598091e+04
4.105412315868290918e-01 1.028383783872181084e+04
4.147348487769681458e-01 1.033621439921369529e+04
4.189107045044477284e-01 1.027161898100309918e+04
4.230974437456921922e-01 1.015773411342538384e+04
4.272931011032126136e-01 1.021450240469029086e+04
4.314914587673138180e-01 1.020305649033068585e+04
4.356511643511531418e-01 1.022975510508940533e+04
4.398424702607344750e-01 1.019446982310834028e+04
4.440501074980069407e-01 1.011279570963198967e+04
4.482267968899237842e-01 1.010165438667353737e+04
4.524052929840755577e-01 9.988960426491694307e+03
4.566090347930675253e-01 1.003184047792897400e+04
4.608167319022857811e-01 1.004787445528391072e+04
4.649806979855051203e-01 9.921678040130902446e+03
4.691538386770017222e-01 9.915867279844931545e+03
4.733478629909182445e-01 9.901956603468237518e+03
4.775500538217637980e-01 9.884566818198436522e+03
4.817339644282710998e-01 9.779211171315320826e+03
4.859144464692263798e-01 9.811008207241682612e+03
4.901252990058800885e-01 9.829462638595030512e+03
4.943123444065962158e-01 9.790583780924011080e+03
4.984736335014697817e-01 9.784176402040977337e+03
5.026590164608074618e-01 9.747415231955645140e+03
5.068609875937976073e-01 9.793402635146127068e+03
5.110594965365916620e-01 9.663643840591319531e+03
5.152492140965455603e-01 9.693438990801578257e+03
5.194329442812991582e-01 9.666866822454172507e+03
5.236343964239100757e-01 9.667791822611397947e+03
5.278273205415198177e-01 9.587693326736472955e+03
5.319960279023402405e-01 9.594371294234100787e+03
5.361714592099571242e-01 9.538573055250069956e+03
5.403746330902056139e-01 9.476844977357523021e+03
5.445761264886261888e-01 9.546464707709979848e+03
5.487504490749764985e-01 9.461107452388298043e+03
5.529407179677009454e-01 9.480793433305880171e+03
5.571409157079509900e-01 9.412482155271260126e+03
5.613298693710127019e-01 9.372398066403315170e+03
5.655062246218995892e-01 9.382241079834926495e+03
5.696867424029971039e-01 9.402546750113753660e+03
5.738956954203543459e-01 9.382405705203140315e+03
5.780928920821047923e-01 9.375799461404876638e+03
5.822632071880226023e-01 9.346963822084519052e+03
5.864430803127811398e-01 9.299006198899593073e+03
5.906376733072625784e-01 9.265479852424510682e+03
5.948356627105599870e-01 9.261995210088651220e+03
5.990145239901687457e-01 9.280920186464793005e+03
6.031829950841108845e-01 9.254833526659855124e+03
6.073740526175752663e-01 9.186486583589334259e+03
6.115768023320514724e-01 9.148598536777784830e+03
6.157710000000914397e-01 9.143231527238714989e+03
6.199632023912512446e-01 9.136797602200402252e+03
6.241630060990407403e-01 9.147831400121345723e+03
6.283593402461892241e-01 9.105382012063611910e+03
6.325410955997395890e-01 9.065910046638846325e+03
6.367142920629192959e-01 9.066318870176552082e+03
6.409035099394975177e-01 9.048186529201220765e+03
6.451032402190634008e-01 9.013995419001128539e+03
6.492879941711476866e-01 9.057583795064641890e+03
6.534659541563927476e-01 8.991848295614305243e+03
6.576591076962554627e-01 9.003703700843645493e+03
6.618529307405217610e-01 8.959697459451517716e+03
6.660240791386257131e-01 8.919801699752568311e+03
6.702067828716186115e-01 8.903955657349992180e+03
6.744172070879622671e-01 8.906991118875585016e+03
6.786118453466847278e-01 8.920058099332296479e+03
6.827984616056306244e-01 8.838359494395763249e+03
6.869817177358829019e-01 8.853427436973539443e+03
6.911718524128840357e-01 8.809097603366795738e+03
6.953555746427921846e-01 8.835525122338660367e+03
6.995344561305086861e-01 8.805736362653557080e+03
7.037287066792784485e-01 8.763046589440778916e+03
7.079143033440539190e-01 8.767893263722717165e+03
7.121186686741065586e-01 8.759072702541774561e+03
7.163134555705721329e-01 8.740377879226920413e+03
7.204913713645887396e-01 8.695601272260522819e+03
7.246803275165087932e-01 8.689845941072273490e+03
7.288763115175647123e-01 8.693811445168379578e+03
7.330585840505703388e-01 8.654943915687577828e+03
7.372316440474646626e-01 8.685814638553907571e+03
7.414228560306842519e-01 8.636682777154061114e+03
7.456189213758863676e-01 8.604746151034651120e+03
7.498104337627916616e-01 8.600714550671022153e+03
7.539974189770904944e-01 8.607135441190204801e+03
7.581896411468850294e-01 8.599981435997306107e+03
7.623808615479977790e-01 8.570151420743188282e+03
7.665651159623174671e-01 8.557132868926022638e+03
7.707536355579491794e-01 8.539123707701792227e+03
7.749462413082437440e-01 8.521870658582634860e+03
7.791369682448587852e-01 8.527402185173417820e+03
7.833258353347896108e-01 8.495375674039962178e+03
7.875159900600451346e-01 8.503277920933223868e+03
7.917084457625156446e-01 8.493135746586174719e+03
7.958821468706197555e-01 8.482110381742408208e+03
8.000624692379799674e-01 8.391597487999233635e+03
8.042564613727184453e-01 8.433718137964095149e+03
8.084384822996342201e-01 8.415250651903043035e+03
8.126333810499198895e-01 8.390728288745056489e+03
8.168271958201180905e-01 8.386832337914356685e+03
8.210214995694952167e-01 8.384788330204057274e+03
8.252154145000215602e-01 8.327497439477629086e+03
8.294030907808404018e-01 8.352486116347803545e+03
8.335906150371191758e-01 8.319775629530828155e+03
8.377685032221774408e-01 8.329444969324418707e+03
8.419567297582307708e-01 8.313975043357546383e+03
8.461556544987137718e-01 8.293500538656897334e+03
8.503430790983292908e-01 8.274256983326809859e+03
8.545245840949285965e-01 8.257192065855086184e+03
8.587196449246210506e-01 8.250424913974726223e+03
8.629074348139629258e-01 8.209154504737360185e+03
8.670852844200982457e-01 8.194792409413634232e+03
8.712764316473343706e-01 8.189726660908238955e+03
8.754762476624626810e-01 8.215833614585941177e+03
8.796707865602606535e-01 8.196321642219421847e+03
8.838562222970675064e-01 8.182418377692828471e+03
8.880381764417510926e-01 8.153647114672674434e+03
8.922270316229049536e-01 8.157512107051082239e+03
8.964225585562245469e-01 8.153392407960302990e+03
9.006049913569987853e-01 8.135339755185616923e+03
9.047836582182254839e-01 8.171190979158769551e+03
9.089780964569278421e-01 8.112406698001163932e+03
9.131704587403689510e-01 8.085928910541788355e+03
9.173547920329833127e-01 8.077894975488977252e+03
9.215425617950214754e-01 8.081231409557741244e+03
9.257400405750663142e-01 8.041580655094730901e+03
9.299303352268617484e-01 8.042941920755928550e+03
9.341108300097852313e-01 8.032400854107109808e+03
9.382896253999645220e-01 8.031764711127245391e+03
9.424819561228944265e-01 8.011942009039583354e+03
9.466849863120379016e-01 8.011967761301742030e+03
9.508714331057195324e-01 8.014194106883559471e+03
9.550563230073290111e-01 7.982700442240890879e+03
9.592513211539739348e-01 7.959351835652430054e+03
9.634451052878124644e-01 7.967482816416559217e+03
9.676230540453005791e-01 7.927799283669768556e+03
9.718094297475188270e-01 7.926951098177705717e+03
9.760091362076940280e-01 7.883403013232325065e+03
9.802075838006468755e-01 7.917920993926838491e+03
9.843901124947946890e-01 7.901784729059747406e+03
9.885650797815361823e-01 7.904315330766838088e+03
9.927561705083151056e-01 7.873303649622624107e+03
9.969400597939003239e-01 7.882019079486593910e+03
1.001125867816581083e+00 7.884125935463775932e+03
1.005315482813002204e+00 7.837537916233990472e+03
1.009503724426713545e+00 7.836538972809667939e+03
1.013699103815393299e+00 7.811361807175582726e+03
1.017885842421875964e+00 7.791770267972109650e+03
1.022076284359184406e+00 7.814080937615808580e+03
1.026273875264014812e+00 7.779417528409016086e+03
1.030463237552156075e+00 7.785360184851726444e+03
1.034646639530784062e+00 7.771941458102650358e+03
1.038830480088573260e+00 7.746217950341540927e+03
1.043023229532383578e+00 7.687107590731985511e+03
1.047211320931656031e+00 7.708706217152824138e+03
1.051395396220772938e+00 7.668564883451150308e+03
1.055587561333155788e+00 7.671355423299285576e+03
1.059780855230085139e+00 7.661590027852245839e+03
1.063968553353427993e+00 7.626891265517880129e+03
1.068144877931138659e+00 7.603413811161732156e+03
