# Columns: ('k', 'S1', 'S2', 'S3', 'S4', 'S5', 'S6', 'S7', 'S8', 'S9', 'S10', 'S11', 'S12', 'S13', 'S14')
5.345493089407682419e-03 -1.733496602376301965e+01 3.782519097222222172e+03 3.601747639973957860e+01 -9.182670593261718750e+00 -3.099999321831597143e+01 1.536523437500000000e+03 3.079251098632812500e+01 -1.790265401204426965e+01 -1.428309461805555536e+01 1.150358072916666515e+03 1.604452345106336608e+01 -9.735393100314668757e+00 -1.940659840901692634e+00 -1.649963802761501563e+00
9.344366739594166943e-03 2.787539771295362812e+01 5.519099294354839003e+03 -8.633674080141128115e+01 -5.562164306640625000e+00 2.463827809979838790e+01 2.475100302419354648e+03 -4.118494439894153203e+01 1.742038357642389013e+00 1.846204400831653203e+01 1.651704763104838776e+03 -3.130596333165322420e+01 1.090210945375504004e+01 5.317721951392388569e+00 3.623135720529863768e+00
1.312833575873958818e-02 1.145989242865114655e+01 5.748048469387754267e+03 -1.534837970344387656e+02 1.361313177614795755e+01 1.794759197624362201e+01 2.619252551020407736e+03 -7.278191764987244028e+01 6.486965880102040227e-01 2.291758260921556101e+01 1.782530771683673265e+03 -4.999030412946428470e+01 4.382638113839285587e+00 7.180764334542409699e+00 2.726573087731186007e+00
1.700891779646987109e-02 -7.187957589285714732e+01 5.725486904761904952e+03 -2.423125558035714562e+02 -7.861689685639881908e+00 -1.309965680803571502e+02 2.474008333333333667e+03 -1.039629185267857281e+02 -1.039862165178571587e+02 -1.122188802083333456e+02 1.624980357142857201e+03 -6.503632812500001137e+01 -1.163760881696428697e+02 -3.671856166294643486e+01 -4.005334821428571956e+01
2.135270783943789275e-02 -7.257911272321427987e+01 5.874481428571428296e+03 -3.804666071428571286e+02 -3.656956473214285808e+01 -1.907835044642857270e+02 2.729361071428571449e+03 -1.552464397321428464e+02 -1.907941517857142912e+02 -1.534668303571428680e+02 1.815001964285714394e+03 -9.491300223214285836e+01 -1.724613058035714346e+02 -4.279152343749999687e+01 -4.835782924107142833e+01
2.564347439342075027e-02 1.979081163194444315e+01 5.939113333333333685e+03 -7.546888888888888687e+02 4.559031250000000313e+01 -1.004991319444444429e+02 2.780199999999999818e+03 -3.445220486111111313e+02 -1.661756076388888914e+02 -1.509266319444444377e+02 1.805478888888888832e+03 -1.756649131944444377e+02 -2.167008680555555600e+02 -5.058605902777777885e+01 -6.382760850694444343e+01
2.962205054058980949e-02 -1.873110789555648026e+01 4.881269518272425557e+03 -6.852126245847176733e+02 2.422296771179402175e-01 -1.676520582433554978e+02 2.172737126245847321e+03 -2.951633617109634429e+02 -1.929199802740863845e+02 -1.519689316860465169e+02 1.365388496677740932e+03 -1.607851432724252447e+02 -1.867134811046511800e+02 -4.126708173276578151e+01 -5.059920058139535115e+01
3.361537140302770649e-02 1.758651164698162717e+01 4.058964566929133980e+03 -6.183050360892387971e+02 6.416361138451443935e+01 -7.454188197178477537e+01 1.819622703412073406e+03 -2.472224204396325433e+02 -7.689129142060367883e+01 -9.908620406824147153e+01 1.137445209973753208e+03 -1.157242659120734913e+02 -1.215826566601049876e+02 -2.923954488599081358e+01 -3.565882084563648391e+01
3.793950633336700545e-02 4.267562390542907025e+01 3.623148861646234764e+03 -6.504260617338003385e+02 7.351080888791594248e+01 -4.314209240915061372e+01 1.703661558669001806e+03 -2.949379925569176635e+02 -9.573616051882662248e+01 -1.036092450197022714e+02 1.056705013134851242e+03 -1.461146973511383464e+02 -1.591290088660245203e+02 -3.652782946584938628e+01 -4.863396864054291058e+01
4.227894994616508695e-02 -2.413567812500000187e+01 3.218649400000000242e+03 -6.599237500000000409e+02 -4.253044687500000265e+01 -1.970696750000000179e+02 1.418085299999999961e+03 -2.663869750000000067e+02 -2.569249000000000365e+02 -1.917990250000000003e+02 8.586017000000000507e+02 -1.354773000000000138e+02 -2.353289500000000203e+02 -5.573265625000000512e+01 -6.562376249999999800e+01
4.633325468672155889e-02 1.141839527606309872e+02 3.251658436213991536e+03 -7.989114368998627924e+02 1.061936835562414245e+02 -3.556045310356653033e+01 1.422781378600823018e+03 -3.193627186213991536e+02 -1.020827331961591113e+02 -1.283819015775034131e+02 8.236125685871055566e+02 -1.406865247770919041e+02 -1.911899862825788716e+02 -4.434736153978051476e+01 -5.923675947359396332e+01
5.038752484052157893e-02 1.641858289691290054e+02 3.017631201764057550e+03 -8.199751240352811692e+02 1.205844990352811550e+02 4.867478207690187730e+01 1.325159729878721009e+03 -3.352078969128996846e+02 -3.611757726364388077e+01 -6.522883217337376038e+01 7.537199558985666954e+02 -1.510366937706725423e+02 -1.246610219128996704e+02 -2.802962849710584337e+01 -3.985826385060639865e+01
5.464179025701254577e-02 1.669487201561065319e+02 2.722698576675849381e+03 -7.976668962350780703e+02 1.322567292240587733e+02 9.698131169651055927e+01 1.226873966942148854e+03 -3.263536501377410559e+02 6.554651629935721147e+00 -2.784135029269972250e+01 7.095833907254361748e+02 -1.470868055555555429e+02 -9.499857954545454675e+01 -2.096530109331956027e+01 -3.539541724058769745e+01
5.886817576171304162e-02 1.934187850280223984e+02 2.416400120096076535e+03 -7.854819855884707067e+02 1.802758581865492147e+02 1.986356835468374697e+02 1.056097678142514042e+03 -3.156318054443554502e+02 1.457725055044035116e+02 8.356511459167333555e+01 5.908364191353082333e+02 -1.406170561449159209e+02 3.561594900920736251e+01 1.612963495796637048e+01 4.348355246697357401e+00
6.290140616743733482e-02 1.233236556064073284e+02 2.213233028222730809e+03 -7.773823893974066550e+02 8.857346491228071272e+01 2.597060330854309651e+00 9.678945461479786445e+02 -3.214902269260106777e+02 -6.827613701372997923e+01 -8.799005410945842698e+01 5.331039282990084303e+02 -1.452427178680396764e+02 -1.407661970823798754e+02 -3.188606323893974093e+01 -4.408234410755149213e+01
6.703999982739437813e-02 2.241521869382864054e+02 2.129059167165967665e+03 -7.915817855002995884e+02 1.725056920311563715e+02 2.119549692929898299e+02 9.320334032354703595e+02 -3.267330736968244764e+02 9.968945663571000182e+01 5.591523741761533728e+01 5.000488690832834209e+02 -1.404667652786099552e+02 -1.859066525614140275e+01 2.065653202703714886e+00 -1.167103945101857398e+01
7.134254604642074893e-02 2.317001779957012388e+02 2.020484819989253310e+03 -8.196826303062870238e+02 1.533779218162278539e+02 1.916534289360558887e+02 8.824784390112843084e+02 -3.363690891993551872e+02 4.666516237909726073e+01 2.540745692839871239e+01 4.642002283718431386e+02 -1.405060031569049102e+02 -6.254724442504030435e+01 -5.684568213494089584e+00 -2.287960102095647485e+01
7.561818311969153994e-02 2.875881294964028712e+02 1.873217505995203965e+03 -7.943042565947242792e+02 1.889139838129496525e+02 2.552036570743405264e+02 8.095298561151079184e+02 -3.255404976019184460e+02 1.094955710431654694e+02 5.883607239208632933e+01 4.143166067146282785e+02 -1.326409622302158198e+02 -2.883627847721822590e+01 -2.602199490407674023e-02 -1.686119791666666856e+01
7.973924982214039558e-02 3.119015029830197250e+02 1.715280862781092310e+03 -7.770748049564020903e+02 1.952843047269389558e+02 2.937458122992198355e+02 7.413482101881596691e+02 -3.155602340523175826e+02 1.601258891693437363e+02 9.491978832033042579e+01 3.757002925653969783e+02 -1.271791819642037638e+02 2.809768672556218405e+01 1.198391338486691104e+01 9.248759465351078513e-01
8.385356877962653332e-02 3.833911899086213566e+02 1.579857171235597889e+03 -7.584259038537942388e+02 2.543404847040127095e+02 4.048584624553039362e+02 6.694049960270162956e+02 -3.024544100119189238e+02 2.604877830750893963e+02 1.634538637266587102e+02 3.303131456098529952e+02 -1.177647248708780268e+02 9.049317143424711674e+01 2.751819812773142715e+01 1.467251440206595170e+01
8.809929214337092196e-02 3.639178115155757496e+02 1.408427371368568402e+03 -6.904522226111305372e+02 2.190325297514875729e+02 3.765974798739936773e+02 5.987288676933847000e+02 -2.788205285264263011e+02 2.099091704585229081e+02 1.433469985999300036e+02 2.891966004550227467e+02 -1.069899151207560379e+02 5.925226417570878112e+01 2.213712072322365998e+01 7.872530735911795752e+00
9.230415729057904473e-02 4.263194165830825568e+02 1.278652958876629782e+03 -6.568919257773319487e+02 2.457046974256101635e+02 4.599297057840187222e+02 5.372956369107321279e+02 -2.613408976930792278e+02 2.738979647275158413e+02 1.872895979605482921e+02 2.523813732865262409e+02 -9.645000626880641903e+01 1.017294592109662261e+02 3.016475468070879273e+01 1.642807589434971405e+01
9.643309047658384092e-02 3.946518857921842027e+02 1.185675552862768882e+03 -6.307803317176612836e+02 2.427167335655861962e+02 4.331285595274159164e+02 5.040553620115116473e+02 -2.518735610421084630e+02 2.694108414116934114e+02 1.795723455013632304e+02 2.367471978188427784e+02 -9.370067782490154684e+01 1.001350632384125987e+02 2.918992350802787072e+01 1.595545857315964788e+01
1.005689403076158450e-01 4.248988779803646594e+02 1.096585133239831748e+03 -5.852465287517532033e+02 2.763380259467040787e+02 5.278933380084151850e+02 4.755578190743338496e+02 -2.400147966339411028e+02 3.528686535764376231e+02 2.509677068723702860e+02 2.234024544179523275e+02 -8.959926367461430630e+01 1.614468443197756073e+02 4.603878856942496611e+01 3.070965331346423710e+01
1.047818677762802908e-01 4.098887229275578648e+02 9.879735499128703395e+02 -5.508731640527756781e+02 2.513321508588499000e+02 4.711427059995021409e+02 4.141632748319641451e+02 -2.200381348020911219e+02 3.146031864575554096e+02 2.149478466517301456e+02 1.897867033856111618e+02 -8.166626991535972024e+01 1.420626244709982586e+02 3.912954319143639736e+01 2.688045144075180559e+01
1.090277847809041356e-01 4.392618231466418592e+02 9.359682198466185810e+02 -5.363466767371601236e+02 2.714148559144782666e+02 5.317832907273995033e+02 3.974430048803160389e+02 -2.155187659772252005e+02 3.577792818963513923e+02 2.556341505926098137e+02 1.792184231931210832e+02 -7.747562746920752375e+01 1.721342813153613633e+02 4.847649895421798760e+01 3.462051185219614524e+01
1.132170039508717807e-01 4.264292135451136119e+02 8.558807632914184751e+02 -4.978204279726450068e+02 2.487102084712111036e+02 5.122843039929406359e+02 3.562248510919920363e+02 -1.980291611515552574e+02 3.420429075667328220e+02 2.537579417604235630e+02 1.584079114273108360e+02 -7.146704720935362332e+01 1.780873042135451101e+02 5.071498248952128307e+01 3.880060114714316910e+01
1.174008294871188018e-01 4.437897510540052508e+02 8.314058923910861267e+02 -4.913185605300140537e+02 2.639241618148965927e+02 5.494183898815499560e+02 3.444865990764906769e+02 -1.933899693836578990e+02 3.706759937763501398e+02 2.775713210198755405e+02 1.528748870708693062e+02 -6.932759486046978736e+01 1.967868525396506811e+02 5.562203247339891732e+01 4.266530001505721970e+01
1.215998224695146873e-01 3.956274644549762911e+02 7.473391943127961667e+02 -4.438656398104265008e+02 2.183678672985782043e+02 4.585945023696682483e+02 3.116268957345971558e+02 -1.757443246445497493e+02 2.911324170616113634e+02 2.168168720379146919e+02 1.366286137440758353e+02 -6.161492890995260296e+01 1.446204265402843703e+02 4.201780213270141928e+01 3.072883590047393199e+01
1.257670529567683493e-01 3.602109388918581772e+02 6.621941920541599984e+02 -3.992849189381792598e+02 2.067026990913949760e+02 4.225345180830215668e+02 2.757181988241582076e+02 -1.581561998931052813e+02 2.765034295385711971e+02 2.005923748441118732e+02 1.197953189025476632e+02 -5.544700917512916760e+01 1.364468198824158094e+02 3.832784662836272815e+01 2.814727251469802383e+01
1.299386816717305049e-01 4.137894780174543143e+02 6.572491355178659660e+02 -3.994967479005434257e+02 2.488866293429935865e+02 5.342851967726001021e+02 2.778061090070805221e+02 -1.608391445743454824e+02 3.667544459081179298e+02 2.782203400296393738e+02 1.214204470607607504e+02 -5.662041001152643105e+01 2.023886876337889191e+02 5.709362650255228289e+01 4.475786267083813641e+01
1.340949335765710126e-01 3.872995002379819311e+02 6.111018562589243857e+02 -3.772846263683960046e+02 2.221671426304934300e+02 4.693737505949547995e+02 2.535543392035538943e+02 -1.489501427891480319e+02 3.208328375376805184e+02 2.380128113596700246e+02 1.102328653022370446e+02 -5.275783357131525264e+01 1.735313342852610106e+02 4.825067428208789977e+01 3.774593943360304849e+01
1.382635144665005922e-01 3.722304376177365839e+02 5.602907549630488120e+02 -3.506295464425445516e+02 2.090204680481089667e+02 4.507067816258513631e+02 2.323052818432111337e+02 -1.384693341544703742e+02 2.979263512534415668e+02 2.235789378350963830e+02 9.787067997391682184e+01 -4.725872156209245389e+01 1.577022170699898709e+02 4.392704408781336411e+01 3.373576066874365864e+01
1.424925284902303357e-01 3.703359089060593305e+02 5.285559848176765172e+02 -3.361377931408431436e+02 2.101035651348786644e+02 4.615328046631421444e+02 2.199422868374677762e+02 -1.337293106954046209e+02 3.121845601192896424e+02 2.363166768334010897e+02 9.290949911888300505e+01 -4.581490612715195709e+01 1.727808221499254273e+02 4.790221295919749878e+01 3.811416819167683201e+01
1.466886314558672189e-01 3.611332762932736387e+02 4.843795577201526612e+02 -3.069163485586415163e+02 2.055210280373831608e+02 4.550360668685007113e+02 2.026652296959325952e+02 -1.220906443332894469e+02 3.115452152165328243e+02 2.376845136237988356e+02 8.656813544820323614e+01 -4.227640845070422415e+01 1.755659964459655100e+02 4.892235010530472294e+01 3.892664867710938381e+01
1.508619291163366127e-01 3.446072687492402906e+02 4.342612738543818978e+02 -2.785234593411936430e+02 1.882401543697581303e+02 4.214582472347149746e+02 1.786694268870791404e+02 -1.093260301446456850e+02 2.817744013613710763e+02 2.142859790932296278e+02 7.454626534581257147e+01 -3.708743694542360458e+01 1.570158320165309362e+02 4.329643247842469833e+01 3.449831348000486031e+01
1.550655720814744509e-01 3.417588026116357582e+02 4.096092456569896285e+02 -2.621144630989856523e+02 1.883207998134545846e+02 4.224562201235863199e+02 1.693192549842602261e+02 -1.032185131747697255e+02 2.907114375655823437e+02 2.204808207998134435e+02 7.134266789087092775e+01 -3.531960475690800649e+01 1.664284277719482361e+02 4.561586218957677374e+01 3.709899294625159882e+01
1.592593054631499527e-01 3.354220409503996621e+02 3.823766560823387977e+02 -2.462747180554034969e+02 1.840401292017956791e+02 4.193459980291251554e+02 1.577361628161611691e+02 -9.666136537829848407e+01 2.855854593233329410e+02 2.193392915799846605e+02 6.610182853388809576e+01 -3.279439258732070783e+01 1.642845450563889074e+02 4.510142819993430408e+01 3.659884484835212959e+01
1.634144798183441161e-01 3.235808000000000106e+02 3.637866666666666902e+02 -2.365652266666666605e+02 1.762962400000000116e+02 4.009957333333333054e+02 1.501318400000000111e+02 -9.299286666666667145e+01 2.709692800000000261e+02 2.075188266666666550e+02 6.208216000000000179e+01 -3.124983333333333491e+01 1.539012666666666576e+02 4.225926333333333673e+01 3.388028666666666311e+01
1.675823816150099899e-01 3.083120243155085518e+02 3.316173766926954727e+02 -2.139687901551843368e+02 1.667925768508451085e+02 3.831057625778392435e+02 1.365624938222793219e+02 -8.418351537016901887e+01 2.596313136305228682e+02 1.997096471285954351e+02 5.680148512404863226e+01 -2.861958522783433878e+01 1.486711105070673113e+02 4.062475289117327293e+01 3.264638109123257692e+01
1.718045808093531246e-01 2.968839160839160627e+02 3.066955944055944201e+02 -1.975000000000000000e+02 1.631809790209790094e+02 3.812551048951049211e+02 1.284330303030303071e+02 -7.821231934731935098e+01 2.629693706293706441e+02 2.061741724941724954e+02 5.468213286713286436e+01 -2.682594405594405629e+01 1.568149417249417183e+02 4.348784382284382133e+01 3.566631701631701645e+01
1.760135070798979073e-01 2.824066569529186950e+02 2.843458246061378532e+02 -1.832576495765412972e+02 1.541680516346416425e+02 3.584974956743466237e+02 1.183216350969857018e+02 -7.238937710591021357e+01 2.466702941444312955e+02 1.919161506238047536e+02 5.006915353792915369e+01 -2.476118693652672675e+01 1.461311128312539722e+02 4.016218923595300794e+01 3.301290296876423014e+01
1.801930856696074279e-01 2.552844173557241731e+02 2.538824482141335181e+02 -1.639694825675560423e+02 1.353145938112693045e+02 3.180201815701986447e+02 1.044001363907595277e+02 -6.415436130764641121e+01 2.145849671809735071e+02 1.674163967266217696e+02 4.324225875884408765e+01 -2.148308967692438998e+01 1.256650541300826944e+02 3.460122218907169156e+01 2.815560800443270040e+01
1.843742315857553882e-01 2.453587055985358916e+02 2.364458031777722340e+02 -1.520586473671075680e+02 1.301385596040262840e+02 3.072875384743365998e+02 9.755995757424507531e+01 -5.986193952250228989e+01 2.102594834040429248e+02 1.641788120788619949e+02 4.093957969386906370e+01 -2.038003545878046907e+01 1.250254346560186320e+02 3.423884504200981382e+01 2.818724523750104183e+01
1.885797910080431738e-01 2.339472365682571535e+02 2.190785284822323149e+02 -1.399615354968010479e+02 1.242292260849456511e+02 2.942416172049641432e+02 9.065317389963770722e+01 -5.503639289293147385e+01 2.015066291528559361e+02 1.582048099899791964e+02 3.831408743158868191e+01 -1.875828644106991305e+01 1.206298658752794211e+02 3.324511726277653167e+01 2.738463539659292323e+01
1.927656394953895236e-01 2.217408683666437241e+02 2.022566429282487377e+02 -1.293967378819205294e+02 1.164849337621563734e+02 2.783627766291446619e+02 8.306190175357991734e+01 -5.031222719963243861e+01 1.900535645914694953e+02 1.499927253235316869e+02 3.508562102764377499e+01 -1.711439668045026608e+01 1.147154740026035853e+02 3.167543456619955933e+01 2.616871984838043019e+01
1.969014248243030341e-01 2.070188686104849864e+02 1.865025448992946906e+02 -1.194546099032938287e+02 1.075097615065803751e+02 2.572315131244092186e+02 7.635621318984948402e+01 -4.659639260524976123e+01 1.742903548316730848e+02 1.368961317530720407e+02 3.175781193194212193e+01 -1.563650885261397505e+01 1.040541609103468232e+02 2.855289754962553417e+01 2.349022940449356511e+01
2.010715633173454087e-01 1.997814284731301200e+02 1.735640094956306427e+02 -1.103116699924310211e+02 1.042403581504162986e+02 2.504378655473749404e+02 7.114913902841809090e+01 -4.294389492878277537e+01 1.715688261198651503e+02 1.355881700268354848e+02 3.001917618523360787e+01 -1.452737304754696268e+01 1.041536159086217594e+02 2.870245733847106706e+01 2.377191133970962866e+01
2.052920281681521186e-01 1.901262725779967013e+02 1.592488998357963794e+02 -1.000158949096880150e+02 9.810746305418719260e+01 2.388688834154351355e+02 6.554461412151067634e+01 -3.900236042692939264e+01 1.629626436781609300e+02 1.299719786535303854e+02 2.791934113300492726e+01 -1.327922516420361276e+01 9.992359605911329368e+01 2.766229064039408669e+01 2.296333333333333471e+01
2.095172134954577381e-01 1.720516508096528128e+02 1.434449940142397963e+02 -9.065969378111019239e+01 8.889465849662906294e+01 2.159091424610925571e+02 5.920694584462226828e+01 -3.549438834982042579e+01 1.466012381072396238e+02 1.163254363304139645e+02 2.509147777392728784e+01 -1.207060046625921501e+01 8.889764350072458399e+01 2.449430565181777908e+01 2.024040703169302446e+01
2.136973926115405542e-01 1.641144496124030923e+02 1.327387906976744318e+02 -8.299276744186046528e+01 8.473643410852713487e+01 2.072861085271317734e+02 5.475109302325581240e+01 -3.230924806201550581e+01 1.426642170542635597e+02 1.143492403100775192e+02 2.372856976744186142e+01 -1.118784689922480702e+01 8.891957364341085679e+01 2.471102325581395220e+01 2.072892248062015597e+01
2.178750580088065492e-01 1.551750948905109624e+02 1.225651386861313910e+02 -7.607997080291971770e+01 8.024716058394160711e+01 1.965176642335766530e+02 5.081135766423357580e+01 -2.980635401459853995e+01 1.355456058394160550e+02 1.084812116788321248e+02 2.203259124087591303e+01 -1.029957299270073001e+01 8.427589781021897863e+01 2.337374087591241079e+01 1.952314963503649636e+01
2.220823861956562617e-01 1.465751255147515053e+02 1.144223641902183175e+02 -7.093409770406724135e+01 7.443848366897952928e+01 1.840793422462909632e+02 4.716532690246516779e+01 -2.765113774186269424e+01 1.251639025215772563e+02 1.007990283183843871e+02 2.027592796299430233e+01 -9.484414664071755041e+00 7.759733034354374581e+01 2.158556686128504509e+01 1.793665030744062605e+01
2.262696194198526023e-01 1.359954849865510198e+02 1.036732584948125435e+02 -6.413885381786244011e+01 6.796136164022615844e+01 1.685360377669209981e+02 4.229083411099522749e+01 -2.476767236647087955e+01 1.134152096942416392e+02 9.102567656584508882e+01 1.791684278421254817e+01 -8.334486674534774764e+00 6.976945984519953470e+01 1.932560245924136666e+01 1.605177512762804071e+01
2.304259489101245229e-01 1.269667613184013675e+02 9.527351918687968180e+01 -5.844748155618066932e+01 6.384114431293455993e+01 1.583258452311448536e+02 3.895048696990605919e+01 -2.252857962687755489e+01 1.079011530704315049e+02 8.678905710949524632e+01 1.680655219998938676e+01 -7.701756641101852097e+00 6.708469561063637343e+01 1.858760150735098904e+01 1.550135508996337741e+01
2.345870463846415066e-01 1.163517967119662018e+02 8.623513768005292945e+01 -5.250826780170000774e+01 5.786235175853820323e+01 1.439640784852649347e+02 3.513537372117880864e+01 -2.030528674861302108e+01 9.773466687026009936e+01 7.873144118694966664e+01 1.520867053494172261e+01 -7.038499834580343339e+00 6.079195296991907327e+01 1.685814628187509712e+01 1.403354519774011244e+01
2.388019837064606632e-01 1.098921691691208480e+02 7.987164461932120219e+01 -4.818183326896152607e+01 5.518650123111090267e+01 1.378000289673152281e+02 3.283552901559407644e+01 -1.870917720755081604e+01 9.477357818761164765e+01 7.668728576256458496e+01 1.441479384927340490e+01 -6.523391107034230529e+00 5.993358639501762752e+01 1.667127528605223930e+01 1.401335061314150643e+01
2.430077036534963875e-01 1.004859268768126270e+02 7.219552607806780031e+01 -4.328183093234441259e+01 4.997339894451575759e+01 1.253001355013550153e+02 2.956248217087433972e+01 -1.677232206532591618e+01 8.533203180716017755e+01 6.907943469785574564e+01 1.293150049921551847e+01 -5.859406943850140159e+00 5.351334212903532261e+01 1.484295511814767288e+01 1.237996689725669164e+01
2.471758823520590620e-01 9.453763508852610187e+01 6.654135433432973912e+01 -3.953036042768452774e+01 4.664390664520579577e+01 1.173619107840882947e+02 2.714419694182570808e+01 -1.526032421246263482e+01 7.952015405840423057e+01 6.452591400321912829e+01 1.186671648654863276e+01 -5.315986074384916549e+00 4.969327431593470124e+01 1.380301937226948716e+01 1.144915066681995874e+01
2.513692271335918882e-01 8.665822064679883852e+01 6.044662706227298798e+01 -3.568700494507898924e+01 4.251080368474027438e+01 1.075850181611308045e+02 2.461913045380946130e+01 -1.371105476784385857e+01 7.294245328432016606e+01 5.952890464312284280e+01 1.081389490613102389e+01 -4.759488780578530864e+00 4.598719968491532484e+01 1.285058640759704218e+01 1.068466916108704368e+01
2.555723892733414715e-01 7.917429879487070821e+01 5.474241969378565642e+01 -3.209366288544838852e+01 3.830022622978943048e+01 9.714851824848823014e+01 2.215243438263927800e+01 -1.228538593086589259e+01 6.537590599133679348e+01 5.331388043058712611e+01 9.720371670883904969e+00 -4.289499412981944815e+00 4.109273813097740202e+01 1.144932077454217989e+01 9.531077111120643153e+00
2.597674079539822323e-01 7.361683383449356199e+01 5.025084956955142701e+01 -2.907208468921201217e+01 3.549614089467397093e+01 9.071594513325369746e+01 2.034139308810808799e+01 -1.107540959550191495e+01 6.133511142233389535e+01 5.043671994068459696e+01 9.048861834246405778e+00 -3.881481507702764233e+00 3.915995849981464261e+01 1.100011327594019050e+01 9.214996447254604206e+00
2.639178238801485610e-01 6.788292919991815211e+01 4.569171270718231881e+01 -2.635040157560875684e+01 3.297278749744219084e+01 8.411543891958255870e+01 1.862884821976672711e+01 -1.014355688561489544e+01 5.715672703089829554e+01 4.686154082259054121e+01 8.344888223859218357e+00 -3.611238361980765088e+00 3.647451657458563545e+01 1.019468295989359419e+01 8.548727491303457882e+00
2.680749044740857179e-01 6.264740369321487634e+01 4.174417600962097907e+01 -2.394047018660045723e+01 3.008262695426154920e+01 7.702125926213290086e+01 1.695586666408037857e+01 -9.192387472359078160e+00 5.206654187841873949e+01 4.271263141560305598e+01 7.571757283624936719e+00 -3.263120950847654633e+00 3.313296252473134729e+01 9.265637729371144715e+00 7.738990912441322756e+00
2.723023151079725368e-01 5.727902569791088894e+01 3.777371510445554037e+01 -2.151530782029950117e+01 2.713550101682381310e+01 6.975780181179516148e+01 1.519524750415973458e+01 -8.174981512294325015e+00 4.675091514143095139e+01 3.849137086337585600e+01 6.740868228877796575e+00 -2.863469449066371020e+00 2.969588648548715071e+01 8.331746279349232509e+00 6.938742720465890024e+00
2.765128983200950685e-01 5.281412711271494942e+01 3.437725080089848007e+01 -1.921544629377324398e+01 2.492891335567257016e+01 6.440902437677209491e+01 1.386217526788673204e+01 -7.301821928968589503e+00 4.334910888537024931e+01 3.587840151710424408e+01 6.242085373936737902e+00 -2.591047542990757346e+00 2.779973165298081383e+01 7.833565010862760580e+00 6.537257889310306602e+00
2.807027537381580062e-01 4.873214725004392989e+01 3.134714681075382359e+01 -1.744935534176770275e+01 2.299696011245826810e+01 5.955885608856088709e+01 1.266460859251449733e+01 -6.652886136004217299e+00 3.986626251976805690e+01 3.300738446670180792e+01 5.680487831664031262e+00 -2.353248824898963143e+00 2.545908891231769644e+01 7.168941091196626481e+00 5.966043423827095182e+00
2.848857026249724811e-01 4.377076737065516454e+01 2.790155396471939042e+01 -1.536700510594620894e+01 2.089553686371385766e+01 5.407395793465780542e+01 1.137023437771824241e+01 -5.889790499634668386e+00 3.660658119063359095e+01 3.038231098430813049e+01 5.201302690407431761e+00 -2.126451541352075481e+00 2.362585244076406710e+01 6.673437989283601546e+00 5.580828563724296032e+00
2.890807262117984777e-01 4.038549054860950349e+01 2.556559891795599171e+01 -1.398956408966449949e+01 1.910260243130010238e+01 4.947674265166759966e+01 1.034969526275855145e+01 -5.338722247880446581e+00 3.332281941741167230e+01 2.764242239303268889e+01 4.719593800514630288e+00 -1.924507688532972605e+00 2.139404917032296183e+01 6.032965435621679973e+00 5.023129515389436861e+00
2.932785946948970324e-01 3.712969725190340853e+01 2.328652419697415610e+01 -1.261827476064438258e+01 1.735265129235695980e+01 4.514768568441002827e+01 9.373823644740712169e+00 -4.795994775838970270e+00 3.029715632454334795e+01 2.520961588733131009e+01 4.279411179051074043e+00 -1.729668813106558289e+00 1.951703264385844605e+01 5.517118419762768511e+00 4.601142044897559735e+00
2.974321087309398370e-01 3.374748281924244964e+01 2.093852884769058775e+01 -1.123325575355601735e+01 1.581241509509349541e+01 4.116173885248521458e+01 8.456033242768100422e+00 -4.290555078312290327e+00 2.760005993287517967e+01 2.294310372382931362e+01 3.865090348809333776e+00 -1.556745070521016405e+00 1.769670568962761692e+01 4.988234177720952900e+00 4.141411618986735377e+00
3.016123743882810904e-01 3.041509774836452351e+01 1.876939563365282382e+01 -1.000408964704092618e+01 1.391782956792940951e+01 3.645000760687661767e+01 7.462441522136010974e+00 -3.765158365662558904e+00 2.431335006846189017e+01 2.029899399056747455e+01 3.409810969116080948e+00 -1.362028373649779356e+00 1.569318043511334260e+01 4.442174425680815553e+00 3.704265793777575144e+00
3.058101292111336522e-01 2.767847636685361223e+01 1.694070532045706656e+01 -8.906290300812765182e+00 1.282406164712233476e+01 3.357421722700416922e+01 6.804901890951623677e+00 -3.369824860165552050e+00 2.266745456317667973e+01 1.896841915844404980e+01 3.180644644303152191e+00 -1.245426209211828672e+00 1.478757160423477224e+01 4.196087822031611125e+00 3.514313114821701944e+00
3.100168993294901143e-01 2.515207394760251347e+01 1.532170758127923449e+01 -7.994739806020259465e+00 1.146257335217653406e+01 3.004646474791242383e+01 6.084185521822720766e+00 -3.005082642256592607e+00 2.000512927200206548e+01 1.671719059370426663e+01 2.792450330353812404e+00 -1.092925012195471890e+00 1.287525467014835456e+01 3.645757634724095642e+00 3.022425320669172688e+00
3.142092030053749707e-01 2.272191578842144466e+01 1.371856524719389903e+01 -7.084516822323137397e+00 1.025940186502156415e+01 2.709003620083968755e+01 5.437290702738982517e+00 -2.650345496672664503e+00 1.802204538314340354e+01 1.514464270413846414e+01 2.518475503741467669e+00 -9.700370219632707958e-01 1.169235266186844946e+01 3.324915254691114708e+00 2.763131060249050641e+00
3.183867557675504334e-01 2.080920600445385560e+01 1.251368288290765207e+01 -6.405100452258543520e+00 9.372885622577186382e+00 2.478887498969015724e+01 4.957446973029445481e+00 -2.395044916558985992e+00 1.648118453248288517e+01 1.386961997910538180e+01 2.304637669081461837e+00 -8.809051249381409932e-01 1.071041019437494946e+01 3.049426471902235480e+00 2.536788319976356121e+00
3.225872781332082551e-01 1.850516119343211940e+01 1.105798541583233252e+01 -5.602826725403818209e+00 8.220084100921106085e+00 2.178759845147510532e+01 4.341022560405820130e+00 -2.081446277199305861e+00 1.438468161794152955e+01 1.212726688693098431e+01 2.010427095848351442e+00 -7.619659216059271323e-01 9.314629221732745989e+00 2.655406487785342495e+00 2.199083692097183462e+00
3.267666109043823597e-01 1.695126416365125266e+01 1.003593407464145137e+01 -5.028806852698027186e+00 7.667348987084334766e+00 2.027648173582314328e+01 3.991551332505745009e+00 -1.892097904175801037e+00 1.352340634161802413e+01 1.139020694117957788e+01 1.874121993938353548e+00 -7.086890409986530415e-01 8.805573347243866422e+00 2.507707056733842421e+00 2.084113187052639926e+00
3.309328770241455886e-01 1.536374046288499429e+01 9.038823075352777181e+00 -4.453477857306897825e+00 6.777834660236290887e+00 1.808452786496210862e+01 3.542513524203220410e+00 -1.645120641315165111e+00 1.187211095588047804e+01 1.006784269820612998e+01 1.651323553803363264e+00 -6.054060530378422289e-01 7.696377650616244459e+00 2.204499349307203815e+00 1.817648128301309063e+00
3.351106074107195187e-01 1.374832562788954071e+01 8.063233318755466783e+00 -3.959165313007622089e+00 6.018354054729476488e+00 1.605588529301511969e+01 3.143160377358490631e+00 -1.460465997126077609e+00 1.058450737223541083e+01 8.965808134449581246e+00 1.471654379607647112e+00 -5.422031191428213770e-01 6.913170061227039476e+00 1.978260105585405437e+00 1.645350571660627148e+00
3.393095620710060434e-01 1.254169872334287028e+01 7.308126517683263934e+00 -3.546154476113769327e+00 5.546472663669367975e+00 1.480821592575673940e+01 2.871262329298199134e+00 -1.314290133706393027e+00 9.813602950015628323e+00 8.338899424181954956e+00 1.360681372165989611e+00 -4.933268894405308802e-01 6.429193313778760910e+00 1.844617784242540859e+00 1.530068724004039149e+00
3.435164896197421824e-01 1.120729912243403348e+01 6.511487787305411779e+00 -3.122221065717052824e+00 4.878713119788344876e+00 1.308311187489665173e+01 2.538529338813691361e+00 -1.149270552819313451e+00 8.645530673469869143e+00 7.369427367538326834e+00 1.206411443200340106e+00 -4.309308968476129320e-01 5.683451739777478195e+00 1.635626498535421414e+00 1.357883200605910279e+00
3.477107812306902690e-01 1.005855484366695229e+01 5.809676357081783316e+00 -2.748857182885402040e+00 4.390506565872484224e+00 1.179443590691655253e+01 2.272969360224620594e+00 -1.013423948680470588e+00 7.803793647308945758e+00 6.668515153791047645e+00 1.088100096336052536e+00 -3.830034208686710073e-01 5.149042850045062458e+00 1.485390175455826967e+00 1.234275703094308341e+00
3.518857617074659383e-01 9.076304973109127872e+00 5.229927581863979213e+00 -2.462789970386003002e+00 3.924603444754577897e+00 1.055523691197494607e+01 2.029191522284248705e+00 -9.001855484262599738e-01 6.932023254362674969e+00 5.925870336646469561e+00 9.636035397803344171e-01 -3.369738303322213913e-01 4.547828448725803163e+00 1.312214479514148824e+00 1.085300862890598239e+00
3.560773577310688554e-01 8.018269734973452856e+00 4.603302726736436590e+00 -2.153137051006139391e+00 3.468870851449671111e+00 9.333427101313114704e+00 1.789223123183814268e+00 -7.910397355469859226e-01 6.147552109506434270e+00 5.253310100723196818e+00 8.545849811007449892e-01 -3.006873042138237251e-01 4.042444804343551468e+00 1.165102027300137566e+00 9.649547011896697501e-01
3.602869550449780967e-01 7.231048283192681225e+00 4.131351797869827536e+00 -1.906541234512229011e+00 3.103749610792587266e+00 8.379751014623462169e+00 1.599662261912430994e+00 -6.970212379748329523e-01 5.512232856084519739e+00 4.725604412269964527e+00 7.670119708121282409e-01 -2.647288583204492340e-01 3.641770813201915313e+00 1.052777783369838183e+00 8.736889414095212469e-01
3.644651285618699665e-01 6.483061532843625407e+00 3.701707672685704775e+00 -1.702147589915112613e+00 2.729381443298969145e+00 7.381129733906306889e+00 1.411549018025360480e+00 -6.150214451380215941e-01 4.827531277122716347e+00 4.136735536315333306e+00 6.730454940568174615e-01 -2.328734103442071379e-01 3.180613145388344609e+00 9.188554478291243166e-01 7.613922024174940573e-01
3.686396944457170921e-01 5.854765276435635712e+00 3.328571226638156411e+00 -1.514891247918251693e+00 2.466113439870880164e+00 6.681603640232745001e+00 1.271354145249501411e+00 -5.478665612085449332e-01 4.366849055246006195e+00 3.750361735921212691e+00 6.083889403257808359e-01 -2.086237233227789811e-01 2.882608662129654498e+00 8.341177370109176259e-01 6.915255971534017831e-01
3.728293470315630076e-01 5.150402184271241524e+00 2.910884993479787575e+00 -1.301050600611896924e+00 2.163925669575684996e+00 5.877481442471662376e+00 1.111468521165613454e+00 -4.695901043234025907e-01 3.835957405456916547e+00 3.304324029491423786e+00 5.347913688684923228e-01 -1.797378905858160458e-01 2.531360342060387403e+00 7.342450659544589309e-01 6.057058130203631929e-01
3.770363921861874523e-01 4.594712569451213646e+00 2.596409859635442352e+00 -1.164049325592163120e+00 1.921307662783897197e+00 5.208430402573350548e+00 9.861367153231309635e-01 -4.193415537576762331e-01 3.399714275270494301e+00 2.920620308996978221e+00 4.733455076030802511e-01 -1.610458842540695990e-01 2.242259540403548357e+00 6.487097457110829746e-01 5.369537951432888923e-01
3.812363453093803867e-01 4.163766322154765831e+00 2.338090849956635076e+00 -1.022588793124217021e+00 1.719982443143490469e+00 4.689436373711092010e+00 8.835020508094825198e-01 -3.657446681964922619e-01 3.042321359737881981e+00 2.629502144164980404e+00 4.259384486123157232e-01 -1.403365766840127260e-01 2.009260865375349425e+00 5.846806263250458047e-01 4.818673508721210696e-01
3.854150971210312249e-01 3.715434172418332626e+00 2.083647510249562629e+00 -9.051529764871268924e-01 1.542263578319823969e+00 4.200459761062945496e+00 7.902384962763056020e-01 -3.260855926645101488e-01 2.737401383220807283e+00 2.365373991499445161e+00 3.832039110544825378e-01 -1.265044678749083218e-01 1.814464695428130714e+00 5.278402499271246384e-01 4.363310929066443467e-01
3.896036578152083374e-01 3.265769811876992001e+00 1.828162282580656939e+00 -7.869850397527314856e-01 1.341601141451550516e+00 3.669264931457630663e+00 6.888882363237704975e-01 -2.802014094254969834e-01 2.385054205129622407e+00 2.067528110202126346e+00 3.348597599174543138e-01 -1.084663090705783733e-01 1.582294027416947468e+00 4.615736070421756487e-01 3.802207128774897082e-01
3.937795161075864914e-01 2.953366869569929332e+00 1.648906281045102284e+00 -7.027136523941982515e-01 1.211229747304156223e+00 3.314396855752036686e+00 6.211337558477683096e-01 -2.505481930057077977e-01 2.147221660901684981e+00 1.862923596309809859e+00 3.017110508146234604e-01 -9.704092196051514185e-02 1.421069520708776679e+00 4.147790774072936948e-01 3.409547413209182976e-01
3.979440095093054186e-01 2.594041294225530425e+00 1.442752755470878556e+00 -6.076115153309236128e-01 1.041485083064760397e+00 2.858877824468937678e+00 5.343235435845159476e-01 -2.136533943706486749e-01 1.837151504157689574e+00 1.596587823400580586e+00 2.579713624668364402e-01 -8.238470855553677030e-02 1.214393106426167712e+00 3.549045934901444155e-01 2.913428093450081136e-01
4.021139069446590386e-01 2.310942488566744224e+00 1.283341827379411493e+00 -5.350601863836397243e-01 9.350479172059712463e-01 2.566344701872465439e+00 4.786549003904564947e-01 -1.894480353136595019e-01 1.661004373759599639e+00 1.445070217447579575e+00 2.338880080248511573e-01 -7.425498452196048482e-02 1.104644827530416817e+00 3.231968690676503830e-01 2.662862715991457518e-01
4.063125452039867413e-01 2.018604072293417317e+00 1.118877930131519038e+00 -4.626890403187780554e-01 8.166247074078438750e-01 2.244767810231884209e+00 4.174048786058299210e-01 -1.633508853543943484e-01 1.452146316075307642e+00 1.265872335095902690e+00 2.044707726222151078e-01 -6.409832905408534287e-02 9.676688298839734026e-01 2.836796726335819585e-01 2.337026892692352920e-01
4.105412315868290918e-01 1.817638830970252917e+00 1.003410726258810337e+00 -4.077428954275622019e-01 7.280372532666110619e-01 2.005545240927897321e+00 3.721892426695448952e-01 -1.437263193694909014e-01 1.291843233331698038e+00 1.127938263503900362e+00 1.824232931548349090e-01 -5.658047319610704645e-02 8.585981450023711936e-01 2.519812006328803200e-01 2.066844408739308969e-01
4.147348487769681458e-01 1.590109755098697786e+00 8.785537308542878954e-01 -3.562804270927185102e-01 6.271161387091490624e-01 1.729386236587763248e+00 3.217394698583012635e-01 -1.244086233772217220e-01 1.102993693177164447e+00 9.626663091776558323e-01 1.557432977209435854e-01 -4.840537718076828866e-02 7.283892773773446017e-01 2.135888483905315771e-01 1.746141102363011066e-01
4.189107045044477284e-01 1.427158264446387381e+00 7.855983849654240014e-01 -3.134540676416818772e-01 5.693960014108576662e-01 1.573976134647484315e+00 2.908960560567522280e-01 -1.095547958603250993e-01 1.018760804983705581e+00 8.936924976154518863e-01 1.444199089897464372e-01 -4.343990783473094391e-02 6.835884717033622326e-01 2.015393686412050023e-01 1.658775820185199867e-01
4.230974437456921922e-01 1.256190396091738659e+00 6.905625926359310052e-01 -2.732525023890318705e-01 4.937308328945315128e-01 1.366638997776737474e+00 2.525730848740151413e-01 -9.475689772018097701e-02 8.740866828535767130e-01 7.666090129885325677e-01 1.238500803251033483e-01 -3.725919990590139536e-02 5.820308843318511283e-01 1.715205761467352985e-01 1.406525165282003220e-01
4.272931011032126136e-01 1.106183059911140854e+00 6.068708299616776269e-01 -2.371381424196909726e-01 4.330147635578728837e-01 1.200429504404781911e+00 2.215586627536375586e-01 -8.216142950726749994e-02 7.695428798265568915e-01 6.763518271829244144e-01 1.093638771146006605e-01 -3.253963966741797026e-02 5.149589985991724905e-01 1.520838681065544984e-01 1.249405835143212601e-01
4.314914587673138180e-01 9.754695726021147539e-01 5.344114679147784486e-01 -2.070204416625536503e-01 3.795702324598794197e-01 1.053773406769267451e+00 1.942257070639087091e-01 -7.127810810393951646e-02 6.744185231300757755e-01 5.935095290976802884e-01 9.591715199022972371e-02 -2.817813904499633440e-02 4.503835966594875728e-01 1.331418621748852171e-01 1.088662121205747763e-01
4.356511643511531418e-01 8.563505052806118512e-01 4.685046303384969302e-01 -1.799265093064248699e-01 3.306932413583197894e-01 9.196354547898958343e-01 1.693462191015117357e-01 -6.159019205238038669e-02 5.870587897539697453e-01 5.173118945408781144e-01 8.372907822466500727e-02 -2.450560201402685739e-02 3.929218467576893747e-01 1.162564519675320790e-01 9.527569746836861420e-02
4.398424702607344750e-01 7.574610047638361543e-01 4.135709736868320441e-01 -1.568410184211743441e-01 2.929263626652577890e-01 8.139793040850161754e-01 1.495876004176806273e-01 -5.393609068365851078e-02 5.201299537313751609e-01 4.584835095757019419e-01 7.423606626855369650e-02 -2.164006854462850044e-02 3.480089682150023234e-01 1.029944275525124797e-01 8.429224602509641229e-02
4.440501074980069407e-01 6.688889528536068330e-01 3.650456389497417908e-01 -1.369062079907392981e-01 2.564273057527348132e-01 7.137546765864830611e-01 1.313206433507119741e-01 -4.698171102385236692e-02 4.552795860776420178e-01 4.016538756988207171e-01 6.515736357881560248e-02 -1.887757291440691002e-02 3.049779251337183528e-01 9.033063510889512149e-02 7.402076885615674340e-02
4.482267968899237842e-01 5.859914716144128954e-01 3.192085030102232435e-01 -1.185380281165995808e-01 2.234681501098583489e-01 6.234275326615318358e-01 1.143966724323439710e-01 -4.041980857269453914e-02 3.962277650006267860e-01 3.503316261908575591e-01 5.674225023112038080e-02 -1.622445148626509501e-02 2.651033741399362320e-01 7.866613072273215268e-02 6.421182373349512695e-02
4.524052929840755577e-01 5.168526480589159533e-01 2.813362359886542041e-01 -1.036099372693253945e-01 1.945038306933907224e-01 5.431991042136559145e-01 9.970946748342560118e-02 -3.502259756681019853e-02 3.445991975514318684e-01 3.048622680438793919e-01 4.943807775442553287e-02 -1.405793790261260223e-02 2.309829888165538803e-01 6.858607152621146175e-02 5.612147366892214495e-02
4.566090347930675253e-01 4.594784060736807341e-01 2.496403605210753274e-01 -9.063855454488881080e-02 1.726069713533023575e-01 4.828798124792565427e-01 8.846565922668436777e-02 -3.063499898875705202e-02 3.066287753070029987e-01 2.718927356455360100e-01 4.412340145826419008e-02 -1.238351502214362840e-02 2.060796444573514685e-01 6.131291746183206021e-02 5.013088465607368205e-02
4.608167319022857811e-01 3.970909579186250316e-01 2.155502043919586275e-01 -7.774334646164936247e-02 1.481485181377292515e-01 4.148097103871269398e-01 7.595271831430941423e-02 -2.614533731872967920e-02 2.617705885402267230e-01 2.322507512474163149e-01 3.766612825039990231e-02 -1.052611162041105532e-02 1.753432966184815256e-01 5.219322023891807827e-02 4.258387583805640225e-02
4.649806979855051203e-01 3.541703760397789114e-01 1.918030298431205039e-01 -6.795389892632237860e-02 1.307654353381400014e-01 3.671197126918213094e-01 6.703879573071357123e-02 -2.260934637756033261e-02 2.315349104127824575e-01 2.060922862830675828e-01 3.340024804756255156e-02 -9.101687532187511739e-03 1.555672122110457745e-01 4.645459518499263363e-02 3.788089489840154589e-02
4.691538386770017222e-01 3.041641625650868264e-01 1.647445336353299539e-01 -5.815534045685898101e-02 1.121928442278578020e-01 3.150930813157994947e-01 5.758217461723866976e-02 -1.934874070909030352e-02 1.986016077321905993e-01 1.767844000212205335e-01 2.869941046718419569e-02 -7.815645592029000013e-03 1.335255008599064985e-01 3.987396995315647258e-02 3.254950066927805863e-02
4.733478629909182445e-01 2.692799640774191094e-01 1.458094893344869247e-01 -5.108199682127562841e-02 9.865976464757435227e-02 2.773704711639009557e-01 5.066673680465647728e-02 -1.690942118700905147e-02 1.749098093854647984e-01 1.558514194360069161e-01 2.530324174887416122e-02 -6.836886508579171316e-03 1.177749765806869325e-01 3.519975091206942880e-02 2.873228403853216387e-02
4.775500538217637980e-01 2.325545573408611677e-01 1.258050561731423045e-01 -4.372102423816437433e-02 8.491270506491389869e-02 2.389764873752300289e-01 4.361126792520809980e-02 -1.445052384054581855e-02 1.502291400698955448e-01 1.339601046528988149e-01 2.174333943694317997e-02 -5.849098456343081870e-03 1.010402685905717191e-01 3.021529673617627879e-02 2.461989984697017519e-02
4.817339644282710998e-01 2.049302503045565271e-01 1.108043015011151988e-01 -3.817409766605149579e-02 7.457471109744899518e-02 2.100340580566566195e-01 3.831279529956392593e-02 -1.257868598157357333e-02 1.327741818452489175e-01 1.185387328478611363e-01 1.929039429558802171e-02 -5.168632404577969477e-03 8.968025565512988129e-02 2.683943478626495474e-02 2.188843650896017679e-02
4.859144464692263798e-01 1.809175720304680435e-01 9.754980267515454828e-02 -3.287721990451133308e-02 6.537003008168972007e-02 1.845123914483367544e-01 3.356370568240359120e-02 -1.076664612157786187e-02 1.159212172505151572e-01 1.037823815130997918e-01 1.687710721316602880e-02 -4.403840503799307839e-03 7.826269042537532805e-02 2.348999203111201001e-02 1.913511117346187659e-02
4.901252990058800885e-01 1.573935738477391100e-01 8.485664008756488297e-02 -2.842240823498722382e-02 5.684366482330940190e-02 1.604420051514284240e-01 2.918276036427803338e-02 -9.323562746091085263e-03 1.008707781084885458e-01 9.034342351946110516e-02 1.470484137128510310e-02 -3.838554769470144817e-03 6.810936041247557526e-02 2.044556712681951105e-02 1.664526297467714203e-02
4.943123444065962158e-01 1.370304296367327312e-01 7.379446135289315090e-02 -2.451384491054895559e-02 4.910926003233291592e-02 1.387740609940538439e-01 2.522943608516538955e-02 -8.002085456873152952e-03 8.703889159847379153e-02 7.800990878423062769e-02 1.268913787368310640e-02 -3.285347309617317121e-03 5.881732257690029664e-02 1.767030916643184957e-02 1.440044580633532620e-02
4.984736335014697817e-01 1.181271164433639886e-01 6.360484066703718520e-02 -2.097574662633005724e-02 4.237324895136838215e-02 1.197968925891513686e-01 2.177489706810943615e-02 -6.840506039000893330e-03 7.541298929660364414e-02 6.767786167537816200e-02 1.103029824129699368e-02 -2.833154844050076414e-03 5.114630223005690868e-02 1.538539753073063336e-02 1.254365578755557882e-02
5.026590164608074618e-01 1.017339390862036785e-01 5.469367193602105853e-02 -1.777131895207423665e-02 3.594836883842036923e-02 1.018019216991562365e-01 1.847495994526325569e-02 -5.740080447237929685e-03 6.368226147127094283e-02 5.723447912254816389e-02 9.318276470160532371e-03 -2.368867872697701625e-03 4.303769412430831498e-02 1.296027468026685753e-02 1.053411026530580094e-02
5.068609875937976073e-01 8.942529431898281478e-02 4.808843040042292544e-02 -1.554993499820392713e-02 3.131209482425581503e-02 8.879600110814402092e-02 1.612913457172097942e-02 -4.981706132471500591e-03 5.520222992802147760e-02 4.962635086821558933e-02 8.087981911328145923e-03 -2.048926996459530733e-03 3.720024302072602596e-02 1.120192323984709783e-02 9.080987467086090725e-03
5.110594965365916620e-01 7.849918154046635344e-02 4.214356767411958637e-02 -1.339280219373524712e-02 2.743712327329071374e-02 7.791680206130302544e-02 1.413135098896080993e-02 -4.292584982352383796e-03 4.872482139590743333e-02 4.390553902169384848e-02 7.161473979862957931e-03 -1.780094592450879015e-03 3.307447401791532154e-02 9.985617814279115073e-03 8.121586109778722654e-03
5.152492140965455603e-01 6.782976244250986386e-02 3.638358245729304136e-02 -1.146318705855781973e-02 2.344250472240473268e-02 6.663379804533509088e-02 1.207442150542050070e-02 -3.638547719386498510e-03 4.131042111530880412e-02 3.724464366376478708e-02 6.071265963781209522e-03 -1.501916231213042260e-03 2.786976942345598118e-02 8.415021096829830571e-03 6.813803794349540359e-03
5.194329442812991582e-01 5.848694021979020802e-02 3.138094619407877373e-02 -9.823986361899244776e-03 2.005151916145752125e-02 5.703986091096743816e-02 1.033974848736011511e-02 -3.101513968540660620e-03 3.543775782020823495e-02 3.197073781206184739e-02 5.216317950128524297e-03 -1.285348109641339803e-03 2.400763054506153613e-02 7.254340041121409843e-03 5.891063076292062280e-03
5.236343964239100757e-01 5.080846020130741492e-02 2.723310880943764084e-02 -8.419692267991754978e-03 1.736194822598156884e-02 4.945899381286127799e-02 8.962781828527104089e-03 -2.651832443028419306e-03 3.054366031470361412e-02 2.759643691378862659e-02 4.506309072342172192e-03 -1.095242928283445731e-03 2.060478455431542441e-02 6.233090416444939455e-03 5.040050667719819452e-03
5.278273205415198177e-01 4.427703235280754102e-02 2.371887911446605990e-02 -7.274920768248230481e-03 1.486247006918815783e-02 4.241500434338933700e-02 7.680687432080308442e-03 -2.257382514513199458e-03 2.614616254531134873e-02 2.364959373217206604e-02 3.858292441169398901e-03 -9.307257367452473600e-04 1.768709676134298456e-02 5.357350563268021074e-03 4.339377314870326158e-03
5.319960279023402405e-01 3.837045769147488100e-02 2.053356658701435342e-02 -6.215896436525612800e-03 1.302635051271343672e-02 3.715910936340014598e-02 6.719827819537243022e-03 -1.946517011665584119e-03 2.304166473335807902e-02 2.086867663093912306e-02 3.411511499319475407e-03 -8.144015600350315576e-04 1.565138482894085775e-02 4.746510921743535456e-03 3.849700119671801719e-03
5.361714592099571242e-01 3.307245222978365262e-02 1.768858716247287063e-02 -5.308318143459369622e-03 1.114930792948486994e-02 3.183401195608801665e-02 5.756374795394326657e-03 -1.656177301450761268e-03 1.969819779354337053e-02 1.785424951764459645e-02 2.918403085607135065e-03 -6.910614549172194301e-04 1.338212388519941301e-02 4.061488958763934815e-03 3.294661113965739567e-03
5.403746330902056139e-01 2.850703894879809755e-02 1.523826380161606535e-02 -4.539260356515170507e-03 9.510275503492494550e-03 2.718433416596057264e-02 4.915917609954857138e-03 -1.406299212647701058e-03 1.672305683967749770e-02 1.516090381404984651e-02 2.478421485313244636e-03 -5.854496469631949697e-04 1.131602794826882391e-02 3.433960397842437604e-03 2.776098900054618356e-03
5.445761264886261888e-01 2.465492762773860078e-02 1.317965051101619052e-02 -3.892898900767944280e-03 8.169318880089419810e-03 2.337750898033315317e-02 4.224890948237563365e-03 -1.195073580057915818e-03 1.437368074463283782e-02 1.305451617195517618e-02 2.134531520038890264e-03 -4.969136937364733008e-04 9.740749609569920517e-03 2.961411265625294494e-03 2.392851743951055366e-03
5.487504490749764985e-01 2.140076929302349440e-02 1.142500243960302593e-02 -3.324688971613831180e-03 7.047900838463803767e-03 2.019549857451219746e-02 3.645410146206724215e-03 -1.015463502981793888e-03 1.240893533459666749e-02 1.128700098066198233e-02 1.846506638431913818e-03 -4.239770359674180323e-04 8.429121762266967785e-03 2.566443608703890093e-03 2.075745838093845993e-03
5.529407179677009454e-01 1.848489894663429486e-02 9.863425307926911717e-03 -2.844539764442133821e-03 6.026956128121690320e-03 1.728297306537451145e-02 3.119226966958095742e-03 -8.645018106137071761e-04 1.057164014845991123e-02 9.618239600113577537e-03 1.574083627199720321e-03 -3.612885325457966057e-04 7.155568234813501280e-03 2.178339517719513584e-03 1.755751278527358135e-03
5.571409157079509900e-01 1.591928752949763395e-02 8.487624509712918611e-03 -2.422377846676910303e-03 5.205464919962802910e-03 1.493243026158237036e-02 2.691952863492395702e-03 -7.371209086447607414e-04 9.189327947851962455e-03 8.371541385597423487e-03 1.371054154654010107e-03 -3.111311118960355957e-04 6.258084274819487175e-03 1.907777489633506957e-03 1.543192157815448298e-03
5.613298693710127019e-01 1.373320627845879896e-02 7.322383763197923279e-03 -2.076516265668219667e-03 4.440744114268505190e-03 1.274821966797237346e-02 2.300541886166039985e-03 -6.281700017298283553e-04 7.803789476229651412e-03 7.110375903853439518e-03 1.165611448929915802e-03 -2.643467518075515361e-04 5.301422505070388369e-03 1.616145342924749833e-03 1.306003716291648416e-03
5.655062246218995892e-01 1.181604685004608406e-02 6.294704907417540338e-03 -1.761994794084148497e-03 3.781266410378050693e-03 1.087536312069940087e-02 1.961078308304717473e-03 -5.272195456831412462e-04 6.648445869529111263e-03 6.068484333616373100e-03 9.951144012373565589e-04 -2.216028053407013499e-04 4.524938868065698366e-03 1.381944514739514001e-03 1.116759765719522231e-03
5.696867424029971039e-01 1.014004375411816164e-02 5.402424302300375125e-03 -1.505384123344485903e-03 3.222408244407215776e-03 9.273608732325444234e-03 1.672610396055740876e-03 -4.485455324518792543e-04 5.632825847133867553e-03 5.142922316729767705e-03 8.427709364843770888e-04 -1.873119976914740421e-04 3.815757040210688861e-03 1.165453892594339475e-03 9.376242988520861648e-04
5.738956954203543459e-01 8.690631382901001581e-03 4.626487325983000450e-03 -1.271103363772401731e-03 2.743882623411074938e-03 7.896961335059795098e-03 1.423776461033884324e-03 -3.780684868010116234e-04 4.784529211282367508e-03 4.369794634184544918e-03 7.173355523824285779e-04 -1.591673122626369066e-04 3.233574915842945229e-03 9.875662184915304752e-04 7.926338376159107121e-04
5.780928920821047923e-01 7.489355563785402535e-03 3.984418155084930996e-03 -1.085725586412676939e-03 2.357171395267839645e-03 6.790597522479476997e-03 1.223069409245843616e-03 -3.213927330163214580e-04 4.123680863546726541e-03 3.771340179257743393e-03 6.187899228571417396e-04 -1.354760776187234758e-04 2.796581866986221337e-03 8.554285883254447677e-04 6.877462748252135150e-04
5.822632071880226023e-01 6.452017574128431424e-03 3.432349118023511440e-03 -9.270880801020236041e-04 2.012483963563715603e-03 5.803950412089975419e-03 1.045284187967841436e-03 -2.725052246344547352e-04 3.516432808577861242e-03 3.218171638183047779e-03 5.281069435366318298e-04 -1.148607483003699593e-04 2.389860164654122095e-03 7.314778473241949830e-04 5.897036749004190949e-04
5.864430803127811398e-01 5.525396089078035006e-03 2.936793818360719944e-03 -7.845507027508628883e-04 1.713121381403440256e-03 4.945552955043037470e-03 8.902168494939527096e-04 -2.297414557675642275e-04 2.994328116865210311e-03 2.743846530198870790e-03 4.503815654517890938e-04 -9.678017314634573625e-05 2.035990008563369306e-03 6.239146970056756595e-04 5.023992062870749316e-04
5.906376733072625784e-01 4.749250561961296940e-03 2.523223634430295844e-03 -6.684965329190337494e-04 1.440612837419057027e-03 4.168234736729760359e-03 7.505463045315975777e-04 -1.918648810634439143e-04 2.501348466007593651e-03 2.293832451704965955e-03 3.765654777798014370e-04 -8.020100824023114288e-05 1.693396360586267883e-03 5.191858144521715275e-04 4.162790184695382666e-04
5.948356627105599870e-01 4.020374062446014675e-03 2.135165057780759410e-03 -5.605557011846196060e-04 1.237211363633714499e-03 3.575844635195001963e-03 6.429996630214855884e-04 -1.626447734869757055e-04 2.161503186352334988e-03 1.984046121101203444e-03 3.260208488015221774e-04 -6.882625852746695268e-05 1.469619168307472910e-03 4.510929315458297290e-04 3.625046444825104201e-04
5.990145239901687457e-01 3.442787717564573403e-03 1.827022549881309734e-03 -4.742125802716733282e-04 1.033756959703433301e-03 2.993980992893584443e-03 5.382708201560460317e-04 -1.351576068326011302e-04 1.788494794215375605e-03 1.643414368391166039e-03 2.697167204137236617e-04 -5.639756824813765411e-05 1.211293244532619419e-03 3.721889128830924371e-04 2.982936186478182339e-04
6.031829950841108845e-01 2.944598275629047458e-03 1.562021783359447647e-03 -4.022975510701895627e-04 8.876509285381935189e-04 2.569355867921056802e-03 4.619176793078486900e-04 -1.154098596309653478e-04 1.538506319910823341e-03 1.413226172496149591e-03 2.323266590403564788e-04 -4.877809294075401684e-05 1.040599902147953037e-03 3.194585737299323810e-04 2.555953834261927141e-04
6.073740526175752663e-01 2.515275249440747114e-03 1.334311061680815971e-03 -3.409199498461258182e-04 7.566787047237418136e-04 2.192278678609741079e-03 3.940274449502297917e-04 -9.736487354858253454e-05 1.322517912429615854e-03 1.216490825293826093e-03 2.002214346549832495e-04 -4.146074022676628207e-05 9.027771729969556345e-04 2.776323465455278298e-04 2.234762682217907384e-04
6.115768023320514724e-01 2.150643307575998784e-03 1.139955363554447185e-03 -2.878403882071608978e-04 6.428540971572445925e-04 1.863950897347851693e-03 3.346486977106132412e-04 -8.180247366651515004e-05 1.122269336687578166e-03 1.033317368370588333e-03 1.699908835977998443e-04 -3.486005027429675123e-05 7.652825388116018309e-04 2.355260913802400256e-04 1.892195715290875303e-04
6.157710000000914397e-01 1.812707303136288847e-03 9.605897738850842447e-04 -2.409243964535061453e-04 5.365795467265820030e-04 1.557038387167916605e-03 2.796258980543721664e-04 -6.794033114733007378e-05 9.300942218363118146e-04 8.567578953360270892e-04 1.409308707264305674e-04 -2.873724290289526967e-05 6.310604007045640586e-04 1.942671266893299272e-04 1.554917365929557713e-04
6.199632023912512446e-01 1.566321845341608421e-03 8.295624004536015367e-04 -2.052446131576710010e-04 4.621434325755503412e-04 1.342164383775618130e-03 2.408465302474204796e-04 -5.767443586471865673e-05 8.032567610438245530e-04 7.408429840044260294e-04 1.219407224780076512e-04 -2.451567896127408291e-05 5.465496966542147993e-04 1.684724547050421692e-04 1.349536813003699277e-04
6.241630060990407403e-01 1.344567307772739006e-03 7.118912639010024825e-04 -1.748454013844748895e-04 3.887562217564002193e-04 1.130692770523740714e-03 2.030250529983560176e-04 -4.845826178837003031e-05 6.700923438671080269e-04 6.182584242152088612e-04 1.017394559899643979e-04 -2.036332071514600073e-05 4.531979071574478656e-04 1.397305677864518259e-04 1.114383227667149387e-04
6.283593402461892241e-01 1.134290387475239432e-03 6.001534643347002183e-04 -1.462413238337861735e-04 3.280175142141127510e-04 9.544262123705401796e-04 1.711703139524102957e-04 -4.039429835679342681e-05 5.686531937371776865e-04 5.252649068294586426e-04 8.643408809000900769e-05 -1.709814599080323203e-05 3.874796341880998025e-04 1.196345407491397205e-04 9.592545961699264559e-05
6.325410955997395890e-01 9.620248876355551359e-04 5.089919914991770109e-04 -1.230990781762988982e-04 2.782007870134207278e-04 8.091018248161185129e-04 1.451229921216470138e-04 -3.410455667818312105e-05 4.822166879761414344e-04 4.454110461899645542e-04 7.340101840080793367e-05 -1.454543284832789518e-05 3.284838932252855852e-04 1.013965715711379430e-04 8.131411741344801096e-05
6.367142920629192959e-01 8.234252874944806124e-04 4.353066922717842182e-04 -1.039856818807584560e-04 2.352357256959686292e-04 6.849904887853544349e-04 1.228198531523693121e-04 -2.857267284579514594e-05 4.058845996754704868e-04 3.751577886571143185e-04 6.181135106749466345e-05 -1.214374471491923369e-05 2.756892607136943629e-04 8.514913535523244170e-05 6.807883027286750150e-05
6.409035099394975177e-01 6.947805336173832301e-04 3.671675070969364937e-04 -8.704943965135981910e-05 1.993521897099454778e-04 5.805670927229568488e-04 1.039684097738878814e-04 -2.391501070279323938e-05 3.468431041284364500e-04 3.210025116503414802e-04 5.290832402424601515e-05 -1.026303432464107374e-05 2.367252350967583257e-04 7.322061474533763617e-05 5.861585465720631433e-05
6.451032402190634008e-01 5.849475214958655290e-04 3.089950383511534215e-04 -7.242472107509508364e-05 1.662552461401948958e-04 4.848262193144079932e-04 8.681170270068319747e-05 -1.976009184184934563e-05 2.881460947223301607e-04 2.669657096406554591e-04 4.398011041356729575e-05 -8.418285880701996304e-06 1.964143294864708830e-04 6.080453428911866053e-05 4.862925439665230829e-05
6.492879941711476866e-01 5.000991581692530285e-04 2.641182194299519456e-04 -6.159900929831347985e-05 1.396328018678148720e-04 4.076363893663211523e-04 7.302089008973300019e-05 -1.658273476544366005e-05 2.409633511614803095e-04 2.232719451247262951e-04 3.680451990166643857e-05 -7.063136297476014765e-06 1.641077529174396910e-04 5.080378662273785513e-05 4.064841640492428923e-05
6.534659541563927476e-01 4.229195157907989682e-04 2.231900099825480821e-04 -5.150811639424611796e-05 1.176042713100702565e-04 3.434362501859523280e-04 6.149558945415054955e-05 -1.382572080356766179e-05 2.019966251756010345e-04 1.872597942785451475e-04 3.087261257248085055e-05 -5.877097718462125511e-06 1.369018816103106972e-04 4.238640168639391521e-05 3.374316733837679649e-05
6.576591076962554627e-01 3.584261045556149934e-04 1.890938735400548665e-04 -4.308716235469549978e-05 9.946923705855946105e-05 2.907395245483518397e-04 5.200439801511285082e-05 -1.151706785500788777e-05 1.722916242397370577e-04 1.599892458102585978e-04 2.638690110194102757e-05 -4.940491563059609476e-06 1.178195677718802428e-04 3.654722368164785095e-05 2.926257004661724219e-05
6.618529307405217610e-01 3.005252383195911123e-04 1.584737062257751108e-04 -3.581175572422514201e-05 8.286886448966506802e-05 2.423398284129387500e-04 4.334266728831723926e-05 -9.536199437928519882e-06 1.423400085072186612e-04 1.322143109423010599e-04 2.180423127720838982e-05 -4.062378227034111881e-06 9.679223779843356378e-05 3.002866324062753009e-05 2.396083188965745188e-05
6.660240791386257131e-01 2.559252858850674640e-04 1.348733975906716296e-04 -3.016748575177125239e-05 7.058871302123048729e-05 2.063150058808933124e-04 3.687190255745628309e-05 -8.055877621575504945e-06 1.217411254875860194e-04 1.131088650706453682e-04 1.866087099356803517e-05 -3.462961099771562891e-06 8.299012429557759080e-05 2.575452642621303684e-05 2.056918674071961389e-05
6.702067828716186115e-01 2.167509712465628675e-04 1.142243968610185312e-04 -2.537695692897124939e-05 5.894921825144147008e-05 1.725595328849992012e-04 3.084356143198156225e-05 -6.700119387595967026e-06 1.011455345922151219e-04 9.404746858165996721e-05 1.551535219093377858e-05 -2.864147486193410147e-06 6.878385108211990844e-05 2.135378898774652865e-05 1.701197487970737326e-05
6.744172070879622671e-01 1.814324388156822844e-04 9.559334449541201904e-05 -2.111501353137982008e-05 4.962704471507303869e-05 1.452730534467536313e-04 2.595095259709592490e-05 -5.567130277014618155e-06 8.574359395090802398e-05 7.981523915776716528e-05 1.317498447094216476e-05 -2.388666633979668648e-06 5.860063118155900582e-05 1.822873386633815364e-05 1.456572928059355967e-05
6.786118453466847278e-01 1.511977632553345818e-04 7.963800739960691345e-05 -1.745819627499049049e-05 3.997244236363794453e-05 1.172573436538294929e-04 2.096502907178239260e-05 -4.509867079036476119e-06 6.833038241686104064e-05 6.357648502839383445e-05 1.049041457283645636e-05 -1.921675264037576299e-06 4.642624045120528496e-05 1.442176023086849811e-05 1.148526532398701833e-05
6.827984616056306244e-01 1.291390085865161126e-04 6.797084844416533553e-05 -1.469168504108575079e-05 3.450252947489678383e-05 1.011711344197640947e-04 1.806805256284990305e-05 -3.832919168648358239e-06 5.914318441449392888e-05 5.510746630945007789e-05 9.097064466053934149e-06 -1.643222415150920405e-06 4.022610565763891930e-05 1.251480441863962904e-05 9.947368504341297455e-06
6.869817177358829019e-01 1.082370305134433487e-04 5.694088256156497471e-05 -1.224817490085915473e-05 2.867735031513521054e-05 8.415937260488287966e-05 1.502541036418773222e-05 -3.159882841562413709e-06 4.924136967759339914e-05 4.590762265790100102e-05 7.579547825195137939e-06 -1.352190364630203667e-06 3.356355944783161773e-05 1.044205392716658152e-05 8.310120485473091560e-06
6.911718524128840357e-01 9.184728005782605428e-05 4.831464439200016683e-05 -1.028333661512352771e-05 2.402757807400994418e-05 7.068377388802618609e-05 1.261391761972567866e-05 -2.619478844778916665e-06 4.112971266049990024e-05 3.840111691366366692e-05 6.338721991429333705e-06 -1.113121842982948081e-06 2.799669105105947252e-05 8.728520631406271236e-06 6.937843726058585347e-06
6.953555746427921846e-01 7.629201420233346282e-05 4.009588177639644197e-05 -8.464424879508385732e-06 2.009094277169813094e-05 5.904594630346156336e-05 1.052925193944261746e-05 -2.169458167160163892e-06 3.455088483030999380e-05 3.225442304810920504e-05 5.323534887665870352e-06 -9.310451596110870273e-07 2.357558389927758900e-05 7.349468181902370654e-06 5.855603946933971580e-06
6.995344561305086861e-01 6.469722134604295608e-05 3.398997897519125951e-05 -7.106822121258583454e-06 1.669312610876592080e-05 4.911660131988604411e-05 8.765678169607281643e-06 -1.792009343099737775e-06 2.854922112036544022e-05 2.665908484683601192e-05 4.405128805192223711e-06 -7.656636637287051326e-07 1.945085455350083298e-05 6.067670018578159096e-06 4.826961161561247150e-06
7.037287066792784485e-01 5.467356434129602829e-05 2.872457096874785889e-05 -5.949463637210430595e-06 1.397486891406251645e-05 4.113483452093501117e-05 7.335142399473472402e-06 -1.487375830574075027e-06 2.381561732422530573e-05 2.227154058643002484e-05 3.676452923742814739e-06 -6.327650734542981161e-07 1.621063517444197265e-05 5.062756894265438694e-06 4.020517237199386091e-06
7.079143033440539190e-01 4.537582854927575015e-05 2.383986048315084145e-05 -4.905497871611232831e-06 1.158554473676263537e-05 3.412113325979768797e-05 6.081091381728834655e-06 -1.226557238458104990e-06 1.975894157157869711e-05 1.846516208754324378e-05 3.051188106954649283e-06 -5.257178507742564668e-07 1.345120007298821842e-05 4.196857447647691272e-06 3.335505284605745640e-06
7.121186686741065586e-01 3.800599831524283665e-05 1.996907362092747776e-05 -4.068053717310047720e-06 9.597771006036163964e-06 2.825505469324272553e-05 5.045774889328588543e-06 -1.012725278537928668e-06 1.635593311760903123e-05 1.530086959462192286e-05 2.531264967499570173e-06 -4.339868264984926118e-07 1.112759826701166083e-05 3.479096230755139138e-06 2.757742332771780117e-06
7.163134555705721329e-01 3.160013573377161650e-05 1.662216192780287662e-05 -3.370682826464121472e-06 8.019187172044277664e-06 2.362002910856883783e-05 4.212935024755870106e-06 -8.381439406961541562e-07 1.364245044145865430e-05 1.277119057333810613e-05 2.111354373059992588e-06 -3.603616152117059995e-07 9.265889334400349424e-06 2.895390654023442092e-06 2.290458501400392950e-06
7.204913713645887396e-01 2.671228359305415179e-05 1.403736266608620969e-05 -2.810093185955546072e-06 6.719558792561401180e-06 1.975470334831172232e-05 3.528328016726331328e-06 -6.956288299126543135e-07 1.139186351198470844e-05 1.067778055014163961e-05 1.765457878665254978e-06 -2.980185725519549109e-07 7.735335675657600170e-06 2.422743350564613981e-06 1.919817712399091968e-06
7.246803275165087932e-01 2.217950109851008701e-05 1.164630491302745585e-05 -2.316744111831729406e-06 5.517372413848681786e-06 1.626404487635146721e-05 2.898056884168399597e-06 -5.684108586584847180e-07 9.385360752512825823e-06 8.792545123620585027e-06 1.452707580658368269e-06 -2.440410044917770019e-07 6.416333335977964114e-06 2.001530331736848188e-06 1.588346804793207027e-06
7.288763115175647123e-01 1.851116858874465873e-05 9.690648136887042692e-06 -1.911313853758072869e-06 4.540164257875743555e-06 1.344750408325626483e-05 2.391508910283970570e-06 -4.631683441340980864e-07 7.694264822248031411e-06 7.230666486210734014e-06 1.193177934924047159e-06 -1.944626489988091871e-07 5.225984343436342332e-06 1.638860565516140040e-06 1.297538233136483219e-06
7.330585840505703388e-01 1.558569435518584716e-05 8.158483359831784863e-06 -1.596791539581519264e-06 3.775244535096855844e-06 1.116304588558651187e-05 1.984813377960601184e-06 -3.858067903565183786e-07 6.356081413012196672e-06 5.962771746053852347e-06 9.849707434593755672e-07 -1.644979029841891115e-07 4.286463428534860077e-06 1.350089585518399640e-06 1.059733346228805240e-06
7.372316440474646626e-01 1.290509669281720106e-05 6.767625205579373145e-06 -1.303128031363095497e-06 3.136155605157042381e-06 9.247347584532665340e-06 1.650677513981862791e-06 -3.128342109639186249e-07 5.303141711980210559e-06 4.966437449114965458e-06 8.216842863568987811e-07 -1.329872237093597721e-07 3.593882814180458816e-06 1.128380671945631972e-06 8.881988495867832186e-07
7.414228560306842519e-01 1.071373513020700191e-05 5.610643237071769256e-06 -1.073764205849171978e-06 2.611600240045775920e-06 7.704004119773362751e-06 1.368752452379301167e-06 -2.587574995107449878e-07 4.428329670960148132e-06 4.166845173184602287e-06 6.869868381109315150e-07 -1.100506116215947468e-07 3.014523024150830503e-06 9.488620912069647211e-07 7.481736558722789023e-07
7.456189213758863676e-01 8.959260703175288591e-06 4.707986847527062761e-06 -8.953269470812883230e-07 2.154319699095671369e-06 6.351500718402329157e-06 1.134625812976086614e-06 -2.124590155737283551e-07 3.618946670098212498e-06 3.421506974393540691e-06 5.650037110748014849e-07 -9.010601514858656044e-08 2.466792339397165798e-06 7.762024109669945537e-07 6.133656558256393903e-07
7.498104337627916616e-01 7.414448405952164818e-06 3.895985729911515719e-06 -7.375901040026000033e-07 1.767005895561921105e-06 5.249045634940593030e-06 9.359032640750637333e-07 -1.753079073264002062e-07 2.993330613676167109e-06 2.818240061722482177e-06 4.651218258692197325e-07 -7.357557165337063176e-08 2.040125461824214823e-06 6.415744517334639275e-07 5.062275167686634370e-07
7.539974189770904944e-01 6.141263172917000192e-06 3.228405002960331667e-06 -6.072344212974029176e-07 1.455593141707306483e-06 4.283581024891684860e-06 7.665185265894473270e-07 -1.424866825163916066e-07 2.451142107908219733e-06 2.302852480266728558e-06 3.828645814752415692e-07 -6.135962029948406224e-08 1.664438048753410455e-06 5.223807596453618639e-07 4.136013161831933812e-07
7.581896411468850294e-01 5.134262401230740668e-06 2.685748546895895411e-06 -4.974835619640310460e-07 1.220268240160747559e-06 3.588249223212091280e-06 6.388305191875417636e-07 -1.171729325128963080e-07 2.046448082502333460e-06 1.927444673708475420e-06 3.206624551889191836e-07 -5.181332683352558433e-08 1.403398162809124077e-06 4.410293547740696997e-07 3.490345126969089089e-07
7.623808615479977790e-01 4.256249454554113751e-06 2.235886112363446667e-06 -4.129509759191633002e-07 1.003659394962376707e-06 2.969443457381932119e-06 5.269462976997888734e-07 -9.366620742627132545e-08 1.696559121172671088e-06 1.590678238763896784e-06 2.647167360048503977e-07 -4.018218341663598283e-08 1.151925995480612314e-06 3.636088401378675152e-07 2.833958003859100317e-07
7.665651159623174671e-01 3.494071141685280951e-06 1.839105190710374217e-06 -3.313888874167440654e-07 8.160453855728989854e-07 2.425247957274981506e-06 4.313986324664961685e-07 -7.655669599460868585e-08 1.377684671377242576e-06 1.300558597209603742e-06 2.142098086393286387e-07 -3.265236201833524881e-08 9.295396303814800601e-07 2.949032925886277632e-07 2.326340846216633186e-07
7.707536355579491794e-01 2.912420732608844408e-06 1.535605579634693620e-06 -2.842136930491879224e-07 6.761389357733044131e-07 1.986964023387729154e-06 3.565204261943065282e-07 -6.430712498616159743e-08 1.131482727900354740e-06 1.061435651381789891e-06 1.763717900308275443e-07 -2.629519338011688457e-08 7.682043678688983309e-07 2.424098876876223774e-07 1.927586217270758111e-07
7.749462413082437440e-01 2.367429942663641810e-06 1.254725482449912067e-06 -2.285427035115875367e-07 5.460098831734852675e-07 1.623827097985722476e-06 2.897606862515454611e-07 -5.098775189068065733e-08 9.291723444308210550e-07 8.719096474366398928e-07 1.459331741149146932e-07 -2.109630389098626750e-08 6.306023434892467311e-07 2.004205281950279599e-07 1.547623448999894175e-07
7.791369682448587852e-01 2.015709811698813343e-06 1.052585489811129205e-06 -1.906258923095053437e-07 4.578953646287897818e-07 1.353442109892268956e-06 2.406905514804099895e-07 -4.328210723344075932e-08 7.730019134767798154e-07 7.249867634372997041e-07 1.208661004516930087e-07 -1.857099219372542361e-08 5.143040855826049194e-07 1.626413879548389941e-07 1.321222948156741245e-07
7.833258353347896108e-01 1.643946399757374418e-06 8.722629321976716537e-07 -1.558434156751663338e-07 3.699902851159746075e-07 1.126442538732151207e-06 1.943992048557163499e-07 -3.480400947900820073e-08 6.207086944073203878e-07 5.888336339709006194e-07 9.764931837013941386e-08 -1.481829625529527118e-08 4.190042542179437538e-07 1.320869069989125059e-07 1.015735302911539661e-07
7.875159900600451346e-01 1.351870757067631598e-06 7.136103500791581882e-07 -1.295693187045357500e-07 3.018255600319985598e-07 8.952036981852958587e-07 1.641944704748883125e-07 -2.912008794498077667e-08 5.079734008527486333e-07 4.729198647382564586e-07 8.147406677186583404e-08 -1.263198565131715587e-08 3.398107253326139628e-07 1.068409082815780450e-07 8.416514334770792699e-08
7.917084457625156446e-01 1.128807955029754627e-06 5.979292832114309126e-07 -1.085950378475030663e-07 2.567510968825011001e-07 7.582719650365427558e-07 1.347712206985506791e-07 -2.485249777481360401e-08 4.254562508857820065e-07 4.059513674600038351e-07 6.719727950193746632e-08 -1.085372220325081144e-08 2.888337374184959800e-07 9.067333018648835880e-08 6.987287293369326392e-08
7.958821468706197555e-01 9.009898701205701917e-07 4.783105814558896389e-07 -8.538689796947945354e-08 2.019012303536035815e-07 6.155986622166306850e-07 1.097567554174351404e-07 -1.918133305981822619e-08 3.523228901904913793e-07 3.216929680149526565e-07 5.451202252633174061e-08 -8.120195654319518547e-09 2.339211445170837434e-07 7.287072844057677315e-08 5.402510040318284668e-08
8.000624692379799674e-01 7.540001701503366847e-07 3.989341894257766104e-07 -6.690588269839895324e-08 1.681955186226561476e-07 4.743997184504458173e-07 8.825129011229272653e-08 -1.611701751378705134e-08 2.856605719933148341e-07 2.626207336095539368e-07 4.332538946428086141e-08 -6.672271844432582230e-09 1.911794234206808654e-07 6.137640595411712210e-08 5.161920129144412699e-08
8.042564613727184453e-01 6.317270427966344567e-07 3.333305707435647335e-07 -5.664960517968062019e-08 1.392140403748184629e-07 4.254631827127418040e-07 7.581208610008722470e-08 -1.360676427136440512e-08 2.253656399108299289e-07 2.185843962586971773e-07 3.726994852093791397e-08 -5.340210070114393919e-09 1.510844263785997077e-07 5.011992597176539189e-08 3.857778519321096551e-08
8.084384822996342201e-01 5.439351639518967533e-07 2.713713364606708887e-07 -4.144322251505056684e-08 1.204068689258886955e-07 3.537642997992552497e-07 6.038043388403253529e-08 -8.503299667652430164e-09 2.012219828764117699e-07 1.841117145024454084e-07 2.822174937946991557e-08 -3.186563065128857069e-09 1.332733542620445368e-07 4.080603496723328101e-08 3.264027079498205779e-08
8.126333810499198895e-01 4.263459669539119688e-07 2.296902689082727214e-07 -3.560428213136751400e-08 8.532899092881757762e-08 2.686662376846885392e-07 5.004454122729339518e-08 -8.478905726524991333e-09 1.480541736307575390e-07 1.446092656706404567e-07 2.416947564436718109e-08 -3.395746827977191154e-09 1.027489967359926068e-07 3.404084037516886747e-08 2.580948995364888513e-08
8.168271958201180905e-01 3.539448130810420417e-07 1.783156113864137423e-07 -2.977853119896688545e-08 6.697820359446551121e-08 2.204731450194368533e-07 3.564979452752157675e-08 -6.804208251458153445e-09 1.115910659721497264e-07 1.085634839982282184e-07 1.973182447050276210e-08 -3.474593330819759396e-09 8.493235785962960477e-08 2.533341008833235207e-08 2.017247280664204070e-08
8.210214995694952167e-01 2.689056533041202425e-07 1.456691579186904450e-07 -2.090935914792957023e-08 5.774724932858369187e-08 1.582186830137995534e-07 3.144406113499723564e-08 -5.378585308713345091e-09 9.975363103518023556e-08 8.394504763229175160e-08 1.488063412717687199e-08 -2.845171057692423939e-09 7.127926045978043171e-08 1.895016905034941704e-08 1.803294304124733653e-08
8.252154145000215602e-01 2.676580346870935569e-07 1.280736614552830153e-07 -2.397408770162739511e-08 5.327370128299477815e-08 1.625538732708803988e-07 2.644969880665350853e-08 -5.521966366922730409e-09 7.727558275127883951e-08 8.162888902229577687e-08 1.415419080673979003e-08 -3.100791813146749732e-09 5.466755084028401278e-08 1.691804893542940995e-08 1.452750293466262123e-08
8.294030907808404018e-01 1.911290486750305782e-07 1.024251695111465682e-07 -1.819455323002123819e-08 3.613783207489190211e-08 1.145412927009163958e-07 2.299534615139638553e-08 -4.943169090764043035e-09 7.020199065473147978e-08 6.648325511039993082e-08 1.033622425987462264e-08 -1.568418670401624847e-09 4.832645024121871432e-08 1.555530470047852945e-08 9.106010938162726105e-09
8.335906150371191758e-01 1.675087686369198339e-07 8.197956445560011317e-08 -1.801697733061563481e-08 4.228109015064618159e-08 1.077957927481034507e-07 1.713086777785967435e-08 -3.417271309533091670e-09 6.762893067645759839e-08 6.072901635141332919e-08 7.913217987791366179e-09 -1.080461512953551480e-09 3.898999873079648840e-08 1.365095687107759227e-08 1.188380511420778140e-08
8.377685032221774408e-01 1.194015603948049334e-07 7.025107658370689060e-08 -5.089350822721067639e-09 2.299201097816913055e-08 7.233803276742891585e-08 1.169163535539392745e-08 -1.417756848389113218e-09 5.170087183434384059e-08 3.966535111949588859e-08 5.020944737624288327e-09 -1.351369518050925014e-10 3.979168154371759977e-08 9.660895226597674261e-09 9.804546102566539627e-09
8.419567297582307708e-01 1.139805718797729798e-07 6.010342121113015936e-08 -1.165929474323178906e-08 3.094292801230706918e-08 5.334372629791851069e-08 1.580968242393378145e-08 -4.399969557087861602e-09 4.113394051218172890e-08 2.649853374101139623e-08 6.002695219309850302e-09 -1.782567581733782094e-09 3.147962672276460580e-08 7.843953692604251689e-09 5.069686945743342170e-09
8.461556544987137718e-01 8.885403637833731877e-08 4.969939472607439285e-08 -1.054461724439049523e-08 6.967064079465432572e-09 4.625323207663771315e-08 8.263755119065588433e-09 -1.412437967484756331e-09 2.877052950698004506e-08 2.473395077472614740e-08 4.413480473372760466e-09 5.948138432989413293e-10 2.548885085315580032e-08 6.336934643311043463e-09 7.087031793415353054e-09
8.503430790983292908e-01 9.001385925933760537e-08 3.042114836370570285e-08 -3.023483914635276167e-10 2.056370955290778199e-08 4.030071194523262198e-08 5.300977423944916690e-09 2.121637624942182964e-10 3.758272121093572167e-08 1.690974646955659773e-08 2.861898050481088255e-09 -6.764007096092066052e-10 1.739163234815410238e-08 6.014030799285554189e-09 2.897605864273842098e-09
8.545245840949285965e-01 5.995352764051096239e-08 3.028072025549982724e-08 -6.242175468957302370e-09 9.752284919937178683e-09 3.008552463006636045e-08 6.816611377255271256e-09 -1.348236079204559342e-09 2.127586695780766301e-08 2.095426250847914675e-08 5.257121169344156388e-09 -1.193118491410617367e-09 1.777549394275113155e-08 4.351063251466163438e-09 3.208286174663003220e-09
8.587196449246210506e-01 5.070625981107086388e-08 3.054061935627732038e-08 -3.914344702410969474e-09 2.057390161598356915e-08 3.520325550437568752e-08 6.743030937995071854e-09 -1.606078883882127023e-09 3.503579722657810559e-08 1.988893485079967871e-08 3.229477096620638191e-09 -6.728047668435775722e-10 8.340296592016508491e-09 2.526319409061342404e-09 1.384955410664384610e-09
8.629074348139629258e-01 6.386144267802519833e-08 1.926057216932842628e-08 -1.468699901330547596e-09 1.047183276297826018e-08 2.608173577409657115e-08 3.142309675183757737e-09 1.261343661330865961e-10 1.790294147508562215e-08 1.033584935657906686e-08 2.105067655293514750e-09 1.053868736529730622e-10 1.930373642870410431e-08 4.248410513880610529e-09 4.053186946449264355e-09
8.670852844200982457e-01 5.523430128287675440e-08 1.916974978223548430e-08 -3.202511235703867585e-09 9.358050823364310119e-09 1.690159897434490658e-08 3.485796339203343520e-09 -1.956100424332079498e-10 5.524578212986469480e-09 9.320192371807112389e-09 1.669172872847014532e-09 -6.942005474565647981e-10 4.039520371934433743e-09 1.002718173682381587e-09 -2.170932349474188264e-10
8.712764316473343706e-01 1.852950326498768549e-09 1.135890993589672565e-08 -2.550291433179218485e-09 6.920206571128975240e-09 1.016669021223612033e-08 1.882748310028605204e-09 -6.771998097184372111e-10 1.465432725016582257e-08 1.502427008110689154e-08 2.649045806361215752e-09 -1.394608187482245443e-09 5.490760007991995502e-09 4.624575499744452871e-09 1.388133062576263144e-09
8.754762476624626810e-01 4.963707360598412235e-08 1.622019939299172850e-08 -2.309500634313780034e-09 1.109401392316894291e-08 3.658682616792772231e-08 2.499192382377957509e-09 -1.333138748502870945e-09 1.904973645839950764e-08 1.237607085634676133e-08 6.075032890709954138e-10 3.705490931539438849e-10 8.379097066842299350e-09 2.196737431133831286e-09 1.926388022763216609e-10
8.796707865602606535e-01 1.955820443935429999e-08 4.726354641180471428e-09 -2.021479894187136209e-09 6.322586227851958090e-09 9.862083403692191156e-09 2.230174167671801451e-09 -1.140866350319503563e-09 2.218716972742496137e-09 6.830465201212730333e-09 1.976797863662505963e-09 -2.737121893268790510e-10 9.594479172097495905e-09 1.831556625215597999e-09 1.485081182248099566e-09
8.838562222970675064e-01 -1.093110180148279091e-09 1.033891646475284544e-08 -1.466310101349562650e-09 -1.523013256440608263e-09 -8.799076599981850963e-10 1.410565600810554555e-09 -1.057496121832259007e-10 9.257066982559953549e-09 -4.243621906174039447e-10 8.283858690576549362e-10 -6.309222169413571963e-10 6.669576807796807433e-10 9.359880128661157001e-10 -2.467270420772527456e-10
8.880381764417510926e-01 3.963924943292199704e-09 2.607537126973951334e-09 3.306981544307828339e-09 7.772378499284145835e-10 1.258536101266841580e-08 1.699175680866664536e-09 1.433550141629320070e-09 1.206018077177752876e-08 1.023168078458720426e-08 5.904296300489557571e-10 2.245067499749381399e-10 5.345219484334779651e-09 2.053465761773330969e-09 1.817303374816421699e-09
8.922270316229049536e-01 8.887045278637943206e-09 6.268420259106691334e-09 -3.760610731673096916e-09 9.546149645481939138e-10 1.583387954265409207e-08 2.493100638623883681e-09 -1.395640531294698167e-09 1.135052224254318278e-08 7.574481268001159986e-09 1.273058397488547159e-09 -1.884614895173838321e-10 3.165791969350415035e-09 4.729471163512337304e-10 2.655469785082559145e-09
8.964225585562245469e-01 6.089822693541934605e-09 2.369735097989384717e-09 -4.554877989953279011e-10 3.218202368132609909e-09 -1.449337553586252802e-08 2.226606623620607968e-10 -4.008912339360603599e-10 2.712971392597151267e-09 1.091946136639410956e-09 -6.859000617945826468e-10 6.476121769818973170e-10 -5.231220487082561241e-09 5.532397663902837441e-10 -1.232635894480151323e-09
9.006049913569987853e-01 5.663491837143831144e-09 6.583203360800004679e-09 1.442378939901288577e-09 1.157567743916475402e-08 -5.023979815131429366e-11 2.734274656947780039e-09 -6.424203213020513735e-10 8.996820983590192761e-09 4.018826895638385519e-09 7.339595724492185808e-10 -3.840395823597586106e-10 5.345021035514452961e-09 1.593235326214142480e-11 1.012704421125453743e-09
9.047836582182254839e-01 -2.065304405545951912e-08 7.072726643361119960e-09 -2.609806359787692541e-09 2.795746753413374638e-09 -1.241810939867174155e-09 4.566817660142168744e-11 7.522419301643736035e-10 4.562979068419944914e-09 5.752259538821847858e-10 5.614003597753370178e-10 1.919019192198175679e-10 1.014897447940071184e-08 -1.223503607518194154e-10 1.875687125537775011e-09
9.089780964569278421e-01 -1.585401031952953494e-08 1.853377295312959763e-09 1.116368416882974341e-10 -2.816459953800284038e-09 -1.021288596023340811e-08 -6.243355867717093999e-11 -8.659833623887064452e-10 -5.699823378621397663e-09 -9.903396354157492911e-10 2.571193477213446150e-10 -6.822070422035244041e-11 -8.526145947398527645e-09 -4.076770779478268377e-10 -1.170529616917878149e-09
9.131704587403689510e-01 9.246886320997314966e-09 4.954596982188506924e-09 7.260393848856273472e-10 6.676772402044806431e-09 8.301261823400635218e-09 3.473580179674216558e-10 4.235839691045953951e-10 5.345842818636094528e-09 -3.647297900052743607e-11 -3.454946638630599053e-10 6.601389251877809859e-10 3.010795734500444235e-09 8.780609758422935809e-10 -1.728358682040054585e-09
9.173547920329833127e-01 1.533600435684134255e-08 4.326097480422409008e-09 -1.508285627783546535e-09 -5.229604332502866949e-12 8.590480767844608252e-09 2.942430144369405340e-09 -4.508712462346372495e-10 -5.830502192322001561e-09 -1.012469997380156790e-09 9.099040785416521550e-10 -6.605690517244592316e-10 -3.943090411785673505e-09 -1.177673383458272042e-10 -1.322479364030323187e-09
9.215425617950214754e-01 3.966693074403846204e-09 1.890561121046798471e-09 -2.800472340013593503e-09 -2.168537868082730029e-09 1.105484290618458950e-08 -5.285679857124152707e-11 -5.590334931730842870e-10 -4.339536553767786313e-10 2.139655700960920318e-09 1.319338444461553725e-09 -8.685809617284521535e-11 1.496691441651580588e-09 1.868577254908345542e-09 9.905259476127596910e-10
9.257400405750663142e-01 -7.858484216904195617e-09 3.653842260230080293e-09 5.203890921603404491e-10 3.755694393404426624e-09 -2.299051004469204474e-09 1.703524209685875127e-09 -9.980278502587582804e-10 -1.447145033752305188e-09 -6.539180757211106208e-09 8.930803838447049006e-10 -5.226000512128655156e-10 4.019909495385863162e-09 -1.140566667663610757e-09 7.406804805779963183e-10
9.299303352268617484e-01 3.053994998576710499e-09 2.788813831077925950e-10 2.182187161494895748e-09 -2.697893722937705996e-09 -1.172350749837156903e-08 -5.648818038550226903e-10 -8.368603832082893651e-10 -5.500239571985192494e-09 -4.147647240791795017e-09 3.839624159754787834e-10 -3.480605366413612965e-10 -1.058384540413546403e-08 -1.289528007678591249e-09 -1.413890544103846807e-09
9.341108300097852313e-01 2.328858003659746742e-08 4.837797082135127906e-09 -9.592081125595680238e-10 -9.891560270517523354e-09 6.343331962244465978e-09 2.040741327771784351e-09 -8.053888068053094847e-10 -6.832675603791574107e-09 -8.575238255201586019e-10 -8.481086120318777630e-10 2.682296997301995550e-10 -1.613865085106795899e-09 -1.560576247603587464e-11 -1.681361434483141111e-09
9.382896253999645220e-01 -8.024524137203640358e-11 3.309260045307459208e-09 -1.858106326653606189e-09 1.224763005665895555e-09 1.343285959700952221e-08 1.376879641569727367e-09 -7.546715609801344364e-10 1.285604859296234037e-09 1.158143073526991550e-08 2.246824450814892352e-10 2.277327629540001473e-10 2.438427425165088532e-09 1.626232492823082857e-09 3.018319979641008049e-09
9.424819561228944265e-01 5.985679270473886612e-09 -4.391529098784900275e-10 3.380126725426745767e-10 -5.523060683246489395e-09 -3.893729018778370178e-09 4.136933281536934700e-10 9.615313683792727555e-10 -1.236094995937877064e-09 -2.617516790603003235e-10 -3.790025053552037514e-11 1.360296267197003293e-10 -4.650189921100709494e-09 -6.967423146920378546e-10 -1.465802192893068204e-09
9.466849863120379016e-01 1.039989259711561557e-08 3.163384856335778512e-09 -2.669769580552632093e-09 -1.083534547779040200e-09 6.000331556815160689e-09 2.653100357290387738e-10 -1.813821632905821510e-10 2.527960685250359940e-09 2.225185862734893207e-09 2.071695492703500877e-10 -4.017374605253662476e-10 -4.318017408348592416e-09 8.705171996785334659e-10 3.160321809835801339e-10
9.508714331057195324e-01 -1.309481863447926943e-08 -1.616254638392181816e-09 1.156328478185780257e-09 -1.311601590645709749e-09 -3.242359923236171695e-09 1.869014076043970534e-10 1.496750762249639789e-09 1.841751542442870326e-09 4.445261901016974927e-09 3.061502432836108562e-10 5.582121746097333428e-10 -6.443432914538142783e-11 2.056833541460693295e-09 -1.273141268010326722e-09
9.550563230073290111e-01 -1.120894297248948790e-08 3.200742087172984790e-09 4.486176719670625965e-10 -1.566372973976577567e-09 -1.882468657138128624e-09 -6.804034565315117032e-10 4.137192180508175258e-10 -6.468413587300515992e-09 2.563728006512250667e-09 -1.434361768551849756e-09 6.372462913632715730e-10 -6.995783421387677311e-10 4.057441120450366060e-10 2.049038996697238296e-10
9.592513211539739348e-01 4.467354153807610757e-09 1.455927546977477700e-09 -3.517003659345980469e-09 -9.372186961885767254e-10 -1.580102615835136559e-09 4.896809131864212418e-10 -1.305832271412228924e-09 3.298645426218255650e-09 -3.454557803170571534e-09 -1.033970677208553733e-09 -2.424201000088615934e-10 6.440571888167247932e-09 -7.726046727305696477e-10 8.626599352424966994e-10
9.634451052878124644e-01 -3.014458426759894442e-09 3.475487244404566847e-09 -3.626964868755425329e-09 1.208489918428609009e-10 4.481926309480680660e-09 1.503095932258158999e-09 -1.233020656385606801e-09 -5.079533112019222046e-09 3.992928570906717981e-09 -1.297168463892183026e-10 -1.032960514389568870e-09 -2.690115488795556973e-09 -1.244722248831740406e-11 -1.074062297647469200e-09
9.676230540453005791e-01 -2.516978497568000062e-08 4.298985157949728014e-09 1.125991170047868526e-09 2.553881294500014870e-10 -1.468325942957062974e-08 1.438011762310398854e-09 -1.036743086971003348e-09 1.225391281891080670e-08 -6.176010335829258904e-09 1.872182433778865555e-10 -3.082167130296868455e-10 5.126109137088513759e-09 3.540606215435639872e-10 2.707048331017806948e-10
9.718094297475188270e-01 -3.930603726756154486e-09 3.399860103643943508e-09 1.736079399672737034e-09 5.877312645374277658e-09 -6.123959501405419836e-09 1.601417789925908726e-09 -2.391289286851878038e-10 5.357201717892011974e-10 -4.239077567415170950e-09 4.291479669191650495e-10 -1.560857782401532080e-10 -3.204196147944163947e-09 -1.677556113021113184e-09 -5.442349518535214159e-10
9.760091362076940280e-01 -4.341553065669412113e-10 2.350435846382742720e-10 5.386580091821422615e-11 5.494431737228390649e-09 7.219603125890167864e-09 5.799198746302966510e-10 -1.459993436174717797e-09 3.621890496151048316e-09 1.690014992071378889e-09 8.443627733933435460e-10 4.792154469287650563e-11 5.133049093939702906e-09 1.855841202424587293e-10 2.811301913122540152e-10
9.802075838006468755e-01 -1.557353050461487232e-08 -6.166934428585079861e-10 -7.161096432305132164e-10 -1.107210392839440209e-08 -1.032081165894358159e-08 8.633192679604852089e-10 -2.840029919162132958e-10 -4.981317641653546196e-09 -1.638538606517656497e-09 9.930050721663910149e-10 -1.741885334268983188e-10 -6.972038877965451078e-10 2.588439620681734416e-10 1.469802425659006500e-09
9.843901124947946890e-01 8.010373356214893476e-09 4.495654196259224547e-09 -2.237606383266208773e-10 4.214063493397450764e-10 9.296996625074540357e-09 7.621061431079007175e-10 -5.633437882269590045e-10 4.351738835353610188e-09 2.673694105827020639e-09 8.502690225959412050e-10 -2.447687796091286925e-10 -9.385294499283013235e-10 4.723077274317936387e-10 5.917993566229589517e-10
9.885650797815361823e-01 -1.655842198537135781e-08 1.260247278619542623e-09 -1.668042762667953867e-09 -4.990684544726503750e-09 1.024935924466685353e-09 8.778402901292710516e-10 -9.479684510312441125e-10 -2.001899984253170595e-09 3.735226429385139025e-09 2.258846874790226942e-10 6.037397927167891304e-11 -3.005980930701449368e-09 3.293612867929326789e-11 -1.312288711166000685e-09
9.927561705083151056e-01 1.990813657105768079e-09 -1.455289022000873827e-09 -7.878372120037527212e-10 1.033143904798096644e-08 2.596486053813334861e-09 8.920186158632753829e-10 -6.028763895849597884e-10 3.849468929372421724e-09 -6.496515476152011982e-09 6.932664046914283761e-10 -5.113857969842546184e-10 -4.921954126359025712e-10 -1.436099338788643407e-09 -2.679961670706153452e-10
9.969400597939003239e-01 -9.915349381861535867e-09 1.107310082472086460e-09 -9.766453673404515682e-10 -4.353651573306876099e-09 -5.338619347048139102e-09 3.806449622675059176e-10 1.128936895661940898e-09 -2.805174437632733238e-09 -5.786359663497719983e-09 1.419973396819896801e-10 1.589930283213072211e-10 -4.898039385572759113e-10 -1.296068187940954779e-09 -1.805155737090059096e-09
1.001125867816581083e+00 -2.875959067934795800e-09 -2.284893950543172672e-09 -9.854543508349820475e-10 -5.936222133905379590e-09 -5.724252819624419994e-09 -5.589497898487252623e-11 -1.393629945763948794e-09 -1.006587049726179628e-08 -3.652824730246344297e-09 7.510436017469744433e-11 -1.698198280611806488e-10 -6.215328046858825547e-09 -5.835472962714084088e-10 1.511288963611524661e-10
1.005315482813002204e+00 -1.267340406904421827e-08 -2.028553705699883567e-10 -1.568737362120423040e-10 -1.093875919815246907e-09 -2.618184827033439362e-08 -5.784818780756441812e-10 -3.795008529358026962e-10 -1.351559175550421841e-08 -5.384780435609173506e-09 -7.732563570538950152e-10 1.044650815166829500e-10 -1.124467561456644620e-09 3.528305268212997894e-11 6.144220159669861459e-10
1.009503724426713545e+00 8.395263616506587367e-09 3.086706162223395561e-09 1.289382881683830109e-09 -3.107574059435844773e-09 1.579197847432991610e-09 -5.942083441786509366e-10 1.183210933696011203e-09 4.111063916548491862e-09 -3.878801416459196730e-09 -2.650526990317206372e-10 2.680026890044622258e-10 1.468500086907031931e-09 -2.535974646250160860e-10 -2.535402325159375855e-10
1.013699103815393299e+00 -1.953363238577513055e-08 -1.404856307332772398e-09 -1.195103795648776768e-09 8.966162838666911401e-09 -2.335189748014415703e-10 -2.992295618060113012e-09 1.144551459931012343e-09 3.456013177556043638e-09 -5.343311864691527560e-10 -6.299936255330938448e-10 1.247781747744831849e-10 -4.966052570243071471e-09 -1.574132457810112141e-09 -2.798483065519866412e-09
1.017885842421875964e+00 1.506880976595402988e-08 4.241259748915292954e-10 -1.070681510788352598e-10 -6.011271661360409790e-09 5.972500179332599847e-09 4.810741031570955273e-10 -8.870756766468741735e-10 -4.941539396032277742e-09 -1.628194522842573928e-09 7.284698607347441768e-10 -8.283395965349423085e-10 2.706591103199468638e-09 1.423388951986485056e-09 -3.826692654203184035e-10
1.022076284359184406e+00 -2.238217007096298130e-09 4.250836670923916933e-09 -1.333871802982005982e-09 -3.924689158477492606e-09 7.397465421574402600e-09 1.301050993461211371e-09 -8.272235722858667257e-10 -7.114686053140930050e-09 1.565349364763778043e-09 5.366924600374290263e-10 1.631101865442896093e-10 1.214472143393702504e-09 7.611402889469967738e-10 -1.405287492125113641e-09
1.026273875264014812e+00 1.862558662738678349e-08 2.736379294188536417e-10 -1.066774177934796814e-09 5.539999599936021069e-09 1.353237488942846839e-08 -5.353664236413508610e-10 2.252729070949555707e-10 5.368932155853765135e-09 3.398498126365252938e-10 3.775100688504158938e-10 1.167853627199755909e-10 -3.777358621338420755e-09 2.357986432357687321e-10 -1.445536280643211433e-09
1.030463237552156075e+00 1.971850863166150918e-09 -1.587703681333494000e-09 1.311752947897300011e-10 5.106423366617967997e-09 -5.530099605345067036e-10 1.809353756019039407e-09 -7.621374766508429552e-10 -3.942434788997449280e-09 1.204621155295028647e-09 1.083561735426492053e-10 -7.256193277000898723e-11 3.893019948609022438e-09 -3.389851501742922693e-10 2.642494654641856227e-10
1.034646639530784062e+00 -1.940455729404984316e-10 -3.122169356537331200e-09 -1.963199894048320073e-09 2.017846379802384918e-09 5.655499040418456223e-09 1.761461576333718434e-09 -1.598021890358655972e-09 3.008806601163565837e-09 8.509058700222137471e-10 -1.670308969317137958e-10 1.569580152103481633e-11 -3.507441822832764669e-09 -2.177856994796685797e-10 -4.485061045844132460e-10
1.038830480088573260e+00 2.426731680825993435e-08 -2.743258310498788684e-09 1.074129567594121241e-09 -5.631209646713669255e-09 1.522041928393421322e-08 5.447731546958979710e-10 1.359899105744955833e-09 -6.348357009413782377e-09 6.262022232372997605e-09 -1.726250058288477770e-10 6.352501858578830241e-10 -6.130009568740306867e-10 1.569087771664609785e-09 -3.492977911390999805e-10
1.043023229532383578e+00 -1.207776303451174739e-09 1.507159571899564382e-09 5.268018987414849883e-10 5.474644634903701801e-10 1.064908138897235670e-09 3.106428183153083096e-10 7.376283214982704108e-10 -1.155705233829397473e-09 -4.304305853250897478e-09 -1.168525843773936244e-09 -1.663236689113540447e-10 -5.487585062237393676e-09 -5.019416941329803304e-10 -5.881100305623083622e-10
1.047211320931656031e+00 1.666736517682999299e-08 -1.188631169661832953e-09 2.863783312507559429e-09 2.215700854261650617e-09 1.040018791473390567e-08 -1.535801200388098234e-09 7.586427564567327300e-10 -4.803961789817415530e-09 1.621679827740499904e-09 -3.671629626342279578e-10 3.578129952103680759e-11 -5.196342253745064112e-09 6.450864091239029253e-11 -1.715019263074948336e-09
1.051395396220772938e+00 3.674242689875555340e-09 -2.005265988948158134e-09 2.133277061932449041e-09 1.292487200477982064e-09 -1.110218815928488268e-08 -2.871829596733234606e-10 1.726326225060500258e-10 -2.141362738332253277e-09 -2.190984103214736825e-09 2.124695436684095159e-10 4.474966136595919937e-10 2.826020914478222917e-09 9.481560752140701563e-10 -1.397506345966000357e-10
1.055587561333155788e+00 -2.890735708499713577e-09 -2.492896789137289410e-09 -2.465858110438558918e-10 -5.129235856566672226e-10 -1.980561790661968186e-09 -1.288132948386579341e-09 7.283436544820221229e-10 4.563197884079154943e-09 1.038662703390497941e-08 3.728181030384350589e-10 7.075178869920764158e-11 3.548662012882740240e-09 2.221459369662746247e-09 -1.199996222694239449e-10
1.059780855230085139e+00 -2.876728838870386081e-08 -9.210267803094350067e-11 4.553452820585390939e-10 -8.401561368901779795e-09 -4.108390859173880475e-09 3.385678987203854580e-10 1.231123823495885756e-09 -9.689729223624987551e-10 -2.079284477306630009e-09 1.795138140511265347e-10 1.127566349381024615e-09 -5.183403043773178166e-09 2.958007837345795478e-10 -2.772747607442154543e-10
1.063968553353427993e+00 5.596516431059008365e-09 -1.690030224737718268e-09 5.993515327384153271e-10 -4.571088343595502896e-09 7.007423827193295204e-09 5.928180814083874421e-10 -5.402161479081407490e-11 4.369599456957481600e-09 2.308437243756499357e-09 -5.177118640100121731e-11 -2.254878538232461114e-10 7.682557053669350326e-09 4.422402084835499660e-10 8.262571534813168075e-10
1.068144877931138659e+00 -2.139681123108583023e-09 8.570638680944880867e-11 -2.712759622622307827e-10 -2.503720540515916623e-10 3.576417539176985217e-09 -1.029130733539159136e-09 3.257231676241267586e-10 -7.894631451662025374e-10 4.011835040128592985e-09 -4.672049254120492874e-10 2.800451826776561904e-10 3.212034367570875304e-09 1.626773096654357495e-09 1.884907312283941281e-09
