# Columns: ('k', 'P')
5.345493089407682419e-03 1.340351909722222081e+04
9.344366739594166943e-03 1.546757258064516100e+04
1.312833575873958818e-02 1.172719260204081547e+04
1.700891779646987109e-02 1.280614047619047778e+04
2.135270783943789275e-02 1.250154428571428616e+04
2.564347439342075027e-02 1.252108222222222139e+04
2.962205054058980949e-02 1.253736046511627865e+04
3.361537140302770649e-02 1.070372178477690250e+04
3.793950633336700545e-02 8.902391418563922343e+03
4.227894994616508695e-02 7.813740000000000691e+03
4.633325468672155889e-02 7.245642661179697825e+03
5.038752484052157893e-02 6.971974641675854400e+03
5.464179025701254577e-02 6.278728650137741170e+03
5.886817576171304162e-02 5.969453162530023292e+03
6.290140616743733482e-02 5.957962623951182650e+03
6.703999982739437813e-02 5.451733972438586534e+03
7.134254604642074893e-02 5.108519075765717389e+03
7.561818311969153994e-02 4.852658033573141438e+03
7.973924982214039558e-02 4.593636071592473854e+03
8.385356877962653332e-02 4.249765593961064951e+03
8.809929214337092196e-02 4.005822891144557161e+03
9.230415729057904473e-02 3.465244734202607560e+03
9.643309047658384092e-02 3.197424719781884050e+03
1.005689403076158450e-01 3.103255259467041014e+03
1.047818677762802908e-01 2.938270599950211817e+03
1.090277847809041356e-01 2.727079944224959490e+03
1.132170039508717807e-01 2.600269799249944754e+03
1.174008294871188018e-01 2.498537643043565367e+03
1.215998224695146873e-01 2.483074312796208687e+03
1.257670529567683493e-01 2.339863352930696692e+03
1.299386816717305049e-01 2.310292277292935978e+03
1.340949335765710126e-01 2.192859114707282515e+03
1.382635144665005922e-01 2.046965222431531856e+03
1.424925284902303357e-01 1.918233021553476874e+03
1.466886314558672189e-01 1.870601816506515661e+03
1.508619291163366127e-01 1.739841862161176550e+03
1.550655720814744509e-01 1.690957910691383859e+03
1.592593054631499527e-01 1.584984451987298826e+03
1.634144798183441161e-01 1.497214933333333420e+03
1.675823816150099899e-01 1.468748047840268782e+03
1.718045808093531246e-01 1.417192540792540740e+03
1.760135070798979073e-01 1.381712685547764295e+03
1.801930856696074279e-01 1.336606001193419161e+03
1.843742315857553882e-01 1.296106147575076875e+03
1.885797910080431738e-01 1.251669775687967331e+03
1.927656394953895236e-01 1.204609924190213860e+03
1.969014248243030341e-01 1.172287282774667347e+03
2.010715633173454087e-01 1.142143397784352828e+03
2.052920281681521186e-01 1.094199474548440094e+03
2.095172134954577381e-01 1.056390460588494761e+03
2.136973926115405542e-01 1.004418294573643379e+03
2.178750580088065492e-01 9.723609343065693338e+02
2.220823861956562617e-01 9.551636486715179899e+02
2.262696194198526023e-01 9.201488170390294954e+02
2.304259489101245229e-01 8.952702085876545652e+02
2.345870463846415066e-01 8.710148114215910482e+02
2.388019837064606632e-01 8.368690194563801015e+02
2.430077036534963875e-01 8.167960823467883529e+02
2.471758823520590620e-01 7.964168314555070083e+02
2.513692271335918882e-01 7.817851297536213906e+02
2.555723892733414715e-01 7.669373418535832343e+02
2.597674079539822323e-01 7.435059521357663925e+02
2.639178238801485610e-01 7.188558215674237317e+02
2.680749044740857179e-01 7.048149901074600621e+02
2.723023151079725368e-01 6.857239415788500310e+02
2.765128983200950685e-01 6.630596899510254616e+02
2.807027537381580062e-01 6.493431734317342716e+02
2.848857026249724811e-01 6.394964684596917550e+02
2.890807262117984777e-01 6.153940553557879412e+02
2.932785946948970324e-01 6.013073228114891435e+02
2.974321087309398370e-01 5.839287198337862037e+02
3.016123743882810904e-01 5.694178609462954910e+02
3.058101292111336522e-01 5.632884863389616612e+02
3.100168993294901143e-01 5.477578696662744733e+02
3.142092030053749707e-01 5.371667666295376193e+02
3.183867557675504334e-01 5.276680504770022253e+02
3.225872781332082551e-01 5.119863302629822783e+02
3.267666109043823597e-01 4.993584955495100530e+02
3.309328770241455886e-01 4.868795325218811740e+02
3.351106074107195187e-01 4.790626515056853805e+02
3.393095620710060434e-01 4.721642103238526147e+02
3.435164896197421824e-01 4.603892944038929045e+02
3.477107812306902690e-01 4.473076976405611163e+02
3.518857617074659383e-01 4.374564186352599222e+02
3.560773577310688554e-01 4.334744477703248435e+02
3.602869550449780967e-01 4.171413171852519781e+02
3.644651285618699665e-01 4.173636613814856560e+02
3.686396944457170921e-01 4.046909554454427962e+02
3.728293470315630076e-01 4.000841408365934626e+02
3.770363921861874523e-01 3.875069305000487816e+02
3.812363453093803867e-01 3.848937457839452918e+02
3.854150971210312249e-01 3.753860417881255671e+02
3.896036578152083374e-01 3.667925119304258033e+02
3.937795161075864914e-01 3.637518198074526481e+02
3.979440095093054186e-01 3.569202115346949427e+02
4.021139069446590386e-01 3.485396151522996320e+02
4.063125452039867413e-01 3.410718892612363788e+02
4.105412315868290918e-01 3.345005805491504134e+02
4.147348487769681458e-01 3.281653861905152212e+02
4.189107045044477284e-01 3.219763770765439972e+02
4.230974437456921922e-01 3.174309072470551314e+02
4.272931011032126136e-01 3.136584576392811528e+02
4.314914587673138180e-01 3.047167407008569739e+02
4.356511643511531418e-01 2.985479587111423143e+02
4.398424702607344750e-01 2.948411390513597894e+02
4.440501074980069407e-01 2.878774912158413599e+02
4.482267968899237842e-01 2.826188559410560401e+02
4.524052929840755577e-01 2.794741576105529361e+02
4.566090347930675253e-01 2.735010952538997913e+02
4.608167319022857811e-01 2.685956791342470069e+02
4.649806979855051203e-01 2.638035958747832410e+02
4.691538386770017222e-01 2.620176352096081587e+02
4.733478629909182445e-01 2.563304659587446963e+02
4.775500538217637980e-01 2.524108664123532719e+02
4.817339644282710998e-01 2.465391226347624922e+02
4.859144464692263798e-01 2.433731881071533678e+02
4.901252990058800885e-01 2.412314060097348829e+02
4.943123444065962158e-01 2.339460360909519636e+02
4.984736335014697817e-01 2.306019074771747626e+02
5.026590164608074618e-01 2.283310854666065381e+02
5.068609875937976073e-01 2.230067993276582001e+02
5.110594965365916620e-01 2.201261469114835450e+02
5.152492140965455603e-01 2.158430906701708523e+02
5.194329442812991582e-01 2.121910162538297584e+02
5.236343964239100757e-01 2.087175643366590236e+02
5.278273205415198177e-01 2.051276391651605024e+02
5.319960279023402405e-01 2.029008067310071795e+02
5.361714592099571242e-01 1.984645988846823741e+02
5.403746330902056139e-01 1.948173506878186174e+02
5.445761264886261888e-01 1.915251805334563642e+02
5.487504490749764985e-01 1.887265587748576650e+02
5.529407179677009454e-01 1.861329447858312847e+02
5.571409157079509900e-01 1.846061158711098642e+02
5.613298693710127019e-01 1.802114053925077428e+02
5.655062246218995892e-01 1.773921352961362743e+02
5.696867424029971039e-01 1.747220405044599545e+02
5.738956954203543459e-01 1.716035792076293944e+02
5.780928920821047923e-01 1.691165865485448592e+02
5.822632071880226023e-01 1.669666884822175916e+02
5.864430803127811398e-01 1.639809090098777062e+02
5.906376733072625784e-01 1.615381783550614898e+02
5.948356627105599870e-01 1.584966274312726000e+02
5.990145239901687457e-01 1.555610530701443963e+02
6.031829950841108845e-01 1.528532229195633647e+02
6.073740526175752663e-01 1.518303984541879572e+02
6.115768023320514724e-01 1.484416013575367970e+02
6.157710000000914397e-01 1.466161392241918975e+02
6.199632023912512446e-01 1.444341149405267402e+02
6.241630060990407403e-01 1.426758699453941972e+02
6.283593402461892241e-01 1.397083094677443285e+02
6.325410955997395890e-01 1.380843146193498683e+02
6.367142920629192959e-01 1.358505895420958609e+02
6.409035099394975177e-01 1.339497137268485574e+02
6.451032402190634008e-01 1.314190545512824713e+02
6.492879941711476866e-01 1.296078117603130977e+02
6.534659541563927476e-01 1.269275023049912079e+02
6.576591076962554627e-01 1.252834353301543757e+02
6.618529307405217610e-01 1.233659680211573999e+02
6.660240791386257131e-01 1.212434898717275331e+02
6.702067828716186115e-01 1.196919352736346127e+02
6.744172070879622671e-01 1.178293168412658787e+02
6.786118453466847278e-01 1.160456599286563630e+02
6.827984616056306244e-01 1.147327085856085347e+02
6.869817177358829019e-01 1.126483197904574780e+02
6.911718524128840357e-01 1.108772851720309518e+02
6.953555746427921846e-01 1.091614521206337685e+02
6.995344561305086861e-01 1.074587053126902561e+02
7.037287066792784485e-01 1.055418357040890527e+02
7.079143033440539190e-01 1.041578509953537122e+02
7.121186686741065586e-01 1.022309721895979919e+02
7.163134555705721329e-01 1.009733140154725106e+02
7.204913713645887396e-01 9.919962757856102087e+01
7.246803275165087932e-01 9.796981802513923299e+01
7.288763115175647123e-01 9.625861789256089196e+01
7.330585840505703388e-01 9.456664693649852893e+01
7.372316440474646626e-01 9.340359469574457307e+01
7.414228560306842519e-01 9.211605850169418375e+01
7.456189213758863676e-01 9.066472069654381016e+01
7.498104337627916616e-01 8.917821501558840680e+01
7.539974189770904944e-01 8.794174804999484252e+01
7.581896411468850294e-01 8.643679664375233074e+01
7.623808615479977790e-01 8.550425909964222626e+01
7.665651159623174671e-01 8.376545056531381306e+01
7.707536355579491794e-01 8.288647539633615224e+01
7.749462413082437440e-01 8.131558804837429477e+01
7.791369682448587852e-01 8.022091154790022927e+01
7.833258353347896108e-01 7.885499893063702359e+01
7.875159900600451346e-01 7.758254972590603415e+01
7.917084457625156446e-01 7.649020961885454994e+01
7.958821468706197555e-01 7.528768935106897686e+01
8.000624692379799674e-01 7.463194314487525105e+01
8.042564613727184453e-01 7.307620285636549795e+01
8.084384822996342201e-01 7.204131074259142054e+01
8.126333810499198895e-01 7.079460476946464098e+01
8.168271958201180905e-01 7.011160847132984486e+01
8.210214995694952167e-01 6.883604927063775847e+01
8.252154145000215602e-01 6.790052770990328668e+01
8.294030907808404018e-01 6.680609510372704563e+01
8.335906150371191758e-01 6.591518409419690272e+01
8.377685032221774408e-01 6.475754531574520456e+01
8.419567297582307708e-01 6.375963599325156395e+01
8.461556544987137718e-01 6.267024474858141048e+01
8.503430790983292908e-01 6.200514958597948834e+01
8.545245840949285965e-01 6.112857202995778749e+01
8.587196449246210506e-01 6.019507102502930707e+01
8.629074348139629258e-01 5.925659476041521145e+01
8.670852844200982457e-01 5.821140220977660817e+01
8.712764316473343706e-01 5.746975171374487701e+01
8.754762476624626810e-01 5.657853480092759213e+01
8.796707865602606535e-01 5.594603073746078792e+01
8.838562222970675064e-01 5.501822507084741432e+01
8.880381764417510926e-01 5.403247211033290398e+01
8.922270316229049536e-01 5.344043583280455323e+01
8.964225585562245469e-01 5.263167129595916549e+01
9.006049913569987853e-01 5.199554505615373756e+01
9.047836582182254839e-01 5.110426420519544877e+01
9.089780964569278421e-01 5.025103037113547799e+01
9.131704587403689510e-01 4.964385048299033798e+01
9.173547920329833127e-01 4.897538291222104334e+01
9.215425617950214754e-01 4.827651461518451015e+01
9.257400405750663142e-01 4.759146529229672495e+01
9.299303352268617484e-01 4.679161383836648014e+01
9.341108300097852313e-01 4.629178898304271428e+01
9.382896253999645220e-01 4.567503845161783005e+01
9.424819561228944265e-01 4.482517320654978477e+01
9.466849863120379016e-01 4.423754109936325563e+01
9.508714331057195324e-01 4.370132853644264515e+01
9.550563230073290111e-01 4.324227455661142017e+01
9.592513211539739348e-01 4.254009558892524723e+01
9.634451052878124644e-01 4.202033864643735228e+01
9.676230540453005791e-01 4.139637638807714382e+01
9.718094297475188270e-01 4.066206994053317203e+01
9.760091362076940280e-01 4.024723093733613410e+01
9.802075838006468755e-01 3.966935845540898953e+01
9.843901124947946890e-01 3.918097246304832026e+01
9.885650797815361823e-01 3.857298102524735128e+01
9.927561705083151056e-01 3.818592470616243872e+01
9.969400597939003239e-01 3.764359890829509681e+01
1.001125867816581083e+00 3.716687199824239940e+01
1.005315482813002204e+00 3.666358186223606452e+01
1.009503724426713545e+00 3.618355183114380225e+01
1.013699103815393299e+00 3.579253220212861919e+01
1.017885842421875964e+00 3.524170398624372069e+01
1.022076284359184406e+00 3.481719317797050905e+01
1.026273875264014812e+00 3.444382181738215820e+01
1.030463237552156075e+00 3.416080417861639518e+01
1.034646639530784062e+00 3.373753785826285423e+01
1.038830480088573260e+00 3.319650679851029906e+01
1.043023229532383578e+00 3.288013810191942099e+01
1.047211320931656031e+00 3.240339200881279424e+01
1.051395396220772938e+00 3.202468970432505557e+01
1.055587561333155788e+00 3.180564832674136611e+01
1.059780855230085139e+00 3.133636370412516214e+01
1.063968553353427993e+00 3.096306590080908805e+01
1.068144877931138659e+00 3.070053278718753731e+01
