# Columns: ('k', 'S1', 'S2', 'S3', 'S4', 'S5', 'S6', 'S7', 'S8', 'S9', 'S10', 'S11', 'S12', 'S13', 'S14')
5.345493089407682419e-03 -5.922171359592013573e+01 1.779277994791666515e+03 7.321694607204860006e+01 -2.495570373535156250e+01 -1.149927435980902715e+02 2.560219997829860858e+02 6.788928900824652146e+01 -6.768863254123263573e+01 -6.421814643012152146e+01 3.981637912326388573e+01 4.470928276909722143e+01 -4.596187337239582860e+01 -1.037914276123046875e+01 -1.011705864800347143e+01
9.344366739594166943e-03 -5.023752126386088435e+01 1.425783014112903174e+03 -2.805217127646169217e+01 -4.746756079889112812e+01 -9.351850743447580783e+01 8.988621471774192742e+02 -2.566344624180947420e+01 -4.025211457283266014e+01 -4.869804923765121174e+01 6.122567414314515872e+02 -5.579485985540574511e+00 -3.818256993447580516e+00 -6.951419461158013569e+00 5.600245321950604982e+00
1.312833575873958818e-02 2.334060905612244596e+02 5.389887197066326507e+02 -2.249322584502550910e+02 1.895945870535714164e+02 4.254803890306122298e+02 1.393991649394132537e+02 -6.686813416772959329e+01 3.336650589923469283e+02 2.854175900829081343e+02 1.757329201211734526e+00 -1.920626145966198806e+01 2.341470424107142776e+02 6.674051339285713880e+01 5.855108019770407424e+01
1.700891779646987109e-02 -2.011102864583333485e+02 5.234304315476191505e+02 -5.536647135416666998e+01 -1.246748790922619179e+02 -5.552910342261905043e+02 2.772520833333333599e+02 1.639681919642857366e+01 -5.139508184523809859e+02 -4.600784970238095752e+02 1.490117466517857281e+02 3.298823939732142918e+01 -4.820563616071428896e+02 -1.257052083333333456e+02 -1.367761904761904930e+02
2.135270783943789275e-02 1.820732924107142878e+02 6.466884374999999636e+02 -3.735936160714285847e+02 1.684208147321428442e+02 8.351257254464285040e+01 2.678562053571428692e+02 -1.245030803571428635e+02 8.085659040178570933e+01 -3.083677734375000057e+01 1.153627008928571485e+02 -1.793177455357142946e+01 -5.323099330357143089e+01 -1.421517578125000014e+01 -2.182741629464285538e+01
2.564347439342075027e-02 4.838668055555555725e+02 6.879220138888888414e+02 -4.395727430555555770e+02 4.847359027777777669e+02 7.891473611111110813e+02 3.763171180555555679e+02 -1.920049652777777851e+02 7.331147222222222126e+02 4.402030902777777897e+02 2.077784548611111006e+02 -7.849578993055555998e+01 3.790719444444444548e+02 8.090182291666666003e+01 6.700201388888888232e+01
2.962205054058980949e-02 -1.586278161337209269e+02 1.257182308970099740e+02 1.092392805232558146e+02 -1.131075321843853914e+02 -2.656822051495016694e+02 1.625817587209302246e+02 2.379978846553156302e+01 -2.316288413621262521e+02 -1.810877803156146229e+02 1.506215479651162923e+02 -8.560780471345514897e+00 -1.746038595307309151e+02 -4.815525721553156302e+01 -4.774610997196843698e+01
3.361537140302770649e-02 -2.124422982283464592e+02 -1.462557414698162805e+00 1.499078391568241386e+02 -2.967031403789370003e+01 -2.371054174868766324e+02 6.599448408792650866e+01 6.381537073490813583e+01 -3.656917445866141492e+01 -6.759937869094487439e+01 7.510154199475066150e+01 3.069254941765091971e+01 9.185536622375327198e+00 2.012625466494422533e+00 1.304442205954724443e+01
3.793950633336700545e-02 1.295187582092819696e+02 2.727881457968476298e+02 -1.327302840411558691e+02 1.922091451401050790e+02 3.314082475919439617e+02 1.690565619527145316e+02 -7.939258154553415636e+01 3.305939962784588602e+02 2.382458953590192721e+02 8.781287625875657454e+01 -3.179015707092819554e+01 2.098308066987740688e+02 5.856878694176882760e+01 5.030171163528896727e+01
4.227894994616508695e-02 2.112681500000000199e+02 1.506754625000000090e+02 -8.153910000000000480e+01 2.333679250000000138e+02 4.423862000000000307e+02 9.433863125000000593e+01 -3.705507187500000299e+01 4.145409250000000156e+02 3.010235000000000127e+02 5.794698125000000033e+01 -1.663737812500000146e+01 2.623914500000000203e+02 6.919757500000000050e+01 5.753728124999999949e+01
4.633325468672155889e-02 1.575998585390946403e+02 1.443738211591220875e+02 -5.179303840877914666e+01 1.793181584362139915e+02 4.013073988340191818e+02 1.055953360768175457e+02 -3.231723679698216500e+01 3.551669238683127219e+02 3.072976894718792664e+02 6.902412337105623408e+01 -1.368328564386145274e+01 2.608776577503429053e+02 7.998426783264746120e+01 6.997511038237310288e+01
5.038752484052157893e-02 1.749388652494487317e+01 1.077258820286659358e+02 -5.266785246692392519e+01 4.992687947905182000e+01 2.338724417723263471e+01 6.660911228638367731e+01 -2.753430135405182000e+01 1.504889918687982409e+01 -9.410423270396913509e+00 2.988117161659316423e+01 -5.352503531560087957e+00 -2.971705312844542490e+01 -6.581360468922271778e+00 -1.160135469783627293e+01
5.464179025701254577e-02 4.076290246212121104e+01 7.600533746556473602e+01 -3.220054952938475878e+01 8.158126721763085243e+01 1.522497417355371851e+02 6.787883809687787107e+01 -2.870575786271809093e+01 1.528971820477502206e+02 1.168539657943067027e+02 4.469164299242424221e+01 -1.594569272268135940e+01 1.034559874311294720e+02 3.025879175275482069e+01 2.641545246499081756e+01
5.886817576171304162e-02 6.667273819055243678e+01 7.650013135508406492e+01 -2.884724341973578632e+01 1.241480934747798131e+02 2.386848478783026337e+02 6.810598478783026621e+01 -2.810462119695756300e+01 2.494011709367493950e+02 1.883186299039231244e+02 4.583925577962369857e+01 -1.773567134957966118e+01 1.771547738190552366e+02 4.906806695356284820e+01 4.513175540432345656e+01
6.290140616743733482e-02 1.958466819221968080e+02 1.481254171434019895e+02 -9.064843154080854504e+01 2.245205949656750590e+02 4.460999237223493878e+02 1.071409229595728476e+02 -6.262844441266209117e+01 4.256501716247140052e+02 3.087963386727689112e+02 6.411876668573607674e+01 -3.304772120518688183e+01 2.739040331807780717e+02 7.018224995232647245e+01 6.152448035850495955e+01
6.703999982739437813e-02 1.183141196075494292e+02 9.418220116836428701e+01 -6.540762151737567365e+01 1.500057482025164859e+02 2.931517375674056325e+02 6.938020521270222218e+01 -4.272767188436189656e+01 2.780116274715398390e+02 1.996092345715997567e+02 3.858412363316357130e+01 -2.012710174505692251e+01 1.749577404134212202e+02 4.446624569352906065e+01 3.865403357174955090e+01
7.134254604642074893e-02 1.171168558570660991e+02 9.237846755776465102e+01 -5.475028546480387348e+01 1.494788923965610081e+02 3.072378425577646794e+02 7.288814817302525739e+01 -3.979951554943578884e+01 3.001888433637829507e+02 2.249165099408920128e+02 4.631301215744223754e+01 -2.196472830467490667e+01 2.055779486835035073e+02 5.411472326706072522e+01 4.900600315690489595e+01
7.561818311969153994e-02 8.453430005995204510e+01 6.474808902877697392e+01 -3.515092925659472201e+01 1.056353417266187051e+02 2.238757194244604420e+02 5.287319394484412527e+01 -2.750479616306954611e+01 2.060303657074340435e+02 1.596791366906474821e+02 3.335187350119904437e+01 -1.537676390137889726e+01 1.364976019184652216e+02 3.733384667266187051e+01 3.173468225419664179e+01
7.973924982214039558e-02 6.477294630564479405e+01 4.366369320789353026e+01 -2.301656436438733522e+01 8.806105151445618162e+01 1.899202329050023081e+02 3.922150355667737642e+01 -1.944976910279945059e+01 1.754499483708123080e+02 1.374811410050481868e+02 2.488494578935291557e+01 -1.042048836192060612e+01 1.183601350963744920e+02 3.235998451124368813e+01 2.790366136989444712e+01
8.385356877962653332e-02 5.883114198450536492e+01 4.216445979837107672e+01 -2.603948152562574592e+01 8.204690603893523360e+01 1.699373385975367512e+02 3.686243854290822242e+01 -2.130084953565753025e+01 1.635883119785458746e+02 1.205385627731426297e+02 2.304410322308303449e+01 -1.198905955130115153e+01 1.085190082439412009e+02 2.736422638557806764e+01 2.468271379618593642e+01
8.809929214337092196e-02 7.388080263388168589e+01 4.735819915995799789e+01 -2.242265296858592905e+01 8.827631147182358973e+01 2.028157595379769020e+02 4.051851811340566911e+01 -1.844013060028001405e+01 1.883797908645432244e+02 1.532336913720685914e+02 2.821197934896744641e+01 -1.157478616118305936e+01 1.360486743087154196e+02 3.803025463773188619e+01 3.371645847917395855e+01
9.230415729057904473e-02 6.444389940655298687e+01 3.928298959378134469e+01 -2.055341153669341381e+01 7.141000605984619654e+01 1.644904505182213086e+02 3.152852306920762260e+01 -1.486678133358408438e+01 1.508783224674021994e+02 1.211799878803075785e+02 2.092262203276495924e+01 -8.461747873829821742e+00 1.077883859913072513e+02 2.965202377967234781e+01 2.649707978100969541e+01
9.643309047658384092e-02 4.481288813995758602e+01 2.689559508482278005e+01 -1.427573320584671279e+01 5.146825772493183848e+01 1.158871364737958203e+02 2.200410860345349917e+01 -1.117460617994547079e+01 1.082088950318085381e+02 8.538539457740078831e+01 1.473025456301120784e+01 -6.816597361594971538e+00 7.682841373826113340e+01 2.075719952287185777e+01 1.869281917411390381e+01
1.005689403076158450e-01 3.176716339410939938e+01 2.011020555750350880e+01 -1.066060001753155717e+01 3.897139726507714386e+01 8.851349929873772737e+01 1.729703826262272059e+01 -8.540928515077139238e+00 8.063785939691445037e+01 6.430872194950912046e+01 1.135981548036465760e+01 -4.976661115007012803e+00 5.592710378681627503e+01 1.524168127629733682e+01 1.331288459852735073e+01
1.047818677762802908e-01 3.425817618869803027e+01 2.049249089805825363e+01 -1.024149707493154082e+01 4.038503547423450613e+01 9.503167786905650871e+01 1.780314717139656366e+01 -8.194487879636545458e+00 8.827343166542195263e+01 7.233644510828976593e+01 1.244420781989046532e+01 -5.094283863890963104e+00 6.506567401045556664e+01 1.819682365571321725e+01 1.643964517986059093e+01
1.090277847809041356e-01 2.324393410120845971e+01 1.339037444805949306e+01 -5.893417383221008166e+00 2.775585347432024008e+01 6.726456832442481470e+01 1.229812049732744583e+01 -5.050962809377178786e+00 6.092070212642342852e+01 5.138901638391819660e+01 8.703375551940506938e+00 -3.148532137825354571e+00 4.515294561933534823e+01 1.296556544852428594e+01 1.147906438821752317e+01
1.132170039508717807e-01 1.722517855173174439e+01 9.793113521674387201e+00 -4.267104170113610984e+00 2.068084739686741713e+01 5.003702707919699577e+01 9.091896405526140867e+00 -3.722210301538715793e+00 4.603241506728435439e+01 3.870184618354290507e+01 6.596805716412971421e+00 -2.433258319200860331e+00 3.457106910434590930e+01 9.898399583609087671e+00 8.893541115155525034e+00
1.174008294871188018e-01 1.367088373318610728e+01 7.910613456133306798e+00 -3.532595738807468244e+00 1.640119955832162191e+01 3.968070543063642219e+01 7.282046777755470934e+00 -3.060977809425818208e+00 3.616229170849226904e+01 3.027507026701465520e+01 5.158117251806865866e+00 -1.950099832488456197e+00 2.667997766512748470e+01 7.577400371411362912e+00 6.703488882754466971e+00
1.215998224695146873e-01 1.088394475710900444e+01 6.146482523696682243e+00 -2.563732968009478697e+00 1.279740077014217903e+01 3.144983412322274674e+01 5.652098267180094560e+00 -2.228059278732227533e+00 2.879440758293838698e+01 2.444738447867298348e+01 4.106266661729857326e+00 -1.458303002813980953e+00 2.182812203791469230e+01 6.286782434834123023e+00 5.649783767772511567e+00
1.257670529567683493e-01 7.542323623730625037e+00 4.264691759086050027e+00 -1.750582840615535485e+00 8.969475158115089997e+00 2.200118307945840002e+01 3.979488533872260980e+00 -1.546989828300374237e+00 1.999047412257259992e+01 1.696973404373775196e+01 2.887767689125690485e+00 -1.010089840966283736e+00 1.497331947042579792e+01 4.317031890254765969e+00 3.828324731649741519e+00
1.299386816717305049e-01 6.754160963485921876e+00 3.806610393853943730e+00 -1.551765691894450905e+00 7.931292966820352675e+00 1.969862506174872507e+01 3.551036606701794884e+00 -1.369709067028239691e+00 1.788068345545858762e+01 1.526983677753993085e+01 2.587560655256874842e+00 -9.049233672608266721e-01 1.350286616993248856e+01 3.901347408611888667e+00 3.467301477852791081e+00
1.340949335765710126e-01 4.546085755295098174e+00 2.550111306124068111e+00 -1.031402921971680264e+00 5.357729578177059082e+00 1.333373616730128575e+01 2.398814304696176514e+00 -9.103733155342694783e-01 1.206202527566238381e+01 1.031561545593368301e+01 1.753616364479216427e+00 -6.103253395580477969e-01 9.107370746073298662e+00 2.635213700321275887e+00 2.342874610800412594e+00
1.382635144665005922e-01 3.652236485201420191e+00 2.025059349414939813e+00 -7.271883292502898666e-01 4.095140763114041960e+00 1.041877988697290291e+01 1.862477330051804270e+00 -6.407898594859441355e-01 9.290472508513259342e+00 8.092913957216346432e+00 1.375545380651354899e+00 -4.334152347712288411e-01 7.069659288508912454e+00 2.079915671188958370e+00 1.828866513911027392e+00
1.424925284902303357e-01 2.498182166700555484e+00 1.374491663277755071e+00 -4.838894325267723562e-01 2.901924901721566918e+00 7.379578207604716944e+00 1.314263425384641248e+00 -4.451278969897993210e-01 6.644279199708552852e+00 5.796900416836111347e+00 9.854913550986172943e-01 -3.041903824280703383e-01 5.113766817473226922e+00 1.509538859165310942e+00 1.341289067795174095e+00
1.466886314558672189e-01 1.966311486030669853e+00 1.063721956446623595e+00 -3.535273869413912973e-01 2.235853533878504606e+00 5.759824498979860152e+00 1.011459023195833806e+00 -3.236728159553112771e-01 5.171278547452941687e+00 4.556544729827563422e+00 7.665615847538501670e-01 -2.251872848143181283e-01 4.012906513261813579e+00 1.193562477375937680e+00 1.058320975796366969e+00
1.508619291163366127e-01 1.218911434909444536e+00 6.663342215418743830e-01 -2.323906414995973724e-01 1.423798805571593551e+00 3.655685452625501597e+00 6.458323441488391659e-01 -2.146749555579190449e-01 3.277271104290750081e+00 2.877021734836513911e+00 4.846971872815880600e-01 -1.473141623047587168e-01 2.529958995533001076e+00 7.497322079737449574e-01 6.650397747128358183e-01
1.550655720814744509e-01 1.040125367079106855e+00 5.667030785458201381e-01 -1.929624650227352023e-01 1.167590398922991657e+00 3.005445158563600394e+00 5.325854438104814514e-01 -1.752467422867844127e-01 2.680704482190742421e+00 2.352211947650693524e+00 3.988053191857584001e-01 -1.216069377495773568e-01 2.060543686968054011e+00 6.094986500961874221e-01 5.376520805096478561e-01
1.592593054631499527e-01 6.005887175969013558e-01 3.255283894941421452e-01 -1.086724508008389961e-01 7.029099701973612335e-01 1.818714799696156792e+00 3.199727400806142708e-01 -1.021006492381679037e-01 1.602626849406000309e+00 1.413856558975692623e+00 2.376175553282054154e-01 -6.944539044964004315e-02 1.223664676687561625e+00 3.636678705911940424e-01 3.179451138299983493e-01
1.634144798183441161e-01 3.949666666666666881e-01 2.122079817708333316e-01 -6.878638020833333089e-02 4.718885416666666610e-01 1.228784583333333291e+00 2.147142838541666598e-01 -6.657529947916666913e-02 1.080216041666666626e+00 9.572523958333333249e-01 1.605533854166666663e-01 -4.660263020833333575e-02 8.251585416666666895e-01 2.457914583333333236e-01 2.138076822916666619e-01
1.675823816150099899e-01 3.142865678591726941e-01 1.698071769283754917e-01 -5.266975628312802610e-02 3.669896440165686391e-01 9.599121914228525565e-01 1.688231818581965860e-01 -5.046965518086821839e-02 8.485754755300484176e-01 7.554059882190866659e-01 1.278213119393718511e-01 -3.547173002627075633e-02 6.565974002606997928e-01 1.966676650764183909e-01 1.725594600787968280e-01
1.718045808093531246e-01 2.163521634615384603e-01 1.151470762310606022e-01 -3.268554118407634296e-02 2.486074537441725074e-01 6.567701048951049003e-01 1.144307027607808919e-01 -3.199416225050990409e-02 5.762515479312354527e-01 5.174004771270396263e-01 8.690593586101398593e-02 -2.259343500737543559e-02 4.467543979458041825e-01 1.348370688556235486e-01 1.175349877986596736e-01
1.760135070798979073e-01 1.286456347184910254e-01 6.888817590113036071e-02 -2.050207777434105011e-02 1.567689850295396481e-01 4.131609516579774488e-01 7.202810425215998291e-02 -2.057737540312884125e-02 3.663430460141380851e-01 3.285800429079204776e-01 5.521262689709782734e-02 -1.468249846325471279e-02 2.859423201154266403e-01 8.624468230992737849e-02 7.572393553709247382e-02
1.801930856696074279e-01 9.185072495884302746e-02 4.922234832188752268e-02 -1.436636647283040177e-02 1.088931599334828776e-01 2.878879153325057949e-01 5.030342656809415336e-02 -1.411533461396686714e-02 2.551251633292664911e-01 2.292491915118063384e-01 3.867489996290544157e-02 -1.012653288720524215e-02 1.995603928693206186e-01 6.029356167186567667e-02 5.291470732594195231e-02
1.843742315857553882e-01 6.863226881440552540e-02 3.658451632169744394e-02 -9.926144389124046813e-03 7.918815209776121355e-02 2.108281535957907127e-01 3.683387649088054605e-02 -9.836407451916828748e-03 1.861755355861617334e-01 1.681312057740100563e-01 2.847094052286753413e-02 -7.148999083350556123e-03 1.463638380555382368e-01 4.440748587432929995e-02 3.898604484794838260e-02
1.885797910080431738e-01 4.113100981515695892e-02 2.201292919669698561e-02 -6.064629413237468750e-03 4.904272899423321036e-02 1.305675466895186154e-01 2.282183673693681178e-02 -6.078147432407692875e-03 1.150400298034860852e-01 1.039889356289264155e-01 1.761787806812105048e-02 -4.403284499688054320e-03 9.017999146665188481e-02 2.739516387400755398e-02 2.397932874332146455e-02
1.927656394953895236e-01 2.752758458157449073e-02 1.448779080945432861e-02 -3.487105938822124968e-03 3.185838622953399146e-02 8.595366200094284315e-02 1.487018361154783183e-02 -3.571508927406985123e-03 7.521099777332683478e-02 6.872754893356593231e-02 1.155792921039848140e-02 -2.604369392748475710e-03 5.931430042260127378e-02 1.819499183991883304e-02 1.585453499950944048e-02
1.969014248243030341e-01 1.836735710078028425e-02 9.775121108164468164e-03 -2.460079211144414885e-03 2.196682034289109547e-02 5.918708645386460548e-02 1.031301644449449627e-02 -2.520859462516416953e-03 5.224348423412164544e-02 4.770211889849032549e-02 8.079380691939939962e-03 -1.846525943522833550e-03 4.150712820327837060e-02 1.272609191730326994e-02 1.118109209411128485e-02
2.010715633173454087e-01 1.149151867093694233e-02 6.094097656384392728e-03 -1.493345179380950937e-03 1.387338173050664883e-02 3.745095852703760747e-02 6.513443995857488324e-03 -1.555741715068655788e-03 3.299032720656222550e-02 3.017149035210275887e-02 5.110739939786821708e-03 -1.146849504498517530e-03 2.619484602391970035e-02 8.042899000335444401e-03 7.049718037988973902e-03
2.052920281681521186e-01 6.932910737537201912e-03 3.671513198827483504e-03 -8.826620042421939307e-04 8.363276639791153433e-03 2.260851228961412163e-02 3.925542220693504017e-03 -9.310591122982732511e-04 1.971348554238505635e-02 1.805407494355500825e-02 3.048683504752924735e-03 -6.802221589487761995e-04 1.552128533424415070e-02 4.770702744156660700e-03 4.145937263476241405e-03
2.095172134954577381e-01 4.662612819857907265e-03 2.475379432849836910e-03 -6.002033525194955818e-04 5.577929611355075638e-03 1.509307770954098661e-02 2.628831164566933307e-03 -6.222286564469615196e-04 1.330479301071431364e-02 1.218392626488564064e-02 2.070176669761278516e-03 -4.652788370019598878e-04 1.061951918064492524e-02 3.264277142542806008e-03 2.876293275390994116e-03
2.136973926115405542e-01 3.045301097308018238e-03 1.595124355582303900e-03 -3.379791023195252188e-04 3.621757566466812014e-03 9.904191837754360364e-03 1.709807403327882848e-03 -3.646328948264898032e-04 8.702712421269380091e-03 8.048347414001937733e-03 1.359194260234980684e-03 -2.743862063385719323e-04 6.990064044331395152e-03 2.168808574824370328e-03 1.903302569722020374e-03
2.178750580088065492e-01 1.774027358006386975e-03 9.332431319856296153e-04 -2.016369339323391982e-04 2.166105395686017572e-03 5.916045028797901548e-03 1.024543149627908309e-03 -2.209545469632113893e-04 5.162347278455748333e-03 4.766968218949589262e-03 8.072504196723882287e-04 -1.658908955372162953e-04 4.103192628735173597e-03 1.270386855967723652e-03 1.105109444499886070e-03
2.220823861956562617e-01 1.192785381309176534e-03 6.310439334408229775e-04 -1.415917465460443778e-04 1.407209262836064956e-03 3.840563697662155440e-03 6.679599577113510666e-04 -1.473904409175624808e-04 3.365222764995663349e-03 3.102511986262128461e-03 5.272912476116169101e-04 -1.109219003585804199e-04 2.689849195890824194e-03 8.316188521101946932e-04 7.282352194659916407e-04
2.262696194198526023e-01 7.308153339986345242e-04 3.842948368707210815e-04 -7.888650032994566315e-05 8.856102291705443032e-04 2.434051173601152127e-03 4.213845329998732576e-04 -8.566792987472317885e-05 2.133645177404476078e-03 1.980549484129800770e-03 3.358638920689503314e-04 -6.481954895285892246e-05 1.715237362596686065e-03 5.337834037566751427e-04 4.670306514252709363e-04
2.304259489101245229e-01 4.075790475327322891e-04 2.134336381763113984e-04 -4.376007501919946505e-05 5.025635364929915581e-04 1.379494732602197862e-03 2.382693096594372438e-04 -4.889915262929611780e-05 1.202918346707313769e-03 1.115995546503625391e-03 1.888212887612278064e-04 -3.688746428490950340e-05 9.619378403274441878e-04 2.991309509390725936e-04 2.609594290527680925e-04
2.345870463846415066e-01 2.831040966472547120e-04 1.477274499352350693e-04 -2.796409232880848678e-05 3.408745432552893486e-04 9.429659037430572054e-04 1.624954100534219039e-04 -3.097270556477218340e-05 8.246899015176458857e-04 7.699249099822313416e-04 1.301719328462425237e-04 -2.358509103912199639e-05 6.667744532707611717e-04 2.086033328177638218e-04 1.827705881520009926e-04
2.388019837064606632e-01 1.613717154441770705e-04 8.459582227733522357e-05 -1.627948083519814958e-05 1.964541926835417158e-04 5.430699384685003673e-04 9.386288413546567606e-05 -1.800429473970511111e-05 4.725791195580438474e-04 4.408978681518749233e-04 7.473992534787181764e-05 -1.368390186079418904e-05 3.797372005714774496e-04 1.187163145637797751e-04 1.034548205157108657e-04
2.430077036534963875e-01 9.531887056075664575e-05 4.974522661143723529e-05 -9.088715059193973512e-06 1.178274638460212123e-04 3.265776375994693570e-04 5.624396640144797805e-05 -1.027781326976067523e-05 2.846031359450053875e-04 2.661663846725212390e-04 4.496981287934337525e-05 -7.828156737136822868e-06 2.293328055923745529e-04 7.186951403984447582e-05 6.258965490752254712e-05
2.471758823520590620e-01 5.894554267123694593e-05 3.077548573718287333e-05 -5.526244160662467665e-06 7.097242508408228411e-05 1.979996292419503739e-04 3.409968159285927422e-05 -6.056935191291534180e-06 1.718007769905909553e-04 1.613986220790699126e-04 2.727982476542094154e-05 -4.598705295475907105e-06 1.388551339688699174e-04 4.368361233842595184e-05 3.804998799120319397e-05
2.513692271335918882e-01 3.133826034396990367e-05 1.641026910434045555e-05 -3.209455214852624527e-06 3.894090829837307521e-05 1.076528277002139153e-04 1.858995600469962630e-05 -3.534897005712953419e-06 9.357328775085446877e-05 8.741031198667273459e-05 1.480238483873510791e-05 -2.686532770933705698e-06 7.514155754599184201e-05 2.349665126238791428e-05 2.045939148220993580e-05
2.555723892733414715e-01 1.918359016908934486e-05 9.958873498796133741e-06 -1.746409605373244144e-06 2.375324722239649977e-05 6.612013772538377480e-05 1.135327121009700789e-05 -1.991556138317862289e-06 5.736715844632852136e-05 5.388217453544123830e-05 9.115228891403357378e-06 -1.528979315328093051e-06 4.631712142499994837e-05 1.455738833118590412e-05 1.265091010972761105e-05
2.597674079539822323e-01 1.080981067708224427e-05 5.749869951577439880e-06 -9.898202356526353495e-07 1.399853518547658048e-05 3.903795860938854981e-05 6.742734622684269066e-06 -1.149054030666546998e-06 3.401128141020817535e-05 3.201985725506225131e-05 5.434475645484928771e-06 -8.801846521495962604e-07 2.757935418511858958e-05 8.714361968010808193e-06 7.594046548715400137e-06
2.639178238801485610e-01 6.818551214189647802e-06 3.495488597104123498e-06 -6.251462476249117927e-07 8.458945559460082260e-06 2.356417124954888397e-05 4.064287294364790049e-06 -6.803198779851399458e-07 2.055796031354760158e-05 1.933833975623130416e-05 3.273357624458295528e-06 -5.158787265081504394e-07 1.668753935218906148e-05 5.253291408147747452e-06 4.598269963620605025e-06
2.680749044740857179e-01 3.460122236025482458e-06 1.763069759621512539e-06 -2.683072521488896872e-07 4.324245932455803040e-06 1.218726647280784635e-05 2.091045751135829375e-06 -3.409378758647579606e-07 1.050758876076133680e-05 9.914373747523762880e-06 1.688133573293473100e-06 -2.587633545255718333e-07 8.464939411040646539e-06 2.680862378162118012e-06 2.307243234465544592e-06
2.723023151079725368e-01 1.986062797783350859e-06 1.056947366414217401e-06 -1.776830721450261887e-07 2.615301726727901033e-06 7.237273325737621541e-06 1.243486887515197212e-06 -2.032421001732999564e-07 6.356485495176789799e-06 6.004224689241741644e-06 9.996005547291295894e-07 -1.563502409846488723e-07 5.150063903125911518e-06 1.637698222625980763e-06 1.409604944347960669e-06
2.765128983200950685e-01 1.113788684399405112e-06 5.962017310553702634e-07 -8.581230276905787151e-08 1.575209173770076721e-06 4.237478825087030342e-06 7.031771793374959482e-07 -1.145943696268546624e-07 3.702679568267286892e-06 3.514007064763008068e-06 5.673595039211614756e-07 -8.991706492077176209e-08 2.960913185343394537e-06 9.485625876555821458e-07 8.238382717337229928e-07
2.807027537381580062e-01 5.726603831375153824e-07 3.330434401369203955e-07 -5.015563592903854333e-08 7.934933140457587293e-07 2.200824790000077604e-06 3.913416476644336091e-07 -5.613155289895294226e-08 1.921987694861117431e-06 1.801661538273394569e-06 3.152400742220639936e-07 -4.889120311304295849e-08 1.597387853311415719e-06 4.841515506702658155e-07 4.270355058583575040e-07
2.848857026249724811e-01 3.156559751475182188e-07 2.302535881221694738e-07 -7.467974239281061096e-08 4.558544194439931623e-07 1.205772815784778061e-06 2.213965130973835243e-07 -3.977170022419875269e-08 1.041995167217923027e-06 1.020924743309112510e-06 1.736538933357977251e-07 -2.158870114652105253e-08 8.203209520759182812e-07 2.740587039691645770e-07 2.230031506616052755e-07
2.890807262117984777e-01 2.364882346387312351e-07 1.085988699906150571e-07 -8.242851323777015878e-09 2.365515404865521479e-07 7.340634576648170923e-07 1.242241465452145028e-07 -1.484662595570649694e-08 5.869868755285519311e-07 6.121825722377364519e-07 9.773325305191821975e-08 -1.461249148195464127e-08 4.661868441302699159e-07 1.685336852555021030e-07 1.221865078105790505e-07
2.932785946948970324e-01 1.895162467278285250e-07 3.733111423896550601e-08 -1.549185492574050649e-08 2.316856248037599267e-07 3.966917121476201646e-07 6.614018412885668812e-08 -1.162346865442190134e-08 5.178756076276869645e-07 3.461457870016144213e-07 5.775841409904413797e-08 -7.106825776659414318e-09 3.938197157637954832e-07 1.054170315626481503e-07 9.981635254967997140e-08
2.974321087309398370e-01 1.603823208153505095e-07 6.616922607146762509e-08 -1.258066725429395835e-08 1.274897400346335049e-07 2.576124273741876088e-07 3.921322760317907503e-08 -4.171071953199886525e-09 2.689043377580135319e-07 1.324003567391926452e-07 2.885877592520380969e-08 -8.108098316203581904e-10 2.219231401233603164e-07 3.637798890812015547e-08 6.375131500173114085e-08
3.016123743882810904e-01 3.361677410607829352e-08 3.186263448364492186e-08 -3.222672946872403745e-09 1.253325264874285332e-08 1.267919244059648693e-07 1.605497110648077768e-08 -9.318175124168558860e-09 8.788695463973892148e-08 1.229165144866593375e-07 1.689610855729544043e-08 -3.495842703896811707e-09 1.148948488139533083e-07 3.642544916040473799e-08 2.626888269764565125e-08
3.058101292111336522e-01 1.865981226968582345e-08 9.881052886669173387e-09 -1.485872963681431413e-08 5.667384025542382790e-08 2.583179807963194743e-08 7.344114153708471817e-09 -5.807408251038591194e-09 9.775021303194499086e-08 7.023788892282163121e-08 3.589667653082796830e-09 2.061834172229642044e-09 7.462606537436100124e-08 3.239857295172596843e-08 1.594730873612001399e-08
3.100168993294901143e-01 -2.613628033589535537e-08 1.820491571752764069e-08 -2.831069700140471205e-08 2.300725402272809135e-08 4.241285870918711486e-08 9.021972810337559924e-09 -1.160700160569286359e-08 -6.153061365960828214e-08 6.749592596391526545e-08 6.210961527939629389e-09 -4.344469719031673822e-09 -3.761710799659026222e-08 1.480675016841011596e-08 1.340825219576297429e-09
3.142092030053749707e-01 1.054421910756018365e-07 3.175013196309012848e-10 -4.879670338580431333e-09 -1.897739649041978684e-08 1.131295190685032967e-07 2.147590958858339547e-09 -3.333939453307908916e-09 -6.392057500693447406e-09 8.385515361458273242e-08 1.864571938680553128e-11 -7.194866003638921741e-10 3.924126657367525766e-08 1.956785521552069135e-08 7.981757712893459879e-09
3.183867557675504334e-01 2.393208146488565360e-08 5.719077517370029886e-09 -1.261428808831576665e-08 -1.239875347191158169e-08 2.986539335604880313e-08 4.162014986516435020e-09 -2.065538406895739261e-09 3.657415233716531612e-09 5.632496562309921422e-09 -1.209018789694711640e-09 2.573230936774049652e-09 5.048222903229735160e-08 5.330935494309913913e-09 1.094676734716715436e-08
3.225872781332082551e-01 1.258015344318481354e-08 -1.426082874765512027e-08 1.624934106742949206e-08 3.377297223549216459e-08 2.801316606156610744e-08 -6.120142365550067674e-09 9.364386480398593312e-09 3.917518087619615551e-08 1.958035469202377152e-08 -2.767393723746383631e-09 5.401143714802484085e-09 2.610222665868285006e-08 6.169367118120320524e-10 1.001026928464619420e-08
3.267666109043823597e-01 7.074960769647552627e-08 2.747643620973914421e-09 1.198902858217974023e-08 -6.415300286820439956e-09 6.535289458481226162e-08 -8.298231484643701146e-10 6.018045031273992461e-09 -8.231159919739408735e-09 5.820015223129046636e-08 2.113642914120378217e-09 2.425960238226176937e-09 1.553749587247225608e-08 1.212749950484829623e-08 -3.617241914713908172e-09
3.309328770241455886e-01 9.235650584827552023e-08 4.895071341559686998e-09 1.359669259323034448e-08 6.452119215790946137e-09 4.230548361198782166e-08 3.241715476885710050e-09 3.660119893858964750e-09 -8.668795986770108909e-09 5.882866739559047726e-09 6.605895184707291039e-09 3.679621591679235794e-09 -3.310850534807020834e-09 -1.004655107586968420e-09 2.419189346436199448e-09
3.351106074107195187e-01 -1.559361925307443754e-08 -2.355817793253457807e-09 -4.027834125808085364e-09 -1.268461957577614507e-08 -6.158370815574057673e-08 1.708585042778766052e-09 -5.737290865220673768e-09 -1.047738914694634622e-08 -5.596270569448067052e-08 -3.221049980115781578e-10 -2.538723712322708975e-09 -1.543445624834699051e-08 -1.507566344096752013e-08 -2.713556891414529188e-09
3.393095620710060434e-01 -3.071186379638245819e-09 2.324861320551541554e-09 -5.131435712861991496e-09 3.801701550607031343e-08 -2.012765579814276721e-08 -2.049105448342781659e-09 -3.479262764888731439e-09 4.865571560395775258e-08 -5.206883997885848929e-09 3.370184452035760361e-09 -1.106985442193173518e-09 2.905639057633579223e-09 4.117711995498198616e-09 8.806812588727436259e-10
3.435164896197421824e-01 -4.349237153598718167e-08 9.517061183952401416e-09 -1.438549959044001050e-08 -4.352774465588560503e-08 -6.673749704091245922e-08 -1.655529789903071302e-10 -3.599203949704809181e-09 -5.938267659178485499e-08 -1.740397098856673163e-08 -1.580143328891613322e-10 -1.666497136284155654e-09 -2.757704157223058340e-08 -2.305771472546811892e-09 -4.798290633239618640e-09
3.477107812306902690e-01 -4.024392098606443946e-08 -2.620809079489365491e-09 7.943135671777460051e-09 -2.791924207601670164e-08 -5.400457090576991900e-08 9.111058270903110329e-10 -2.942663056180757634e-09 -3.094676143134428132e-08 -3.762409334452932100e-08 4.372074219967866887e-09 -2.076928179259227027e-09 -5.790450974437656457e-09 -7.948459010073049981e-09 4.746261521816788328e-09
3.518857617074659383e-01 -3.269300567947430437e-09 2.940951082727389548e-09 -1.060034590079552941e-08 4.905089194948245767e-08 3.336360041302078752e-08 -2.481197310963659503e-09 -1.945616030854198445e-09 6.368659651595685520e-08 2.639017284665808750e-08 -5.666198016807294600e-10 1.373523038782161140e-09 4.902873269835385200e-08 1.284087655311878705e-08 5.135203031990210475e-09
3.560773577310688554e-01 2.529865771388155197e-08 -1.001873721401717520e-08 1.506524628678646627e-09 3.109159238108901720e-08 8.772355007733054199e-08 4.529050483411820853e-09 8.070260914199151904e-10 4.970099197544303280e-08 6.824766785207868261e-08 2.311431632615831893e-10 -6.056978770008212048e-10 1.917182226322876036e-08 1.056796081346085385e-08 2.063831283047073446e-09
3.602869550449780967e-01 5.294646031929133676e-08 1.101570077148152704e-08 3.839419511250417036e-11 4.999224747616490288e-08 3.098674685603862461e-08 2.551945146967509725e-09 1.810299314377077002e-10 6.299635064268094434e-08 6.836413466491888063e-09 2.732924456526564408e-10 2.486864159863590219e-09 2.850843216901422292e-08 4.631338806477277372e-09 2.785849786898729015e-09
3.644651285618699665e-01 7.302507720445254637e-08 -7.131442084749818415e-09 -9.124966369091597424e-10 6.738209221170219732e-10 2.473880175062092102e-08 3.517743526654533569e-10 3.098375960561819729e-10 4.833046566410998769e-09 8.030104714058624441e-09 4.142054390485479224e-11 -2.479289449623938730e-09 8.291467449676376053e-09 -2.457042476447592530e-09 3.242832344634097961e-09
3.686396944457170921e-01 -3.420353818304222317e-08 -1.672591397800999839e-08 2.872710588446375767e-09 2.638091540530605852e-08 -1.756828846820268081e-08 -2.488587837673396411e-09 1.711885308846869657e-09 3.601194059478439733e-08 4.849248552004002956e-09 3.028734977679683304e-12 1.594290263728090202e-09 2.437491308210917720e-08 2.889285655817642225e-09 1.214155175149812113e-09
3.728293470315630076e-01 3.454758793979581682e-08 -9.602181035070514442e-10 -5.997835559183215923e-09 4.210381932412386361e-08 5.513345094935587652e-08 4.777206633799020905e-10 -3.354047570922798704e-09 3.819545953853019019e-08 3.302504275543829148e-08 1.698392431447610568e-09 -5.788655974460794774e-10 9.369380461579520140e-09 7.506349947154433573e-09 -9.295421582242618936e-10
3.770363921861874523e-01 -1.481189847773935835e-08 -1.460490524964916407e-08 7.253489876933086250e-09 1.025006553779650948e-08 -1.594604629645955036e-08 -3.228183030154008174e-09 1.938838234097012413e-09 -1.374138702545578327e-08 -6.270321121998367795e-09 1.365201565580362163e-09 -4.296495879395963882e-12 -2.170258480991951600e-08 -1.387288589891108496e-09 -4.164908494437568737e-09
3.812363453093803867e-01 -1.470509387385446707e-08 -1.147394662226993736e-08 1.375835274783338878e-09 4.113027250662215016e-10 -2.012794775069995100e-09 1.011849342437651978e-09 1.965277029332960173e-09 -9.802053424478485717e-09 2.054109929961093261e-08 7.149484825264089915e-10 7.637203966535845306e-10 -3.319839190613089618e-09 3.167892907378794759e-09 -3.797048334866242372e-09
3.854150971210312249e-01 3.614242871733154776e-08 -1.102594180644268008e-08 3.550436337284095381e-09 -2.708545110645722468e-09 3.092167454658218090e-09 -3.077917946033340804e-09 2.005229862776240139e-09 8.977651843205316849e-09 -2.094821828342113180e-08 -9.571011639539327694e-10 2.185190972037175510e-10 -3.497179934533823686e-09 -3.116867916562783779e-09 -6.801577164534351996e-09
3.896036578152083374e-01 -4.516196771507566012e-08 4.705622258534843381e-09 -9.512842346456130704e-10 -2.364538193131758932e-08 -1.525388741396085922e-08 1.586017190212024757e-09 -8.752698964866219892e-10 3.739694798898532642e-08 -1.445558885862603895e-08 2.223710306117831594e-09 -1.224654013061366683e-09 1.457642608795663521e-08 6.678942454444427422e-10 -1.525950891000268283e-09
3.937795161075864914e-01 -2.815160220270050165e-08 1.715204464944380756e-09 4.140922888173945090e-09 -7.735004131723684193e-09 2.730407897792962967e-08 1.008247069073717033e-09 -6.519431763181602862e-10 6.271401552995739798e-09 8.250558751196380796e-09 -2.573345464973230649e-10 1.572710664326599300e-09 1.355853798614964066e-08 -3.784597704933163344e-09 3.695280702423890553e-09
3.979440095093054186e-01 -1.838549099177627941e-08 -2.046269766753344857e-09 2.116971874494138274e-09 -9.648452787088030110e-10 -2.042466514195279745e-08 -2.668263543042244249e-09 1.677244975733740454e-09 -1.142668174775254265e-08 1.380607548355737923e-09 -1.240289524869259677e-09 -4.658039277403030560e-10 -9.043924755245292674e-09 6.220224080196864260e-09 -3.886317484404758909e-09
4.021139069446590386e-01 -1.102863148045103778e-08 7.183113657674198272e-09 -2.421222719419238310e-09 -1.636280684079115158e-08 -3.694723566692068063e-08 3.398512470003049530e-09 -3.017369067973521327e-09 -1.153588645846173762e-08 -3.772447092558416073e-08 -1.065223424540573366e-09 -1.100132953094630235e-09 1.496844480982805209e-08 -7.933049729298512229e-09 6.334298395667704244e-09
4.063125452039867413e-01 -4.698330503518380141e-11 -8.063768011334970853e-09 7.551705172132712704e-09 4.334206948873259162e-09 3.052920308775540933e-08 -2.617889868150628034e-09 4.545141717790502659e-09 1.065249989256547492e-08 2.822189465589967698e-08 -3.925893925568998090e-10 1.052035248570164497e-09 1.378875214835437198e-08 1.059941577616128970e-08 9.495241453725682718e-09
4.105412315868290918e-01 -4.698654436339329685e-08 8.399222018661248480e-09 -2.469360945384215688e-09 -1.176892004221276656e-09 -6.947364235870208388e-08 2.076630576005820058e-09 -1.591522471765151669e-09 -1.076933965894756331e-08 -3.697965090949412148e-08 -9.784425180794361731e-10 -4.992774751309495959e-10 -5.647222085918239083e-09 -8.170826271607419274e-09 -1.205970133409883830e-09
4.147348487769681458e-01 2.785494549689514559e-08 -4.031501498504483248e-10 -6.643282437985550665e-10 -2.896616879039904729e-08 -1.972385064513162652e-08 2.715827431339056567e-09 -2.903999821657847818e-10 -3.761357021903960708e-08 -1.521192879175532669e-08 -2.753463661496793338e-10 -6.851112369224594010e-10 -3.127020240825950405e-08 -4.821021743872425628e-09 -2.889078536413158981e-09
4.189107045044477284e-01 4.089181961007721241e-08 -3.308280825723895460e-09 3.719606480686522866e-09 2.110177749798546400e-08 6.470529590707810119e-08 6.427057337259561253e-11 1.116716820003734044e-09 3.046758954681431829e-08 3.148183802804680762e-08 -4.980973340097160020e-10 5.636051845240160146e-10 1.815203846735109524e-08 6.003846557923866084e-09 7.712168536275475325e-09
4.230974437456921922e-01 -3.218742794965989201e-08 -5.672466193954763063e-09 7.462569949281727427e-09 9.323802022291741010e-09 -3.220112643405366151e-08 1.162010559716142526e-11 2.949853370385931064e-09 -1.321348412309229303e-08 -5.239238910948358331e-10 1.407665256037407135e-09 -7.161273446949146440e-10 -1.350546145131801952e-08 5.224346440718157737e-11 -3.479350784640781999e-09
4.272931011032126136e-01 3.173446444645545643e-08 2.552516175193999612e-10 6.603372833581664455e-09 3.669397275666972814e-09 1.632241031942541250e-08 -2.675658566799466033e-09 2.268688063901905395e-10 1.800460878709058505e-08 1.108447890452572912e-08 -4.621370074886640336e-10 -3.935645757105991150e-10 3.259389504541411088e-09 1.928463699315881637e-09 5.299569485925460229e-09
4.314914587673138180e-01 4.757224433218226993e-08 5.767749029231994940e-10 -4.470140899612012495e-09 -1.295015333130017628e-08 3.183685429558609875e-08 1.811661755411538059e-09 -2.742653728342448862e-09 -1.909231127121462568e-08 4.942777251295675982e-09 -1.271800522015638285e-09 -2.150694136607820951e-10 -1.154308383273253916e-08 2.129859673945652249e-09 2.039735347702933083e-09
4.356511643511531418e-01 8.694184494253080850e-09 -2.816241112280766045e-10 -2.535918876085219728e-09 3.921968770232303866e-08 1.719612015251184148e-08 2.502522488228689794e-09 -2.121153750823163221e-09 5.073557209760574498e-08 2.533459682189240899e-08 -1.538277843893429005e-09 -1.269946487578819829e-09 1.701841649303725617e-08 1.169470059381497569e-09 1.867049873522853164e-09
4.398424702607344750e-01 -4.539847654198132386e-08 3.516695762038314165e-10 -5.663835316745134859e-10 -4.768630459462104181e-09 -1.746609213885946893e-09 2.231310442533555489e-09 -8.032634452188577909e-11 -1.123785171224935554e-08 -7.908073063726107606e-10 1.695883563834214864e-09 -7.061103097263722623e-10 -1.155022926389281303e-08 -1.096602958149793498e-09 -8.198636306836274901e-09
4.440501074980069407e-01 7.418431705184119691e-09 -2.582480248004926840e-09 1.044972707549281018e-09 -1.312733826727467462e-08 -7.158762292974149674e-09 -5.986219941220516342e-09 -1.038199775014474134e-09 -2.487223610060007334e-08 -1.806534875191663609e-09 -1.176004116528289078e-09 -2.179208353968056387e-09 -2.039557620604241874e-08 -4.055545100637302761e-09 -3.005464514967191982e-09
4.482267968899237842e-01 8.584449163001266909e-09 1.106161109006302983e-09 6.719191856111031062e-12 -4.565379902316152219e-09 -2.552766176945024475e-08 -9.215041817376401987e-10 7.652309073028967288e-10 -2.977562033162269243e-08 -3.381566671004678466e-08 7.876883085198820086e-10 -2.012745078108172908e-10 -2.665384708967511261e-08 -9.131370280956773428e-09 -7.161951768633143483e-09
4.524052929840755577e-01 4.299751653942420755e-08 -1.812080749758741239e-09 5.731187719709401642e-09 2.129357258499169588e-08 3.686969280324397070e-08 1.361635468568438578e-09 2.913047763825228434e-09 4.618511461452241274e-08 3.092097250006185548e-08 -4.361973141058622037e-10 1.877340683935707758e-09 3.537393056859924856e-08 8.175715731025172677e-09 1.004210771745442854e-08
4.566090347930675253e-01 3.827957407386841903e-08 -3.233660628213622706e-09 3.472251183617028032e-10 1.208175905976151412e-08 3.532861992148042583e-08 -7.319242921137024507e-10 8.349302631283257848e-10 2.554255709858222427e-08 1.076648461237089887e-08 -9.790575896799960244e-10 -4.497206856586580468e-10 -1.700461180333556263e-09 -1.800915664027902767e-09 -2.342706505695115139e-09
4.608167319022857811e-01 -2.857342399972130299e-08 -3.064589628318237040e-09 -1.113269027048959384e-09 -1.464421280588755262e-08 -2.865125491554229998e-08 2.856725049476035254e-09 -2.151265318879689733e-09 -1.606398867185106243e-08 -1.410130147623950342e-08 1.955995464144917995e-09 -1.402498711532388386e-09 -1.888766983677940878e-08 -2.205124475088475767e-09 -4.386234659590891913e-09
4.649806979855051203e-01 2.822839100079023073e-08 1.253162316084187859e-08 -4.500661360388152337e-09 2.020759859832396908e-08 3.667617365744116154e-08 1.826720802202370368e-09 -8.699551906780704914e-10 1.759173194311170578e-08 2.329014879301479710e-09 1.156650346476190780e-09 3.871065535539119737e-10 7.513873715741324571e-09 -1.470558033405708291e-10 5.049363371366506449e-09
4.691538386770017222e-01 4.877611432313381431e-09 -3.911940047470388683e-09 1.151863004686954570e-09 -1.831502542595344391e-08 1.126571435695530735e-08 -3.010301108632526124e-09 1.159428680603766480e-09 -6.479871819207133446e-09 3.463059008272894203e-09 -1.850938428125699573e-09 1.154233753979128773e-09 -7.846802407938309002e-09 2.523834028195741160e-10 -8.973542789133381518e-11
4.733478629909182445e-01 -4.244616630364400203e-08 1.911765584813590698e-09 1.915548984949835626e-09 -2.340879244920595348e-09 -4.470713564506926799e-08 -1.254498223021473944e-09 1.543831959545622118e-09 -5.099334274052692214e-09 -1.662853506944983629e-08 -1.236706641222049223e-09 1.133825330607893050e-09 -1.777679021752732878e-08 -3.531032764265104380e-09 -5.287456486448479916e-09
4.775500538217637980e-01 -4.173420120185780759e-08 -6.621604713315362495e-10 -1.817120467363767997e-09 -7.821735219118025419e-09 -3.401978598067582426e-08 -3.057462896230181435e-10 -5.295740541558682156e-10 4.478819544617592322e-09 -1.485905639207149106e-08 -1.464634900177695403e-09 9.518672165085601404e-10 6.205895347760318339e-09 -3.910172389419158374e-09 2.798054447745074674e-09
4.817339644282710998e-01 -1.048571672130031709e-08 -4.966939781233004588e-09 1.355879203841184638e-09 -1.216706840006069950e-08 -3.480072614127816093e-08 -1.550218102855665251e-10 1.213517226421025473e-09 -1.803742216621983991e-08 -6.141592279454628147e-09 -9.652797775772839929e-10 2.287724078915967103e-10 -2.651132395098163739e-09 1.558788698842378466e-09 2.783331386326825320e-10
4.859144464692263798e-01 -7.625265265734081822e-09 -3.508270479911981357e-09 2.198855134650016506e-09 -1.297475595201574271e-08 -6.703651393112589547e-09 2.182548422084543605e-09 -1.123996529221525949e-09 -6.472493127352495473e-09 4.003431416624674018e-09 6.635367055663447885e-10 7.340194231673991758e-10 -1.483308444715858579e-08 2.216225417869859971e-09 -4.145788472427632429e-09
4.901252990058800885e-01 1.955623295326854516e-08 -4.610522470653947030e-09 2.737795308773874924e-09 2.646280581325028141e-09 1.547414186753198705e-08 1.959149148020804886e-09 -1.404197653435209373e-09 4.595563910042636244e-09 1.860055674502795871e-08 7.898956174701399181e-10 -5.945317433343758127e-10 -2.373252444301495069e-09 3.864064218352952886e-09 -5.209725630637669949e-09
4.943123444065962158e-01 -8.065536464117355392e-09 1.095891920683333179e-09 -6.942292024016768710e-09 -1.891416056530223969e-08 -5.069447228580499887e-08 1.732148710909796830e-09 -1.355527548006592141e-09 -3.412371451175868179e-08 -4.160010150698138406e-08 -2.402986111677131369e-10 -4.963847122722180200e-11 -2.416973118634134000e-08 -7.285139946835376048e-09 -6.822884879164056383e-09
4.984736335014697817e-01 2.307051147456260141e-08 -1.534191091409540940e-09 6.519532633341406896e-09 8.498210492864031675e-10 -1.176321713878066952e-08 6.991074185797655913e-10 1.475165359618817797e-09 1.218139771749502157e-08 -4.240213644109853350e-09 1.153929719509874351e-09 -8.186217456709432864e-10 3.707736265614960465e-09 -1.201339305821319847e-10 -3.831637619203669462e-10
5.026590164608074618e-01 1.811063483543814979e-08 -5.303098207891444765e-09 4.370643269799570625e-10 -2.437122956696475293e-08 3.943035462532171602e-09 -1.729639866029052752e-09 -6.542420686508246064e-10 -1.906596252322426674e-08 -4.089803280273659690e-09 3.905273257722664905e-11 -2.800900898779650612e-10 -1.995002407077316393e-08 -1.698865705394512567e-09 -1.190796537432916888e-09
5.068609875937976073e-01 5.316464233953019722e-09 3.507736049164681697e-09 -4.502049961516625320e-09 3.201443442830112522e-09 1.293982655409456441e-08 7.198281647877955811e-10 -2.210267624998922729e-09 7.367917701972835294e-09 4.786643542146137446e-09 -8.764970524335837806e-11 3.084501054941661323e-10 4.805260651629212670e-09 -8.888598287582417760e-10 3.574215175551337593e-09
5.110594965365916620e-01 -2.642482692002677105e-10 1.956084793577451685e-09 -2.417697949801272136e-09 -1.860298339894547630e-08 9.077213051373976846e-09 2.058674855559882680e-09 8.513565977117129856e-10 -9.252529892859526386e-09 -6.235891955120149414e-09 5.451079581927914144e-10 7.024622671750202702e-10 -5.950689276163880789e-09 -1.865996002014981299e-09 -7.715664947259881023e-10
5.152492140965455603e-01 -3.492407030799229501e-09 1.770325657347420506e-09 -9.265363904183704120e-10 8.624822939115818648e-09 -3.665313614182340760e-09 -7.947346650837442853e-10 5.543102545764067230e-10 8.115369909774615286e-09 -3.603242983877580861e-09 1.895534772298613346e-10 1.069210633713845101e-09 -1.442993767118955404e-09 -2.677791045780407805e-09 -1.564541306596313184e-09
5.194329442812991582e-01 5.116401948357826654e-08 5.319670735545811572e-10 -2.881537049431515418e-09 -1.222770149437148213e-09 5.125135304047916540e-08 -1.967037326101125293e-09 -9.423104532346605907e-10 -1.133740146173311424e-08 1.280459240152437504e-08 1.507326817712018327e-10 3.480863538323809855e-10 -2.259292710933654719e-09 1.504408689060534722e-09 3.360303146101581978e-09
5.236343964239100757e-01 4.004827060015621065e-08 8.375040531359580261e-09 -6.843160898243779393e-09 3.897252371304615996e-09 2.711823441750602066e-08 3.131345731710020710e-09 -5.034838475603617978e-09 -9.884786725928755842e-09 1.061687840627719838e-08 1.877661395144881943e-09 -2.125439288373058566e-09 -1.790117811832263148e-09 7.689029157430567173e-10 -8.217715077762181381e-10
5.278273205415198177e-01 1.852437576589613578e-08 -6.756151688467896857e-09 2.289782365271749941e-09 1.096973171767615863e-08 -6.944036357859262839e-10 -6.431884230867904314e-10 1.547425748295115814e-09 -2.634099866233335342e-09 5.868630177390047683e-09 -9.475989087692985774e-10 2.950828133728948479e-10 1.545503467872984255e-08 3.364917305340795814e-09 3.692055268064140516e-09
5.319960279023402405e-01 6.634004177160116958e-09 -3.338733812910706221e-09 2.759624195608488744e-09 2.377263904797856789e-08 -8.895958201538894052e-09 4.503414083472265405e-10 2.235263197474685190e-09 2.556908216564350185e-08 -1.073655213969853002e-08 7.076827924218295311e-10 -1.309360157969423750e-10 7.851914136466103959e-09 -4.538602710315951455e-09 2.344778873278964188e-09
5.361714592099571242e-01 -3.298434647156062298e-08 1.551734291162004981e-09 -4.995822859144438968e-09 -2.750410406216377634e-09 5.484774915114247651e-09 -2.493601555369246965e-09 -2.111599582908763479e-09 3.651494749337865118e-09 1.546171109166358972e-08 -4.900542377516382527e-10 -1.011672724089881423e-09 -4.635343066063470282e-09 4.720612352320406456e-09 -9.986897095719685080e-10
5.403746330902056139e-01 -1.855930763775657939e-08 -1.942907873179915475e-11 -3.297566526814332369e-11 -1.129229395369842017e-08 -5.489066696573964946e-08 -2.053539481156152496e-09 -1.676610435564740671e-11 -2.379134705786624282e-08 -4.336180896141014186e-08 -1.488321641516630226e-09 1.298649346228973965e-10 -2.203365728465204316e-08 -8.832031253293072335e-09 -2.369456251600655540e-09
5.445761264886261888e-01 1.612116500610280179e-08 -2.699750810057696673e-09 2.571766624514613582e-09 1.671004811866497568e-08 1.152606604475837036e-08 -2.807287912677074955e-10 2.140015370164348040e-09 6.191987417611716078e-09 9.622657502778262659e-09 -6.284005644463970247e-10 1.036477298280046547e-09 1.255888882064660456e-08 4.264501554791384540e-09 8.247633930878807969e-10
5.487504490749764985e-01 -1.182391825486937415e-08 2.047170220567465982e-09 2.588889920847434746e-09 -1.112597052926601935e-08 -1.050352476665607821e-08 -5.916196582456730728e-10 -2.934643720544324690e-10 -3.728338936878851717e-09 -6.117040195665837320e-09 -2.534031367734330783e-10 1.006247815980483857e-09 -3.014625582046884682e-11 4.049337685149648915e-11 -1.443904703706501609e-09
5.529407179677009454e-01 -2.573201617087726715e-08 5.794280886575778948e-10 1.442261432961380524e-09 -4.191341666703129723e-09 -4.119018659870707055e-09 9.215775969672540530e-10 6.987665811259459692e-10 -2.348053750430756299e-08 -1.149829003896478075e-08 1.391233789770118951e-09 3.867375895682241459e-10 -2.774081234555827400e-09 -4.717122037837397842e-09 -2.816567659306308391e-09
5.571409157079509900e-01 1.464330505554585686e-08 -3.649690654502963465e-09 -3.325155657031138999e-09 6.816511709597254481e-09 5.764973217243589426e-09 -9.534161002834073801e-10 -1.105578215466781568e-09 9.585334119123778926e-09 4.150902385934932450e-09 -2.679485643815860301e-10 -5.263431357652881370e-11 5.652073656844513661e-09 1.822175266732110318e-09 1.351154676727613676e-10
5.613298693710127019e-01 1.272774648650500505e-09 -8.931219485255395094e-10 2.375814375377253541e-09 1.669782150863323091e-09 -1.009008817095071524e-08 1.317026452264703736e-09 -2.220492609996759632e-11 -3.741365215643757200e-09 -5.387045535879986982e-10 4.966789009546400936e-10 -7.265815627435057070e-10 -3.930490088470256355e-09 -3.112245425676087358e-10 -3.824011251650437698e-10
5.655062246218995892e-01 -1.273000883466008031e-08 4.324824545037396260e-09 -3.562031874048049564e-10 1.943566497390784966e-10 -1.669333659332928211e-08 2.129278613944484912e-09 -2.622850289507351126e-10 -3.389688794222803239e-09 -5.879450079172924381e-09 1.257536213193390988e-09 -2.395158982760931534e-10 -6.104877168500641795e-10 -1.242074795260446906e-09 -1.484315584382722235e-09
5.696867424029971039e-01 -7.545697934460347485e-09 -3.347496438881088639e-10 2.042810754983024241e-09 -2.164739916060593038e-08 -1.585399163434440158e-08 -5.941444258199236970e-10 6.856293126805379871e-10 -3.002659186131484932e-08 -1.152015366096104650e-08 2.958548059859001508e-10 -1.428595589996316936e-10 -1.203747480326584604e-08 -2.084788322447963016e-09 -5.826876643948881215e-09
5.738956954203543459e-01 -4.465343465617050926e-09 3.301206890835336219e-09 -3.545818431405115886e-09 7.328674882235079972e-09 -1.942147760960509459e-08 -2.198931926179594263e-10 4.046126075308844380e-10 3.228181043367076727e-08 2.031515848936482670e-09 -1.443581588804779170e-09 1.263898618687918464e-09 2.737136675166027821e-08 1.347193155366246697e-09 8.612643588952097630e-09
5.780928920821047923e-01 -1.884176304567802247e-09 -1.642189353009017432e-09 1.293937369808176454e-09 -2.145698682561450852e-08 -4.027703901294461538e-08 4.690833356115535130e-10 6.761684709088508025e-10 -2.950941233953716249e-08 -3.433632702159155694e-08 1.327798202662485064e-09 -6.377418753083503815e-10 -1.708000941739950374e-08 -7.081238658577714707e-09 -5.090127830986952337e-09
5.822632071880226023e-01 7.420371771355022257e-09 -1.336831790562158909e-09 2.788510499459209451e-10 2.108143381624128894e-08 -3.392402263022259182e-09 -4.521186777009143005e-10 -1.067608158208442257e-09 1.577919132255179063e-08 5.027262422692811722e-10 -4.810494231988700831e-10 -2.392545579336265450e-10 5.418301941026926276e-09 8.480539717548211593e-10 -7.664934941115935099e-10
5.864430803127811398e-01 2.480018781309332846e-09 1.072948164818084212e-10 -1.065619999824638627e-09 1.140132376082239483e-08 -1.579885596666191327e-08 -4.918087533127164867e-10 -1.193909832580616086e-09 -1.123716465800456923e-08 -1.369293940542161583e-08 4.275714791034300796e-10 -7.663715468758586532e-10 -9.995307521143154928e-09 -6.280923524031240959e-09 -1.009230959826721145e-09
5.906376733072625784e-01 1.470846981303877450e-08 1.293168600633466453e-09 7.776017894781951289e-10 3.252637271999050372e-09 2.730017324445624488e-08 -4.492308866277741115e-10 1.136225158991742585e-09 -6.579667226245810342e-09 1.136498931068594210e-08 -7.255568535420960059e-10 7.857573045240708532e-10 -6.813392741704396539e-09 2.609471104803652496e-09 -7.053011204610988662e-10
5.948356627105599870e-01 1.381836642630047663e-08 1.167039925357743322e-09 1.819795894407190754e-09 -6.443006813799016927e-09 4.480620067094474211e-09 -1.127591004205214532e-09 9.626185593284646405e-11 5.532796976994116593e-09 9.348191204297086367e-10 6.979741907954559321e-10 -3.824479818775321555e-11 -4.670882436517949935e-10 9.096017692052136081e-10 -2.061889070748881085e-10
5.990145239901687457e-01 -8.623502782905724012e-09 -4.402481139824505767e-10 -1.422715993636949680e-10 3.845609650372519767e-09 1.237142108133220676e-08 -1.099004029885556038e-09 1.244949527695532615e-09 6.702398306499460626e-09 3.611453411881285058e-09 -8.490642557986364647e-10 1.209297798680742951e-09 3.190565382854971875e-10 -1.012909116103840533e-09 1.995668385251736019e-09
6.031829950841108845e-01 -3.343880304405463284e-08 -1.204465344602369030e-09 -3.791985840670002886e-10 -1.724403016524757998e-08 -2.417990868103414928e-08 -1.297868480951749502e-09 1.531982646968648771e-10 -1.999139133868700974e-08 -3.654164692567458741e-09 -6.225195246302749942e-11 -5.746618696868639707e-10 -1.668662240431647448e-08 -4.694837962089584479e-10 -4.020860391619847517e-09
6.073740526175752663e-01 1.293224962016913801e-08 4.457350037015456964e-09 -2.224460590018046941e-09 7.167517744050334063e-09 1.407554180184249449e-08 1.498788945312819965e-09 -1.129220691522233109e-09 6.732402001777268944e-09 6.490161001717823101e-09 1.263784416627212614e-09 -2.886161614695632738e-10 3.250816824609292374e-09 2.314890121418612448e-09 -9.055721639194554486e-10
6.115768023320514724e-01 -1.263527373453995868e-08 2.560690865213957091e-09 1.221519568999846289e-09 -1.439979057813528143e-09 -1.196307902846331931e-08 -5.177824459474534786e-10 3.748319540151605307e-10 9.644658636402152498e-09 2.420102388443916976e-09 1.331839615879904604e-10 -3.887349080416282013e-10 5.083746312902021161e-09 -6.297620984645783019e-10 3.008446801763555788e-09
6.157710000000914397e-01 1.029716632119624965e-08 2.251340468333184772e-09 -1.568770217357410749e-09 -1.538381395159651820e-08 1.549920470953319643e-08 1.098826231553999998e-09 -7.167522637645227161e-10 -1.302962505922592121e-08 -6.405950687177806123e-10 3.801823291969032293e-10 -3.837141273895311604e-10 -1.122990270824272152e-08 -3.549200989032545863e-09 -6.110495290483167622e-10
6.199632023912512446e-01 8.418594447668151128e-09 7.516504121708573308e-12 -1.641966922529752816e-09 9.341650100712312860e-09 1.992234319607871791e-09 4.136473227378514844e-11 -6.586789097938247651e-10 1.076811269819673673e-08 8.153258792206936295e-09 2.445237226482513801e-10 -2.534873868749952176e-10 6.522731227681848433e-09 1.490292145251846275e-09 6.438271760889509314e-11
6.241630060990407403e-01 -1.681827171196275984e-08 -3.238594978292585826e-09 2.813995862514288021e-09 1.001493853287428101e-08 1.159806143262579544e-08 9.587926320135865442e-11 5.091975804605394579e-11 1.111434141535665143e-09 9.154483094673696940e-09 2.807539089592267047e-10 -8.843875972393144515e-11 -3.413566139196702160e-09 1.357185186570212865e-09 8.891591546099950096e-10
6.283593402461892241e-01 -5.734863722834026463e-09 5.767716124677893407e-10 -1.500562521107695698e-10 -4.707607603085469402e-09 -1.888664714956273066e-08 7.532351809064441715e-10 -7.683266047620788121e-10 -8.696752297833756756e-09 -6.861604698366866931e-09 1.035121750105169996e-09 -4.102681676822802865e-10 2.060517938814653242e-09 -7.884961291329435366e-10 7.505333673890197111e-10
6.325410955997395890e-01 1.466659964945196109e-09 -1.265666056233000630e-10 2.040426617593882551e-09 -7.765653519692801586e-09 -1.554048571209296018e-08 -1.616909293383469586e-10 3.259057487324327247e-10 -1.834243027567884479e-08 -8.933106063385600000e-09 4.015917309987414483e-10 1.358022010835309565e-10 -1.580713097137108636e-08 -9.301619730095803456e-10 -3.663706156407967170e-09
6.367142920629192959e-01 -7.934551175997066995e-09 -9.043128352692728977e-10 -8.874117188761132685e-10 -3.106350939069766104e-09 -2.310080836131415704e-08 1.180402554075224778e-09 2.173921933776198963e-10 -1.455835472418760373e-09 -1.282240278992611635e-08 2.719781900781782124e-10 2.599920083284707856e-11 -4.073925445536521845e-09 -1.809467001610855074e-09 8.434232558671901938e-10
6.409035099394975177e-01 1.529659867040550995e-08 5.126744488344097907e-10 -3.092842617792613559e-10 -1.385411275834667134e-10 -1.179213274908876041e-08 -7.373577218694265326e-10 3.841510869316216577e-10 -1.156717318762746012e-08 -5.852364276052294467e-09 4.802850543285972441e-10 -1.547399017090555646e-10 -3.282401779542958957e-09 -2.741933584757133782e-10 2.676845744087847552e-09
6.451032402190634008e-01 -1.466136968373298548e-08 3.204754465602632673e-10 3.436529395982684276e-10 -4.280055574106795526e-09 -9.256277866802599551e-09 -4.269402043396631742e-10 8.829252536834451999e-10 6.484004351070425568e-09 -1.532446917702119501e-09 4.843901888543861168e-10 5.374865708067970154e-10 3.224014236222813098e-09 5.871439162385506297e-10 1.698649362674098126e-10
6.492879941711476866e-01 -6.328464239658489953e-09 1.988785422306661363e-09 -1.390590601545247870e-09 -2.635398527235125316e-09 -2.046595313987968034e-08 6.697889163644847187e-10 6.090413966378971339e-10 6.518225661924363567e-09 -1.007196560815715864e-08 5.460209497205006318e-11 8.090276135325359141e-11 4.042971651149645660e-09 -6.331087832213280706e-10 1.887277423235023765e-09
6.534659541563927476e-01 -1.138158472931667445e-08 -2.157357948226810817e-09 2.785603814811896764e-09 -5.132989342397935002e-09 -9.297793174050100302e-09 -7.022686215527582687e-10 1.018582777594935548e-09 -6.879057026169623777e-09 -5.761608786389441937e-09 6.059678167914970314e-10 7.666091940807572970e-11 -3.190376171680408727e-09 1.132830379886547364e-09 4.059492303689235994e-10
6.576591076962554627e-01 -4.882480937009263280e-10 5.248882574566537473e-10 -1.315084214313692621e-09 5.591553831602625308e-09 -8.653720965386019789e-09 1.341852716946062767e-10 2.566116150629252979e-10 1.484470841167302848e-08 -3.753525304749012759e-09 4.373464499574143121e-10 -7.862150556411086816e-11 5.747530899990681584e-09 1.383460245703986798e-09 6.406047180227578967e-10
6.618529307405217610e-01 -1.167861172061831241e-08 2.139956364933763471e-09 -1.288061789677722894e-09 3.155201326944153645e-09 1.201162850928135416e-09 1.102124007506076707e-09 -7.658074950716018634e-10 2.424318158839153993e-09 6.315272224973982828e-09 -5.751103448633420893e-10 -1.125135366277240961e-10 5.590051941173297903e-09 7.445598731208657019e-10 -8.980932179526076501e-10
6.660240791386257131e-01 8.618856380521916387e-09 7.121706741821327594e-10 4.688199746143225236e-10 -5.993314715022740095e-10 -7.055807395068681153e-09 3.338919236151968933e-10 7.185365557933093399e-11 4.962783703452029879e-09 -2.262557560473754440e-09 6.658714237255551131e-10 -2.248929465281527978e-10 2.552363552468959550e-09 -7.078964870741355979e-10 7.682551237057212378e-10
6.702067828716186115e-01 1.973217051853812076e-08 -1.876365276121378510e-09 2.426793463523762690e-09 -2.342467341699198362e-10 1.966436725920246243e-08 1.422657367106244125e-10 5.917657826158412623e-10 -1.388849515725076981e-09 4.417810767744921174e-09 6.794647614406829535e-10 -4.769135978262048881e-10 2.409014744258790833e-09 -8.030203299492610461e-13 3.052876905461530049e-09
6.744172070879622671e-01 -1.783716353286602352e-08 -2.375051389396807253e-09 1.654723037678893303e-09 6.525086547956638885e-09 -4.957855172182423682e-09 -8.828140055619660658e-10 -2.247758515144190354e-10 8.780507714160569012e-09 4.364734481317830840e-09 -9.110760658175495089e-10 -4.572803900440610957e-10 6.374417919836531984e-09 2.345968995159023080e-09 1.430664325125698194e-09
6.786118453466847278e-01 5.055216890583860725e-09 1.592959769329336701e-09 -1.323110497922324080e-09 3.997099967827037323e-09 -2.438377462289544808e-09 3.583290720693237961e-11 4.720346881016212991e-10 1.256599562716991445e-09 -1.604544866754353282e-10 2.023592020293734722e-10 2.172212422232767335e-10 -4.705209233342207353e-09 -1.076716967041766720e-09 8.838834818186253825e-10
6.827984616056306244e-01 2.450705125775305764e-08 -4.135477904741969638e-10 1.679780123369042612e-09 1.008195880779130485e-10 1.686357403986061729e-08 -9.364320337225712374e-10 6.364049543227919290e-10 3.766368051112093349e-09 6.634977522990871155e-09 -3.571563954876778403e-11 6.608543090217894597e-11 3.724320176566958707e-09 1.845203788090154454e-09 -2.898868924453223077e-10
6.869817177358829019e-01 5.787136384394955287e-09 -5.690308649934615253e-10 -1.079698488279038533e-09 1.329384266627845422e-09 6.826701611311487775e-09 4.347660254319941583e-10 -1.631643619426817663e-10 1.498913017866419709e-09 4.818931112854445825e-09 4.190885749798741870e-10 -5.777008992916947107e-10 4.699785330760236514e-09 1.242833094095393806e-09 2.633830387232101131e-09
6.911718524128840357e-01 2.046369590144940686e-08 1.185434526207211069e-09 -1.109858764137688314e-09 -4.521612568144571986e-09 -1.183182389509180947e-08 -8.967692937003171059e-11 -1.087695965389371692e-09 -2.475454921515097267e-09 -6.918079958052784564e-09 4.440445036425700498e-10 -7.120036684242957242e-10 -7.118910649729114457e-09 -1.510806732895264482e-09 -2.406180790996979763e-09
6.953555746427921846e-01 1.469910295803948454e-08 1.317086473098190343e-09 -4.891292025458476844e-10 6.453409079658873183e-09 2.301694210580475316e-09 4.319918155690758532e-10 -3.919600563834689794e-10 1.221699138291196564e-08 2.396178061450813514e-09 3.363647021438909650e-10 -2.581343030783739418e-10 2.099035131112906829e-09 6.276607107243872301e-10 8.801263087437889712e-10
6.995344561305086861e-01 -9.665654521332251188e-09 1.160233907733670943e-10 -1.362269459982211858e-09 1.746381515941074438e-09 3.525011749901280285e-09 2.610245084871303706e-10 -4.283336114790861629e-10 2.008046560739686708e-09 -1.139613954226701619e-09 1.184763856841591344e-10 -6.920639946549693163e-11 -2.193253627712782626e-09 -9.035222554244713644e-10 1.052336576217453371e-09
7.037287066792784485e-01 -1.156924957180880896e-08 3.124179745782001105e-09 -9.069814996600264597e-10 7.425470005977650063e-09 4.876201141679600042e-09 1.112900801199281659e-10 -1.752881394882538657e-10 2.483501291742366577e-08 6.444170602818984662e-09 1.410929779203489444e-10 -2.008952373908882851e-11 1.674598825450463397e-08 1.565834817869338382e-09 3.932647762328905932e-09
7.079143033440539190e-01 2.186251991190086199e-09 6.202645203382068141e-10 3.586697313356767625e-11 -2.556253406696136646e-10 -2.309108099802167261e-09 2.289512936185501638e-10 -8.436018377697921213e-10 -1.386108743758319159e-09 -4.420042690044990932e-09 5.368642777482409589e-10 -6.758258841002965374e-10 -6.024142748855411048e-09 -2.307667218072533233e-11 -3.037469918102229208e-09
7.121186686741065586e-01 1.155516171957328052e-08 1.229528131261276867e-09 5.174602898739293400e-10 -6.528842233665512512e-09 3.315707871887288816e-09 1.047927723732580649e-09 3.430538040450727284e-11 -5.256304628021086896e-09 1.422384947331375684e-09 1.997173476296694338e-10 3.515611176532339234e-12 -2.024418064504799112e-09 3.922871174917301359e-10 4.218796260331808497e-11
7.163134555705721329e-01 -2.456844532858995935e-08 1.716214080639109095e-09 2.615475938953181074e-10 4.689815155523268530e-09 -9.784335299802091554e-09 6.523852610233437412e-10 7.397402915838825633e-11 -1.692435675937417387e-09 8.579614455853050689e-10 4.499096078211849358e-10 -2.750968745664739149e-10 4.767743822090746123e-10 9.715678233207566813e-10 1.065665938746123863e-09
7.204913713645887396e-01 4.360386937720021492e-09 -7.391249262601916161e-10 1.738434382290774843e-11 6.960501106426380285e-09 1.110920232142831267e-08 4.668196545634064839e-10 1.743204296810785905e-11 1.259197882038082144e-08 8.861715162835417384e-09 1.163550970673101869e-10 2.045917707493782679e-10 7.865434428762121200e-09 2.021967753768047474e-09 1.247929931322698764e-09
7.246803275165087932e-01 7.676759838814104636e-09 -7.594279453566114992e-10 7.120234712476090533e-10 -8.289935667971915432e-10 -2.134065193527229789e-09 -3.423453141864560050e-10 -7.557830192994001337e-11 1.442969781094137112e-09 -2.670216105893136094e-09 1.010704912046874699e-10 -1.957204460884773413e-10 -3.927284904826985187e-09 -9.568236656591815747e-10 -1.915413751905892024e-10
7.288763115175647123e-01 -4.070851621681895626e-09 6.327403640668386306e-10 -5.551945759241271453e-11 -3.705816159925670983e-09 -1.348720714174996374e-09 1.602780164072029014e-10 -4.473755342394224952e-10 -2.816020137192169495e-09 3.099488414905694882e-09 3.929762279989947591e-10 6.123395533089824151e-12 2.180863782803641563e-09 -9.475403618150650922e-11 1.029935189130139907e-09
7.330585840505703388e-01 8.671761828001660195e-09 9.337839352356649027e-10 -1.169974014850436482e-09 5.100051102378438035e-10 9.177006117527366916e-09 1.353590099343365736e-09 -8.328166221446041487e-10 -6.420822501140719425e-10 7.081440684802048600e-10 7.726224783373681581e-10 -2.770855508748463263e-10 -4.304332263608762262e-09 -9.286028896590430064e-10 -6.819120667908102219e-10
7.372316440474646626e-01 -1.637795822470954196e-08 1.658132569815480111e-10 -1.260862023128847042e-10 8.359134926736938024e-09 -9.275536459780180012e-09 9.751143613999894768e-10 1.002579385938427402e-12 1.037861895338328447e-08 -1.812355065361813736e-09 5.039588738756166380e-10 3.437601697801970619e-10 3.020309334060003864e-09 -8.790685981481469361e-10 -5.137062074423513927e-10
7.414228560306842519e-01 2.000899824336893075e-08 6.680107438277524767e-10 2.699602823824936002e-11 -1.095881509587338048e-09 1.289094431153134594e-08 -3.654873086192520342e-10 4.248152176587991694e-10 8.062519647196892404e-09 3.707341489895716058e-09 -3.934796879359824717e-10 4.508900018593551213e-10 3.178556578867045765e-09 1.524373386918476958e-09 -2.279322008943063307e-10
7.456189213758863676e-01 -2.748319493111511301e-08 -2.108056162538541782e-10 1.631569261282656547e-10 -8.171163892766816473e-10 -1.006888404721859291e-08 2.427858012876492617e-10 -3.542030802229240988e-11 8.402362947669808677e-10 -3.272684635493161755e-09 1.902862784638073876e-10 -3.037771956653998784e-10 -1.419861950718680673e-09 -6.479310399757834973e-10 -7.441286209419498012e-10
7.498104337627916616e-01 -1.187031253567790424e-09 1.092225899582136889e-09 -2.331404971128384521e-10 -2.785522430760557400e-09 -3.430667396928656157e-09 -4.443222264313431556e-10 2.009274050478418963e-10 2.034182802649056989e-10 -4.498793647353335394e-09 -1.434430671777702814e-10 -6.504609003141181133e-11 7.623080317383891679e-10 -9.085894716489446181e-10 1.736274141159754191e-10
7.539974189770904944e-01 2.957836389143209259e-09 9.603951321258804952e-11 1.985054863689010076e-09 9.726570773658808202e-10 -9.943377080938212927e-09 -6.727014950954087740e-10 4.674383917045487074e-10 1.362674296410233937e-08 2.795927709715561348e-09 -1.510241027421512942e-10 3.648733553666680794e-10 9.671455433174385143e-09 1.398325326489022945e-09 1.190102361209099231e-09
7.581896411468850294e-01 -5.959375901986234862e-09 1.244452866385838362e-09 1.271613537031532057e-10 -4.299224303808517894e-09 -4.919034476570317090e-09 1.123026386091047840e-10 -1.484377869203984213e-10 3.077294015981305069e-09 1.843240480704354635e-09 6.448301617964394729e-11 -5.425227607346257143e-10 1.380647897016357604e-09 1.739778852654760291e-09 1.002358586897926670e-11
7.623808615479977790e-01 6.957040465469671601e-09 3.950112424189210662e-10 8.199636672227465124e-10 2.400895809514545069e-09 8.532807582826125014e-09 1.080865781002158295e-09 -4.030844711827886349e-10 2.750930217162360093e-09 2.977097361321558975e-09 4.083961903659695612e-10 -7.194645136254771216e-11 1.645635341815265472e-09 -1.401087727226746755e-10 -1.179647662433767271e-09
7.665651159623174671e-01 1.321066882746449600e-08 4.886307327508766450e-10 -2.083504050781947575e-10 1.497397888339750416e-09 3.060368154627596259e-09 3.912044679701409233e-10 -2.274900836477212814e-10 1.542945118350135853e-09 4.838031185834545308e-09 3.298136641353125487e-10 -7.094558787729554697e-11 -2.836531614644463900e-09 7.464963699957453115e-10 -9.463651715445667520e-10
7.707536355579491794e-01 4.240436684524391732e-09 -1.332575224884409876e-09 -3.368855785875605862e-10 3.123786575379366710e-09 3.692670189414736678e-09 -7.885039379846110312e-10 -5.507038374324669109e-11 3.046382430046606922e-09 2.045287027551794245e-09 1.413674099090120064e-11 -1.386041096810870022e-10 -3.010569389390564187e-09 6.622852519905290605e-11 -1.145264879004037999e-09
7.749462413082437440e-01 7.709328715377497992e-09 -2.425675719416652590e-09 1.244191215945993689e-09 4.059826185261442731e-09 9.369939393606973567e-09 -2.260879054654332732e-10 5.620414241867752626e-10 4.347581872505672196e-09 3.084473821558146324e-09 -1.749069074023457663e-10 2.810798124361198062e-10 1.905141367118101093e-09 3.971186606920467490e-10 1.136142693524653769e-09
7.791369682448587852e-01 2.898768367308852960e-09 -1.559317403816933116e-10 6.633088731136359242e-10 2.378260166392345382e-09 -2.076454070341101041e-10 -9.664991836610574297e-12 9.313182865806398975e-11 -2.763008313313871519e-10 6.348282817204650107e-10 1.817776693693084102e-11 -5.571607817037541727e-10 3.443596827817535055e-10 -5.135216521536529329e-10 -5.989519692400813432e-10
7.833258353347896108e-01 -8.559979831253142142e-09 7.804482232330396218e-10 7.654780075705678050e-10 5.659402907898233797e-09 -1.014050838781921962e-08 1.263238423302619321e-10 -9.537643895942965104e-11 -7.062463482539029364e-11 -3.690707440853255556e-09 -5.046497666030074587e-11 1.081664614360326651e-10 4.148849517951484040e-09 1.372896607192624253e-10 1.448437795137582899e-09
7.875159900600451346e-01 1.689616032754746668e-09 1.815919005645970450e-09 -1.934147680822418937e-09 -9.666373529755813177e-10 -2.830886577172373237e-09 4.071890835968914997e-10 5.348696667864956806e-11 1.696124734456033240e-09 -1.456070256462714351e-09 -4.346304008149243945e-11 1.105260461859090338e-10 -1.365548913710569902e-09 5.693719453805070616e-10 1.887203817042779643e-10
7.917084457625156446e-01 1.153035582264406822e-08 -8.243964850369459425e-10 1.189087040539636629e-09 1.751389953205880607e-09 8.169098940335065720e-09 7.359467344358770503e-10 4.522437332732033551e-11 6.057058256721546852e-09 7.042338870101781714e-09 2.494075283426753265e-10 -2.006367476625207934e-11 3.362708086650503991e-09 1.217696979168566472e-09 -2.102661147475991237e-10
7.958821468706197555e-01 1.188984808079858743e-08 5.766319042819316555e-10 8.215150955600896177e-10 4.835601126829849326e-09 6.326007523690447558e-09 2.660098487070568337e-10 1.323964389785755527e-10 1.775300460410022307e-09 2.572280573110476818e-10 -2.615305987043755403e-10 9.323595266989295448e-12 1.985290224575360573e-09 -4.145817455556738766e-10 5.978677451553158873e-10
8.000624692379799674e-01 2.323372729492513499e-09 -3.744026688075626120e-11 1.153919120004188316e-09 6.094783410591626468e-09 2.396774414585637115e-10 1.567393554855369402e-10 7.307988964946136636e-10 2.150588614047666803e-09 -3.575493670807105701e-10 -2.369837377270181111e-10 1.896042794353576592e-10 2.113470929493275308e-09 -1.486582917888499572e-11 7.302508968146149495e-10
8.042564613727184453e-01 -1.860871214876687699e-08 -4.931520788137079814e-10 6.328380971381250380e-10 -5.664249717494740776e-10 -1.771459372963715475e-08 -1.949228614352467747e-10 1.852775113022072282e-10 -7.133497623860459748e-09 -1.050673706517325764e-08 -1.843794897146840717e-10 3.140463724064156163e-10 -6.448702855223903598e-09 -1.144186024537514976e-09 -1.351809847332069412e-09
8.084384822996342201e-01 -6.396455352607580404e-09 8.983503337019494583e-10 -1.158586470632543587e-09 -2.326519434655779450e-10 9.919388748032671705e-09 2.146873562226098475e-10 -7.955342332822589429e-10 -8.914021987170056480e-09 2.648708646383523380e-09 -1.118197346320009586e-10 -7.060807073677442415e-12 -4.344486201659394811e-09 -1.153752593154277108e-09 4.207117721980611105e-10
8.126333810499198895e-01 -8.186948968999824390e-09 -1.120524619278957908e-09 6.035586526959653704e-10 -1.532759985812363351e-09 -2.314108090157145742e-08 -4.214276172934894973e-10 -5.746960172513757531e-10 -6.582275611802410660e-09 -1.050440457139462292e-08 -9.543927610965443953e-11 -1.193477163686351661e-10 -3.129468269920729934e-09 -2.891729405816480243e-09 -3.563876909623400579e-10
8.168271958201180905e-01 -3.091331722964012016e-09 -2.015560227515367720e-10 -2.441305434418148183e-10 9.840432828454858769e-11 4.886210042414131577e-09 -3.570480579636449735e-10 3.269102549307397122e-10 -9.730903582233425492e-10 -7.148106200699107275e-10 -1.237034546770952435e-10 2.420954416937227961e-10 7.097395618592232065e-11 -6.494602963611841382e-10 3.899003058426006363e-10
8.210214995694952167e-01 1.599386984367767314e-08 1.860399926252895353e-10 2.913483663177308082e-10 3.304372540049962927e-09 9.427530714509108005e-09 -4.685549767993099801e-10 2.686469342006858541e-10 1.154780424157474348e-08 5.943978932326300274e-09 -6.273173417281978748e-11 1.174632777003606663e-10 5.071556981265819188e-09 1.417266890450573974e-09 1.089126621451109279e-09
8.252154145000215602e-01 6.159362305450707914e-09 -1.024932495609275695e-10 -8.381569709446231727e-10 -3.717102429591587208e-09 -4.479355898363086562e-09 1.859876756495883513e-10 -2.520913364615944417e-10 -6.598453237565841194e-09 -5.474613315460483962e-09 1.131947532984465673e-10 -1.891725635847169830e-11 -7.463687689029564680e-09 -1.455241004308561031e-09 -1.353608929567035089e-09
8.294030907808404018e-01 -9.558354105363140321e-09 1.278796401338292472e-09 -4.018302510032541992e-10 1.886209792392007331e-09 7.149941663673977879e-09 2.522669138274198939e-10 -2.946983333398325382e-10 4.421870740783836494e-09 8.590725517878716895e-10 -1.195841157179998475e-10 -9.399670718132039824e-12 2.110228001444419730e-09 -3.938515853277342509e-10 -2.406210807952871083e-10
8.335906150371191758e-01 -6.004551302038359468e-10 3.540443076669836173e-11 -4.612916256002693238e-10 -3.674086949951273412e-10 -6.481062917101853747e-09 -6.194517210925335113e-11 -3.178604911657055578e-10 9.848131963293928772e-10 -2.736974828653088697e-09 1.689333569298277072e-10 2.135984558848855635e-12 1.447805235926189333e-09 -8.502417711962047829e-10 -4.576985789341817756e-10
8.377685032221774408e-01 6.529422800579017374e-09 -2.340782979058921472e-10 -3.313176249085009174e-10 -4.556401422779410218e-09 5.372986794466128910e-09 3.325208143466596306e-10 -1.866656090079188635e-10 -5.430947796033805312e-09 -3.112789430829844243e-09 2.150601778251150235e-11 -6.652385733026702379e-11 -1.196450973999026507e-09 -5.557001859690291124e-10 -1.863859418616210188e-10
8.419567297582307708e-01 -3.361593424632447285e-09 1.858058921843140839e-09 -9.549923493995133546e-10 -2.106780551534555081e-09 -8.700044283019050123e-09 2.744901729209291493e-10 -5.279460780442362177e-10 -1.722436841395056528e-09 -1.380270971746119554e-09 -2.493891156292160816e-11 -5.828088374779123319e-11 2.286021580260572996e-09 1.797016115133148551e-10 -1.837841064326459317e-09
8.461556544987137718e-01 1.238460514067492826e-09 -2.964066794530396640e-11 2.029399646806009811e-10 -7.950573223145344819e-09 -1.600206408395019216e-10 -4.286234056922441222e-10 -2.308200286500272383e-11 -1.984220449654478115e-08 9.277120588194383893e-10 3.172841566668736531e-11 -6.864099464134182195e-11 -1.138638838729286789e-08 -2.126476650992120426e-10 -1.907997913744245888e-09
8.503430790983292908e-01 1.363072828692489793e-09 -9.773439742414504423e-10 -1.099114650547448655e-10 -5.423267213419944957e-09 -1.437689235961170461e-09 -2.977608948170654088e-10 2.805285253629533153e-10 -6.763908421455037639e-09 -6.960944192093541610e-10 -1.155262281063674985e-10 4.930097100681151435e-11 -2.116737865358656181e-09 3.366290880773171360e-10 -5.447175457731340581e-10
8.545245840949285965e-01 -7.934977862831381141e-09 6.714197918162795955e-10 -3.704096486839307866e-10 -4.931408562440403488e-10 1.105429865739642462e-09 2.217319409410421547e-10 -1.758301939810178826e-10 -2.913020089886341791e-09 -8.400536234576830017e-10 1.030249936106087696e-10 2.236493001910926360e-10 -2.421897225154829212e-09 -9.796406514474313869e-10 -8.394654788400703718e-11
8.587196449246210506e-01 7.763104679910426644e-09 -8.978950545619487912e-10 2.337967896034752358e-10 -4.017052334974698157e-11 1.413905785378214347e-09 -4.239703016418639633e-11 6.573772818483806150e-11 -3.805261471848275710e-10 -7.102923649755802830e-11 2.084290690074397626e-10 -1.965996083844862132e-11 -4.409156986701138250e-11 -4.304374081851581942e-10 -9.392202254296935054e-10
8.629074348139629258e-01 -1.072640191583166977e-08 3.975008501757495495e-10 -4.618803953075019765e-10 -4.158948694407454620e-09 -5.710779900231180407e-09 -1.382701822151314466e-10 -1.204771808079908053e-10 -8.289944111830145711e-09 -2.783535101928211542e-09 -3.530487385328017862e-10 8.066482676469814833e-12 -5.203580524762130667e-09 -6.384963382855035190e-10 -4.863451682484198980e-10
8.670852844200982457e-01 -1.373196663421689952e-08 1.268189536752917560e-09 -4.456320765326993253e-10 -4.675960770417458584e-09 -2.352778459008156329e-08 4.695496076209317953e-10 -1.337553023310560351e-10 -1.017754272418044349e-10 -1.113636800217431813e-08 2.165339597899325389e-11 -6.498343509129339457e-11 1.668728385366250995e-09 -1.157664133115794675e-09 -2.983372426703497258e-10
8.712764316473343706e-01 1.458875593985489607e-09 -5.640723280366431156e-10 -1.156415401217174021e-10 -2.142734684029133345e-09 -7.427606900825880906e-10 -2.347419715156970568e-10 -2.764991727096337386e-10 3.895044902968857650e-10 -1.598674535562110440e-09 -1.015624157178658133e-10 -7.613072882977756540e-11 7.936237429373252916e-10 -8.122656414482441988e-10 -3.576169672184869138e-11
8.754762476624626810e-01 -2.691576377081954052e-09 -7.647255287096480271e-10 6.832143554531761965e-10 -1.928324349073448482e-09 -9.853327811483109088e-09 -6.109643944559919135e-11 9.928588937861929320e-11 1.542535333840930467e-09 -8.038693584244416652e-10 2.544872013120422519e-10 1.004832341217139250e-11 1.040880008081351334e-09 8.752107257880815878e-10 -1.407753904679686247e-09
8.796707865602606535e-01 5.520481714262493454e-09 -9.621461085755223715e-11 1.265535030134157948e-11 -7.013093678522735331e-10 6.837355783222082593e-09 -4.979091034133309289e-11 6.505019902797746113e-11 -6.413356932186521867e-11 2.222668497722791290e-09 -1.678994379794388573e-10 -8.445628131344374687e-11 -9.601982950761417764e-10 1.601437243808897176e-10 -1.780879483635788699e-10
8.838562222970675064e-01 -1.202406058219561573e-08 7.910089248909393483e-10 -8.237985287251682708e-11 -2.087627421323825065e-09 -5.289019159002777092e-09 2.117748870782147539e-10 -7.457706015326623915e-11 -4.021521019755633042e-09 -2.613986327202487964e-09 -7.777748468628728474e-11 8.522524599007371137e-11 -1.309461433185301629e-09 6.491128278302033421e-10 -9.830243739584747965e-11
8.880381764417510926e-01 9.060202143956206988e-09 5.467149597089784593e-10 4.257260948531327001e-10 -5.620823344218950987e-10 1.092135020484278948e-09 7.951026401976295679e-14 1.250753644228600107e-10 2.721016217267062974e-09 -3.255669769251695398e-09 -3.243364778577653847e-12 1.513879937791318928e-10 -2.518362420488653642e-09 -9.678226607460235794e-10 7.335539049552847244e-10
8.922270316229049536e-01 -4.780780047238552778e-09 2.676075615788512229e-10 -1.300387513305111358e-09 1.549920411292722955e-09 -2.401909854087424887e-09 8.726673833990075688e-11 -3.605529097757488523e-10 3.522234538397375309e-09 3.977806459722143504e-10 -7.162993517495104899e-11 3.006895397865840063e-11 1.340230336519218914e-09 5.516390388954696920e-10 4.750441446368151886e-10
8.964225585562245469e-01 2.753330690298079927e-09 1.292098210936938591e-09 -1.319313195419671874e-09 7.552003027219586053e-10 -5.994294883659160631e-09 4.254661383552993139e-10 -3.693327413612124074e-10 8.872832769361384090e-10 -2.431910990560134654e-09 1.652426235369844166e-10 -1.003048702430773358e-10 1.838478093646534756e-09 -4.605485054158372762e-10 3.549706846222977690e-10
9.006049913569987853e-01 -7.991061409233383054e-10 -1.327443940500158783e-10 -3.484807136307503551e-10 -3.300186352561619466e-10 4.628270569882650409e-09 9.736580922461275251e-11 2.931384940780764455e-10 4.112115142874577868e-09 5.091486514130469444e-09 -6.111445652651694837e-11 1.686095723979709246e-10 -1.162246732504000314e-09 1.179985133484476818e-09 -8.548135966013685262e-11
9.047836582182254839e-01 -3.797338014309156111e-09 5.427101136741767947e-10 -3.416721322246761848e-11 -4.440623179259206011e-09 6.214608650747027526e-09 1.027302735405534567e-10 -1.717164807620243322e-10 -9.363596732132321403e-09 4.041750438605180674e-09 -6.883968575001498563e-11 2.213399761600663962e-10 -4.906436330096458208e-09 1.121238254532693546e-09 -4.131375761670795535e-10
9.089780964569278421e-01 -5.787666277345298763e-09 2.932707393204532387e-10 3.127179767410417992e-11 1.405711397842741841e-09 1.861903313573756301e-09 9.300458554739244993e-11 -1.384200978960149866e-10 -1.175978525156560528e-09 2.655132044738881851e-09 -3.974189184702860070e-11 1.799074602072583837e-10 5.254962473790590580e-09 1.108497037255522153e-09 2.229575513254764617e-11
9.131704587403689510e-01 5.638233907379957237e-09 9.910033342805180535e-11 -5.048254355381436842e-10 1.526923309612654684e-09 4.267259017853413975e-09 -5.162859152484620845e-10 -4.960038029467112004e-11 -1.075768319937622993e-09 -1.808272691107957808e-10 -1.570558446705503996e-10 1.712281999899115834e-10 -2.400895227834187937e-09 -1.345959334395253225e-09 -1.415846468814277349e-10
9.173547920329833127e-01 4.153792185162504282e-09 1.167480709818181404e-09 -2.055010123206398178e-10 1.675669141101286926e-09 9.156864705349491591e-09 -4.735035595005123055e-11 -2.000197045810576563e-10 -4.069440168287191117e-09 3.629546827362137452e-09 -5.173472085195458416e-11 7.794542720172108801e-11 -2.333392499750289388e-09 -7.890992248630230840e-11 -1.204430586692389579e-09
9.215425617950214754e-01 -7.204102468531581130e-09 4.614298942863082837e-10 -2.294804414515596361e-10 -4.654377647991456875e-09 -5.037373557262524846e-09 -3.687558608423880594e-10 1.540739746106972074e-10 -1.522093024829980259e-09 -3.390879772194073608e-10 -1.680533194532358198e-10 2.273033634596427490e-10 -1.048701025070163759e-09 -2.122116889065348163e-10 -4.044480900735245230e-10
9.257400405750663142e-01 7.247113308329491248e-09 -6.516058067918331768e-10 2.029053154722457776e-10 3.694263948237663620e-09 9.398496983586515291e-09 2.410280739830617773e-10 -1.304793430660158761e-10 4.526939627012382331e-09 3.331324215674388245e-09 6.717131852892198978e-11 1.855574613217135250e-10 2.387607855447383785e-09 4.857798684756394018e-10 1.914830631829531411e-09
9.299303352268617484e-01 2.635900164140065287e-09 -1.474033716526600213e-10 3.617192749814470052e-10 5.881260617289854689e-10 3.608658671969745233e-09 3.549037433644320282e-10 2.287467134255388730e-10 -4.220519640767523798e-09 1.971688558919983814e-09 1.374897853244899071e-10 1.045071460137212623e-10 -5.230466507477701316e-09 -4.732495984846443790e-10 -1.331963830913802264e-09
9.341108300097852313e-01 -1.454629185249554890e-08 -8.725249139057186599e-11 1.133846491662597510e-10 5.759919666243680688e-09 -3.320391583147615744e-09 -1.956756335845235311e-10 -1.038834280092931115e-10 8.940153012745823722e-10 -3.931216392384116550e-10 -9.151487888456295960e-11 7.473712362328425433e-11 -2.365363920783049159e-09 -4.639972223473473945e-11 4.613461597016773331e-10
9.382896253999645220e-01 9.258220858766618297e-09 -2.843504365244481460e-10 -2.618769441127495495e-10 -1.342062940991846301e-09 2.374541741136826005e-09 7.196853867134491047e-11 1.975661683121860610e-10 5.532672173459732369e-10 -2.904798256836208529e-09 1.696025346836367719e-10 6.901472777570085688e-11 -3.419269820083791686e-09 -1.890119789462525106e-09 -1.252644873945098872e-09
9.424819561228944265e-01 -1.877871394307490967e-09 2.515664763178383584e-10 -5.424922408548281999e-10 -2.562448689298524922e-09 -7.781512464685530400e-09 2.760183183977871940e-10 -2.156560791722822052e-10 -3.663206253667967251e-09 -3.425081836226637226e-09 1.277007086233992442e-10 3.093802812626125346e-11 -5.320566371138024874e-09 -1.755012729024158419e-10 -1.921556134127811228e-09
9.466849863120379016e-01 1.662578619566379221e-09 1.763255428349873609e-10 -6.614072524571150869e-11 -5.040848491121377028e-10 1.745855388664177494e-09 -7.288030570228013953e-11 -1.974089855632000359e-11 -1.568013282927789418e-09 4.401344060363618065e-10 -1.982155939190776746e-11 -9.550653720772732043e-11 -1.023924099565308503e-09 -7.397149451663953698e-11 -4.259876650295072741e-10
9.508714331057195324e-01 -6.822001223260583715e-09 -5.312599066361047022e-10 7.747784836685130719e-10 -4.939588731694533074e-10 -1.111210012423954780e-08 8.088391527517775522e-12 -1.457180214450218029e-10 -3.900547103441083801e-09 -2.790638580196522474e-09 2.918352567372255210e-11 6.360610937286964916e-11 -5.221054937293085733e-11 -4.495540115926850901e-11 1.826910154092234542e-10
9.550563230073290111e-01 -6.151288053681449995e-09 1.136106227085959413e-09 -4.514147554294494073e-10 -3.165706506913603210e-09 -1.076747934083737611e-08 1.459252092611115809e-10 -2.416700820742078587e-10 4.407460676246299568e-11 -5.061797835645949897e-09 -7.915345652907210380e-12 1.556035277721673743e-10 -2.887785123127668939e-09 -6.180559963001125242e-10 -1.318420131617932028e-09
9.592513211539739348e-01 -1.119989303193923182e-08 -8.466524012361067651e-10 1.879636515386284371e-10 1.808439768241425207e-09 -4.278690244232458275e-10 -6.893633045627513714e-12 1.415120712447512381e-10 4.859732631534349374e-09 6.516949963362956700e-09 1.054073231942496200e-12 2.319110319236803084e-11 5.442842405375571902e-09 2.094597497171636855e-09 1.175957442179536036e-09
9.634451052878124644e-01 2.975098899087993933e-09 -5.876805697606191389e-10 2.163091450051126141e-10 -2.212507656348709552e-09 9.038136953365990476e-10 1.201289671076519550e-10 3.049784729960605075e-10 -4.721554324681899247e-09 -9.640861576952820631e-10 -2.457789813760812875e-10 1.520620799874886362e-10 -3.182050207530979704e-09 -4.977882298435382379e-10 -1.123351473597837570e-09
9.676230540453005791e-01 9.200336258154405352e-10 1.594528362770901618e-10 1.239775680759216994e-10 5.944808798373923077e-10 9.232107143763215761e-10 2.810500412741712298e-10 1.588410055383602874e-10 -2.308148820614810523e-09 7.599412305851817519e-10 5.639695835340306375e-11 6.692896397198250558e-11 4.409585994240375657e-10 5.557881683283361382e-10 1.523487325314753446e-10
9.718094297475188270e-01 -3.379882588834367970e-09 4.588080855963677433e-10 -4.728887909706752468e-10 -1.363920994335370684e-09 -1.141067792877859526e-09 3.252185489875770381e-10 -2.662559407965581558e-10 -3.090872621099257879e-10 2.415347134398078137e-09 2.018310014575731978e-10 -2.096747339432068816e-10 -1.283844121494011782e-09 1.003515661705002222e-09 -1.554086015902341022e-10
9.760091362076940280e-01 5.936492185741683591e-10 7.398727849098589994e-11 -1.307111959702322505e-10 -3.135437457806070864e-09 -1.179980212772722026e-09 -4.662782584002195331e-10 1.990310463401559833e-11 -3.206501887434225930e-09 2.825274029841349724e-10 -5.027114927163654459e-11 -1.037523130692770883e-10 5.876772214562422704e-10 4.496986043508750787e-10 -5.242257538623356654e-10
9.802075838006468755e-01 4.794582034374106623e-09 -8.359430456087755958e-10 3.067336780945010945e-10 1.927858397427002909e-09 4.506182298356331897e-09 -2.958100472453115957e-10 -2.378139743261117210e-11 -1.263494221037639895e-09 6.976436211521912263e-10 -5.215474853560607997e-11 4.554752224285680090e-11 -4.886154695218793050e-09 -6.923306957198316160e-10 -1.282878277019304510e-09
9.843901124947946890e-01 3.718198891394620371e-09 4.138883606464905962e-10 3.964082349544547375e-10 -2.187143716883015104e-09 4.330345933758813247e-09 -4.006462434216781681e-12 2.157644200586368226e-10 -1.766283432598993215e-09 4.275884820120850146e-09 1.160489679644729430e-10 -4.155656510285624910e-11 4.926905777338917491e-10 8.927878794316691630e-10 3.629219365698632371e-10
9.885650797815361823e-01 4.840530962111611126e-09 6.659746941867499923e-11 -1.515205356606260539e-10 1.571875447106158001e-09 -2.723341726506437714e-09 1.538676093847083165e-11 -2.750558259358841634e-11 2.877632484405097726e-10 -1.020011048018715490e-09 5.484630462416343455e-11 -1.510312539695340682e-12 -1.480615234052102481e-09 -3.609070406921711864e-10 -7.735650678140547551e-11
9.927561705083151056e-01 2.928785146804659073e-09 9.232662731197249023e-10 -5.751623758942287859e-11 3.870520170230515510e-09 2.551142673483802718e-09 4.210179089089143464e-11 8.120509067161867999e-11 6.046420400580631175e-09 -2.301546957812425208e-09 -6.907532235072405920e-11 1.274442548829600005e-10 3.301392967853585535e-09 -1.247219619127022454e-09 1.394758373386998787e-09
9.969400597939003239e-01 -3.675080430260673296e-09 1.270812484717423041e-10 -3.721737336061835654e-10 4.549111967767166255e-09 -3.930399916788526743e-09 1.237190478469283213e-10 -1.634975555826251764e-10 1.058907230470631650e-08 -1.076702536484193460e-09 -8.844740360742938992e-11 -9.728225493184490767e-11 5.983797578317457072e-09 -1.032715414325329648e-09 7.854252801738706875e-10
1.001125867816581083e+00 4.520632203960230383e-09 1.496992853490097615e-10 2.225836681590614225e-10 2.303769866445672154e-09 1.009783071690663730e-09 6.101422253664456231e-11 -1.583229344234101321e-10 3.735674342758684652e-09 1.470109400030256218e-09 -3.501173812998355452e-11 9.211302728589198734e-11 1.093169304313433232e-09 3.464314213299665072e-10 -3.900108827836825553e-10
1.005315482813002204e+00 3.662371705584395333e-09 2.420975893733306443e-10 -2.107452789779949708e-11 3.915644057711419367e-09 1.399217230838737276e-09 -3.336262549913570795e-11 2.802144399176484687e-10 -4.916029649262157088e-10 3.414774650766511898e-09 -1.324964725912421936e-10 1.148028245538101724e-10 1.214030393785817971e-09 1.221560841176739992e-09 -5.784894537352162213e-10
1.009503724426713545e+00 -3.507355519694377312e-10 3.432861076596430566e-10 -5.517148260711667758e-10 6.165381925492044103e-09 4.880279376949055725e-09 -1.279581649261599493e-10 -2.043929794302837275e-11 8.871728861884875181e-09 1.236188968369844159e-09 -2.534838359121010814e-12 -6.100589230013581432e-11 4.628780840742872125e-09 -2.554855672211118063e-13 2.672641222634968375e-10
1.013699103815393299e+00 1.288586733476111448e-09 -1.365369791411216609e-10 -2.375059405631146255e-10 2.693510065905842922e-09 2.014068754130335588e-09 -4.024231182068777241e-11 6.964629793163144984e-11 1.061569884671192698e-09 -8.136287174484406292e-10 -9.201801857595068913e-11 6.840425886336884027e-11 -2.195257983279887992e-09 -5.024948977259015143e-10 -1.910370179826884970e-10
1.017885842421875964e+00 -9.186263723929593987e-10 -2.672713430314025724e-10 -3.327469284244945099e-10 -2.396032870881536937e-09 -4.575550885421175652e-09 5.640144301541521648e-12 1.862407219177054403e-10 -6.014225026586201842e-09 -4.448923858655730803e-09 -6.799932031662389690e-11 8.198434470271887956e-11 -4.374974082298740524e-09 -9.743537784602290732e-10 -7.045394474975896977e-10
1.022076284359184406e+00 8.802440831161979722e-09 9.034860072127130375e-10 -6.985646364160277265e-10 1.702570396010186306e-09 -5.822602893392634531e-09 -2.158801564737279667e-11 -1.840103664981868536e-10 -8.255424235394010487e-10 -5.922316600672156242e-09 -1.011227149320593966e-10 1.400935465445975491e-11 -3.048955606914514129e-10 -1.574936552731945207e-09 -4.438366540091825673e-10
1.026273875264014812e+00 -4.245900118578042309e-09 8.363138162764324494e-10 -1.978658805456714666e-10 -1.495395095718579029e-09 -5.050446573356107792e-09 1.334959510311906543e-10 -1.290708919385131555e-10 1.036959625296060803e-10 -8.462675509909578857e-11 -4.155206643714188798e-11 2.182579087456567983e-11 1.067732191647414591e-09 5.980587978134990429e-10 4.533034193404775347e-10
1.030463237552156075e+00 7.975224855709733278e-09 -1.460004316338634207e-10 -5.161465979370634299e-10 5.267058779736920326e-09 1.178761189354312056e-08 -1.636049313828004910e-10 -1.387886911407815845e-10 1.378680718149634132e-08 1.139075326012919137e-08 -3.537518221830042996e-11 4.673114091127129636e-12 8.079662723346130776e-09 3.190937443794797266e-09 2.007118695683982900e-09
1.034646639530784062e+00 1.435881000252956502e-09 -1.383518987336686095e-09 9.453199798875362268e-10 2.953292981752468860e-09 -2.904463498568167831e-10 -3.119762074047882057e-10 2.162994512853076135e-10 9.971260581945907086e-09 3.909284754682509215e-09 -1.141939870156970992e-10 -1.509155727457621979e-11 7.915959696297491538e-09 9.715503539972052725e-10 2.326977166810361955e-09
1.038830480088573260e+00 -3.611510939435137924e-09 -4.314717350491072158e-10 -4.722915491204370456e-10 -2.741625463778498393e-09 -8.852255696374732970e-09 -2.337569896865714722e-11 3.626471856139531024e-10 -6.128813592010409664e-09 -2.905000699076858592e-09 -1.136241359148746500e-10 1.293977432532981967e-10 -6.333147194155979033e-09 -8.557819764833216000e-10 -2.028280855767485607e-09
1.043023229532383578e+00 -1.783595832031795423e-09 -5.135157926411429899e-10 -1.148991839386747094e-10 -2.341239249309339206e-11 -3.961904334815022268e-09 2.371309541384234549e-11 1.511689154451314337e-10 -2.052832448148635567e-09 -5.395115600232454421e-09 -8.288061819091708237e-11 1.797952306808571846e-10 -1.598046548536735916e-09 -2.314777298967707248e-09 -1.017024780342082469e-09
1.047211320931656031e+00 6.551737361861346823e-09 -3.671766552540696692e-10 7.381080569344367929e-10 4.841646254493548837e-09 1.188719485204443403e-08 -1.592620155055071664e-10 3.094114069694988641e-10 5.178406628691476567e-09 1.606715018796743536e-09 -1.195497257811350671e-10 2.195517431665456805e-11 2.395967868107540390e-09 -5.077492836820196797e-10 2.990497117179781008e-10
1.051395396220772938e+00 1.236267983674654093e-08 5.516763974423059420e-10 2.928603879046525984e-10 6.175068270969081590e-09 1.273119472980042483e-08 6.573866348704870846e-11 8.736307225711924358e-11 5.621565671074070039e-09 7.279544333909489176e-09 -7.866119274495032242e-11 1.887608303302816287e-11 3.161444894044503184e-09 1.462019545041086498e-09 -4.882508838860506107e-10
1.055587561333155788e+00 -1.272900597544250609e-08 1.603962138758522442e-10 3.976415708276592379e-10 8.146465969115993042e-10 -1.292465806273998693e-08 -1.509944273831494554e-10 -3.249332157499117044e-11 -2.831724674137585691e-09 -4.707581727120031778e-09 4.062184415371789663e-11 -4.394773669417901655e-11 -3.245547477851226893e-09 -1.048601846899346818e-09 -1.937837926141395932e-10
1.059780855230085139e+00 -1.805470003577403836e-08 -7.549597152979969015e-10 3.954812276945555701e-10 -9.712783437926322369e-10 -1.921104163412448248e-09 1.536814808763105987e-10 7.992854049387724436e-11 7.165861845724067332e-10 -2.843432832167656124e-09 1.737423785695168781e-10 3.531485395200188470e-11 1.332418612021062434e-09 -1.380076052140125663e-10 1.203619152280335286e-09
1.063968553353427993e+00 -6.235669694367394830e-09 6.947955593478723021e-10 -6.552273640538534118e-10 -7.678796905642508571e-09 -9.341234448597963793e-09 3.321048501124531013e-10 -3.400806900481150034e-11 -8.228851284284851498e-09 -8.453948228960459299e-09 -4.921011762700081720e-11 5.588757818295919224e-11 -5.405322941309231664e-09 -9.139195948767400993e-10 -1.242654576974008893e-09
1.068144877931138659e+00 -6.732580829849140149e-09 -4.722987343777445568e-10 -2.335908169949815642e-10 3.486804454592037095e-09 -1.646216131809399248e-08 -1.555415478076954504e-10 7.058270473567745418e-11 4.383011435842745698e-09 -6.883743948083785725e-09 -1.278430380393194138e-10 -4.127472102878832306e-11 6.678842832189705754e-10 -1.444969200328607195e-09 8.258538633898805800e-10
