# Columns: ('k', 'S1', 'S2', 'S3', 'S4', 'S5', 'S6', 'S7', 'S8', 'S9', 'S10', 'S11', 'S12', 'S13', 'S14')
5.345493089407682419e-03 -1.892358059353298572e+01 1.385202473958333258e+03 -1.939968532986111072e+01 -2.509239366319444287e+01 -5.406641981336805003e+01 1.048404188368055429e+03 -1.903040568033853930e+01 -5.871425374348957860e+01 -4.361136203342013573e+01 8.485027126736110858e+02 -1.993531121148003393e+01 -4.818733045789930003e+01 -1.238221232096354107e+01 -1.424760267469618036e+01
9.344366739594166943e-03 3.128588867187500000e+01 2.150858618951612698e+03 -2.413485540574596655e+02 1.297691886655745996e+01 2.527481571320564502e+00 1.044835307459677324e+03 -1.200454022807459609e+02 -4.627524886592741638e+01 -4.094076439642137188e+01 6.921038936491935374e+02 -6.174552671370967261e+01 -6.668305034022176869e+01 -1.764842765561995819e+01 -2.121018342048891014e+01
1.312833575873958818e-02 3.412633031728316269e+01 1.186261957908163140e+03 2.968982680963009813e+01 5.999436981823978954e+01 1.413802714445153015e+02 4.962328603316325939e+02 2.617322026466836604e+01 1.558345623405612059e+02 1.315696448501275313e+02 3.338543327487244596e+02 1.178434659996811185e+01 1.256738380899234642e+02 3.543708645567601678e+01 3.212855996890943544e+01
1.700891779646987109e-02 -6.768112909226191221e+01 1.752430654761904862e+03 -1.684219680059524080e+02 -2.886060732886905100e+01 -1.529981584821428839e+02 8.562302827380952976e+02 -7.686835007440477341e+01 -1.204917131696428640e+02 -1.027142113095238187e+02 5.250382068452381645e+02 -3.474923967633928612e+01 -9.504771205357143060e+01 -1.964767252604166714e+01 -1.989251767113095326e+01
2.135270783943789275e-02 -5.469636718750000171e+01 1.241607589285714312e+03 -1.548052455357142776e+02 -5.674388950892856798e+01 -1.783370312499999955e+02 5.522041964285714357e+02 -4.785859374999999716e+01 -1.863185044642857235e+02 -1.517000558035714164e+02 3.646035267857142799e+02 -3.237707589285714249e+01 -1.600995535714285722e+02 -4.558647879464285779e+01 -4.792522879464285523e+01
2.564347439342075027e-02 3.533468315972222484e+01 1.385760833333333267e+03 -2.738053298611110904e+02 6.117746527777777743e+01 -1.283804253472222179e+01 5.883952777777777783e+02 -9.020361111111111541e+01 -1.049149522569444493e+01 -3.831501736111111001e+01 3.422387499999999818e+02 -3.524186414930555600e+01 -4.808322916666666913e+01 -1.200801432291666693e+01 -1.552428819444444485e+01
2.962205054058980949e-02 5.353294681789867582e+01 1.286113579734219229e+03 -3.566781301910299362e+02 6.093163413621262947e+01 6.833998650332226532e+01 6.015002595514949917e+02 -1.579700737126245826e+02 3.797245509759136439e+01 3.591621353301495390e+01 3.705710132890365571e+02 -8.664558243355482148e+01 6.928240500415282277e+00 9.166587449387458619e+00 1.323222721137873759e+00
3.361537140302770649e-02 -4.116926058070865935e+01 9.378688484251968021e+02 -2.331047613188976300e+02 -4.454550627460629642e+01 -1.227456631397637778e+02 4.154238024934383020e+02 -9.047649073162729394e+01 -1.336714648950131163e+02 -1.040691437007874072e+02 2.467902723097112698e+02 -4.475875574146981251e+01 -1.101444389763779554e+02 -2.790069307742782101e+01 -3.019230335465879378e+01
3.793950633336700545e-02 5.602122441440455702e+01 8.978440236427320542e+02 -3.172336635288966704e+02 1.712681288309982364e+01 3.809086306917688347e+00 3.952034807355516932e+02 -1.348779279772329289e+02 -5.109407153021015802e+01 -3.610343695271453868e+01 2.164387587565674380e+02 -6.349831025612959934e+01 -6.658398095446584364e+01 -1.313388056178852814e+01 -1.859126669220665562e+01
4.227894994616508695e-02 2.219342750000000137e+02 9.594712000000000671e+02 -4.008026500000000283e+02 1.729047125000000165e+02 3.033493500000000154e+02 4.504398000000000479e+02 -1.781880000000000166e+02 2.265455500000000200e+02 1.680772249999999985e+02 2.404795500000000175e+02 -7.689225000000000421e+01 1.126884000000000015e+02 3.682064375000000211e+01 2.493167500000000203e+01
4.633325468672155889e-02 8.813076560356651612e+01 7.422251371742112269e+02 -3.318713991769546965e+02 4.563320366083675594e+01 6.990301354595335859e+00 3.201891932441700988e+02 -1.306553283607681522e+02 -2.589804098079561001e+01 -4.154977655606995768e+01 1.631536565500685754e+02 -5.386523169581618475e+01 -5.947778420781892805e+01 -1.415249378429355254e+01 -1.786635025505829688e+01
5.038752484052157893e-02 1.852118936052921754e+02 6.453322078280044707e+02 -3.141867420066152476e+02 1.114911797133406850e+02 2.176618143605292346e+02 2.827956691014333046e+02 -1.268646551130099311e+02 1.484691289966924046e+02 1.121897136852260246e+02 1.478494521775082831e+02 -5.603361872932745769e+01 7.777623690738698770e+01 2.292289355361080538e+01 1.619933287968577673e+01
5.464179025701254577e-02 1.367991563360881457e+02 6.046632805325987192e+02 -3.267633149678604241e+02 8.446661931818181301e+01 1.254260072314049523e+02 2.640188533057851146e+02 -1.346617022497704284e+02 5.203361742424242209e+01 3.126651816460055144e+01 1.215293273645546321e+02 -4.867805899908172762e+01 -7.792491678145086809e+00 1.220328507016184449e+00 -4.709223807679062901e+00
5.886817576171304162e-02 1.942936849479583543e+02 5.283691453162529115e+02 -2.992951361088871067e+02 1.155435473378702937e+02 1.982951861489191288e+02 2.275500900720576283e+02 -1.216853357686148769e+02 1.156020066052842168e+02 7.119368619895915629e+01 1.047746134407525886e+02 -4.680954763811048736e+01 3.141840972778222252e+01 9.182371678592874176e+00 1.945837529398518617e+00
6.290140616743733482e-02 2.698472540045766550e+02 5.099965675057208614e+02 -3.014819555682685177e+02 1.785153985507246546e+02 3.676686689549961784e+02 2.358583619374523437e+02 -1.293331426392067272e+02 2.651253337147215916e+02 1.974756984172387604e+02 1.141940908657513347e+02 -5.094112914759725896e+01 1.425450038138825448e+02 3.980128480167810778e+01 3.009736424961861445e+01
6.703999982739437813e-02 2.202908178550030129e+02 4.768166192330737090e+02 -2.981832309766327285e+02 1.134633107399640579e+02 2.333271794487717159e+02 2.054159301977231848e+02 -1.246641982474535695e+02 1.127910144547633280e+02 8.028582796584781534e+01 8.611826879868185358e+01 -4.414125224685440685e+01 2.443570953789694400e+01 8.011822901063510471e+00 -4.939296898404733627e-01
7.134254604642074893e-02 2.460951941160666365e+02 4.188308033315421994e+02 -2.557660531972058209e+02 1.578690556152606348e+02 3.047781434712520650e+02 1.860020150456743693e+02 -1.074125134336378409e+02 2.130112674637291832e+02 1.477995029554003281e+02 8.336510948414832001e+01 -3.871245718027942218e+01 1.028233140784524551e+02 2.771020494693713232e+01 2.027499076437399239e+01
7.561818311969153994e-02 2.126770683453237325e+02 3.476554556354915917e+02 -2.173096223021582887e+02 1.384141786570743307e+02 2.887166966426858608e+02 1.531361510791366811e+02 -9.032378597122301755e+01 2.047984562350119973e+02 1.491300959232613934e+02 6.895392685851318504e+01 -3.403895758393285575e+01 1.104228117505995215e+02 2.948788406774580295e+01 2.341661420863309573e+01
7.973924982214039558e-02 2.254432796007342859e+02 3.173691486920606053e+02 -2.076147028453418955e+02 1.325995152592932698e+02 2.712060291418081874e+02 1.357937413951353847e+02 -8.469978344424048089e+01 1.861890201927489841e+02 1.279066659017898218e+02 5.665692404772831736e+01 -2.911062987608994845e+01 9.253041819642038490e+01 2.316205111289582419e+01 1.791138423588802198e+01
8.385356877962653332e-02 1.981788090981326889e+02 2.735718116805721252e+02 -1.756768722685737032e+02 1.191120878029400103e+02 2.524143573698847831e+02 1.200062077870480692e+02 -7.422326926897099497e+01 1.797209103098927301e+02 1.319248981922924031e+02 5.204171632896304800e+01 -2.695941659217322339e+01 1.010769889749702060e+02 2.761909018673023297e+01 2.298564449245133190e+01
8.809929214337092196e-02 2.221790777038851843e+02 2.573192159607980329e+02 -1.685887075603780261e+02 1.309980639656982930e+02 3.036659082954147379e+02 1.149152301365068212e+02 -7.107612880644032316e+01 2.075044627231361574e+02 1.639429471473573585e+02 4.861326347567378292e+01 -2.399004911183059008e+01 1.209446534826741271e+02 3.460104567728386371e+01 2.780723879943997190e+01
9.230415729057904473e-02 2.153919675693747706e+02 2.298601638248077563e+02 -1.529682484954864492e+02 1.285690926947509070e+02 2.936903418589100738e+02 1.020958918421932395e+02 -6.431276120026745957e+01 2.123246823804747407e+02 1.644616349047141455e+02 4.450626880641925709e+01 -2.264912706870611814e+01 1.304161338181210112e+02 3.597769872116349177e+01 3.098450037612838415e+01
9.643309047658384092e-02 2.063542108451984234e+02 1.981755907300817796e+02 -1.303379468342926373e+02 1.196875946682823439e+02 2.714372917297788490e+02 8.555693350499848293e+01 -5.362302143289912237e+01 1.918957134201756958e+02 1.446919399424416781e+02 3.553373030899727070e+01 -1.815805343077855127e+01 1.129488412602241709e+02 3.010768280445319434e+01 2.557786939563768414e+01
1.005689403076158450e-01 2.112719845722300249e+02 1.874495441795231443e+02 -1.246653225806451672e+02 1.248410589060308666e+02 2.871680224403927468e+02 8.329987727910238959e+01 -5.291182503506311718e+01 2.034195476858345160e+02 1.552588709677419558e+02 3.533469495091163992e+01 -1.861311141304348027e+01 1.191094670406732234e+02 3.180307021388499322e+01 2.613738604488078821e+01
1.047818677762802908e-01 1.813644044062733371e+02 1.511244398805078504e+02 -9.885013691809808734e+01 1.066054269355240223e+02 2.525983009708737939e+02 6.792008183968135882e+01 -4.177237755165546673e+01 1.831863642021409078e+02 1.443373786407767057e+02 3.089985919218322152e+01 -1.562937204381379175e+01 1.147763100572566657e+02 3.139933019044062590e+01 2.669757826114015486e+01
1.090277847809041356e-01 1.552556646525679866e+02 1.336837526144550452e+02 -8.836555891238670313e+01 9.211988728793865278e+01 2.144105275389263170e+02 5.982326283987915616e+01 -3.771876452475017771e+01 1.548898878689286676e+02 1.196050720427608667e+02 2.608019840808738010e+01 -1.365147680397397245e+01 9.381472954915174967e+01 2.518865290204508511e+01 2.100616394085521677e+01
1.132170039508717807e-01 1.412181364438561673e+02 1.164262905360688194e+02 -7.344537282153099511e+01 7.763412750937568774e+01 1.872282980366203446e+02 5.137431061107434260e+01 -3.069614838407235879e+01 1.286036013677476149e+02 1.020193097838076284e+02 2.248692229208029758e+01 -1.081233282318552824e+01 7.633786951246415242e+01 2.097280877729980020e+01 1.669753233234061440e+01
1.174008294871188018e-01 1.315500527002610056e+02 1.010905942581810848e+02 -6.270753237301746452e+01 8.002419192933146519e+01 1.935064244127685242e+02 4.680339665729773202e+01 -2.706143658401927254e+01 1.442151927323830591e+02 1.161687663119855500e+02 2.215395377434250079e+01 -1.026976808748243286e+01 9.402812562738405688e+01 2.607784110871310901e+01 2.233998726410359481e+01
1.215998224695146873e-01 1.106565995260663442e+02 8.441662322274881092e+01 -5.314460900473933691e+01 6.106746445497630305e+01 1.446249289099526152e+02 3.680639218009478242e+01 -2.225522215639810497e+01 1.017380213270142093e+02 7.871287322274881149e+01 1.616857819905213134e+01 -8.166640254739336413e+00 6.120764218009478697e+01 1.632782731042653879e+01 1.358869520142180143e+01
1.257670529567683493e-01 9.678278104400499160e+01 7.288247706217708810e+01 -4.514565517548548002e+01 5.587886379832531958e+01 1.350702164617851508e+02 3.312847964546588031e+01 -1.916012771690717997e+01 9.650445394619633532e+01 7.684352173525743979e+01 1.519074302957420386e+01 -7.059685662747194002e+00 6.028250267236771975e+01 1.661989327231427183e+01 1.392545764297167388e+01
1.299386816717305049e-01 8.915367199077886085e+01 6.536179091882101488e+01 -4.071054513831714416e+01 4.953064280421538257e+01 1.196331919973653868e+02 2.861755670591141154e+01 -1.692738736003622790e+01 8.448009632800922475e+01 6.679682096986662998e+01 1.260227389675613452e+01 -6.063213969619628330e+00 5.248460913057797228e+01 1.426615243701630220e+01 1.207655040754157838e+01
1.340949335765710126e-01 7.824573615738538024e+01 5.532821672219578346e+01 -3.283804339203554434e+01 4.672946414405839022e+01 1.148504878629224208e+02 2.579171872521022024e+01 -1.418945591385054783e+01 8.335427574171031040e+01 6.788574884975409418e+01 1.226044889338410293e+01 -5.406659031413613370e+00 5.333204426463588987e+01 1.488553069966682685e+01 1.235282801840393496e+01
1.382635144665005922e-01 6.810723536443994419e+01 4.688361288219098810e+01 -2.756170074989132246e+01 3.748710784668888607e+01 9.325717287349660012e+01 2.081827361976525381e+01 -1.150222567381539029e+01 6.589527785828141759e+01 5.373520142008404576e+01 9.679464479785538700e+00 -4.307050721815679495e+00 4.215014128387190340e+01 1.175292643276336868e+01 9.846267751050572059e+00
1.424925284902303357e-01 5.926505523925714414e+01 4.005953470245356840e+01 -2.307465560187067766e+01 3.304006328792191738e+01 8.215875355835704852e+01 1.812987367832452179e+01 -9.839935356513487719e+00 5.831276264063982495e+01 4.737148400433780182e+01 8.661736329978310778e+00 -3.888904597905652238e+00 3.725666768334010470e+01 1.030940550020333468e+01 8.655651115799104289e+00
1.466886314558672189e-01 5.237391404501776293e+01 3.505048456627616105e+01 -1.994674090101355546e+01 2.893025618665262400e+01 7.214100138212451441e+01 1.587060784684743808e+01 -8.455847600204027259e+00 5.075111886270895667e+01 4.127971567724101476e+01 7.481726956364354031e+00 -3.207580911873107343e+00 3.216438849216795859e+01 8.926260982953797551e+00 7.423289518066341408e+00
1.508619291163366127e-01 4.304090570681901085e+01 2.749308488817309026e+01 -1.508765345812568448e+01 2.303410834751428382e+01 5.860672176978242476e+01 1.219619279506503062e+01 -6.268841353166403785e+00 4.065082958551112569e+01 3.363220949313237185e+01 5.760691264282241875e+00 -2.376771035918317843e+00 2.611817415218184024e+01 7.338445438799076292e+00 6.110889639297435671e+00
1.550655720814744509e-01 3.713526728459834203e+01 2.377359325813221247e+01 -1.328181291535501884e+01 2.064252871050483762e+01 5.190474160545645077e+01 1.080079992275853940e+01 -5.716812587443161675e+00 3.748431123936107667e+01 3.071465110178383995e+01 5.242547292176751306e+00 -2.286136797539932264e+00 2.458102701993703931e+01 6.839298596537250141e+00 5.817241058936691189e+00
1.592593054631499527e-01 3.193718520748932477e+01 1.986764343589182147e+01 -1.055312123617650322e+01 1.781583269462389296e+01 4.503872632212854654e+01 9.174543893025292718e+00 -4.555008280411693811e+00 3.223946471586554452e+01 2.660003216358261113e+01 4.590811651428884588e+00 -1.855186890944924949e+00 2.103492486039636589e+01 5.889382938245921295e+00 4.929088282190956072e+00
1.634144798183441161e-01 2.585475999999999885e+01 1.593169333333333348e+01 -8.388710833333332673e+00 1.475682499999999919e+01 3.783182000000000045e+01 7.502323333333333011e+00 -3.609444583333333512e+00 2.735732000000000141e+01 2.295363000000000042e+01 3.790463333333333296e+00 -1.419798854166666624e+00 1.832328333333333248e+01 5.225294583333333520e+00 4.423770416666666705e+00
1.675823816150099899e-01 2.297621731985766402e+01 1.395095970890580084e+01 -7.307587167638628145e+00 1.256291004620934970e+01 3.216797840268854003e+01 6.376566052189383882e+00 -3.165389937728575465e+00 2.271456304981713714e+01 1.886669559899179660e+01 3.125422787758228793e+00 -1.276074517983344814e+00 1.481644138578629999e+01 4.152880825590590241e+00 3.473593719111396361e+00
1.718045808093531246e-01 1.792513111888111865e+01 1.082195585664335624e+01 -5.632939612470862834e+00 1.007476544289044362e+01 2.573226689976689840e+01 5.037356861888111936e+00 -2.445202323717948545e+00 1.851234265734265705e+01 1.541042832167832088e+01 2.531581985722610728e+00 -9.941074810606060908e-01 1.222272435897435905e+01 3.441197552447552432e+00 2.889592256701631889e+00
1.760135070798979073e-01 1.501158108323467744e+01 8.977590554138966894e+00 -4.423714114151716892e+00 8.144165205810034891e+00 2.101766403333029842e+01 4.120588616132410564e+00 -1.914482436993443226e+00 1.489721450687551219e+01 1.253111909206811703e+01 2.103762678148620502e+00 -8.076850426304525987e-01 9.851000449640288537e+00 2.800449711433385058e+00 2.330248696612330583e+00
1.801930856696074279e-01 1.291858377376182787e+01 7.614175981374136981e+00 -3.697725311141420335e+00 6.944821679737447795e+00 1.809416689753644292e+01 3.494762807944761906e+00 -1.596521103273378372e+00 1.286575499744267326e+01 1.088262403034694437e+01 1.801909404036314166e+00 -6.731281067524081951e-01 8.647701602591425285e+00 2.465890988619896085e+00 2.084856296884323612e+00
1.843742315857553882e-01 1.050292261979036645e+01 6.169073262415772696e+00 -2.933894655706680066e+00 5.567796720322768955e+00 1.448308948922718642e+01 2.794476203102903344e+00 -1.262200166635471188e+00 9.988564283337492355e+00 8.420834503161135132e+00 1.390168117253140379e+00 -5.193413560773854076e-01 6.489419557441144626e+00 1.843647477591298545e+00 1.518031270796938781e+00
1.885797910080431738e-01 7.745112445078238927e+00 4.549095055596238169e+00 -2.180277366935173156e+00 4.007093458529253027e+00 1.035960263624450661e+01 2.011092750327603262e+00 -9.203971710475602475e-01 7.183426033878054007e+00 6.009779927541817557e+00 9.984079012660910246e-01 -3.751617692756108458e-01 4.670627818353503713e+00 1.319500115624758996e+00 1.091780765821321220e+00
1.927656394953895236e-01 6.529669432958113973e+00 3.848526399418026323e+00 -1.852427564323455345e+00 3.509588693621257693e+00 9.081579873076039533e+00 1.766541214392373327e+00 -8.086105008997627186e-01 6.418933422352401053e+00 5.386698110498507219e+00 9.044878651696148797e-01 -3.481313324383566998e-01 4.246515214602956334e+00 1.202726941788230475e+00 1.007341081820966489e+00
1.969014248243030341e-01 5.530480849632807505e+00 3.201802277230422433e+00 -1.479195164236893678e+00 2.941000372645968142e+00 7.682424970915436191e+00 1.466574054297244079e+00 -6.466013949229258984e-01 5.355207159347051160e+00 4.533847728677379507e+00 7.472034510652221240e-01 -2.741473593261470332e-01 3.503600918890423799e+00 9.954525546698901328e-01 8.148836418645022395e-01
2.010715633173454087e-01 4.169444109956650379e+00 2.399697563304204362e+00 -1.066414918310913063e+00 2.185311285092548239e+00 5.764582114842084160e+00 1.093066480165829635e+00 -4.574226007190532184e-01 3.991477908036881850e+00 3.417602396270556842e+00 5.625082987317656658e-01 -1.928721520902859088e-01 2.645638912303034829e+00 7.630040790786486449e-01 6.299408028280465421e-01
2.052920281681521186e-01 3.421017292692939193e+00 1.945394730090312052e+00 -8.825865917487684120e-01 1.803914460180624069e+00 4.717604679802955836e+00 8.834958692528736002e-01 -3.867296541461411885e-01 3.317133107553366322e+00 2.811704638752052343e+00 4.591911689244663197e-01 -1.711381042179802858e-01 2.218738711001642105e+00 6.322336822660098443e-01 5.314652286022167882e-01
2.095172134954577381e-01 2.488302416750677093e+00 1.424899630221788227e+00 -6.366417744037867754e-01 1.236959804832713727e+00 3.287239698191670279e+00 6.207468368013987492e-01 -2.631564892335076511e-01 2.205753122834099855e+00 1.890650104750803306e+00 3.070909107019091366e-01 -1.062983604874850330e-01 1.442740739792703675e+00 4.153991433865225624e-01 3.415168462722890652e-01
2.136973926115405542e-01 2.188061288759689749e+00 1.236683018410852819e+00 -5.224463420542635461e-01 1.163140503875969012e+00 3.101005813953488399e+00 5.769596051356589150e-01 -2.264017835513565946e-01 2.215467054263565938e+00 1.922891957364341042e+00 3.170117490310077613e-01 -1.011668180717054250e-01 1.539093749999999927e+00 4.498346354166666838e-01 3.817423389050387805e-01
2.178750580088065492e-01 1.649154311131386885e+00 9.327251938868613701e-01 -3.906765510948905229e-01 8.351419936131386779e-01 2.227890967153284940e+00 4.173314895072993136e-01 -1.676116275091240893e-01 1.515531478102189800e+00 1.306773038321167979e+00 2.145604185675182574e-01 -7.287435846259124328e-02 1.004816491788321109e+00 2.905354698905109334e-01 2.395844263229927051e-01
2.220823861956562617e-01 1.325581651576690945e+00 7.401075601483613209e-01 -3.054396850496418070e-01 6.887355909241552610e-01 1.845797767882326523e+00 3.387165742053083184e-01 -1.308481506185832366e-01 1.308456908952445374e+00 1.140778808456027527e+00 1.838259776312263782e-01 -5.709533984066501866e-02 9.068214380782140260e-01 2.661662493124894446e-01 2.244907959521492691e-01
2.262696194198526023e-01 1.025499018773672999e+00 5.770769254851237928e-01 -2.380433680164818488e-01 5.155071713577976666e-01 1.384913259249602069e+00 2.582619160245238077e-01 -1.011339639828182507e-01 9.405350256628424166e-01 8.164524594129110024e-01 1.339283876324312561e-01 -4.394205586214113002e-02 6.268551310245924491e-01 1.823014812529162310e-01 1.494961351347642298e-01
2.304259489101245229e-01 7.964497202742688575e-01 4.389426856655697651e-01 -1.716997438058953940e-01 4.062605736823947655e-01 1.095987370462024435e+00 1.981992448732153300e-01 -7.270111558569078425e-02 7.698386124343188364e-01 6.744666406540258397e-01 1.083442862515591049e-01 -3.282552726911223961e-02 5.359775763295472339e-01 1.578810164252826276e-01 1.334491885839061143e-01
2.345870463846415066e-01 6.021919695118848059e-01 3.317343097864813850e-01 -1.268053880482707396e-01 3.005833975527434365e-01 8.196845216508882315e-01 1.482617167617829856e-01 -5.214691899924289026e-02 5.659325572924619463e-01 5.012385597992059516e-01 8.005068760497785485e-02 -2.218074956825867236e-02 3.921363928812287014e-01 1.167115829746589867e-01 9.772349522788148501e-02
2.388019837064606632e-01 4.533745507803070840e-01 2.495180364912736037e-01 -9.583299819444612844e-02 2.216966369625959776e-01 6.046306120401438999e-01 1.098454831355911848e-01 -3.927177812639556093e-02 4.123735885977405924e-01 3.639292428064500595e-01 5.852083666507749277e-02 -1.676826070036782634e-02 2.826142549365133205e-01 8.379714119378531278e-02 6.960218432604221850e-02
2.430077036534963875e-01 3.452647792308515262e-01 1.893294354407359936e-01 -7.080896454009770469e-02 1.622926806981885572e-01 4.446097352969143879e-01 8.040423201226941374e-02 -2.866095210688263811e-02 2.869794173887462718e-01 2.528709303163481081e-01 3.986929115110778021e-02 -1.189296702280345092e-02 1.838166605007607035e-01 5.387146927595920509e-02 4.170593775350787957e-02
2.471758823520590620e-01 2.515640493863531835e-01 1.398320846926017491e-01 -5.414587719518854786e-02 1.115268730958266369e-01 3.024020428546792538e-01 5.650701288191251059e-02 -2.159893135005892112e-02 1.922842356001379649e-01 1.660636335220740389e-01 2.733673846537997346e-02 -8.965528342991923444e-03 1.228884558591055443e-01 3.540830035460738184e-02 2.847996665900207058e-02
2.513692271335918882e-01 1.896310353622379929e-01 1.038707619469607518e-01 -3.909447728285961321e-02 8.443302920618901697e-02 2.300578424494551799e-01 4.158790671513965670e-02 -1.517257032694480090e-02 1.461048998471073668e-01 1.276960279022252842e-01 2.008091096601352307e-02 -6.115255363764509830e-03 9.332661350980264725e-02 2.726942658930408062e-02 2.146088617395026585e-02
2.555723892733414715e-01 1.322714893170755246e-01 7.353853403297487545e-02 -2.864948404731526566e-02 5.550346598645838209e-02 1.495347140598865809e-01 2.811088943203322865e-02 -1.129298024660789490e-02 9.283073207048506137e-02 7.927142540514968416e-02 1.311548184524368062e-02 -4.787769817429678512e-03 5.744729318335334983e-02 1.625811835374606218e-02 1.272010664161341530e-02
2.597674079539822323e-01 1.010159516337479912e-01 5.579731056529842886e-02 -2.105716661796659325e-02 4.113318750530980950e-02 1.129200320937770313e-01 2.101159075140565310e-02 -8.097116610420227942e-03 6.661576121270904038e-02 5.747062468462948298e-02 9.206888206944844819e-03 -3.180520069109587025e-03 3.976365634782922515e-02 1.129301363197097660e-02 8.536422911136955921e-03
2.639178238801485610e-01 8.513933450672703240e-02 4.684514060741507696e-02 -1.674661560245932837e-02 3.571336721627531990e-02 9.816190634911499402e-02 1.807618036771664605e-02 -6.457757452208985269e-03 5.992528307723295894e-02 5.245453499079189702e-02 8.477197455462194553e-03 -2.640802747563689157e-03 3.691979258587834573e-02 1.071811064830801088e-02 8.133140019119602243e-03
2.680749044740857179e-01 5.856272689346364579e-02 3.172750769369253598e-02 -1.032189567765110297e-02 2.464298518073888486e-02 6.971786125500688269e-02 1.253071150213853381e-02 -3.672245989187308216e-03 4.233031142103425154e-02 3.855459193500383047e-02 6.124768536654223716e-03 -1.299506065829488096e-03 2.730133296973804094e-02 8.316006297704833794e-03 6.453341285654361735e-03
2.723023151079725368e-01 5.038749707518718618e-02 2.720711430024034053e-02 -8.849380558047062126e-03 2.500908362003720700e-02 6.930018527425356456e-02 1.232375294647809240e-02 -3.701376848860839404e-03 4.896978885018025279e-02 4.428143577977675799e-02 7.163049377339850664e-03 -1.722940144157162831e-03 3.567292856451631522e-02 1.085451069326007559e-02 9.336796325243517519e-03
2.765128983200950685e-01 3.065837904073995257e-02 1.653155422958686727e-02 -5.151583396287099000e-03 1.178345081666328995e-02 3.385474951641151420e-02 6.067954111631266266e-03 -1.726152689953758300e-03 1.971584780382935193e-02 1.813162174246625916e-02 2.829970186920901729e-03 -5.647939044351047832e-04 1.263854420843095114e-02 3.889940508151961199e-03 2.995360638144774733e-03
2.807027537381580062e-01 2.345825688655881966e-02 1.293833881244783358e-02 -4.509467924443474537e-03 8.659766851923541425e-03 2.368731192892286133e-02 4.464484392245568825e-03 -1.699932060181371957e-03 1.293341932093986131e-02 1.101289359364017797e-02 1.810265492312079913e-03 -6.806670037917943866e-04 6.971526493655003619e-03 1.921996373196851494e-03 1.322820915151115854e-03
2.848857026249724811e-01 1.478292678169905450e-02 8.105300877305885235e-03 -2.828740371816122756e-03 4.761975483731591997e-03 1.332730063358149135e-02 2.492908976702761480e-03 -9.295250967065641452e-04 6.254308520119613267e-03 5.363275618141875173e-03 8.234913515640629976e-04 -2.911370821152776457e-04 2.724132907485576904e-03 7.380053542533898800e-04 3.436221520954895478e-04
2.890807262117984777e-01 9.833687263277100452e-03 5.373609615395518943e-03 -1.838216069656002909e-03 2.388907569002083307e-03 7.005502699987680056e-03 1.298015900156543724e-03 -4.697483248866835578e-04 2.198685392576642771e-03 1.940504270475628670e-03 2.307273009764626267e-04 -5.056197147849477547e-05 4.258596747292699093e-04 1.163688734922445806e-04 -5.634449309542638272e-05
2.932785946948970324e-01 7.058681017728552810e-03 3.870865046165817506e-03 -1.334612904680058509e-03 1.825901985448922116e-03 5.213967562539824525e-03 9.905761493380833057e-04 -3.843800801800477439e-04 1.890607368352814274e-03 1.576161659593984000e-03 2.268921864234134855e-04 -9.014665451376390685e-05 5.060666543036720097e-04 1.128593527467890655e-04 -2.459411164870765583e-05
2.974321087309398370e-01 5.314292133435552512e-03 2.891484437820266307e-03 -9.832620277788876352e-04 1.221189518715600983e-03 3.537510156593365665e-03 6.568728229461129157e-04 -2.632802299022750738e-04 1.087055934852964754e-03 9.155462434807390892e-04 1.092594348528866421e-04 -5.238011219792231579e-05 1.701158057467823718e-04 3.000054855553967032e-05 -5.611073995562470358e-05
3.016123743882810904e-01 2.692641178875703704e-03 1.445212074742911485e-03 -4.990777776391107715e-04 -9.101404549595646883e-05 -3.110536534402099458e-05 4.375613880142961834e-07 -4.055185548685718818e-05 -1.540901605422395713e-03 -1.427464011450726468e-03 -2.856575661047977836e-04 6.887015007990563906e-05 -1.802098506229318905e-03 -5.619639877349515145e-04 -5.883198721703013830e-04
3.058101292111336522e-01 2.402881960618139662e-03 1.318184926078468490e-03 -4.166286550765024247e-04 3.730736285634880670e-04 1.137232153359119631e-03 2.313178484346107156e-04 -9.066259925704309717e-05 -1.285753077652402622e-04 -1.486410524199935053e-04 -3.386042927006734581e-05 1.108387545311139636e-06 -4.951960537889324486e-04 -1.623424089216275691e-04 -1.887838966976676275e-04
3.100168993294901143e-01 1.641707713301101407e-03 8.957480908110650782e-04 -2.868514638531481338e-04 1.491151029381055065e-04 5.313127077601760258e-04 1.122453516567963272e-04 -5.234276746560341921e-05 -3.837015800604146498e-04 -3.655778547247197255e-04 -7.271478636479829184e-05 1.001606548823476775e-05 -6.275293580695353278e-04 -2.007640968994203767e-04 -2.238748473735781980e-04
3.142092030053749707e-01 1.939337156808553734e-04 1.236733885543823605e-04 -1.077794907478666188e-04 -6.227507177370392210e-04 -1.699024303180135878e-03 -2.830725615303685255e-04 2.292961557171656919e-05 -1.889472189835628016e-03 -1.796322671319737583e-03 -3.133956623292570901e-04 4.606854621791983939e-05 -1.691869389744244615e-03 -5.385617556405947019e-04 -4.922802376841782165e-04
3.183867557675504334e-01 8.443793540469847914e-04 4.494578196041277337e-04 -1.145841539622211860e-04 1.265433499743139989e-04 4.379335754308951497e-04 7.853402331857769071e-05 -1.134199878903534981e-05 2.356161300511932187e-05 4.882133158138232497e-05 -5.251724234354380240e-08 1.313597929899494625e-05 -6.638985019977808333e-05 -1.338751489838915974e-05 -2.484189612876001519e-05
3.225872781332082551e-01 4.307235740179882416e-04 2.341526211254938154e-04 -7.231161346455915987e-05 -7.021613344460618837e-05 -1.460804479046731057e-04 -2.214269188659529411e-05 1.218134022382848934e-06 -3.530990423371327164e-04 -3.200051813478257501e-04 -5.952139082809201833e-05 1.510975755847609619e-05 -3.475596598893933428e-04 -1.067231198271258841e-04 -1.031827805691862754e-04
3.267666109043823597e-01 2.388084266331918766e-04 1.384595007145922221e-04 -6.159471352798544198e-05 -1.193071481577709923e-04 -3.216041884738800229e-04 -4.815025074678878193e-05 -4.945143646774640879e-06 -4.894624046458076081e-04 -4.705858445955322196e-04 -8.152956340547277275e-05 9.369235866084467282e-06 -4.886115259471942316e-04 -1.565509878862697871e-04 -1.503757823304194773e-04
3.309328770241455886e-01 3.852078651152358369e-05 2.466237579386975899e-05 -1.622287582622902703e-05 -1.681008492605359393e-04 -4.528207921778612229e-04 -7.568388479965231462e-05 1.168110577546493738e-05 -5.253128405689764038e-04 -4.911586019054643834e-04 -8.419615022227643639e-05 1.572976446610452916e-05 -4.786651252334440292e-04 -1.500890979495751059e-04 -1.403180549483552537e-04
3.351106074107195187e-01 3.594389322860738306e-05 2.474268868343987692e-05 -2.031202958581388912e-05 -1.404632974472341475e-04 -3.887018024750118193e-04 -6.345805266224323338e-05 4.192633016934979331e-06 -4.422820926710588742e-04 -4.227076383526587409e-04 -7.202555265454043320e-05 8.592522324554088703e-06 -4.133253801796982468e-04 -1.322652732642251399e-04 -1.254706625251431485e-04
3.393095620710060434e-01 -2.218376740956918067e-05 -1.031239602008196241e-05 -2.755808778098389037e-06 -1.172074975138075404e-04 -3.166331258479445081e-04 -5.431183027698928699e-05 9.376914927721729246e-06 -3.189602535153244784e-04 -2.962492860106160177e-04 -5.129696133819280549e-05 9.672770670887437762e-06 -2.687549515399672174e-04 -8.381152793299686686e-05 -7.464261305259671899e-05
3.435164896197421824e-01 -3.803405147157169942e-06 1.835884447656245165e-07 -5.407857134017059315e-06 -6.912992686160671974e-05 -1.889839485050770962e-04 -3.157760110625813186e-05 4.045095202226314277e-06 -1.899969388273203569e-04 -1.786837117011278917e-04 -3.057758123230984952e-05 4.972843405988251831e-06 -1.601593996731515580e-04 -5.030670879700039754e-05 -4.427555171546722205e-05
3.477107812306902690e-01 -4.677798637658302184e-05 -2.269597572866340223e-05 1.570534111625747713e-06 -9.142563252855316202e-05 -2.494535251566566713e-04 -4.214254583834312941e-05 7.389854052045150187e-06 -2.437478098262051412e-04 -2.273195669720618254e-04 -3.874922295675431395e-05 7.198033927755452896e-06 -2.077363289063989473e-04 -6.505848148032030754e-05 -5.866567017402708067e-05
3.518857617074659383e-01 -4.264827777354320324e-05 -2.150254569108943757e-05 2.092545784055100274e-06 -6.633049743750681830e-05 -1.828324617038778349e-04 -3.117179411806469247e-05 5.157008622738859287e-06 -1.679820686752558630e-04 -1.570512907211847674e-04 -2.665216950298770403e-05 4.616981438133766635e-06 -1.383564434163616404e-04 -4.335159283405852168e-05 -3.826801876490815916e-05
3.560773577310688554e-01 -4.154014374868138682e-05 -2.104048518596518083e-05 2.690647547457924135e-06 -5.976863991855029949e-05 -1.635325270401917952e-04 -2.795455626067851757e-05 5.067316829297417534e-06 -1.527259336747976992e-04 -1.420152932519422350e-04 -2.436569481993672555e-05 4.652920058708688408e-06 -1.269969178813012544e-04 -3.963973633714644619e-05 -3.520729121450500836e-05
3.602869550449780967e-01 -2.122502854395210480e-05 -1.070023814291891400e-05 1.096246165420747362e-06 -3.289155014579707599e-05 -8.992109098219216643e-05 -1.543681584536195998e-05 2.663597042507486097e-06 -8.202701389127860915e-05 -7.650391380583489783e-05 -1.323525559364880130e-05 2.431249609058857329e-06 -6.695027056383183808e-05 -2.095499591417408254e-05 -1.829712715846021858e-05
3.644651285618699665e-01 -2.309673360765917874e-05 -1.179539947107615171e-05 1.519058547079211207e-06 -3.077919304165211930e-05 -8.546048583092861312e-05 -1.464282308793415729e-05 2.372993911442439635e-06 -7.735270973780044592e-05 -7.273806688628539022e-05 -1.240088520305632593e-05 2.018943154243306725e-06 -6.421361976635970984e-05 -2.024468687391773017e-05 -1.796021479959095669e-05
3.686396944457170921e-01 -2.160600174031450954e-05 -1.126502173304334828e-05 2.079793337127386396e-06 -2.416271342502176008e-05 -6.657846542061299092e-05 -1.154509873453629772e-05 2.237312676622907163e-06 -5.856498447514449590e-05 -5.435012223495696502e-05 -9.291138252807168321e-06 1.825666298689701957e-06 -4.721662383831790060e-05 -1.467255396795603372e-05 -1.284488489584847670e-05
3.728293470315630076e-01 -1.876865541555898767e-05 -9.669022546248351257e-06 1.459358950796786651e-06 -2.061836888599041987e-05 -5.727035253836454111e-05 -9.839256616470532025e-06 1.656089853601860582e-06 -5.121949037346585151e-05 -4.804434992985089992e-05 -8.173299321249145137e-06 1.353231412929856929e-06 -4.252415026713427453e-05 -1.339301839134544697e-05 -1.194207667586963493e-05
3.770363921861874523e-01 -1.517529026994185612e-05 -7.841252179066332060e-06 1.141309261740340479e-06 -1.411324577357571787e-05 -3.931664365438797493e-05 -6.759320682154167704e-06 1.128094812061879857e-06 -3.291489680801779787e-05 -3.086168964258445525e-05 -5.248245038836540857e-06 8.945336716253398933e-07 -2.620643848493929239e-05 -8.204929985978215299e-06 -7.087147390415985125e-06
3.812363453093803867e-01 -1.085791225273439008e-05 -5.579599011228115952e-06 9.923443159432590000e-07 -1.088837570016917467e-05 -3.022999619661044437e-05 -5.208138063071814692e-06 9.889973344928764471e-07 -2.618208204469573517e-05 -2.447159818524488159e-05 -4.166361223448559938e-06 7.938906310598802892e-07 -2.126158392359276222e-05 -6.659670557097638949e-06 -5.854810261825175363e-06
3.854150971210312249e-01 -1.069969566227128682e-05 -5.509542723442575150e-06 8.365645792535712856e-07 -1.051809390796963182e-05 -2.957929903157054471e-05 -5.074915199809952464e-06 8.099166297693787035e-07 -2.612858321868355042e-05 -2.460935920975178829e-05 -4.172366049206617640e-06 6.531786818202391869e-07 -2.169730581559378471e-05 -6.833747683663133376e-06 -6.074836277301262555e-06
3.896036578152083374e-01 -8.799027920410658099e-06 -4.655308029627173195e-06 7.505245369346488871e-07 -8.111901889754846720e-06 -2.285875082828687008e-05 -3.973126264274160533e-06 6.473977689470854221e-07 -1.973362811386245833e-05 -1.860816309205304834e-05 -3.175573824052643575e-06 5.041362540897127305e-07 -1.623607219081523744e-05 -5.131691066616902484e-06 -4.524187805082720755e-06
3.937795161075864914e-01 -5.242270119171310195e-06 -2.743191188757615554e-06 4.298966029082957833e-07 -4.794207115883733466e-06 -1.317412729688611729e-05 -2.265685990851383275e-06 3.729712495207301952e-07 -1.113267655709643272e-05 -1.046325770997674594e-05 -1.773956553529431724e-06 2.792278783823470971e-07 -8.989128249014930147e-06 -2.827375495808254052e-06 -2.490304516907934592e-06
3.979440095093054186e-01 -4.252533398471653112e-06 -2.195034094854110288e-06 3.589455604986240586e-07 -3.684768935973967116e-06 -1.044033179117831445e-05 -1.801302066604707508e-06 2.954297622204786819e-07 -8.653456476903392309e-06 -8.247150225792259314e-06 -1.407663699613142604e-06 2.208675074336625002e-07 -7.035000554640042323e-06 -2.233808263622902221e-06 -1.954396566462753490e-06
4.021139069446590386e-01 -3.000755698473709260e-06 -1.556152089387474139e-06 2.464765565647784030e-07 -2.573167077315585090e-06 -6.985441152421380526e-06 -1.216701734404432688e-06 1.976959872147039045e-07 -5.790866658751161390e-06 -5.421302945838721934e-06 -9.280121483828717758e-07 1.428628417350906669e-07 -4.637588015786834009e-06 -1.442050520323917052e-06 -1.281753422856197180e-06
4.063125452039867413e-01 -2.104104284892239285e-06 -1.074621066848299711e-06 1.708996763818841865e-07 -1.869158369175174992e-06 -5.169366213559216393e-06 -9.128042752959211417e-07 1.585833928934471802e-07 -4.473481007167381181e-06 -4.201753064456810101e-06 -7.147325417590065315e-07 1.157616567445476094e-07 -3.631114096506879494e-06 -1.156499287749004045e-06 -9.960899173078187986e-07
4.105412315868290918e-01 -1.137664996350853966e-06 -6.208287146840493308e-07 1.000155520531943605e-07 -1.124908394660619607e-06 -2.979593781193317501e-06 -5.258027725565643923e-07 8.552326567067848999e-08 -2.594067265949225374e-06 -2.441342365252603090e-06 -4.217129260217274624e-07 6.678677467483497579e-08 -2.134471142850940934e-06 -6.690608338831365499e-07 -5.922683994152724721e-07
4.147348487769681458e-01 -9.365887540946459040e-07 -4.626340045518084279e-07 8.082462634742675358e-08 -8.507141151868777264e-07 -2.254432791798088853e-06 -3.741458345176214906e-07 6.174481016859804388e-08 -1.836926762912615140e-06 -1.756634414610986621e-06 -2.904861093846534601e-07 4.488626965356309023e-08 -1.451401416026498408e-06 -4.778900584597309951e-07 -4.113590100227697885e-07
4.189107045044477284e-01 -6.960087100705833903e-07 -3.962949665710264922e-07 5.574085161252162353e-08 -6.908473723283983975e-07 -1.705491493544378728e-06 -2.955474648184943245e-07 5.279798035486714087e-08 -1.489293659617417405e-06 -1.289795288532870520e-06 -2.194472399313947683e-07 3.405159915083874780e-08 -1.134098822148954171e-06 -3.374132608516485046e-07 -3.048439606622675200e-07
4.230974437456921922e-01 -5.360728484139686288e-07 -2.827126846939141300e-07 4.979312258313901240e-08 -4.287957924280330752e-07 -1.324655341231624857e-06 -2.291553958695971834e-07 3.393292944343331920e-08 -1.107249154679274228e-06 -1.093721285616982219e-06 -1.757867690674162458e-07 2.260420293287773466e-08 -9.739332232946573827e-07 -3.024416988972280327e-07 -2.480819571435763069e-07
4.272931011032126136e-01 -3.801513229095038545e-07 -2.293257385422707053e-07 2.908108843736219568e-08 -2.665276652771380020e-07 -8.990627561909319170e-07 -1.765513566802825189e-07 1.911151859184850373e-08 -7.696360914332649324e-07 -7.607523174848800073e-07 -1.365194589121206267e-07 2.029687103364610241e-08 -6.473723789377990950e-07 -2.175146196810094804e-07 -1.687938236974750023e-07
4.314914587673138180e-01 -3.381126762565064787e-07 -1.628754908678282265e-07 4.437026145965967397e-08 -3.461555836382966483e-07 -7.862370011088354271e-07 -1.257035863841496965e-07 2.778847539363028221e-08 -6.455990880225423900e-07 -6.021934748319952240e-07 -9.783785248914933586e-08 2.558200971591187307e-08 -5.161747661997429418e-07 -1.436311106569070314e-07 -1.322623616458679255e-07
4.356511643511531418e-01 -3.731309260843068609e-07 -1.245158095698359857e-07 3.404991390642141089e-08 -3.383477119909196687e-07 -6.578113747004916351e-07 -8.294778190233876812e-08 1.715692956211864522e-08 -6.011572235035850184e-07 -4.828120468212815878e-07 -6.371441883366850595e-08 3.917420011477800501e-09 -4.687666511923137577e-07 -1.246701651255379924e-07 -1.061705648235745930e-07
4.398424702607344750e-01 -2.166229350578162416e-07 -8.659315205909339456e-08 1.366052763692515130e-08 -5.856537763476516029e-08 -4.215616942296868819e-07 -6.912741114265387721e-08 1.184624680894672091e-08 -2.077651984024669487e-07 -3.107995026837929666e-07 -4.787727184521047269e-08 6.444624914778975787e-09 -2.056444246550887048e-07 -8.986600823911956629e-08 -5.338333602144589836e-08
4.440501074980069407e-01 -1.743393676783643003e-07 -5.065390179952144288e-08 1.972828425037448301e-08 -9.075889985049274912e-08 -3.187726515225364479e-07 -4.140534147986704645e-08 1.503012543885849369e-09 -1.956309859774055967e-07 -1.980415318392672303e-07 -2.145104288617355703e-08 6.560604199758634037e-10 -1.272600092903072769e-07 -4.417365699472733460e-08 -3.437253252664466975e-08
4.482267968899237842e-01 -1.165357388899803082e-08 -2.071740667963631723e-08 -5.572214668930902614e-09 -8.912789597807434937e-08 -3.407577340344887077e-08 -1.638103039110729821e-08 -2.699267685354002544e-09 -3.656883872519835134e-08 -6.333797098531088214e-08 -1.594059077505348229e-08 -1.635449757398917059e-09 -2.732313668702803265e-08 -1.319661319814334491e-08 -2.318576757302033171e-08
4.524052929840755577e-01 -3.657219918115915713e-08 -3.466846533519425956e-08 1.742597885786831144e-08 -1.147886263703739305e-08 -1.289949302801747908e-07 -1.486191528219574015e-08 6.796531136064354067e-09 -7.936705391940361988e-08 -1.288527907607218269e-07 -1.445200540470120263e-08 4.518554374645888553e-09 -1.325548091342791075e-07 -4.348887497138181699e-08 -4.461935837379148951e-08
4.566090347930675253e-01 1.091629911524451120e-08 -3.843038774707805831e-08 1.553037267832355548e-08 3.211514284315593748e-08 -9.052142614626702960e-08 -1.616520208108476438e-08 1.235896584859449761e-08 1.289570747994917524e-07 -6.136124959191412042e-08 -7.749434530863602517e-09 2.600505009634804360e-09 1.130510743495993111e-07 -1.880328841396158349e-08 1.724334937510124797e-08
4.608167319022857811e-01 1.790735525864363479e-07 -1.468219315711624795e-09 -2.379412191143126168e-09 9.689644022820466448e-10 1.155775030235848927e-07 -7.503141217363457191e-09 -9.485441705672454172e-11 1.149880712381077144e-07 4.493159367026146016e-08 -9.664443462909736309e-09 2.136712062584579831e-09 4.636370275231750646e-08 8.109076553342002013e-09 1.336195413853315441e-09
4.649806979855051203e-01 4.866866238942617223e-08 -6.046158655174108326e-09 1.200331003391809060e-08 4.497108901285218181e-10 3.553428686730256903e-08 -6.619588240378248504e-09 -1.891538951262837969e-09 -1.648545474195578791e-08 1.096396492645652503e-08 -2.319762624408631902e-09 6.751924361882794979e-10 -1.510226635142183070e-08 1.240385302314267312e-08 1.313826076339202094e-09
4.691538386770017222e-01 -5.558936701189365634e-08 -2.356929093104332001e-08 8.539606531663076910e-09 -2.062677653091336398e-08 -1.427842778756676692e-09 -1.757583318940182562e-08 4.270420864504021109e-09 -6.541340253625055747e-08 2.316456358798297731e-08 -3.243918775788731732e-09 -8.747773602778640076e-10 -2.294667182660629240e-08 4.678619296461524314e-09 -6.245895207389637679e-09
4.733478629909182445e-01 1.421328343481723698e-08 -8.270981886548955959e-11 -8.457580594269338059e-09 -6.836435391872531723e-09 8.851788968838773929e-09 5.672981427829944549e-09 -3.663588540261978307e-09 -1.354285326436054227e-07 -2.101305471750255631e-08 6.055898477022689940e-10 -3.238302481853739215e-09 -8.084826933531648805e-08 -9.731852947861654739e-09 -2.822460195970404384e-08
4.775500538217637980e-01 -7.868430602042147793e-08 5.066582770732953808e-09 6.900167718117994476e-09 -5.188324613884463596e-08 -1.126460595640354054e-07 5.305267451727719982e-09 -2.756786570417882725e-09 -1.478293829965709983e-08 -6.908081309652794574e-08 1.520075425317673314e-09 -1.813685689698318753e-09 5.224638373777301904e-08 -1.017175096863613523e-08 -7.816491982328571629e-09
4.817339644282710998e-01 5.103856586742160429e-09 2.181227967787534823e-09 1.777733664631876826e-09 9.314608669356725651e-10 2.849288603133160892e-08 4.412918520984614302e-09 2.431638669859528355e-09 1.125948638338414838e-07 2.195092125673508788e-08 5.107499460462370869e-09 -8.432958085534580002e-10 5.189075560081753181e-08 4.503393449179251916e-09 5.943058131208856319e-09
4.859144464692263798e-01 -6.507111623913952782e-08 -2.065421482901784397e-09 3.287591306618251627e-09 -1.261255317026283716e-08 -9.566409502936209540e-08 -3.082776762389385355e-10 -3.784047650797843466e-09 -5.418260373155404582e-08 -7.604078568182589428e-08 -1.274064772131515185e-09 2.924994762119455059e-09 -2.920243221238882747e-08 -2.543389038334953862e-08 -1.306918910015039814e-08
4.901252990058800885e-01 -3.667822237508488472e-09 2.495842584575534433e-08 -1.468600557599045580e-08 7.931023115826070225e-09 -4.796510459986886536e-08 5.751529036670647411e-09 -1.375584506163976534e-09 1.530591820783074542e-08 -3.622202042994124975e-08 -2.607803886042559283e-09 -7.461162546170136906e-11 -3.516304519033889089e-08 -3.050207816645033360e-09 -1.173713372147749058e-08
4.943123444065962158e-01 1.105280889293022634e-07 -9.513285584497659846e-09 -7.368647223762977171e-09 -5.050963131361674640e-08 1.708112783635855667e-07 5.426230392252850456e-09 -8.974483630142418633e-09 1.624994383450079531e-08 1.201410727148444165e-07 2.579912627434723359e-10 -3.068935942080749733e-09 -2.138003864303699555e-08 2.425119392813339913e-08 9.045551644675306631e-09
4.984736335014697817e-01 -5.000824698075931856e-08 -4.046618792661171571e-09 -1.380725505832956176e-10 1.781400190948594399e-08 -1.994671706578023490e-07 -6.426416444247261101e-09 4.415342714569451636e-09 -2.086480931545917084e-08 -9.366279807493908749e-08 -4.332363426271116841e-09 1.900894942948746395e-09 1.615698444814497752e-08 -3.975446461705013533e-09 -1.699406473086888057e-08
5.026590164608074618e-01 -9.599578161446618915e-08 1.430551191135711499e-10 6.928907378884603321e-09 -3.179322789138846457e-08 -5.278537918848023375e-08 -1.762685957455564141e-09 -3.724624343551077069e-09 6.463576507667241165e-09 2.084458593431043046e-08 -4.853465943014546729e-09 1.024776699611576699e-09 -2.629602111620202417e-08 -9.831843255699284799e-09 -1.606013533200272586e-08
5.068609875937976073e-01 -7.908203968989231358e-09 -1.771911389518571582e-08 -2.773341451161196047e-09 -4.703845061817881806e-08 -1.844128781955567986e-08 1.908910345333194517e-09 8.956211079413963716e-10 3.255512719896257343e-08 1.438186288676590129e-08 3.271123154204695892e-09 -3.300116521714405213e-09 -1.346969395594761726e-08 1.916120419689688576e-09 -1.143396536184935703e-08
5.110594965365916620e-01 -4.903957350554485213e-08 -1.039457910924045574e-09 -3.331176666006601878e-09 -1.056271861617942869e-09 -6.540614447355222165e-08 3.714403368751429423e-09 -9.565462984738451831e-10 1.096957052528557000e-07 -2.191735139902461162e-08 1.477044342885462193e-09 -2.204898436121554613e-09 7.238440870789226697e-08 -8.701481080030024460e-09 9.349545147997545399e-09
5.152492140965455603e-01 -5.785051767522183101e-08 -1.647246055520395637e-09 4.364615710116874299e-09 3.813016724022553346e-08 -9.539008688832709066e-08 -2.770181671861906876e-09 5.550294595620008851e-09 1.202240370889531042e-07 -7.848196348442197970e-08 -4.638815555677464296e-10 -1.636482457019653071e-09 7.171156411102035081e-08 -1.007230626847521627e-08 4.587228729361460425e-10
5.194329442812991582e-01 5.813833887496767141e-09 -1.436486723597017288e-08 1.138053776064415989e-09 1.973518818816508838e-08 4.703259284067805345e-08 -4.720831124099725644e-09 -1.809287068790541839e-09 4.083192480955625264e-08 7.748975730786696881e-08 -9.774120274296478999e-10 -3.419657912343847029e-09 5.502775315339056506e-08 1.942705302678418719e-08 1.454781043512177258e-08
5.236343964239100757e-01 -1.659663907543720797e-08 -1.649409231147497368e-08 1.783666595357673367e-08 2.653788770808637017e-08 1.313910272533088495e-08 -7.368921814177750361e-09 4.996970348406702561e-09 4.595108302815667448e-08 4.950277736173343553e-08 -4.652506122862884382e-10 9.845511954207966265e-10 3.264588057003907315e-08 2.012187874439713184e-08 -1.051413316773802066e-08
5.278273205415198177e-01 -3.728962476187282812e-08 5.457457354349467732e-09 -1.319487864167376603e-09 -3.957234635456075524e-08 -1.213546688754051402e-07 6.459921319555824534e-09 -4.702664085850229040e-09 -4.862023962796229621e-08 -8.515293029109186453e-08 7.053839643929091534e-09 -5.540246507130063918e-09 5.354928483085478652e-08 -1.312775560561367282e-08 8.790960730874124098e-09
5.319960279023402405e-01 7.217215266713881753e-09 3.429864452812111908e-09 -6.274891861909629207e-09 4.455594696700056754e-08 9.005990241665971773e-08 -9.017325279760835810e-10 -8.016728242479893786e-10 7.250484293919039231e-08 5.123337080383678660e-08 -8.850776611379513622e-10 4.431317679987807318e-09 5.033498676482240688e-08 -3.904502482085026291e-10 8.848133715654593755e-09
5.361714592099571242e-01 1.078083081702114169e-07 -1.814617640047842181e-09 8.697614486232337128e-09 3.415324916213776774e-08 1.358413796122245123e-07 -6.236062238569870607e-09 -1.473611448193587560e-09 8.227269779631004444e-08 6.430369019543166855e-08 -2.345164400717082824e-09 1.340346093081909716e-09 1.713207738942595734e-08 1.679708097385335103e-08 3.033470061830385310e-08
5.403746330902056139e-01 1.846318069718506565e-08 -7.304162078172511832e-09 7.347862170499105320e-09 2.654449266208255610e-08 4.885646007443599669e-08 -3.193210728442673392e-09 -7.924754505276647523e-10 5.914633535996342279e-08 1.888667592676786231e-08 -2.267145924798886665e-09 -8.999985109019773595e-10 5.420795967611866720e-08 7.554626383259633419e-09 9.860663898192651874e-09
5.445761264886261888e-01 -8.611021475884166700e-10 -2.856399033867452143e-09 3.477844305379055210e-09 1.319674039595121290e-08 2.124281441496560055e-08 -3.499761027204551141e-09 2.941526087020098831e-09 1.153107172932413391e-08 3.451682013339963527e-08 -9.507397423239989275e-10 2.333207995850739867e-09 9.424058858326927652e-10 8.461662019834942127e-09 -1.402638959255616638e-08
5.487504490749764985e-01 -1.909079797947176988e-08 -1.182207666393704408e-08 8.587352666797995252e-09 -1.226272627297943801e-08 2.242305010727419597e-08 2.706371340971188834e-10 3.492527408375147178e-09 2.180556858594224579e-09 2.033876970701936738e-08 1.942196000089779847e-09 -2.601829491650635192e-10 8.247981851748063891e-10 -1.194147640794864206e-09 1.169700847691387368e-08
5.529407179677009454e-01 4.073494713609603954e-08 -2.792684486636509364e-09 7.176442989978025912e-09 -5.553220615125493152e-09 -4.941942984538505966e-09 5.833567910179098400e-09 2.573886747759003410e-09 -2.504116677088511775e-08 -1.621830936935332498e-08 4.225059567242681352e-09 -1.850674326580313995e-09 6.355722187990489694e-09 -4.074891840755813646e-09 6.812923381048880159e-09
5.571409157079509900e-01 2.819099584729491784e-08 1.401570853260575836e-08 -1.723536296845776199e-08 -2.913073312624266613e-08 1.514969767397880500e-08 -3.491528687488245798e-09 3.266499460635059141e-09 1.092529642978116432e-08 -2.191095254484755886e-08 -3.316087199751746357e-09 5.225372156301247648e-09 -9.421175913261249013e-09 -2.592725855030709330e-09 7.942132655589657036e-10
5.613298693710127019e-01 -4.513210414448493806e-08 -3.657709031841370009e-09 -1.006800303513358714e-08 -8.596626616961666924e-08 -1.071809511369178794e-07 4.226587490973062772e-09 1.437404691274643991e-09 1.524701007923025489e-08 -7.267136625549259291e-08 -5.644484691550521250e-10 2.845349074729129800e-09 -2.314727169539234359e-08 -2.232689022600702838e-08 1.153993664851483022e-08
5.655062246218995892e-01 -8.898381677228946844e-08 -3.456993786989685230e-09 8.278271849434318852e-09 -1.458702718016726676e-08 -9.590923721653300274e-08 -4.562514939627232585e-10 3.456041645343727642e-09 -1.281915162374686037e-07 -6.119692881768143472e-08 3.545652566471608288e-09 3.003080872503341234e-09 -3.614750494712314591e-08 -1.033846154949687604e-08 1.693743467327654618e-09
5.696867424029971039e-01 6.667566351018976952e-09 1.614630571915325430e-09 -2.071811143798553854e-10 2.413092602624720587e-09 -1.311078327352666756e-09 5.105256761111883615e-09 -1.696700395483596613e-09 4.373455822133656372e-08 1.905534152490060365e-08 -5.953143407875799020e-09 4.989690897545053715e-10 2.439057953721155014e-08 5.304347939600665443e-09 3.616281048342537437e-09
5.738956954203543459e-01 -1.056264570543564459e-07 4.529420893007516100e-09 5.711300894149980798e-09 -9.973571978293947320e-08 -1.267472934931024743e-07 -3.523250351687907034e-09 4.983504676608518718e-09 -1.314563274780545207e-07 -6.346709307641472166e-08 -2.936464125067184936e-09 3.842511360896066207e-09 -6.052087464380823251e-08 -1.137476253066806334e-08 -9.780907748667016220e-09
5.780928920821047923e-01 6.231002672795550220e-08 1.222834357551104737e-08 -2.568478045859326178e-09 3.341064165230150395e-08 5.936583510003158744e-08 -9.271206738424421146e-10 1.010027512564077204e-08 -7.158744469586162751e-08 -3.961061430299044744e-08 -5.760747238944015538e-09 5.078739640983991133e-09 -5.274323222001101683e-08 -2.462742649776517444e-08 -2.863936653840187756e-09
5.822632071880226023e-01 1.250122850639608206e-08 -7.591653005840278591e-09 6.651389205229576739e-09 -6.903556949905130688e-08 -2.942249146913646846e-08 -1.457212967091457161e-09 4.500282707084311973e-09 -9.528977114714855354e-08 -4.499373057169664809e-08 -1.977116663378744714e-11 -6.203993610089165262e-10 -8.325075898584739773e-08 -1.742928970960137799e-08 -2.817807264039591702e-08
5.864430803127811398e-01 2.104942479436552873e-08 1.114179123886440384e-08 -1.758591402818169456e-08 4.289856263697482323e-08 5.276180972035541945e-08 3.025205084364020598e-09 -2.196189634852278953e-09 1.000552981443979820e-07 5.796510077172730641e-08 -2.281598902750415366e-09 -2.001390961526878619e-10 7.417896879055582949e-08 8.515771028182341005e-09 1.897205715013914859e-08
5.906376733072625784e-01 -1.324663089734475014e-07 4.080672727390679948e-09 -8.566330613870480406e-09 -1.261654462551342333e-08 -1.600108078415957143e-07 2.551182388349310082e-10 -6.580366446744966741e-09 -3.058169284168395064e-08 -9.571463109344964307e-08 -2.920053577287122097e-09 -2.491688087183563831e-10 -4.254255404189231988e-08 -1.232705150042356942e-08 7.849914228300912561e-09
5.948356627105599870e-01 -8.369686743235679330e-09 2.874934012959636509e-09 -1.270054678218539513e-08 -3.466142959870342395e-08 -8.170462795450052999e-08 -3.958477909734203459e-09 -4.352521254535074541e-09 -1.902140814401841376e-07 -1.081799792298540335e-07 -2.454598928959815595e-09 1.308406301022896604e-09 -1.972583643276240346e-07 -4.304011137744551708e-08 -1.877678559385859867e-08
5.990145239901687457e-01 9.888776420332435228e-09 -1.105550212537281070e-09 5.516869013524443017e-09 5.580537740804834191e-08 1.851504039394806573e-07 4.147785330963831558e-09 -5.621365421190634535e-09 8.075384280358660802e-08 1.777105269374603815e-07 5.879442309082251660e-09 3.615641710447080268e-10 1.124212409790272247e-07 5.587442730909689576e-08 2.452479851340622193e-08
6.031829950841108845e-01 -7.314765195647217710e-08 -1.505024563634613874e-08 6.557226675133397230e-09 -1.472097495434490022e-07 -1.370510024904707569e-07 -6.411044187045668682e-09 4.709170889309836291e-09 -1.934505732090596055e-07 -7.834200905470761530e-08 -3.102424014872388285e-09 2.746134438165795892e-09 -1.209501974889099659e-07 -1.604880412480381707e-08 -5.103371124467504501e-08
6.073740526175752663e-01 3.779715803618668512e-08 -8.983812747145828462e-09 1.228363139192232421e-08 -5.973962598922871626e-08 5.826475834651603852e-08 1.913528030182999463e-09 2.649597681566912141e-09 -4.043074682066659662e-08 3.476363415695116379e-08 -4.092457195722141047e-10 4.331386843420186648e-10 -4.371975930613819773e-08 1.472507738496931369e-08 8.947397097440774161e-09
6.115768023320514724e-01 -5.052853160381065393e-08 1.861698133752084265e-09 -1.267863629965537715e-08 -5.007563986282279144e-09 -2.849928454072473099e-08 1.215944914296215623e-09 -7.339216601942116646e-09 1.759967183687215156e-08 9.026695079308250015e-10 -6.602028951357386093e-10 -4.149451859885321738e-09 7.396215496803822149e-08 3.568081396784756796e-09 1.773817869910605811e-08
6.157710000000914397e-01 -2.700289146626835265e-08 -4.068333151184542927e-10 5.224770417378258236e-09 -2.466082243595021694e-08 -8.825936643892984012e-08 1.622294463835282264e-09 -1.642933424594508090e-09 -7.744930686377275928e-08 -7.090663905697936538e-08 6.548928792407287524e-10 -2.323666533916850076e-09 -4.830944090887372487e-08 -1.474376588853730432e-08 -1.146809709390283189e-08
6.199632023912512446e-01 7.366332851188797812e-08 -3.630057220644797831e-10 -1.262316786718586308e-09 1.174304845884742893e-08 1.376880601140497978e-07 1.329939423679633299e-09 -4.269505082685212809e-09 1.040783746809202645e-07 8.295691303242293397e-08 3.967308334923887131e-09 6.009059275874031611e-10 5.850795335451215218e-08 1.999357474350037490e-08 2.317036556762668441e-08
6.241630060990407403e-01 1.305923389181887747e-08 1.057658896672912389e-08 -1.832537626661951961e-08 5.357089502669583815e-08 -9.750145299986311436e-09 7.715231733234243620e-09 -8.718434401738523759e-09 4.900338252456367419e-08 -3.843707769376323880e-08 1.217640218978071803e-09 -1.952295001824763356e-09 -1.169156513552691439e-08 -2.340533390001428941e-09 -8.832457349022899832e-09
6.283593402461892241e-01 6.794104770531811259e-08 -6.137107690105407795e-10 -2.482855541154475540e-09 5.787410113817174169e-08 6.154880048916485549e-08 -7.828951384614171948e-10 -1.516235437096210462e-09 2.236642778567586151e-07 1.954963749889618532e-08 4.596634598975026023e-10 -1.176039077990585187e-09 1.326555494019045325e-07 3.809404663559139980e-09 2.720657608117035062e-08
6.325410955997395890e-01 3.728657063697286282e-08 1.430267776848327943e-08 -3.248285896056923175e-09 -2.089187724416317949e-08 1.514769371309082242e-08 1.561438415152359440e-09 -2.508303580320549793e-09 -3.504737619598404498e-08 -5.359126290644595482e-09 1.077912925848804721e-09 4.315600933059467365e-10 4.875248497723070004e-09 -6.779496907685186440e-09 2.390977780209536662e-08
6.367142920629192959e-01 4.562416562723629673e-08 6.523289182835241567e-09 1.039000301785722183e-09 -5.245511211404955008e-08 3.479129115358564232e-08 6.699479169797195511e-10 -1.776960298198888793e-09 -8.328599004973863386e-08 -2.074542511989747775e-09 -1.887865202694706422e-09 -4.353164232410975797e-09 -9.067310657409960349e-08 -4.327500221190454292e-09 -3.556842244043249594e-08
6.409035099394975177e-01 -3.798166319970891257e-08 4.271547355957220543e-09 -1.114184852805814782e-08 -3.849777847967081443e-08 -7.973053465805263547e-08 3.184435270229307327e-09 -3.732178977879568238e-09 -2.316780420690340771e-08 -5.712951162231150878e-08 3.581318677631927602e-09 -4.324322744625178760e-09 -3.194245658986196759e-08 -7.676996565557275055e-09 2.375079877951628986e-09
6.451032402190634008e-01 -5.040459335795632832e-08 -9.762524255121344028e-09 -5.360353051691096878e-09 -1.418558660936699095e-08 -1.027797354015250261e-07 2.347133193687951140e-09 -7.126165660661743780e-09 -5.656124263461917684e-08 -8.080334865598484211e-08 2.637314217097185877e-09 -3.938860782794103141e-09 -2.828709241988047550e-08 -1.707044829195776193e-08 -1.951063079420717302e-09
6.492879941711476866e-01 2.890135276079064815e-08 -9.133214696041872929e-10 -6.239057561245827111e-09 -1.717449327562288036e-08 1.662894437123256249e-08 -5.403564421431951946e-09 -3.552335004657597000e-09 -6.472551244177892416e-08 -2.108725401013011409e-08 -2.526584637919750119e-09 4.605521706968796337e-10 -7.617570865856825501e-08 -9.995451403276688520e-09 -2.637406623424140918e-08
6.534659541563927476e-01 2.383198374356599253e-08 6.662090576402285248e-09 -2.699573486508443804e-10 5.531036278279958000e-08 -1.333414423195941184e-08 -3.214923804130455531e-10 -1.062456427574662902e-09 1.084251942105234567e-07 -3.335898939843201982e-09 4.402426466693545118e-09 -4.527623426748647801e-09 2.290125797931553541e-08 -9.304439540500353897e-09 1.731770421588422188e-08
6.576591076962554627e-01 -2.089867672398610987e-10 6.895158292202633112e-10 -5.313282878542946670e-09 -1.905633048374453431e-08 -9.446102991731145676e-08 5.794836212863019845e-10 8.166051962940215335e-10 2.911952809989001689e-08 -7.011018420589502468e-08 -2.630325375093036135e-10 -2.006043276784916839e-09 -6.651573107370035175e-08 -2.124842386935006702e-08 -1.451422485302862239e-08
6.618529307405217610e-01 -3.961414818757914607e-08 -1.147099531148793640e-08 1.817592506693679207e-09 -6.787143925863957688e-09 -1.889833538214443886e-08 5.376500463404862939e-10 -3.042781388540828067e-09 -9.007992582378858891e-09 -1.315515223733740907e-08 1.626117706880249545e-09 -2.889548115781943546e-09 -1.652419191392634287e-08 -3.462503760962273874e-09 -1.533164525887460265e-09
6.660240791386257131e-01 -4.797713344032698012e-08 1.267797869979465003e-08 -2.902528917794344044e-10 -2.859701276580634072e-08 -3.440876019297251862e-08 3.046656630609703232e-09 -4.112551753109323294e-10 -5.134509250624538458e-08 2.528178953199883190e-08 3.139472365520590880e-09 -2.416902361906513137e-09 8.028000534249536660e-09 1.629204077122585172e-08 -1.429190851030056301e-08
6.702067828716186115e-01 4.087107115687954156e-09 1.832356456203133390e-08 -1.048089651953684283e-08 6.313895235271253134e-08 3.490692784273615696e-08 1.154724971072322134e-08 -2.316015948676724828e-09 8.696356990729253405e-08 2.583273976538277282e-08 6.693742629575439229e-09 -1.544391315541785149e-09 6.380457667647267751e-08 1.302764688602890542e-08 1.121758513924391990e-08
6.744172070879622671e-01 6.297255610060694205e-08 -2.610438257870711824e-09 -3.858632083952682250e-09 2.806536930549028602e-08 1.102964937918763046e-07 -2.886466957361282228e-09 1.228033593636342443e-09 5.879165296391847419e-08 6.396723067436613479e-08 -8.523526069580336845e-10 -6.562401247485836629e-10 5.124622861346674307e-08 4.175358065175052001e-09 2.548941111722064584e-09
6.786118453466847278e-01 -4.385154447965082414e-08 1.369001166492109093e-08 -1.769747149254106360e-09 -2.035091454015824456e-08 -4.929410115208305208e-08 3.448866466519425498e-09 -2.612357301753779061e-09 -6.603229534350145665e-08 -2.829729897382982974e-08 2.031890857890814142e-09 -1.453527584824170705e-09 -2.855599590302124551e-08 -1.376231843199307383e-09 -4.698701134494624603e-09
6.827984616056306244e-01 -2.592495419767458436e-08 -6.587929736030791301e-09 -3.442901495156293618e-09 1.122768943210841666e-08 -3.498584825289264912e-08 6.542892330520886358e-10 -2.912087356096201178e-09 -7.439103020202408507e-09 -2.949560276060046164e-08 -2.639026687997783762e-09 -3.880895124766071261e-10 -1.833393717193140643e-08 -9.780616169839360471e-09 -1.087960733512864773e-08
6.869817177358829019e-01 4.408395462108232081e-08 -2.562113185087605435e-09 1.048413858611118848e-08 -8.024596804188281373e-09 9.348794357100423413e-08 -2.530998238972082158e-09 2.288888361723354785e-09 -1.535988683487242937e-08 7.331436062248014494e-08 -5.888574542597201978e-10 4.162134488291494347e-10 2.824494546838653338e-08 1.959957228534139452e-08 8.969236956203814266e-09
6.911718524128840357e-01 2.851846439220733011e-08 -4.014944913682988742e-10 -2.220641905165947737e-09 4.450918849163028274e-08 8.957387335821899933e-09 9.572988509770465472e-10 6.426517170112912491e-10 -2.395000432204421023e-08 -5.211570321421153827e-08 4.709624551262354873e-10 -3.306110416615037224e-09 3.614726431227048826e-09 -2.376150181352485098e-08 1.237058877764954098e-09
6.953555746427921846e-01 4.243488826984337047e-09 1.012113692981789147e-08 -6.327828013124705454e-09 5.819805012447130512e-08 2.621148559122505782e-08 -5.510619502025124734e-11 -3.247636185260360505e-09 -1.671366875086439987e-09 -2.484955252334004874e-09 -3.076009292154138324e-09 1.733234297083123704e-09 3.114241644816318898e-08 -1.310555041725935077e-08 8.085498256045722587e-09
6.995344561305086861e-01 3.519592163558691249e-08 -5.313989592951264417e-09 1.164815613627654304e-08 3.938272132725070577e-08 4.321201829529240359e-08 -1.395732431492537986e-09 1.604102636151399560e-09 -3.489646859158533391e-08 1.762080153453856650e-08 -3.039933005060156620e-09 -5.950829903932732598e-10 -8.786676415116193599e-09 -4.821647020610956172e-10 -1.630827705517152590e-08
7.037287066792784485e-01 -3.275384021773674619e-08 -8.832027001531964579e-09 3.503273604236393049e-09 -4.699181591212213904e-09 -8.263181600763642481e-09 9.454444903513753007e-10 1.163561548163803114e-09 -3.121431952958781216e-08 1.380230943755181553e-08 2.455795825875351528e-09 2.246628086314215950e-10 -2.452859907247826543e-08 3.848050596569182743e-09 5.384252480157178562e-09
7.079143033440539190e-01 7.001461203290007390e-09 1.000309446424143275e-08 2.180809237401085644e-10 2.038399993595029915e-08 8.355842887183993861e-08 3.998029599864395291e-09 -1.091473916577187676e-09 8.635399656530413994e-09 5.772001043332851643e-08 2.561345842462091645e-09 1.745556138898165944e-09 1.644745390881821094e-08 6.245537246036854307e-09 -2.044884870452029034e-09
7.121186686741065586e-01 -6.213606196084722012e-08 6.988476742986931200e-09 -4.471605192877654651e-10 -8.688575549974861758e-08 -6.850673958759538346e-08 -2.947656921870819025e-11 8.331871915739759042e-10 -5.458616321695793938e-08 -6.766193755730773185e-09 1.072631026915826774e-09 -1.706692968251595601e-09 3.608671349504956604e-08 5.193246991132872717e-09 9.937169288784174640e-09
7.163134555705721329e-01 2.354610870099635339e-08 1.085660630676537236e-08 -7.643124620691101827e-09 2.941353257415247639e-08 2.531122733683020565e-08 1.382911295478377381e-09 -3.576875959085709362e-09 -1.570424456301585625e-08 3.762061768191948161e-08 5.794582907171044992e-10 -6.055443719566513679e-10 3.355871872266976243e-08 1.961039693660060205e-08 -1.349794492257898849e-08
7.204913713645887396e-01 -2.739795826668959104e-10 -9.814122825205461004e-09 1.835550116023081725e-09 1.881459583421605167e-08 -3.317383380898972173e-09 -2.480466602042976435e-09 -7.212992588838023707e-10 -1.592948494593127870e-08 1.361590060459840692e-08 1.810380238915457176e-09 7.472574616486201980e-10 -3.037534257133844890e-08 5.452763833237766481e-09 1.494319102765425745e-08
7.246803275165087932e-01 -1.729902961371266379e-08 6.205748556629721452e-09 1.036196946508249011e-09 -1.265121757127154101e-08 -7.088569959200872768e-08 3.438041206015555116e-10 -2.236875206495863003e-10 -7.985598770801143108e-08 -1.811043870352173197e-08 -7.329091111978851929e-10 1.367268750862640180e-10 -5.505425616941309446e-08 -9.560487473199286494e-10 -2.400155694565129216e-08
7.288763115175647123e-01 5.011737816879705604e-08 -3.789707568542616398e-09 7.418130400928381226e-09 2.348232747939684829e-08 7.321543791347312256e-09 -2.945749031658945158e-09 2.114223268547955214e-09 7.306457959392534882e-08 -5.906616793864281754e-09 -2.826129447932076873e-09 2.638750645526335118e-09 7.393329736716481564e-09 -8.700742309103830907e-10 9.015612292513385106e-09
7.330585840505703388e-01 2.446692249389896736e-08 -4.943519817649247546e-10 4.704032043800444026e-09 3.690923481247836222e-08 -1.472329379769677835e-08 1.298433851775638744e-09 2.860661594557264497e-09 7.566148425891467901e-08 -4.935136663178709914e-09 -2.300203889198210665e-09 2.514801514888255725e-10 7.865969910339974471e-08 5.719576126917177410e-09 1.273327226451065264e-08
7.372316440474646626e-01 -2.366125772526619906e-08 -1.333000468182942143e-09 2.258348291032112330e-09 1.589265681611097220e-08 -2.459055544652724734e-08 -1.187986184515317256e-09 1.477447129514860986e-09 -6.403445016659276655e-08 7.017615790523479256e-09 -3.025369973309900291e-09 1.584132935349036649e-09 -5.042646264333086006e-09 8.614497741676352073e-09 -1.082898506741870640e-08
7.414228560306842519e-01 5.579927026405225991e-08 -9.940507035842299572e-10 1.464423922761859992e-09 1.756945059130134691e-08 4.199635615587974656e-08 3.964968397798937030e-09 1.166711588808305962e-09 -4.445957376228187651e-08 8.759158149293709357e-09 1.192633867275451440e-09 -1.564235561725523407e-09 -5.277033459855662227e-08 4.033245724724155725e-09 -8.579775923161660430e-09
7.456189213758863676e-01 -3.515036634824832982e-08 -9.820699537037753967e-09 7.542640846515191253e-09 2.013263653871235768e-08 -1.965421747179250254e-08 -6.500103284031992275e-09 1.534479712589303422e-09 -3.675003616970721311e-08 2.608634163126394885e-08 2.782767363236677628e-09 -1.361610283392534480e-09 -3.348614523948671013e-08 1.416459643008892987e-08 1.297636150392237395e-08
7.498104337627916616e-01 -9.566739094627766442e-09 1.673502884553097053e-09 -2.170590682224837995e-10 -5.978679150444746824e-08 3.231839976711739715e-08 3.759061630167813508e-09 4.935301177439979186e-10 -3.432414631079957957e-08 3.164156765840380268e-08 -4.405470394692933175e-10 2.266466712054349743e-09 -1.110717050990178493e-08 7.109829417147487040e-09 -1.576900123635839709e-08
7.539974189770904944e-01 -7.292358155698440853e-08 -5.329292267908841387e-09 8.919762659675540967e-09 -3.131251796295583371e-09 -6.791754820501500878e-08 -1.873761939612285876e-09 1.632330145008365962e-10 -3.741741706344981605e-08 4.408479749178816844e-08 -2.325983119469192936e-09 2.327073971333004879e-09 -1.236381057768991474e-08 2.376349692555920298e-08 3.126605162156576147e-10
7.581896411468850294e-01 1.127916544722171894e-08 -4.841270862086186188e-10 2.231316086170651580e-09 -3.016450414089512279e-08 -3.462349729460901888e-08 1.465876786908625748e-09 7.883080851139331587e-10 -2.108065190020187361e-08 -1.445662397964463950e-08 1.713540273517135385e-09 1.457140040365967882e-10 -1.692072883467131775e-08 -2.865152060328652766e-09 -1.761595481338630442e-09
7.623808615479977790e-01 -2.346528559864478077e-08 7.699666098392704053e-10 -8.975450731305718043e-09 -1.207745072951259917e-08 -6.119963777330304263e-09 7.996721424723389467e-10 -2.281612890172258495e-09 4.424400426381773899e-08 3.189173449133694493e-09 -8.609028890960210916e-10 9.907700769529671243e-10 3.341504119507269520e-08 1.007849842034850844e-08 6.023619676114683601e-09
7.665651159623174671e-01 2.841184169944035349e-08 -7.668109102672984339e-10 2.626716644578750879e-09 -8.150039933012897363e-08 -3.153060989040105137e-08 -1.775174312416189762e-09 1.179558730321966753e-09 -5.686662070805793573e-08 3.162682855718124791e-09 -4.815875397203969162e-10 -9.781412513648127838e-11 -9.138216298886035172e-08 5.119701415549015704e-09 -2.357747393862276727e-08
7.707536355579491794e-01 4.103246627276166985e-09 -2.878590135172883607e-09 -3.242775251625559189e-09 -3.263218285907761920e-08 2.162561704584155369e-08 -2.826088226883956538e-10 8.908785231552854638e-10 -3.772373782363213979e-08 3.295689608779256468e-08 7.487756050020678877e-10 -2.286616451505900932e-10 -2.401860712184981081e-08 1.373201903705863194e-09 -4.836293544945160022e-09
7.749462413082437440e-01 1.680119961258369365e-08 -5.485582159669736663e-09 -5.843824338143383279e-10 7.213923248268470563e-08 2.639467776637634785e-08 -3.225596394376198156e-09 -2.025466424696450083e-09 -9.233008591071387772e-09 -2.579235893545635633e-08 -1.361562133948504651e-09 6.865095811771034792e-10 1.028123630143369137e-08 -1.642774107036824487e-08 1.191822358372962673e-08
7.791369682448587852e-01 6.957089534710535123e-08 -6.010397464024179607e-09 -6.528675082818118571e-09 -3.289355598270552019e-08 2.758875733138345757e-08 9.118452483701590917e-11 -9.906806348754706173e-10 -1.018682965662969507e-07 -4.509697081046595966e-08 2.541475636451366853e-09 -4.345431524856054057e-09 -9.820345040691896938e-08 -2.484332158583952102e-08 -4.974227613567414914e-09
7.833258353347896108e-01 3.231885594095956705e-08 -7.430483105242241750e-09 -7.582637189755837254e-09 4.695537738193535194e-08 7.391637278181844903e-08 -1.645939699262617197e-09 1.173405756350179405e-09 3.664316146673631090e-08 4.587367060312965629e-08 -1.878269071064947643e-09 6.873258190411759037e-10 -7.776824475148947738e-09 1.270099176184026550e-08 -1.524232588895040699e-08
7.875159900600451346e-01 -2.102729729806043096e-08 -5.649568782411475821e-09 -8.295559543613324950e-09 -2.583835159777657729e-08 -3.008653682961833467e-08 2.366037274287613641e-09 -1.217836592023956290e-10 -2.126800277710466948e-08 7.773371890024225589e-09 -4.974664318357318023e-10 7.926330437308956642e-10 -1.721838150392534580e-08 1.223722824686607715e-08 6.061069766364777417e-10
7.917084457625156446e-01 3.084511073337612541e-08 1.028362710644388244e-08 -1.690999261887345190e-09 -1.900187463231500847e-08 -4.694543765452723150e-08 -6.372726190797811111e-10 -6.382716187089000924e-10 -1.732249823093191064e-08 -7.593509390950533740e-08 -1.967446168406266526e-09 -4.786629021511811764e-11 1.710337986046625393e-08 -2.709058473572844775e-08 2.640910581577825421e-08
7.958821468706197555e-01 4.886107547534100395e-08 -7.625531420636847128e-09 9.178751527820507053e-10 -2.854795167397343842e-08 6.573555307705888219e-08 -2.647411700212416451e-09 1.640002893628361142e-09 -5.156332006371252722e-08 1.717383438656675786e-08 6.691768381287075003e-10 1.479429795407077236e-09 -1.339635201194107446e-08 1.084622847666860364e-09 -1.192362525977710304e-08
8.000624692379799674e-01 7.800181720408264642e-08 -9.063533963612339394e-09 7.173633350810172956e-09 -2.300485152056706558e-08 5.918964999449553842e-09 -7.481707333399112511e-10 5.296620261743244033e-09 -4.207319860598409857e-08 -1.411576245404851641e-08 -3.230925556749325156e-09 1.221956703294944071e-09 -4.588294051259081112e-08 -7.425381604589058605e-09 -4.181744836494316595e-11
8.042564613727184453e-01 -3.923756569763078853e-08 4.098168946817900497e-09 8.645780054497467136e-10 -5.880060465531592959e-09 -3.352704155209463528e-08 -5.953192146073141874e-10 1.280186946123124990e-09 -8.931939461417876642e-09 3.701069387722971323e-10 6.945290599538035444e-10 -5.681115391832092417e-10 9.631525395654309783e-09 1.444756008602359751e-09 1.389005581606954989e-09
8.084384822996342201e-01 -2.356717423685203893e-08 7.437501338233212712e-09 -2.949480004999906896e-09 -6.550131832021973449e-08 -5.963751564070918977e-08 1.221480836832943835e-09 2.918264047980163766e-09 -3.958611233622627795e-08 -2.250703798676003115e-08 8.113776748366054910e-10 2.556081135953116707e-09 3.779178499175544234e-09 -4.125821473350186388e-09 1.135898774481649336e-09
8.126333810499198895e-01 2.863825839197110479e-08 3.321061184653776019e-09 1.405560501633505115e-09 -7.320670610260935509e-09 1.260364045725332248e-09 -5.278285663372392487e-10 8.828477697459202035e-10 4.558030784902421958e-09 -8.697454880150847771e-09 -6.157807319584481857e-10 -7.994704043359966615e-10 -1.672736555154362256e-09 -2.605871401438832130e-09 1.076079781070640838e-08
8.168271958201180905e-01 -7.656034296189607610e-09 -1.738828381759668661e-09 -1.254712821685593758e-09 3.513516320605593058e-08 -3.807849041234773137e-08 3.920653479300741312e-10 2.405747798787908169e-10 1.820354213191702205e-08 -2.654830840935259661e-08 6.478769820169729374e-10 -2.645931126151686130e-11 2.692280006589159431e-08 -5.362648113672748035e-09 1.129704396703406596e-08
8.210214995694952167e-01 -1.094021651904076982e-08 -1.539140884371591338e-10 -2.517767707023709874e-09 -2.394997641549661515e-08 -3.616750202817073103e-08 -1.808356510313751791e-09 3.215470837529586927e-09 -1.120547060846758609e-08 -4.937531521128150441e-09 -1.800910224403840084e-10 3.665237699576316169e-09 -3.585335383984963822e-08 8.489606619879822700e-10 -9.939871502598505576e-09
8.252154145000215602e-01 -2.623075452852718252e-09 -5.201110814252219683e-09 2.830252702309706910e-09 -1.149540168323917545e-08 -5.104770627551195879e-08 -3.952446588592185585e-09 -1.559708223964007399e-09 6.178499252746581718e-08 -1.974802387218201714e-08 1.660280570516195893e-10 -2.621202686710640706e-10 4.391521457157028417e-08 -2.732994120367395826e-09 1.329553858624016706e-08
8.294030907808404018e-01 -3.164187109048881591e-08 -1.146634354090748287e-08 6.033029589210090320e-09 6.763983694576610150e-08 -4.671617067756672221e-08 -1.404400555838326169e-09 1.775303333627397925e-09 3.073651833091286729e-08 -4.434325528787528493e-08 7.416498636485096497e-10 6.855568165409766177e-10 -2.948315381395309707e-08 -1.259968167441507513e-08 -1.147526854095105497e-08
8.335906150371191758e-01 -4.288267572367452300e-08 -4.425450391964843194e-09 -4.426413948168406062e-09 2.433377971617407656e-08 -1.252557764231619918e-07 -5.900729762996655865e-10 -4.068883463430088894e-10 9.651920911940190613e-09 -7.932491551245431102e-08 1.674835660597629429e-11 -3.389726455782050533e-10 -2.285590216791079363e-08 -1.700450774913919299e-08 -1.255095285271695718e-10
8.377685032221774408e-01 9.803047583229644345e-10 4.651116291155382490e-09 -2.125475416760587689e-09 2.050515200697229492e-08 2.718073868513345815e-08 1.217685257529298715e-09 -1.344266285790008818e-09 1.962803972680749748e-08 -2.719646919347763685e-09 -1.195667024234440570e-09 3.010968313662857200e-09 3.346905301938527592e-08 -3.420371082582664772e-09 -2.140119510187558176e-09
8.419567297582307708e-01 7.807264606016202387e-08 1.000653055894280175e-08 4.433099813630844164e-10 6.464407337918083006e-08 4.270909204020449001e-08 -9.119836200214584964e-10 -1.045161105069925117e-10 4.312433984959490603e-08 1.035610661376192573e-08 2.972945505180589441e-10 -6.780691983008248898e-10 1.804339926544957379e-08 2.285961605637383037e-09 4.838627155849000512e-09
8.461556544987137718e-01 -5.452059663618309296e-08 -4.031416308727735032e-09 6.382353285093500404e-09 5.040802587054633884e-08 -2.813076025681973299e-08 -3.291621593821293295e-09 1.531051575298834183e-09 4.492458490193173338e-08 9.335400351892147475e-09 -6.925444133822645645e-10 2.075982459917325675e-09 6.875014473041927090e-08 9.338338795032367932e-09 2.181938463565177412e-08
8.503430790983292908e-01 2.077639929350649004e-08 3.721997159318482930e-09 -2.769220350421750635e-09 3.126118235160917619e-08 1.955033118001776756e-08 1.079587813854892806e-09 -2.125654218331552486e-09 4.970916694840377774e-08 3.239448232268553945e-08 2.122926738593075156e-09 -1.332307430119212289e-09 6.173782488009557156e-08 7.646547749436067481e-09 3.010315214830221807e-08
8.545245840949285965e-01 3.046637814778390066e-08 -1.754897233493099846e-09 3.987314656618803741e-09 1.797616235938449269e-08 1.138169489161573880e-09 -1.762980560352036549e-09 -2.271286982571671551e-09 2.983803186020047695e-08 -4.870989107981523707e-09 -6.001631838536071274e-10 -4.141624903013111596e-10 1.266731074948339427e-09 -5.549747982298272825e-09 -6.831356370543411375e-09
8.587196449246210506e-01 9.695916946558654455e-09 3.306326942901870474e-09 -7.255896484219374036e-09 1.671305779397998206e-08 5.153420740162881130e-08 1.494965847370585751e-09 -7.432429272492085290e-10 1.666734970113433619e-08 3.944053470982153017e-08 4.651402068883930491e-10 -7.233693116471965820e-10 3.961576778608732927e-08 8.599626486702339732e-09 1.879640191769741912e-08
8.629074348139629258e-01 -2.584447994167621018e-08 4.719901769950399802e-09 -1.416371846496045669e-09 3.210679061260208372e-08 7.575937224820044939e-09 8.820164110823949415e-10 8.203038833812318532e-11 8.279070113132830666e-08 -3.176842751903808302e-09 2.193429656782344788e-10 -1.210627913305289425e-09 6.125285671554367492e-08 -3.821355638158088125e-09 3.681118796894298518e-09
8.670852844200982457e-01 1.132671225327079113e-07 -5.868282073081364666e-09 5.871542440060554878e-09 2.497079553569934678e-08 1.944366381504695993e-07 -2.422947380644550823e-09 2.213662151585297277e-09 5.040401532326936402e-08 1.017073699975566053e-07 7.491215934059511664e-10 -1.143077490615237018e-09 4.441047052117409460e-08 1.153949211527479461e-08 1.325244900328039913e-08
8.712764316473343706e-01 -2.600309521279166844e-08 4.397505181977537672e-10 3.143551298681333449e-09 5.296062276698700248e-08 3.309439441688164050e-09 1.327964357721337460e-10 -1.991315391084809782e-09 2.474961201427303324e-08 5.693024810085710362e-09 3.214694660968186129e-10 -2.273763698461491163e-10 2.673900658357010609e-08 -1.895761888337915823e-09 1.878328023703393167e-08
8.754762476624626810e-01 -2.134568101300644130e-08 -9.154212090460503828e-10 -3.356307387312621524e-10 6.694424524123233222e-08 2.960411557787742051e-08 1.208579195755974227e-09 -1.378268047698973412e-09 7.895354190599558177e-08 3.564972070245216724e-08 1.907617814383636666e-09 -1.371898650538741670e-09 4.531749072167660940e-08 5.587512123858724565e-09 4.133695136046386623e-09
8.796707865602606535e-01 -7.080463670052207610e-08 -2.310813730603273238e-09 1.068302259505946174e-09 -1.031005436678693467e-07 -6.497081065520407772e-08 -8.938964593366529853e-10 1.478232523724897105e-09 -5.519408052731472007e-08 -3.956759384965585754e-08 -3.146441692689413695e-11 -1.260632293825246579e-09 4.280495613102317665e-08 -1.961101668419304560e-09 9.240395299357792493e-09
8.838562222970675064e-01 -8.816333966816194807e-08 3.087553751420568457e-10 3.495406938859370095e-09 -7.751807916665841924e-09 -8.668556105957678545e-08 1.238874261683930902e-09 2.771205256658274249e-09 -3.312419450118920462e-08 -5.918357583530308540e-08 1.571548349427194908e-09 -3.939877310143654034e-10 -5.741218742567872531e-08 -1.278833994718422270e-08 2.541602799314071287e-09
8.880381764417510926e-01 1.171986743341816207e-08 -2.404631547155806337e-09 -3.257719089357259649e-09 5.914095156124524275e-08 3.452979909209057771e-08 6.121585991728874767e-11 1.205801762346726799e-09 5.991706195517876822e-08 2.000222536542437823e-08 -3.437560435409336366e-09 1.717229823941970670e-09 1.948902183128849413e-08 7.239734468775537814e-09 4.221710771141603348e-09
8.922270316229049536e-01 1.382357291141084546e-08 -1.778318757678361868e-09 7.920569600465752889e-10 -5.065155815522273879e-08 2.332217869242245753e-09 -3.267966925400159053e-09 5.042135295465964231e-10 -5.887142418682510836e-08 -2.911815469139868590e-08 3.533831401724747206e-11 -2.597201110063375883e-11 9.596086324011211214e-10 -1.017661411353925271e-08 7.387925844351947980e-09
8.964225585562245469e-01 -2.984738987317029036e-08 3.758423216214011093e-09 -6.478974819385386585e-10 -5.287918726328709899e-08 -3.265714009802111186e-08 -1.303801517142964212e-10 1.398540777227818454e-10 -5.306545759128606848e-08 -2.623711773989585210e-08 -1.190930910082421995e-09 2.363519951031549781e-11 -8.730918309465519724e-08 -9.564497565654837549e-09 3.261280893549047542e-10
9.006049913569987853e-01 -9.473278180660053593e-08 2.282453737551634955e-09 -3.783666874477247765e-09 2.022987980807658279e-08 -2.383589148247229030e-08 -2.061848601222859809e-09 2.753007120282806000e-10 1.746271462258689846e-08 6.494778016269997413e-09 -6.949556359252401251e-10 2.865650239718649464e-10 -3.424915679729015782e-08 2.659452313338781475e-09 -5.261863265150405663e-09
9.047836582182254839e-01 -4.444654321115913054e-08 -1.838469031900391811e-09 -7.301639247708404675e-10 -3.393379276591067409e-08 -1.212299045745862789e-08 1.019370226432736622e-09 1.633116841634109184e-09 -4.172404834801942682e-08 1.622931986811795813e-08 -8.868204978534353929e-10 -4.568030617905913040e-10 -2.341483579337750814e-08 5.937182208270688649e-10 -5.751921423817002855e-09
9.089780964569278421e-01 1.990472754871969008e-08 6.404668697225802871e-09 -2.405169854194669522e-09 -7.248144534685785966e-08 2.342027967801413697e-08 1.388675615903922722e-09 2.860120644403637957e-10 -1.666843776836872788e-07 3.027699380565682524e-08 1.229253213955658028e-09 4.006353185164721073e-11 -6.535581226838961493e-08 9.481524521166045514e-09 6.678271709627106054e-09
9.131704587403689510e-01 -1.808121512537991851e-08 3.256857925568343827e-09 -1.211628471945124196e-09 -5.123096352763057761e-09 -2.553237149165688849e-08 2.449602498846963031e-09 -7.561488070786124122e-10 5.303949105143797197e-08 -1.511914191665092503e-09 -1.214220118542670812e-12 -1.023146932094300286e-11 3.317270094684470809e-08 -2.748666957790538115e-10 -6.834067739092567586e-09
9.173547920329833127e-01 6.262394736381890022e-08 -4.131062139975848829e-09 5.387159234136373231e-09 1.618934551647995527e-08 9.922943976335892892e-08 -1.929237811025960193e-09 2.522105471201936829e-09 3.385197857654355411e-08 6.180536785068708485e-08 -2.195265811659284767e-09 1.426342940905440299e-10 2.385898838534715558e-08 8.009750435513307289e-09 -1.695683673819117592e-09
9.215425617950214754e-01 -2.507722752333817129e-08 -4.160220403349951257e-09 -1.959276371538482363e-09 -2.258544107103052035e-08 -5.494713336559544252e-08 2.963315061715428223e-09 5.112881883341220441e-10 -2.405095292440675275e-08 -6.258085598568109673e-08 -2.870709333737123031e-10 -7.884879636934876263e-10 -3.230078193180470493e-08 -2.102193044852905093e-08 1.163661016415405253e-09
9.257400405750663142e-01 2.290341392761053571e-08 -7.890231877602093212e-10 6.097107435583274518e-10 -2.419359176470467016e-08 1.895929203124485340e-08 -3.006653560291119073e-09 3.263703292704767056e-09 3.327677550670349190e-08 -4.047112126525910056e-12 3.739471228412015998e-10 7.483870688467149228e-10 4.215123316713872114e-08 -1.304444709215503755e-09 2.175102582466806836e-09
9.299303352268617484e-01 -5.088624251381720780e-08 1.033854289018084071e-09 -5.316343234526108955e-09 1.312014557482645488e-08 -5.212005942411378584e-08 -1.493877687712788466e-11 2.130606048737653243e-09 -4.170063727514055825e-08 -3.974314422893225350e-08 6.191342367597111877e-11 1.375837108123058251e-10 -3.532878956095646364e-08 -6.865973638450474925e-09 -1.432428231409449465e-08
9.341108300097852313e-01 -5.910853847372285775e-08 -5.865318180188609511e-10 -5.770385652365611879e-09 7.622875258320473070e-09 -8.100721408693189211e-08 4.651202484104522219e-10 -1.304233751033240929e-09 3.796516993174849791e-08 -2.836222535629129188e-08 1.885972432136149907e-10 4.491953316821937228e-10 2.402968499982606339e-08 -4.393292866085516229e-09 1.032052743705592472e-08
9.382896253999645220e-01 -7.739718812862896606e-09 -8.916838083197865069e-09 4.190054460712505707e-09 -1.555724580093018830e-08 -9.224112312378992596e-09 -1.654260051245864334e-09 -1.813517566275161489e-10 -9.755272625966525773e-09 6.732917622488937345e-09 -9.468381115155079651e-11 -3.720789566628208728e-10 1.114337865695231576e-08 5.087065338307582485e-09 1.525952632432051807e-08
9.424819561228944265e-01 -2.315036244153830901e-08 -1.128258751967319354e-10 5.372675705149202182e-09 -4.864830636581599190e-09 -2.100241718654519501e-08 1.528576999062363049e-09 -1.378100441373141658e-09 -5.776936790500582491e-09 -7.562269100926094774e-09 1.373158329577374862e-09 6.046635411546093150e-10 2.505470525371806555e-08 3.017753289712403281e-10 1.262879732537300432e-08
9.466849863120379016e-01 -7.901908919702503138e-08 -9.241189743907585180e-10 -8.311673818105534878e-09 5.549117665991795969e-09 -9.692099810647072211e-08 -9.339593982945686065e-10 -4.593614188819795528e-10 -1.964662106493608894e-08 -5.002891502076538350e-08 -1.675478649768978249e-09 -1.060845062969181589e-09 -1.438042337189730766e-08 -6.207696020642301228e-09 -3.843566225941964982e-09
9.508714331057195324e-01 -2.474898184733217755e-08 2.202211493936549855e-09 -6.910055838316186283e-09 -1.120762652491337168e-08 1.763015862399423381e-08 -1.239594824838504509e-09 3.700935719486053352e-10 -4.989042094632034800e-09 1.153215216156515128e-08 -1.748755384655680574e-09 1.079495958895894662e-09 3.005857904362465797e-08 4.244977317467713124e-09 1.165721608425601248e-08
9.550563230073290111e-01 -1.593895402340869175e-08 -2.731580804719284637e-09 4.904485283420543985e-09 -2.191600869527528691e-08 -8.351748380561191228e-09 -4.786490536899555225e-10 1.356706928928840951e-09 -4.656841467456752673e-08 -2.986628890966051532e-08 -1.054150456898033522e-09 1.944829032809446381e-09 -1.349243692982236706e-08 -8.522045492576832965e-09 1.023259058298956166e-08
9.592513211539739348e-01 -6.183537282247550032e-09 6.627696093381806473e-10 -1.771427488330310021e-09 -2.725019413727342328e-08 -3.856102481526766130e-08 8.367802517072305323e-10 -6.480114223533008598e-10 -5.628822271441249294e-09 -3.238907927455715538e-08 8.107585608811257094e-10 6.281681938987669403e-11 -3.453094106186239389e-08 -7.554300889800276719e-09 -1.366079833582930310e-09
9.634451052878124644e-01 3.711974680581033124e-08 3.323040318514256764e-10 -2.308704265868987121e-09 7.462730390618480272e-08 5.634089194142386671e-08 5.855661997690238800e-10 -6.803367064461115307e-10 8.193236386201704144e-08 -1.084661384032873376e-09 3.767691198004258145e-11 -1.013160069534341307e-09 1.294569289871222091e-10 -1.395286410698221067e-08 -6.670170600261256021e-09
9.676230540453005791e-01 -2.118388932557198664e-08 -2.935998638403974793e-09 3.718342608887012819e-09 1.404546766758186492e-08 -7.608392801747699138e-09 8.197903843474400094e-11 -3.441268246195546046e-09 -4.897713053794389239e-08 -8.798168591142162462e-09 1.471710952782391739e-09 -1.650742885174684993e-09 -5.067021186599487913e-08 -1.869846503446323770e-09 -8.799578226833334343e-09
9.718094297475188270e-01 -4.605300254430102552e-08 -8.369566165500337002e-09 -3.507054902141418935e-09 6.948982207644649370e-09 -3.828497068892739734e-08 -3.421623364074724469e-09 -1.727686772426687708e-09 6.590660964964404892e-08 -1.935705187017227166e-08 -1.702600269568733472e-10 -1.670390285816244288e-10 7.339259793393886652e-08 -3.195052773763085914e-09 2.151991624407052195e-08
9.760091362076940280e-01 5.499850749546230241e-09 6.172965742521994362e-09 -1.739055689416342416e-09 2.504825868970619564e-08 5.491924122529015330e-09 1.310039748213141894e-09 -4.639723646439531754e-10 3.918617740553504104e-10 -1.802194481022608297e-08 1.004927315469501869e-10 2.423800329579251032e-10 4.235773535985741080e-09 -1.116197517003000365e-08 8.885120362716759716e-09
9.802075838006468755e-01 1.955160870549896898e-08 -1.536421439584496382e-09 1.091457008529299331e-09 5.856746283730332395e-08 1.993990252139723237e-08 -2.181328551792396894e-09 1.913483613396185267e-09 -5.689494148211890334e-09 2.779367431212320472e-09 3.283680413140573427e-10 -3.911784397647904345e-10 -1.649401788766817247e-08 -2.960544647197334270e-09 -9.475366263510114886e-09
9.843901124947946890e-01 1.729698899717748019e-08 7.291663831481208259e-09 8.298790379454371896e-09 -4.033168742166583527e-08 1.975236257439787353e-08 3.808327013371903269e-09 -4.441288686271109431e-10 3.197580873013203060e-08 1.007519985309905787e-08 3.167314938350112145e-09 -4.810476423499714622e-10 4.897838514644274262e-08 5.675735946237585566e-09 1.270130413572923114e-08
9.885650797815361823e-01 -1.747276994873261395e-09 -9.119891787700143773e-09 2.568739177151596974e-09 6.527020350507994625e-08 5.139502191482480043e-08 -7.219872527178895256e-10 4.173563688877191868e-10 7.680742159534593400e-08 2.487046393733532072e-08 -1.279429886668337631e-10 -4.631586085508509035e-10 1.611820367822358319e-08 -3.771929782071243787e-09 8.383747010198658429e-09
9.927561705083151056e-01 -3.181095166618838921e-08 -2.887801843311578108e-09 -1.061450139300341369e-09 7.249900327407159583e-08 -3.006559850639604381e-08 -1.450293468378542896e-09 -1.989496016116977485e-09 1.675289963454588434e-07 -2.085067963324190364e-08 -1.543344954958894723e-09 2.491342649951823676e-10 1.071238540668485946e-07 -3.624758926764277678e-09 2.154169563844315032e-08
9.969400597939003239e-01 4.310136354199134571e-08 -8.336819248584164506e-09 3.674342671877527165e-09 3.828616606158422145e-08 9.610490567529568259e-09 -2.517870993893497140e-09 -2.524710833836798624e-10 7.318981814100607481e-08 -1.019780722854026841e-08 -3.558675928890024766e-10 -1.041130778282417218e-09 4.193836516151107964e-08 -6.743009319460299943e-09 5.850620713918056224e-09
1.001125867816581083e+00 1.350583494577988148e-08 -5.619317445004543787e-09 1.093305037635482767e-09 3.942230511792964622e-08 4.268862026997104986e-08 -2.643687221451725985e-09 -1.538166589522655350e-09 8.617725678701168329e-08 3.103592379895899615e-08 -1.855931974992767577e-09 -3.826847232655031432e-10 1.042582341798847656e-07 4.842741217612285078e-09 3.886002177799032091e-08
1.005315482813002204e+00 3.268664355259859269e-08 1.405124311093930822e-09 4.243625952694893749e-09 5.298175688803340421e-08 3.203504656623002752e-08 -2.315212956666121192e-09 7.262908943531297035e-10 3.334308380319734401e-08 -9.100650804353940684e-09 1.460026244301827246e-10 4.816740153595294522e-10 2.453284574735119067e-08 -6.136852911328229445e-09 -2.879538828318157482e-10
1.009503724426713545e+00 -2.525650674005364601e-08 8.931583502560186617e-09 -3.744457584433173666e-09 -3.662136414686906540e-08 -3.173350888581691845e-08 1.482352604675898515e-09 -2.768507889823834411e-09 -6.525272896160400149e-08 -4.568666159007471483e-08 -2.094397195403340495e-10 5.870930621797011192e-10 -6.213151309086413298e-08 -1.236717596515067799e-08 -7.063794823915487586e-09
1.013699103815393299e+00 5.337276254710376320e-08 9.377508504948508910e-09 -6.590504435751210222e-09 2.415185125991530138e-08 3.881062946916797121e-09 3.012448357472624507e-09 -2.935761529555853430e-09 4.958862674276086354e-08 -3.587266148606647607e-08 6.483314707517717073e-11 -3.006739921649907225e-10 6.254699847615728889e-10 -8.669182854101001955e-09 1.121105780666470388e-08
1.017885842421875964e+00 -1.135185450649580992e-07 -3.348502112457156406e-09 8.904455864147806029e-10 1.122992018160775457e-08 -1.454152414687259931e-07 6.123157630878411545e-11 1.176652382824643244e-09 -7.879231485277321598e-09 -7.219995617017938511e-08 -3.507360824801022535e-11 9.309772480340258039e-11 8.372517264977082455e-08 -3.139650984329920583e-09 1.127560023791986126e-08
1.022076284359184406e+00 -1.566268976251067223e-08 -4.364597661710553591e-10 1.704696157620920945e-10 -6.828025998100458814e-08 -1.406034907300293936e-08 5.958083959740550537e-11 7.287764297155003887e-10 -5.944423279921904973e-08 -6.108641204286715542e-09 -3.211709327228707423e-10 4.032073795558343672e-10 -2.731218245532126884e-08 3.175856188139118263e-09 -1.460317342726467452e-08
1.026273875264014812e+00 -1.386480749834504015e-08 3.174753807875583710e-09 3.865777334126802794e-10 -3.064636639687871627e-08 -4.011195888801852433e-08 4.110779856607976369e-10 -1.225462857260020001e-09 -1.187970561885539012e-08 -3.731142263229059806e-08 2.178423633579155399e-10 -1.086856686894404827e-10 -3.357277072596307221e-08 -1.159510830635300391e-08 -2.309557990975680434e-08
1.030463237552156075e+00 2.925059137591846003e-08 -2.228265055670695613e-09 8.917295588072726878e-09 7.816852547658101071e-08 2.443955169470991546e-08 -1.896408952698916988e-10 1.963669477615756794e-09 3.313281297892419196e-08 -1.311931237194711933e-08 -8.305699186024218095e-10 5.799422864113004676e-11 -1.296990190120556264e-08 -9.587037222238493050e-09 -2.440724050834200763e-08
1.034646639530784062e+00 -1.729466218531549789e-08 -1.077816280909053791e-09 7.172339637062254114e-10 -1.275800929239287930e-07 -4.737556805904722406e-08 1.557781007217571548e-09 1.456560256212387645e-09 -1.526287273513160192e-07 -4.119770745984158608e-08 -1.136036893212584148e-09 -5.308206068374483890e-10 -5.081785128610443053e-08 -9.658100236566136092e-09 5.405551839657506838e-09
1.038830480088573260e+00 -2.582185668889460746e-08 -1.914190091478962303e-09 3.986565932309802270e-09 2.961044860651540639e-08 -2.228584783563655177e-08 -2.253085367283810158e-09 2.372439632682477589e-09 9.049110758243993565e-08 8.249975655432291062e-09 -7.707940648089229287e-10 -2.504801010033394549e-10 5.989561703797249642e-08 7.594542497242774672e-09 3.107276920372354915e-09
1.043023229532383578e+00 6.555088871303384858e-09 2.155537973163615570e-09 -1.658945285614808123e-09 2.838736815697649629e-08 4.086431047534111320e-08 -5.526652847054035556e-10 -1.804085725365658089e-09 3.249655187723334672e-08 2.973354884867817139e-08 -3.923072153537425628e-10 -8.305670496142478861e-10 3.172121377598140995e-08 6.793673735739759164e-09 8.298311394218532871e-09
1.047211320931656031e+00 -4.723142529835471737e-08 2.948812923215033136e-09 -3.286004039773726637e-09 -7.958301575103366761e-08 -1.174921052952617371e-07 5.595300963946588137e-10 -2.643777569935570773e-09 -6.542390697921177085e-08 -7.650182866479775645e-08 -1.994393533549911447e-10 -1.413183158880237425e-09 -7.116269902919586915e-08 -1.332459309370209120e-08 -3.496188084686938432e-08
1.051395396220772938e+00 2.945407589614170168e-08 -9.270569364063429026e-10 7.533884409686208251e-09 -7.125926986057455505e-08 -2.980602253020587442e-08 3.079291785588642831e-10 1.154575245208160593e-09 -5.180829386370778396e-08 -2.925373153868065012e-08 -1.568691246523639962e-09 3.540053458695307561e-10 -5.883917661662854885e-08 -1.032678337020013646e-09 -3.015550711015678089e-08
1.055587561333155788e+00 -3.727511144780603698e-08 9.467645422929255354e-10 -5.755922481289008780e-09 -5.609838695953468152e-09 -1.320479713646446857e-07 2.536841913812031380e-09 -1.139417121165133289e-09 -5.772710234189435136e-08 -9.516319019953137335e-08 1.076594904713995824e-09 5.163891438775609165e-10 -1.718439018163388935e-08 -2.225076690763500808e-08 -1.336489681059495389e-08
1.059780855230085139e+00 -3.026403259831581331e-09 -2.473043110769059564e-09 5.650639844603272879e-10 -7.555095426175822566e-08 4.113102069794797285e-09 -9.441109313924052915e-10 2.252203955936528179e-09 -1.079644905895920304e-07 3.643204626650264425e-08 -1.438044544200316329e-09 1.790829268665747708e-09 -6.572197822009056187e-09 1.402967053132698887e-08 1.062590647401781389e-08
1.063968553353427993e+00 -1.998403461696145750e-08 -9.578048996983961056e-09 7.801650265834203460e-09 1.964540156431058327e-09 -7.234014477298932807e-08 3.148438034509097228e-10 1.264800594894228200e-11 -1.379771046623468847e-08 -4.414420455950051968e-08 8.919825220032932134e-10 -8.822990766955999611e-10 3.295987117401673227e-08 -5.191108970577003598e-09 -1.194947893016827663e-08
1.068144877931138659e+00 -1.397981750881264643e-08 5.795192610786975465e-09 -3.191959236851655601e-09 -2.244294627697608173e-08 -5.392195338262686595e-09 4.174454318017340644e-11 -6.221754219326224144e-11 3.052769011529032371e-08 5.432176155499897594e-09 -7.738213273402787555e-10 7.231718223385436478e-10 2.479669567624386671e-08 5.315273395371117390e-09 8.759079666561496519e-09
