# Columns: ('k', 'S1', 'S2', 'S3', 'S4', 'S5', 'S6', 'S7', 'S8', 'S9', 'S10', 'S11', 'S12', 'S13', 'S14')
5.345493089407682419e-03 -6.842008463541665719e+01 2.306238715277777828e+03 7.768622504340277901e-01 -7.944871012369790719e+01 -1.513682047526041572e+02 2.150754774305555657e+03 -1.199772474500868036e+01 -1.622135009765625000e+02 -1.344275173611111143e+02 2.077481553819444343e+03 -1.577163187662760357e+01 -1.385912543402777715e+02 -4.142494371202256787e+01 -4.362276543511284643e+01
9.344366739594166943e-03 -7.806127929687500000e+01 -8.185037802419354875e+02 3.540276508946572420e+01 -3.553524288054435232e+01 -2.705785660282257936e+02 -8.383080267137096087e+01 3.692810058593750000e+01 -2.168308026713709751e+02 -2.493837890625000000e+02 -2.748520192792338790e+01 4.108408675655241638e+01 -2.392736107610886904e+02 -7.468246755292338435e+01 -7.513720703125000000e+01
1.312833575873958818e-02 3.619516501913265074e+02 1.712336575255101934e+03 -8.211689353475765074e+01 2.607714445153060865e+02 8.051236447704080774e+02 1.750055006377550853e+03 -1.455605269451530432e+02 6.841387117346938567e+02 5.788292809311224119e+02 1.477441326530612059e+03 -1.099484813456632537e+02 5.120400191326530148e+02 1.420758928571428328e+02 1.268144730548469283e+02
1.700891779646987109e-02 -1.144536737351190538e+02 2.602872619047619082e+03 -3.834307291666667084e+02 -2.379592633928571743e+01 -3.212509672619048047e+02 1.382140773809524035e+03 -1.488710565476190482e+02 -2.220888764880952522e+02 -2.028493675595238415e+02 8.542197916666667652e+02 -5.809601469494047876e+01 -1.682821986607143003e+02 -2.879753069196428683e+01 -2.408871837797619264e+01
2.135270783943789275e-02 -3.267179464285714516e+02 8.424349999999999454e+02 9.351319754464286405e+01 -2.540802232142857235e+02 -7.804076785714286189e+02 5.686881250000000136e+02 5.164916294642856798e+01 -7.377278571428571468e+02 -6.555669642857143344e+02 4.318329017857142844e+02 2.968206194196428527e+01 -6.454134821428571058e+02 -1.879875892857142787e+02 -1.877493303571428669e+02
2.564347439342075027e-02 6.434401041666666288e+01 1.635885555555555584e+03 -3.020224652777777692e+02 1.079939496527777720e+02 -9.674822916666666117e+01 9.568103472222222763e+02 -1.392471874999999955e+02 -7.986708333333332632e+01 -1.251793229166666634e+02 6.313418749999999591e+02 -7.797070312500000000e+01 -1.494168923611111097e+02 -3.753823784722222001e+01 -5.006043836805555713e+01
2.962205054058980949e-02 1.040675547653654576e+02 6.913913517441860677e+02 -1.272184774709302388e+02 2.242896335132890329e+02 2.217303259966777489e+02 4.817854547342192859e+02 -7.551266611295680775e+01 3.584966777408637881e+02 2.143478509136212722e+02 3.220803052325581461e+02 -4.290543890157807283e+01 2.402181270764119745e+02 6.702740863787376213e+01 6.087993147840531805e+01
3.361537140302770649e-02 -2.496080216535432896e+02 2.851782726377952599e+02 1.837045808727034171e+02 -1.119226849573490767e+02 -5.261420603674540644e+02 2.934578207020997525e+02 6.311610584809711355e+01 -3.707723097112860842e+02 -3.911783136482939653e+02 2.443279609580052352e+02 1.972187833210301733e+01 -3.365173064304461832e+02 -1.059812376968503855e+02 -1.002776000656167952e+02
3.793950633336700545e-02 -4.119371511055166479e+01 2.277051225919439617e+02 -1.247832065455341599e+01 7.099804345446584364e+01 -8.462956983362522578e+01 2.267490012040280192e+02 -2.082358937171628810e+01 -3.744540827495621560e+00 -7.049888490586690182e+01 1.758702659807355531e+02 -1.631615313047285554e+01 -5.903549146234676215e+01 -1.842504241462346926e+01 -2.198239793126094455e+01
4.227894994616508695e-02 4.398991000000000327e+02 1.213658200000000079e+03 -5.412824500000000398e+02 5.926371000000000322e+02 9.350117999999999938e+02 7.467245000000000346e+02 -2.850771750000000111e+02 9.446598000000000184e+02 6.541372499999999945e+02 4.480794000000000210e+02 -1.279779375000000101e+02 5.674540000000000646e+02 1.626456249999999955e+02 1.350411375000000191e+02
4.633325468672155889e-02 -1.098042159636488293e+02 4.723641975308641463e+02 -1.269888331618655570e+02 6.497924168381344145e+01 -1.877524862825788716e+02 2.934755229766803382e+02 -6.537732017318244004e+01 -8.076799339849107184e+01 -1.493019011488340198e+02 1.990078446502057545e+02 -4.091085551697530320e+01 -1.317745198902606205e+02 -3.759102794924553592e+01 -4.123500996656377993e+01
5.038752484052157893e-02 2.008338616317530239e+02 4.758714856670341646e+02 -1.622919308158765261e+02 3.683673511576626538e+02 5.356355774531422185e+02 3.549216510474090569e+02 -1.210201729603087131e+02 6.190733875413451415e+02 3.815979534178611061e+02 2.245912348401323015e+02 -6.362327728776185154e+01 3.709578280044101461e+02 8.996523566703417885e+01 8.044404630650495847e+01
5.464179025701254577e-02 1.444312012167125658e+02 4.776380853994490394e+02 -2.462209882920110147e+02 2.315674787649219581e+02 2.380092114325068735e+02 2.844226928374655472e+02 -1.229128787878787818e+02 2.581084136822773303e+02 1.125707214187327878e+02 1.420365874655647360e+02 -3.745047061524333998e+01 8.041444272268135762e+01 1.742224087465564608e+01 8.521183066460055855e+00
5.886817576171304162e-02 1.514546512209767855e+02 4.080658526821457031e+02 -2.055982786228983059e+02 2.756076611289030893e+02 3.418637409927941917e+02 2.738028672938350496e+02 -1.254723653923138471e+02 3.806263260608486689e+02 2.037183246597277559e+02 1.602198258606885304e+02 -6.272416683346676791e+01 1.688058446757405875e+02 3.788000713070456271e+01 2.327420999299439330e+01
6.290140616743733482e-02 4.171327707856598295e+02 5.019575228832952121e+02 -2.492060688405797180e+02 5.233929252479024399e+02 9.537290236460717097e+02 3.551952707856598295e+02 -1.570924866514111500e+02 9.121891685736079580e+02 6.454077040427155225e+02 2.111673817696415085e+02 -6.807207642067125164e+01 5.580121567505721032e+02 1.483350257437070923e+02 1.246408752860411937e+02
6.703999982739437813e-02 1.909655856800479512e+02 3.823084931096465198e+02 -2.358416342121030596e+02 2.920638855602156809e+02 3.876668663870581213e+02 2.562882901437986902e+02 -1.437989814260035928e+02 3.712677501497902881e+02 1.866613803175554267e+02 1.296107418364290140e+02 -5.816121180347513331e+01 1.226762095566207336e+02 2.229118530931695830e+01 7.686025501797483450e+00
7.134254604642074893e-02 2.959929473401397217e+02 4.929707146695325264e+02 -2.875041644277270620e+02 4.113592826437399594e+02 6.734894545943042203e+02 3.196419599677593055e+02 -1.592423092423428272e+02 6.716742342826437380e+02 4.405824489521762644e+02 1.785908617678667554e+02 -6.492732401934443942e+01 3.870967221923697252e+02 9.971669297420741884e+01 8.507563138097798117e+01
7.561818311969153994e-02 2.960725419664268543e+02 2.829474820143884699e+02 -1.460998051558753161e+02 3.701166966426858380e+02 6.710226019184652841e+02 2.145264238609112795e+02 -1.031161345923261479e+02 6.692589928057553834e+02 4.652051858513189586e+02 1.349065647482014469e+02 -5.479318794964029138e+01 4.261864508393285291e+02 1.090084082733812920e+02 9.820966726618705422e+01
7.973924982214039558e-02 2.276931935520881325e+02 2.783691486920606053e+02 -1.629187127122533241e+02 3.464883547498852749e+02 5.805802547039926367e+02 2.053395479577787910e+02 -1.098591813905461265e+02 5.975723955943093415e+02 3.843716154199174184e+02 1.174969954681046431e+02 -5.064700694125745883e+01 3.487177604405690658e+02 8.218506195502524747e+01 7.254243632400184083e+01
8.385356877962653332e-02 2.283291865315852078e+02 2.682299612634088248e+02 -1.622743469408025305e+02 3.291409415971394310e+02 6.078705800556217582e+02 1.964873733611442219e+02 -1.053240837306316990e+02 6.267903257846643328e+02 4.466231128327373767e+02 1.190828242947953868e+02 -5.300996349821215858e+01 4.213404350417163187e+02 1.107714292808899472e+02 1.026159304231227622e+02
8.809929214337092196e-02 2.933874037451872709e+02 2.549682577878893994e+02 -1.371011659957997892e+02 3.533772751137556725e+02 7.332359992999649876e+02 1.880756694084704179e+02 -9.165371237311865116e+01 6.856061428071403725e+02 5.350595904795239903e+02 1.139466660833041658e+02 -4.492375087504375131e+01 4.670785351767588054e+02 1.310851417570878539e+02 1.143757656632831612e+02
9.230415729057904473e-02 2.871689861250417835e+02 2.367367101303911738e+02 -1.385075330157137898e+02 3.671813774657305203e+02 7.592525911066531989e+02 1.857785857572717987e+02 -9.687076855566699862e+01 7.435913574055499566e+02 5.690970829154128978e+02 1.165678911735205503e+02 -4.911361166833834346e+01 5.242943831494483220e+02 1.430843781344032095e+02 1.321462617017719765e+02
9.643309047658384092e-02 2.398768554983338390e+02 1.938772531051196495e+02 -1.123475556649500220e+02 3.127628559527415746e+02 6.267863526204180289e+02 1.500701113299000440e+02 -7.845117956679794702e+01 6.114358149045743858e+02 4.550074598606482823e+02 9.225166616176916534e+01 -4.004768441381399668e+01 4.156822932444713956e+02 1.106300079521357134e+02 1.012110061345047001e+02
1.005689403076158450e-01 2.669426542776998872e+02 1.997347650771388601e+02 -1.186070827489481161e+02 3.259000350631136484e+02 6.836307152875175461e+02 1.539698457223001355e+02 -8.386871493688640555e+01 6.426333099579243253e+02 4.886423562412342676e+02 9.324481942496494469e+01 -4.314221160589060844e+01 4.317248246844320079e+02 1.150110799438990199e+02 1.014769372370266467e+02
1.047818677762802908e-01 2.528449246950460463e+02 1.792075865073437910e+02 -1.042500622354991293e+02 3.036455688324620610e+02 6.633821259646501858e+02 1.428368340801593206e+02 -7.583653846153846700e+01 6.254566840926064515e+02 4.907111650485437053e+02 9.257199869305452467e+01 -4.213996763754045105e+01 4.411570201643017413e+02 1.203184746079163574e+02 1.084995487926313160e+02
1.090277847809041356e-01 2.165026144550313631e+02 1.603532419242389153e+02 -9.717089094817569617e+01 2.619723448756681137e+02 5.512789914013478665e+02 1.233865326516383902e+02 -6.851527277480826683e+01 5.224529398094352928e+02 3.962187717871252630e+02 7.566139902393679506e+01 -3.624025389263304930e+01 3.536947188008365970e+02 9.371792935161515459e+01 8.339858819428306447e+01
1.132170039508717807e-01 1.611022225898963143e+02 1.145612108427090163e+02 -6.006898714979042353e+01 2.018841550849327007e+02 4.386182715640856031e+02 9.711165343039928644e+01 -4.757772170747848861e+01 4.006367196117361686e+02 3.126344308405029437e+02 6.148894909552172550e+01 -2.550390538826384201e+01 2.673317339510257966e+02 7.265767014118685552e+01 6.191170996029119777e+01
1.174008294871188018e-01 2.053995683597671302e+02 1.281972997390082298e+02 -6.792440022083918905e+01 2.346911764705882320e+02 5.340352840795021621e+02 1.035465205280064254e+02 -5.034232583818510420e+01 4.980575185705681633e+02 4.003342953222244773e+02 6.825401525798032765e+01 -2.822990488857659130e+01 3.596811885163621696e+02 9.955803302549689704e+01 8.984300341296928138e+01
1.215998224695146873e-01 1.198923222748815078e+02 8.604566350710899769e+01 -4.958769845971563939e+01 1.585420971563981141e+02 3.403003317535544738e+02 7.335633886255924097e+01 -3.855326421800948111e+01 3.225790521327014062e+02 2.481626540284360090e+02 4.725082345971564024e+01 -2.181107227488151423e+01 2.217585781990521241e+02 5.910563981042653836e+01 5.275389810426540294e+01
1.257670529567683493e-01 1.224638562266167838e+02 8.029691675574559895e+01 -4.077617250133618398e+01 1.467091795831106253e+02 3.295828656689827199e+02 6.716720670764297552e+01 -3.187207709780865983e+01 3.062188223766257238e+02 2.451953055407090858e+02 4.494867662123641594e+01 -1.836648878719045186e+01 2.180103331551754877e+02 6.053835404418314425e+01 5.405638695884553613e+01
1.299386816717305049e-01 1.036268112958998842e+02 6.666688621768483358e+01 -3.639740964103408771e+01 1.294786555244525061e+02 2.876030380372139348e+02 5.648676519018606967e+01 -2.816625843899226211e+01 2.689322616499259198e+02 2.128152889840276600e+02 3.686551899802404364e+01 -1.582170570558208489e+01 1.902801333772435441e+02 5.199189033426642936e+01 4.684856125473407218e+01
1.340949335765710126e-01 1.176108400761542185e+02 7.151929636680945634e+01 -3.626912283833095785e+01 1.291666964144058625e+02 2.996419958749801822e+02 5.711383963985404222e+01 -2.679696424321751635e+01 2.705337934316992232e+02 2.200472394098048596e+02 3.730712309614469291e+01 -1.501582331826114647e+01 1.921475487862922478e+02 5.363587279866730739e+01 4.710704228145328187e+01
1.382635144665005922e-01 8.203707795971598671e+01 5.030010143457469951e+01 -2.565206355962904183e+01 1.003607991595420970e+02 2.317919323286480449e+02 4.406808795826692204e+01 -2.065259563831329004e+01 2.135774344297927883e+02 1.739273655991885335e+02 2.963134418924793678e+01 -1.200909175300681042e+01 1.537162730039124767e+02 4.292465765831039448e+01 3.814691258513258987e+01
1.424925284902303357e-01 7.501986749356106543e+01 4.633373153043242354e+01 -2.340505752677239926e+01 8.932774162938864038e+01 2.048013420089467047e+02 3.943222177036735587e+01 -1.855519689575708142e+01 1.886614646875423489e+02 1.523695777416293708e+02 2.661893596651755090e+01 -1.103574983902670326e+01 1.354091263386200126e+02 3.754264097871763539e+01 3.363263775925172894e+01
1.466886314558672189e-01 6.336938511912596539e+01 3.973615407397656440e+01 -1.932028884757140830e+01 7.593745063840989928e+01 1.757825457417401367e+02 3.439910490983282898e+01 -1.572396587468737472e+01 1.607843392128471578e+02 1.307785968145320510e+02 2.311592775108595177e+01 -9.190268362511517353e+00 1.148940782545741683e+02 3.203663247005396641e+01 2.831720374819007091e+01
1.508619291163366127e-01 4.883543515254649492e+01 2.775712592682630486e+01 -1.253902831378388250e+01 5.961306141363802169e+01 1.409579433572383778e+02 2.534017374194724681e+01 -1.083265657286981920e+01 1.287050717150844719e+02 1.065414185000607716e+02 1.760833611887687056e+01 -6.656583315607147000e+00 9.378665522061504589e+01 2.644820218487905805e+01 2.346817453202868720e+01
1.550655720814744509e-01 4.739366182814503503e+01 2.789013495394659969e+01 -1.392561319517313656e+01 5.766876530255333932e+01 1.354848431852629176e+02 2.477003177101550691e+01 -1.147564252506703930e+01 1.254262125451789558e+02 1.029004969686370430e+02 1.697952008277952629e+01 -7.011237357176168139e+00 9.199175848198670735e+01 2.570231797248455052e+01 2.312136200011659071e+01
1.592593054631499527e-01 4.068647692434030461e+01 2.385608678692652873e+01 -1.107677857768531737e+01 4.795279823168728939e+01 1.135742294426803909e+02 2.094181984287747866e+01 -9.024063663363627086e+00 1.034839524252709992e+02 8.543177214496878946e+01 1.454175448921493441e+01 -5.519460678309427770e+00 7.518704149786488244e+01 2.115633725227198170e+01 1.870040478210883705e+01
1.634144798183441161e-01 3.629518666666666604e+01 1.999802166666666636e+01 -8.467912500000000620e+00 4.072634666666666448e+01 9.912326000000000192e+01 1.739504833333333167e+01 -6.886118333333333119e+00 8.980209999999999582e+01 7.592777333333333445e+01 1.225347499999999989e+01 -4.176306666666667056e+00 6.705588000000000193e+01 1.929448999999999970e+01 1.717780666666666534e+01
1.675823816150099899e-01 2.850782099436591821e+01 1.602716343777799679e+01 -7.478327783680932761e+00 3.343124814668379940e+01 8.034448205989917824e+01 1.426743198329544349e+01 -6.196143403429870133e+00 7.275344716813283696e+01 6.057310714638726523e+01 9.827936579519620963e+00 -3.787397604279924668e+00 5.312560541662548275e+01 1.497705285657803564e+01 1.323848627310467485e+01
1.718045808093531246e-01 2.402976398601398600e+01 1.331104312354312391e+01 -5.972391098484848726e+00 2.752327505827505760e+01 6.643878205128204684e+01 1.173038315850815927e+01 -4.947319711538461284e+00 6.011446969696969944e+01 5.017963286713286664e+01 8.123616695804196652e+00 -3.024910037878787872e+00 4.412139277389277225e+01 1.249761946386946398e+01 1.105092511655011656e+01
1.760135070798979073e-01 1.867108386075949511e+01 1.062605295510427084e+01 -4.728775484359347914e+00 2.206560337173299402e+01 5.363397573080776226e+01 9.652382524360259453e+00 -4.006257256852745918e+00 4.842699321555414116e+01 4.073888420908842534e+01 6.794650988070303654e+00 -2.521343328817958529e+00 3.564015970767689367e+01 1.016779551042710139e+01 8.950469845642473388e+00
1.801930856696074279e-01 1.606572862501065657e+01 9.005085350779985731e+00 -3.866355036868127204e+00 1.913721389907084003e+01 4.687718438325803305e+01 8.343548876907339817e+00 -3.340243665288551878e+00 4.265341296564658080e+01 3.610025253601568807e+01 5.976235508481800629e+00 -2.123631930089080466e+00 3.196107002813059594e+01 9.167394350439007411e+00 8.189110982652801241e+00
1.843742315857553882e-01 1.214348587887862863e+01 6.706757965227518881e+00 -2.854068531112220253e+00 1.423596206638382888e+01 3.481763164462191185e+01 6.154096217036852501e+00 -2.467368628337908820e+00 3.112524956326428693e+01 2.629220218783795104e+01 4.323056396098494680e+00 -1.554245890004991359e+00 2.286135980783628696e+01 6.538129887280592634e+00 5.749088184219282915e+00
1.885797910080431738e-01 8.030777865566946616e+00 4.534437810741540176e+00 -2.012987460735758738e+00 1.025017223271409783e+01 2.477465216218299560e+01 4.420061437697525797e+00 -1.798530632130193485e+00 2.244914678563169730e+01 1.882502360672165054e+01 3.132195834618052732e+00 -1.138362036778308717e+00 1.644364858745085911e+01 4.675159465813612414e+00 4.111537544322824367e+00
1.927656394953895236e-01 7.821931354812773129e+00 4.455845226472165521e+00 -1.947480844149628743e+00 9.374931799908109653e+00 2.277661957270847992e+01 4.120335771785741841e+00 -1.701853277672486620e+00 2.070581112642622301e+01 1.740945540431886229e+01 2.932076896201853522e+00 -1.097255125775327356e+00 1.536179071904433791e+01 4.382192118462363339e+00 3.892666815031779137e+00
1.969014248243030341e-01 6.627786323892968845e+00 3.706656047771395013e+00 -1.600746768886788240e+00 7.773401712353668280e+00 1.913878790082163661e+01 3.399776980476986843e+00 -1.362499318330546050e+00 1.698608712644513830e+01 1.436673362175525348e+01 2.364301765978332082e+00 -8.500524601450591966e-01 1.237238125318112303e+01 3.527517859739693229e+00 3.060244242165345518e+00
2.010715633173454087e-01 4.795220360558728245e+00 2.645007267941925200e+00 -1.039566740349549434e+00 5.679954134555838863e+00 1.415909911924585529e+01 2.499608111711277836e+00 -9.240791028392280060e-01 1.259992345007913173e+01 1.082411795568705770e+01 1.790114523842289973e+00 -5.904335983193421677e-01 9.396972622651896145e+00 2.732701276835478144e+00 2.398605221736737292e+00
2.052920281681521186e-01 3.998419540229884994e+00 2.195375872331691181e+00 -9.578482912561576690e-01 4.813444170771757236e+00 1.187887520525451635e+01 2.085837694991789615e+00 -8.388913049055829463e-01 1.077336206896551651e+01 9.146234605911329751e+00 1.507382491789819312e+00 -5.511295412561576512e-01 8.079008620689654308e+00 2.318908045977011501e+00 2.066281557881773256e+00
2.095172134954577381e-01 2.431512270808392717e+00 1.305020999385671843e+00 -4.986170851119967051e-01 3.057938811354041775e+00 7.627430238327767675e+00 1.321318782094700994e+00 -4.868972275494612423e-01 6.824691556140130011e+00 5.869585249826728024e+00 9.544475527298216244e-01 -3.163189679190819836e-01 5.101342464242958563e+00 1.480912759514208199e+00 1.302230187921366023e+00
2.136973926115405542e-01 2.693889292635658794e+00 1.458440891472868151e+00 -5.176957969961240025e-01 3.224788517441860680e+00 8.176875968992249000e+00 1.430322916666666666e+00 -4.863279735949612714e-01 7.431056686046511928e+00 6.473184108527131997e+00 1.076722383720930321e+00 -3.300159278100775473e-01 5.745372093023255466e+00 1.690439922480620139e+00 1.513075096899224814e+00
2.178750580088065492e-01 1.738134352189781184e+00 9.516016195255474486e-01 -3.633752566149635044e-01 2.118030109489051238e+00 5.325775547445255498e+00 9.359284899635036403e-01 -3.412768020072992625e-01 4.758242700729927499e+00 4.104718978102189553e+00 6.803123859489050851e-01 -2.285606466697080452e-01 3.581335310218978218e+00 1.041418567518248128e+00 9.192273038321168155e-01
2.220823861956562617e-01 1.535592114077396042e+00 8.187845518136176448e-01 -2.943875944445619730e-01 1.891429299232808781e+00 4.830508370000564433e+00 8.310466995966604431e-01 -2.787384379230834486e-01 4.355294448440232280e+00 3.819152546257122083e+00 6.215085149947819909e-01 -1.847495858409840819e-01 3.359148474079088231e+00 9.944541915228183315e-01 8.825033956852541550e-01
2.262696194198526023e-01 1.071997267318987701e+00 5.815805742060986550e-01 -2.086881683746637794e-01 1.314556158052917700e+00 3.335284778640830172e+00 5.841333494297908935e-01 -2.029057465211066558e-01 2.966555106493934169e+00 2.580003396552670747e+00 4.284272481576275049e-01 -1.370683360022575126e-01 2.230554307103255418e+00 6.527307404313278383e-01 5.685351530335674974e-01
2.304259489101245229e-01 8.686102304316384304e-01 4.475020297323655805e-01 -1.474328705930550432e-01 1.090381763839499030e+00 2.791281107358951186e+00 4.709074458627461324e-01 -1.514825779923106575e-01 2.537991448171540654e+00 2.228523607093572778e+00 3.610059905093944144e-01 -1.071380701080754810e-01 1.976965129239424579e+00 5.856511812669179529e-01 5.229612178062470473e-01
2.345870463846415066e-01 6.300511647770652424e-01 3.239549633054664701e-01 -9.593757306697588139e-02 7.907847432973227342e-01 2.059228587697867319e+00 3.466015754234106905e-01 -1.009931305610430319e-01 1.839527424670433176e+00 1.641859682775996365e+00 2.629132956446912917e-01 -6.741898562360029712e-02 1.438366663803634093e+00 4.327655581959077846e-01 3.849646455247620613e-01
2.388019837064606632e-01 4.350958637087819492e-01 2.237757160358229414e-01 -6.616480266582279446e-02 5.683917180635350563e-01 1.470307181781972838e+00 2.487501244689325763e-01 -7.402729061496705898e-02 1.316066789274851656e+00 1.168755544525177603e+00 1.897074612335852006e-01 -5.095420995419543825e-02 1.018266664504176244e+00 3.048211862341886902e-01 2.683159806039685513e-01
2.430077036534963875e-01 2.934869553944990939e-01 1.501938894200482433e-01 -4.836876964918223470e-02 3.807345711203822813e-01 9.809038920981315579e-01 1.642484522090286725e-01 -5.329664828223803358e-02 8.339623671730138632e-01 7.322195329957685850e-01 1.153150703656159320e-01 -3.547547956633623212e-02 6.005591009514810175e-01 1.758363972500059380e-01 1.452917736414206240e-01
2.471758823520590620e-01 1.557799408808059338e-01 8.546443754131696768e-02 -3.268715127579616131e-02 2.502194964000344912e-01 6.229638817831685271e-01 1.098497634154403380e-01 -3.897312959875833677e-02 5.604479837318924185e-01 4.819513555558749274e-01 8.132307938965854799e-02 -2.682590129376006063e-02 4.155338332087836206e-01 1.203232334300988748e-01 1.046300042933720476e-01
2.513692271335918882e-01 1.220503013236565182e-01 6.078097264274540112e-02 -2.113599569801376601e-02 1.884255569709750167e-01 4.775945766870159370e-01 7.885725093062120883e-02 -2.602262506547169812e-02 4.180121698722156776e-01 3.652999321692705359e-01 5.710570055057766214e-02 -1.718832106721943434e-02 3.061116376197978162e-01 8.994287637165769567e-02 7.587436767674281268e-02
2.555723892733414715e-01 6.086289560058112669e-02 3.574543283116261849e-02 -1.823946265734228273e-02 1.208464891663003499e-01 2.941888981885534271e-01 5.290595506698439476e-02 -2.165416330284435781e-02 2.648359013139555129e-01 2.228385623284513672e-01 3.809833195318196308e-02 -1.495388551422379732e-02 1.884565638469249960e-01 5.304204014238538684e-02 4.489159431691470276e-02
2.597674079539822323e-01 4.006927209910614990e-02 2.186565805356536010e-02 -1.010915736819765175e-02 8.187200599139618507e-02 2.021638842191168517e-01 3.530564873645837543e-02 -1.370895818798399668e-02 1.778076664641430327e-01 1.512991455068068702e-01 2.508886590027340630e-02 -9.440962317728713790e-03 1.248490324561313258e-01 3.530541743792993403e-02 2.924913699502100853e-02
2.639178238801485610e-01 4.168832808983016086e-02 2.227140504303509044e-02 -8.608308764403646562e-03 7.530364959011151549e-02 1.904411376803253342e-01 3.299625241392981079e-02 -1.140916549966748510e-02 1.639781823108502068e-01 1.424957156742377717e-01 2.334370294035834764e-02 -7.618611278967157494e-03 1.165030669697667276e-01 3.381395115548905400e-02 2.785118981961070064e-02
2.680749044740857179e-01 3.144595559843803984e-02 1.535017013031845200e-02 -2.071089818007119856e-03 5.137170718445707024e-02 1.373892961445765393e-01 2.286891195093979090e-02 -4.807700094159461299e-03 1.169248241225220031e-01 1.074817522949237658e-01 1.732776412611654673e-02 -3.194463037050652727e-03 8.881345705170791416e-02 2.739060905040103383e-02 2.320462543673866215e-02
2.723023151079725368e-01 5.363961359250785793e-02 2.735574714884914105e-02 -6.835919445599926078e-03 6.916217292648825510e-02 1.844590793411443885e-01 3.100132772058143693e-02 -7.660164870976034907e-03 1.681557394215659196e-01 1.533216304712053946e-01 2.499042665436078739e-02 -5.535246612272370567e-03 1.377065242824459246e-01 4.232240699095257686e-02 3.854448315307820033e-02
2.765128983200950685e-01 9.435895362210939760e-03 4.263919622850605856e-03 2.628863988149349019e-06 2.326162021992488060e-02 6.255772459966582599e-02 1.018248318300184890e-02 -1.963297010991281368e-03 5.428460548845601141e-02 5.051487268332059688e-02 7.954729197280512032e-03 -1.349787299998331377e-03 4.159866952753893399e-02 1.299074315338241345e-02 1.086466460865867859e-02
2.807027537381580062e-01 2.883594749556591449e-03 2.037253184595880402e-03 -1.920930858740088534e-03 1.443776915098950175e-02 3.453613452847698051e-02 6.262841406490237198e-03 -2.800006829588385249e-03 2.923540441459102079e-02 2.407784469516012146e-02 4.092753103172772598e-03 -1.836084510965436175e-03 1.866878495445110572e-02 5.028208838345358568e-03 3.915949559886223487e-03
2.848857026249724811e-01 -3.263395799276023503e-03 -1.782499023811258410e-03 8.489310726907581240e-05 5.265763456216456667e-03 1.197395047308287899e-02 1.967556503719030975e-03 -9.475304651457806468e-04 8.700359672715480067e-03 6.886473445627544140e-03 9.618796119651451277e-04 -5.301446690032959831e-04 3.333230202939887945e-03 7.370257650543730280e-04 1.055356219443559593e-05
2.890807262117984777e-01 -7.344411111839907469e-03 -4.220180972691429597e-03 1.207547308457734185e-03 3.673676919375556683e-05 -7.849691316303029562e-04 -4.594823180187877797e-04 1.346006863143880982e-04 -1.146025011604190000e-03 -9.972038718304644840e-04 -4.723035793312623052e-04 2.259338550556930182e-04 -2.109376953092783995e-03 -5.989098617316621640e-04 -7.429588231542378577e-04
2.932785946948970324e-01 -4.718728288771985649e-03 -2.580929709326904541e-03 5.800655860976916978e-04 6.376363769666870511e-04 5.932135336251757179e-04 3.002682678902752762e-05 -1.778207611960531042e-04 3.262251119841447504e-04 -1.889971024545311260e-04 -1.087089934715378543e-04 -9.690155933266570028e-05 -1.166285944348031825e-03 -4.909229181959860137e-04 -7.016687063174719763e-04
2.974321087309398370e-01 -4.398258520769238872e-03 -2.452673172062914530e-03 5.521008243228521951e-04 6.858224550222500975e-05 -4.594095335880064401e-04 -2.094498034271928099e-04 -5.410159950689212327e-05 -4.635408927938209386e-04 -6.117674571667232461e-04 -2.241652557143811403e-04 -1.950363429262936518e-05 -1.176605297769623033e-03 -4.126275178245677219e-04 -5.104136272648071874e-04
3.016123743882810904e-01 -7.362515455182423035e-03 -4.127446959121358616e-03 1.157430686236842615e-03 -3.946790603783945951e-03 -1.102652144218060730e-02 -2.101430540376469317e-03 5.596537541421820958e-04 -1.051737142447084668e-02 -9.638585889065590107e-03 -1.759489968580033818e-03 4.326319669128353331e-04 -9.655545361053266898e-03 -2.984893534184590407e-03 -2.949120692606116076e-03
3.058101292111336522e-01 -3.309382991334856687e-03 -1.739562246003834760e-03 4.243562686523056704e-04 -1.224382249094051796e-03 -3.624095801768268451e-03 -6.306695762208451702e-04 1.192421603245007671e-04 -3.316724764808440164e-03 -3.121498024850137033e-03 -5.305809947927601087e-04 9.993846417259942278e-05 -3.077355857816858279e-03 -9.701328994352380547e-04 -9.211279458327201880e-04
3.100168993294901143e-01 -2.904943470400872443e-03 -1.544118170423649291e-03 3.858307840601847625e-04 -1.326018609310716020e-03 -3.839567397300227333e-03 -6.775218803039934849e-04 1.288191270389024430e-04 -3.743642248578241041e-03 -3.504138064147061318e-03 -6.052934681142213428e-04 1.054898324719207085e-04 -3.564201183560459282e-03 -1.123007292959446500e-03 -1.105847339957970491e-03
3.142092030053749707e-01 -5.033460629104502017e-03 -2.675267141289485590e-03 5.298678020317899948e-04 -3.362852677320299181e-03 -9.604463982295415730e-03 -1.687027067750393634e-03 2.789889190101182558e-04 -8.459439012217337406e-03 -8.013874352807349999e-03 -1.375548042116722745e-03 2.091983880910360720e-04 -7.323104836172457215e-03 -2.326496625332688788e-03 -2.138869477037435435e-03
3.183867557675504334e-01 -1.142756000873598266e-03 -6.514009059293209307e-04 2.501769615544395444e-04 -3.183299477249232324e-04 -7.950233717680246304e-04 -1.761843359598514293e-04 1.084853499440355300e-04 -7.112586062037023473e-04 -5.241849524513429682e-04 -1.140386878065970859e-04 8.578116678835662862e-05 -5.659686982561218946e-04 -1.375589398782181680e-04 -1.383153926784446309e-04
3.225872781332082551e-01 -1.531486628355067719e-03 -8.288505064312852617e-04 2.222291077906769405e-04 -7.560435641259094768e-04 -2.094928668634131810e-03 -3.817650842469296380e-04 1.011352961729531193e-04 -1.850686399851697150e-03 -1.683762560156823592e-03 -2.973509414096394700e-04 7.413596276876653277e-05 -1.584422669508097226e-03 -4.859798025534287059e-04 -4.564204054957094630e-04
3.267666109043823597e-01 -1.459347345646328127e-03 -7.610789053394943380e-04 1.372181573579990402e-04 -9.544719962945771418e-04 -2.749227462997873902e-03 -4.736621564801284079e-04 6.743406381065747391e-05 -2.524847777891497946e-03 -2.402923359098495248e-03 -4.077535408467171949e-04 5.533510020070073481e-05 -2.266021057082155850e-03 -7.218751604830777506e-04 -6.774960177305122417e-04
3.309328770241455886e-01 -1.306558586766365946e-03 -6.862760499679089205e-04 1.459056728970153092e-04 -9.572142199700490800e-04 -2.696942782991560393e-03 -4.666865825616573447e-04 8.975990136938975068e-05 -2.456131804950348850e-03 -2.299842229984916820e-03 -3.882960090013251272e-04 7.094499537930741063e-05 -2.134760424653302843e-03 -6.697596149161804974e-04 -6.211547610156768632e-04
3.351106074107195187e-01 -1.103432000048321700e-03 -5.708952568537530850e-04 9.430232650411735518e-05 -7.827463737505905520e-04 -2.248609743758199931e-03 -3.840124846904944818e-04 5.159474575086100154e-05 -2.072843098571922320e-03 -1.976629598251241661e-03 -3.332975550352089596e-04 4.202017974186193875e-05 -1.869813880219722314e-03 -5.973061367703663303e-04 -5.663212904047700566e-04
3.393095620710060434e-01 -7.827737144349334762e-04 -4.160369754918101580e-04 9.139241102157775716e-05 -5.438377258023436049e-04 -1.517166909200936024e-03 -2.667365820372958577e-04 5.430181615784206845e-05 -1.320069967687246193e-03 -1.226213538798314210e-03 -2.103053755069235833e-04 3.990274237683034340e-05 -1.097248651436051473e-03 -3.420838462934695182e-04 -3.083203407701965684e-04
3.435164896197421824e-01 -4.921585748752819534e-04 -2.592536359106688824e-04 5.206536191271183243e-05 -3.238844504879144189e-04 -9.170605036790704890e-04 -1.599955203398962405e-04 2.892001651279745765e-05 -7.843244839753135819e-04 -7.347918569392570144e-04 -1.250226185694813862e-04 2.148093078559574516e-05 -6.502603083884856989e-04 -2.036824232124013275e-04 -1.817677385021432507e-04
3.477107812306902690e-01 -5.426675510316136082e-04 -2.851592872652598636e-04 6.076975697203632315e-05 -4.130969017684147184e-04 -1.152838132932017387e-03 -1.995905931101781363e-04 3.954540426173038225e-05 -1.030799555948751223e-03 -9.610475347940870827e-04 -1.629648977102517095e-04 3.063851468616468008e-05 -8.734627097071661706e-04 -2.733138072973611936e-04 -2.487028699931340711e-04
3.518857617074659383e-01 -3.716242462981617480e-04 -1.945990978539359169e-04 3.873204958783243085e-05 -2.730735719770684437e-04 -7.670861304213434781e-04 -1.326906653197408201e-04 2.456345189071365250e-05 -6.688084415049101164e-04 -6.258921234008281475e-04 -1.058258955021005302e-04 1.858895427750516312e-05 -5.605690143890003189e-04 -1.759170622947572058e-04 -1.592795281353191869e-04
3.560773577310688554e-01 -3.260480570729078751e-04 -1.717256581317855193e-04 3.642538829509168861e-05 -2.521024480318496096e-04 -7.008036197334883283e-04 -1.218710304278090075e-04 2.477900352478860623e-05 -6.212071429159712974e-04 -5.768416694624943671e-04 -9.847779680198024397e-05 1.942826868674141905e-05 -5.192579020077385402e-04 -1.617024408418924820e-04 -1.460336899673517555e-04
3.602869550449780967e-01 -1.825829742470304426e-04 -9.640061465452200769e-05 2.003062923065810019e-05 -1.326594170154224970e-04 -3.703458403017397091e-04 -6.474567817908011801e-05 1.270320136013258993e-05 -3.211922016769219452e-04 -2.995240593353830296e-04 -5.140975551256676232e-05 9.609053585399235972e-06 -2.652170342278246137e-04 -8.310871103379265329e-05 -7.417565544633177249e-05
3.644651285618699665e-01 -1.654549737609425312e-04 -8.661819303284809123e-05 1.602760557725701847e-05 -1.253883981838964043e-04 -3.537167319572331187e-04 -6.136281208850787624e-05 1.060027707130055811e-05 -3.115672504355036137e-04 -2.933185160464151127e-04 -4.994827593843358490e-05 8.180514477979910145e-06 -2.636768267821361497e-04 -8.323006914699584231e-05 -7.534051830256459771e-05
3.686396944457170921e-01 -1.203554359993059359e-04 -6.352409288125703088e-05 1.326087720324967477e-05 -9.368105536854076599e-05 -2.609941719526238674e-04 -4.569912146984713791e-05 9.461328956198824841e-06 -2.290732884535966142e-04 -2.125349597157176582e-04 -3.647620925449983727e-05 7.423048513334711025e-06 -1.897767183407481116e-04 -5.900534585056712661e-05 -5.303930779890880223e-05
3.728293470315630076e-01 -1.019238110279317093e-04 -5.346788591386227718e-05 9.938667645388878408e-06 -8.253894797872428888e-05 -2.315742415379277498e-04 -4.010082833780569480e-05 7.024613961208213169e-06 -2.068834805132238196e-04 -1.943311213920869817e-04 -3.298351836187788213e-05 5.453957132834443213e-06 -1.759837247481352567e-04 -5.546224572878805797e-05 -5.050627706234787093e-05
3.770363921861874523e-01 -6.438369743539781496e-05 -3.382026225412690764e-05 6.500144766627121807e-06 -5.110612284173881041e-05 -1.428299403839007381e-04 -2.484656946621207273e-05 4.590212723609009275e-06 -1.243766630726584016e-04 -1.162090314528040232e-04 -1.980311364641383989e-05 3.528089501934681877e-06 -1.031965874291637626e-04 -3.222947883401445758e-05 -2.889640615492818388e-05
3.812363453093803867e-01 -5.189180718780632287e-05 -2.726130463937533616e-05 5.725809313996605936e-06 -4.155520725608664629e-05 -1.167306185940436260e-04 -2.028607122813321612e-05 4.137906998789378792e-06 -1.030524732566378464e-04 -9.641692371190117806e-05 -1.644069799008001550e-05 3.221960751045596900e-06 -8.643680516265314076e-05 -2.704530112876866538e-05 -2.440941681852227654e-05
3.854150971210312249e-01 -4.995312458562256081e-05 -2.600730464257276168e-05 4.500241478056272240e-06 -4.147286094327051786e-05 -1.176926168399050523e-04 -2.024289778037429092e-05 3.343868717001121679e-06 -1.046127887670087061e-04 -9.873046395768476924e-05 -1.670287756788663876e-05 2.630523370606453483e-06 -8.880448866425871466e-05 -2.805083609532155845e-05 -2.536261538821807412e-05
3.896036578152083374e-01 -3.685543655002742881e-05 -1.930027017896848702e-05 3.363097605568991556e-06 -3.095679405881114930e-05 -8.720645500741044346e-05 -1.515842552874575900e-05 2.546948984026735265e-06 -7.775301974845880810e-05 -7.349986213643455821e-05 -1.252934924493923583e-05 2.002321055874097041e-06 -6.605989161216517449e-05 -2.091086405223649289e-05 -1.891384212966296666e-05
3.937795161075864914e-01 -2.093193940709975399e-05 -1.090746158624452016e-05 1.985385736487123999e-06 -1.747935841870446166e-05 -4.847298669622994904e-05 -8.376008838147606521e-06 1.394711463775188181e-06 -4.286706450831163733e-05 -4.027162529176222410e-05 -6.829124416610876800e-06 1.050729961354610665e-06 -3.628601321719654758e-05 -1.142260578824500338e-05 -1.040786263045381239e-05
3.979440095093054186e-01 -1.615361439209777759e-05 -8.528561179546763010e-06 1.395305189506715739e-06 -1.334272383013371305e-05 -3.783835854634513997e-05 -6.551367781321502774e-06 1.024969571001120814e-06 -3.320994500843383088e-05 -3.166785511615870252e-05 -5.352320073092884634e-06 8.071049283991274869e-07 -2.808942832327987100e-05 -9.009232346746365080e-06 -8.082549453675307014e-06
4.021139069446590386e-01 -1.062024440990859194e-05 -5.562319439966917740e-06 9.400685365951569103e-07 -8.930711691080624886e-06 -2.479631399427376594e-05 -4.317147602789333293e-06 7.125452020682831611e-07 -2.171091136822102699e-05 -2.035249122029106453e-05 -3.468173584397806896e-06 5.493443133000087957e-07 -1.787905635861719472e-05 -5.631897794911299525e-06 -5.066438523181530575e-06
4.063125452039867413e-01 -8.055045348834330551e-06 -4.380400379194334155e-06 7.637096672295145990e-07 -7.231584240956896445e-06 -1.971074201582802263e-05 -3.465938878870804429e-06 5.744426121136873324e-07 -1.762517466203916005e-05 -1.645064106221699266e-05 -2.847647963232974805e-06 4.494884598181483350e-07 -1.484596594577667951e-05 -4.663205011486414764e-06 -4.146961567768569200e-06
4.105412315868290918e-01 -4.795576697988683903e-06 -2.560452230875485231e-06 4.870864736331833001e-07 -4.012828440609196022e-06 -1.123286858628695934e-05 -2.036818081824691154e-06 3.349545830555364763e-07 -9.961659587525793899e-06 -9.425652520545738195e-06 -1.696905217737392771e-06 2.894304865396808825e-07 -8.634791709284674429e-06 -2.689862707852011171e-06 -2.513106458935589869e-06
4.147348487769681458e-01 -3.778911289140412776e-06 -1.741276539966509357e-06 3.224333800245477971e-07 -3.106944224535466882e-06 -8.470059730016743139e-06 -1.346020218546652805e-06 2.219410730195246806e-07 -7.049723860379548024e-06 -6.761971440964751431e-06 -1.095460775258041436e-06 1.640313910865814948e-07 -5.934881689468623190e-06 -1.863825378805406357e-06 -1.630021656005756918e-06
4.189107045044477284e-01 -2.719485014025618115e-06 -1.218562502899303348e-06 2.143241144706672216e-07 -2.289798820485902605e-06 -6.077087946001026516e-06 -1.004678903044089665e-06 1.360606539847314424e-07 -5.475235955626679644e-06 -4.870635168264916428e-06 -8.046115376158877344e-07 1.086192317327722713e-07 -4.435809311829996100e-06 -1.316363202607382483e-06 -1.202215167488963499e-06
4.230974437456921922e-01 -1.997957782743873367e-06 -9.723681305860688830e-07 1.386684170936550419e-07 -1.546546522731648555e-06 -4.969159120404503700e-06 -7.940713603612422138e-07 1.283129295754873393e-07 -4.014371663194818707e-06 -4.141956012123822240e-06 -6.485290140115821377e-07 9.082659657041109808e-08 -3.668909298293963410e-06 -1.177891050842104187e-06 -1.038141430647159856e-06
4.272931011032126136e-01 -1.136015437513019688e-06 -7.812590745175479554e-07 1.090709950727643052e-07 -9.023671547201736688e-07 -3.054566047886050377e-06 -6.170665789904906629e-07 7.683564098230370361e-08 -2.886385659722897069e-06 -2.743410090773167686e-06 -5.118516563799518677e-07 7.532748339410857685e-08 -2.617686989198308273e-06 -8.444936832933987461e-07 -7.116989743457120348e-07
4.314914587673138180e-01 -1.205528144020836759e-06 -4.674860727965133656e-07 6.314337386622608002e-08 -1.280186502970694246e-06 -2.716027860022014143e-06 -3.843935621150084066e-07 6.506652064724302337e-08 -2.446912367350570733e-06 -2.096111606741049322e-06 -3.214656804772950507e-07 6.019878932541135495e-08 -1.962431290770116689e-06 -5.489218959960113914e-07 -5.436472290412082400e-07
4.356511643511531418e-01 -8.770213613568113731e-07 -3.650567740842577672e-07 5.948589046953463423e-08 -1.228741453711927493e-06 -2.313787303606189696e-06 -2.893995967053847931e-07 2.704245166002563492e-08 -2.239414164115470738e-06 -1.859063710797836199e-06 -2.518441039653336101e-07 3.221041165641625300e-08 -1.943906928840373860e-06 -5.174694392250997641e-07 -4.899853299926757152e-07
4.398424702607344750e-01 -5.619758584601859760e-07 -2.780973819675990456e-07 1.246248808196895598e-08 -3.649097829656353011e-07 -1.517093394177868254e-06 -2.320558867564934965e-07 2.177171453132301500e-08 -9.506397546979012052e-07 -1.333519375528334579e-06 -2.084853369001221186e-07 2.566003498760276363e-08 -9.293601822989823316e-07 -3.809177056462814125e-07 -2.379635803967773220e-07
4.440501074980069407e-01 -3.799404481811330559e-07 -1.702496934646254217e-07 -3.793928919268283242e-08 -3.361025088823443652e-07 -1.053355786516067599e-06 -1.492846481553883762e-07 2.705963424107651335e-08 -7.734117493418567073e-07 -8.198448376684271411e-07 -1.283212853925896890e-07 3.564848896848231070e-08 -4.561415190499800903e-07 -1.899977012662603922e-07 -1.332789283457617231e-07
4.482267968899237842e-01 -1.294803258960840757e-07 -4.793196451781524587e-08 -5.048025970560466261e-08 -2.959394906326520760e-07 -3.448484994021010212e-07 -8.670707602979898423e-08 -5.060266223547435665e-09 -4.983522831328521237e-07 -2.520750625745492233e-07 -7.807896524335251213e-08 7.354468274557260477e-10 -4.996173262790393453e-07 -9.226384718809934834e-08 -1.257197009361007517e-07
4.524052929840755577e-01 -2.530083955495309036e-07 -7.717014856213351109e-08 -9.227938851779926754e-09 -3.237138121584843137e-08 -6.071524010280795739e-07 -7.123424818694864257e-08 -2.109996875677127350e-09 -4.681000526372948239e-07 -6.497709849390651915e-07 -5.378635164433530150e-08 1.903622053519291533e-09 -4.929668427849897747e-07 -1.955215214020848509e-07 -1.537827893915411621e-07
4.566090347930675253e-01 -1.434116709916804540e-07 -9.318084820457126507e-08 6.680605253665263895e-08 3.292881152655964952e-07 -1.573892247823239704e-07 -6.353925855461244471e-08 3.728291364136305667e-08 7.404665435780886763e-07 -1.385952897772929866e-07 -5.165110980499000577e-08 4.971644788896408760e-09 5.967988253351940418e-07 -5.338573441962803022e-08 1.534028550615510163e-07
4.608167319022857811e-01 -2.244791114292782434e-07 -5.114702267656959990e-08 2.637886559792001564e-08 1.175327323554576327e-07 3.197303953483658264e-07 -3.460422413273850203e-08 -1.947217875782397103e-08 4.934714129008861087e-07 3.015945137338867116e-07 -5.790707038207060174e-09 -2.020315898853973774e-09 9.998703658912715654e-08 3.438189519116815565e-08 -2.136842261007229265e-08
4.649806979855051203e-01 -1.693587255702649678e-07 2.181228103048666521e-08 8.951656595262008127e-09 3.716051628063392908e-08 -6.841637045434513852e-08 5.306315978828699447e-10 1.208111958890754234e-09 -3.542764479228776892e-08 4.971568235672708483e-09 -4.860629969463349689e-09 6.461212768198563165e-09 -1.037600494113095540e-07 1.723882347653481967e-08 4.247580713264171730e-09
4.691538386770017222e-01 5.140161292802714562e-08 -8.667493186540038166e-08 -2.857556125623942057e-08 -1.412720054868686230e-07 -5.834871086365605696e-08 -4.388753065124089575e-08 4.697757112280337048e-09 -2.393224928314510237e-07 9.082661081248142584e-08 -1.420428718705013834e-08 -4.325940588508596247e-09 -1.020785020206419055e-07 6.507631976181922151e-08 -8.831630634326382727e-08
4.733478629909182445e-01 1.067595557097183499e-08 -3.720094803326289784e-08 -1.868413090832012666e-09 -1.286604821412627982e-07 -1.456053264905735348e-07 -2.548931362164322194e-08 3.849742333894038577e-09 -5.001752122107507625e-07 -1.109133432014132601e-07 -2.313961362884452911e-08 1.270079581771710043e-08 -4.994256000858104128e-07 -1.525724608305091996e-08 -1.031742263982070701e-07
4.775500538217637980e-01 -2.239257192770347541e-07 -3.222076340595783303e-08 8.271883874999032377e-09 -1.784505129639211027e-07 -5.673488046297406842e-07 -3.170983051819605901e-08 2.147072052149939298e-08 -4.628392610665749103e-08 -3.195059461681729837e-07 -1.875116405368317435e-08 8.469505165610803313e-09 1.409429494232566666e-07 -5.922177995028971605e-08 1.999361892313270423e-08
4.817339644282710998e-01 -1.518208651971427958e-07 1.416825705349574791e-08 -8.701062090501181850e-09 2.797034426604042476e-08 -1.158845276791079771e-07 6.269428712439620917e-09 3.543113450517449081e-09 3.869975449274584567e-07 -5.645386593169032729e-08 -5.940367781122633880e-10 -1.756390079499903679e-09 2.454247051151365045e-07 -1.141575303622337901e-08 2.997245863133309463e-08
4.859144464692263798e-01 -1.012324883301257306e-07 -8.620081312048600177e-09 9.358981731168164242e-09 -1.704783642470994390e-07 -4.832379022064298082e-07 -1.178416956741387917e-08 2.618613144317584274e-08 -1.751451429844885109e-07 -3.675269201498786754e-07 -1.437223604410088327e-08 1.068345019097604683e-08 -1.929182211616511376e-08 -1.025872021553830017e-07 -6.669326796403939467e-08
4.901252990058800885e-01 3.319771476330718186e-09 2.231223544313335998e-08 -3.416070217624830777e-08 -9.626318665799919443e-08 -1.776448737713159734e-07 1.552804315888739543e-08 -1.230208445273851165e-08 1.706725687125197249e-07 -1.254154471161200332e-07 4.732589103367552170e-09 -3.177251102410967928e-09 2.495338929789278570e-08 -1.435206441696212834e-08 -1.424887844546686086e-08
4.943123444065962158e-01 2.905652952716312566e-07 -1.239317399364223165e-08 2.963256103368912205e-09 -1.343847156936556561e-07 7.140206720563930049e-07 -1.242622396435975053e-08 1.860810021623380245e-08 -1.477317195544008802e-07 4.908881355448285139e-07 -1.271980956957893042e-08 1.010427875010589173e-08 -1.163245749943570115e-07 1.132262647594112955e-07 -1.832993230720698243e-08
4.984736335014697817e-01 -4.163284701994819022e-07 1.420844070435778807e-08 1.658842538120379891e-08 -1.132044616279247711e-07 -5.978769140217958847e-07 -9.137195464187419338e-09 1.547652794251273196e-09 -1.764714508480992131e-07 -3.404572428565515001e-07 2.064740430451115043e-09 -3.690516770908997538e-09 5.870091237785182473e-08 -3.699130206084005436e-08 -2.795897508429820558e-08
5.026590164608074618e-01 1.538788202452810016e-07 -2.800061467417099586e-08 6.880915082098620967e-10 1.688912881183799599e-09 1.835621518585999809e-07 -2.851825886499965809e-08 1.472234717755780341e-08 8.066320458391806846e-08 3.170311650785707280e-08 -2.013385964322723052e-09 6.454591879442283232e-09 -2.635314724072664285e-08 -3.289221742163239509e-08 -8.850572525951996987e-08
5.068609875937976073e-01 -2.362299634766140738e-07 -5.835540100220311371e-08 4.653547179128203347e-08 -1.950356415474692319e-07 -2.327925282561946644e-07 -5.163142294699966088e-10 -1.855270011670766810e-08 4.684169275450524317e-08 -5.298799756925082827e-08 7.728307169549463434e-09 -1.703259614768155223e-08 5.725531629320792610e-08 9.274884372851030550e-09 -5.106069561665070104e-08
5.110594965365916620e-01 -5.005836207323140497e-08 -4.320762857885963238e-10 3.645885501579089033e-08 1.015407908819869282e-07 -1.586320057180744630e-07 -1.965451264899712685e-08 2.234900117307559948e-08 2.451453182973122219e-07 -1.847152452317805724e-07 -4.118022430799199659e-09 1.102432586589959346e-09 1.312686142282140340e-07 -4.917649993848505640e-08 -1.819483902249219239e-08
5.152492140965455603e-01 -2.595074621669253428e-07 -8.247844120989334561e-09 -1.523273405906562182e-08 1.717511363787657419e-07 -5.394370342836116769e-07 -1.973728435150740809e-08 4.721932118065880897e-09 4.890827405781689892e-07 -2.636420938251209651e-07 -4.707653266371628347e-09 -1.679688756955045995e-11 2.240838578433464422e-07 -3.061706442557246348e-08 4.598125325865877322e-08
5.194329442812991582e-01 3.564270443356581335e-08 3.230993151308783609e-08 -6.866964841456020774e-09 1.435975117643048931e-07 1.672258430452258197e-08 1.376393396838181558e-10 -1.555406634292046751e-08 1.139611318400265514e-07 1.465786145336006155e-07 4.916270970315485032e-09 -7.678726093648482925e-09 1.954356894324970749e-07 6.037696011311453911e-08 6.533465201402989206e-09
5.236343964239100757e-01 -2.155711065378733455e-08 -1.988135104525632570e-08 2.698810790818900155e-08 1.449342817631814827e-07 3.308318465536517879e-08 -5.252713648842716085e-09 1.373095978580752234e-08 5.473035344204240544e-08 1.313492724301805859e-07 -3.848196854640417720e-09 6.816443753934944954e-09 2.330655248100166523e-07 6.971624566415854955e-08 -7.968750036450549280e-08
5.278273205415198177e-01 -4.294970039958463216e-07 -5.914549090674090379e-08 5.946933842660325679e-08 -1.394512547438641927e-07 -6.545549122140836323e-07 -1.243603792568641159e-08 1.387136689310875014e-08 -2.139274387929106466e-07 -3.813290534740766047e-07 -7.964620827459160812e-09 6.353171912401010761e-09 1.395241340713202889e-07 -7.176175353186114114e-08 4.190085027056740111e-08
5.319960279023402405e-01 2.465598641041333721e-07 -1.150565957099722878e-09 -1.999641063631657836e-08 1.408362544960563748e-07 2.215565194944378331e-07 5.683000182211620288e-09 -8.889460146604153589e-09 3.679612947849612641e-07 5.925079750943909589e-08 5.992639586753521786e-09 -8.611726779486099698e-09 2.078210118677733485e-07 1.214183286197466868e-09 -1.411538974899845666e-08
5.361714592099571242e-01 1.755522070271565040e-07 -2.428945851326452823e-08 -3.733497640398384962e-08 1.064421460269574006e-07 5.646980452357244746e-07 -2.523697144076131033e-08 -7.344566075618262905e-09 2.207050958300071521e-07 4.202396907643600403e-07 -2.683226956421600696e-09 -1.079609438833093316e-08 1.167601933380786756e-07 1.143331223500096058e-07 9.484355396842078091e-08
5.403746330902056139e-01 2.027632825271592574e-07 -2.547727097890201480e-08 9.677299239168556921e-10 1.765578512996826926e-07 4.730351573328824799e-07 -2.443889975627012000e-08 -1.345816955642187244e-09 3.918487058278837217e-07 3.425693252342343781e-07 -1.734523419262310670e-08 -5.404627707099601727e-09 2.615959056006603731e-07 4.893882491208260516e-08 4.740654980833129135e-08
5.445761264886261888e-01 1.559331924042813140e-07 -5.462307781049808712e-08 -4.098128854325484833e-09 9.251324926900099397e-08 1.664039577710111465e-07 -3.923647372324614612e-08 2.245924727904573885e-09 7.017309935910700725e-08 9.425826576318533230e-08 -2.321193476048661650e-08 6.979520141196786116e-09 1.152620261324904105e-07 5.870976823168839908e-08 -1.069950114777418815e-08
5.487504490749764985e-01 1.536076656392874865e-07 -1.104742972355211597e-08 1.499393514650133055e-08 -9.151549735410455767e-08 2.919027682484588994e-07 -7.284934825773180480e-09 1.568974849868961466e-08 -1.797699768849806784e-07 9.351126819489299236e-08 -6.640263716332155027e-09 2.210306171026383334e-08 3.392017195610144935e-08 -1.406525632151624774e-08 4.793055169770210406e-08
5.529407179677009454e-01 2.980662513052399172e-08 -2.291757565108396232e-08 5.634617046701319210e-08 -1.815511361872343757e-08 3.633261330003842351e-08 -3.573481124049705440e-09 2.115945638861096140e-08 -1.546250351321321017e-07 -8.934425078818241111e-08 9.734075926525095538e-09 1.848166272113902044e-08 -2.540329251870692927e-08 -5.303387183796195118e-08 -1.288100552524429640e-08
5.571409157079509900e-01 -2.024727952248809345e-08 -4.327105411770850410e-08 2.179822956080719139e-08 3.003474732614405354e-08 1.569328273901450903e-08 1.286389358740117346e-08 8.996209170337320244e-09 2.269475398016002146e-07 7.395006130959602811e-08 1.896908950798560798e-08 -1.241137883041919255e-09 1.697818349598772817e-07 1.987745505386945517e-08 1.824281622992051005e-08
5.613298693710127019e-01 1.593031802921990681e-08 4.543745041133749279e-08 -1.607668465113740166e-08 -2.181654138909005299e-07 -1.241278993972472447e-07 2.047740747616324004e-08 -1.129123376023494649e-08 2.523826647008342826e-07 -2.963831769792934272e-07 1.824828507902724146e-08 1.868079885831131878e-09 5.238940713877717747e-08 -6.808909408741103932e-08 2.536468435125706335e-08
5.655062246218995892e-01 -3.351198506598430443e-08 6.064910523536585416e-10 -6.626383432798878100e-10 -7.432990304998724908e-08 -2.746400755445122022e-07 -2.489260885602030588e-09 -1.096562122047150296e-08 -3.710501833142537822e-07 -1.864937910411858506e-07 -2.345373537129024207e-10 1.660510830069697063e-09 -1.200636213065584660e-07 -5.441781551384546529e-08 -8.560975457388063874e-09
5.696867424029971039e-01 -5.572315859814676108e-08 -1.631271783422880780e-08 -7.551139864280211172e-09 1.683682115022646109e-08 -2.589714557602535478e-08 2.675803388762427591e-09 -1.411898447543390603e-08 2.532151113240636224e-07 6.901548744888532810e-08 -3.945416109816404833e-09 -6.959188826014176239e-09 1.998156217787339500e-07 2.223272693552646624e-08 3.754311125746647695e-08
5.738956954203543459e-01 -7.095623173904284515e-08 -4.408541689894304453e-10 1.544824829683247910e-08 -3.803908338194586212e-07 -3.156470873386563375e-07 -5.594523331709838138e-09 -9.936573309478079025e-10 -5.751841453778929437e-07 -2.781254762252167600e-07 1.278437072271875705e-09 2.854851070154221549e-09 -4.286830449463413949e-07 -5.028628891892986839e-08 -7.885981282432845313e-08
5.780928920821047923e-01 2.190238425447214346e-07 3.147165397606471608e-08 -3.945705026685944058e-08 7.821025071841643755e-08 3.048998330565294571e-08 1.613154473816312626e-08 -4.623265268116103726e-09 -1.682741495845675857e-07 -1.666791369110358918e-07 5.177395129089486263e-09 1.150623730158973539e-09 -2.740452167150731079e-07 -1.069805621530780801e-07 -2.706353520800798588e-08
5.822632071880226023e-01 -1.873066080136110569e-07 5.776354112371434297e-09 -2.020998881223733981e-08 -4.038643476608681391e-07 -3.405583613006294206e-07 -1.339987620918347277e-08 1.357630797947150141e-09 -5.913538578023556385e-07 -2.514874013791286445e-07 -6.997743328822053881e-09 3.478050113486219148e-09 -4.677684037648202896e-07 -6.443161447726711342e-08 -1.399812649410124631e-07
5.864430803127811398e-01 2.362758179857117643e-07 1.982170816325479758e-08 -3.370684902069040119e-08 3.051548837144246265e-07 5.398176841155330593e-07 1.763520486917466074e-08 -1.531265274118026996e-08 4.611034523291358224e-07 3.910576467732964989e-07 3.100141746543837308e-09 -6.682349276393034153e-09 3.075799795073370892e-07 9.241448199365791790e-08 5.881965143706904500e-08
5.906376733072625784e-01 -8.196998153687989180e-08 -5.359177612049744871e-09 -1.778028195591116577e-08 -7.904416346654358868e-08 -4.283301834279605909e-07 1.097570656637734737e-08 -2.267631798996692070e-08 -1.522832148095310101e-07 -3.356559214492340907e-07 1.570607392577716859e-09 -4.948170585277347772e-09 -1.353370689030534280e-07 -6.030837084461241025e-08 4.635109862923449276e-08
5.948356627105599870e-01 -1.157293223914234576e-08 -4.332874963468336875e-08 2.253604129265346060e-08 -3.119151859652033147e-07 -3.275289002318987236e-07 -4.120152703406458510e-09 -1.103610070431140369e-09 -1.006387038106997840e-06 -5.201656738206243713e-07 5.627189087904336846e-09 -2.456498033254995476e-09 -8.762771696255490350e-07 -1.935010575531889080e-07 -9.568542881619132981e-08
5.990145239901687457e-01 2.825378894652221057e-07 -2.708227316312648361e-09 -1.289611320701714170e-08 2.527914424785555815e-07 6.141014649169317902e-07 1.683982602685507176e-08 1.219426999659786561e-08 4.870668664507970161e-07 6.945675479409802308e-07 1.311933843581910946e-08 5.376910541689885036e-09 5.757284182796137415e-07 2.375650735654080152e-07 8.814004076468145932e-08
6.031829950841108845e-01 -3.464031197229752477e-07 -3.848580703530443846e-08 1.680290805483691840e-08 -7.714132787654255874e-07 -6.875735998008998680e-07 -1.606772898127233148e-08 4.277600188478230463e-09 -1.086950635456189608e-06 -4.833399399209453890e-07 -1.525975154195956791e-08 -2.439578502493571012e-09 -7.145163854979085558e-07 -1.115483016090926779e-07 -2.391456398570559711e-07
6.073740526175752663e-01 -3.054954835731102233e-08 -3.368441710478441731e-08 5.377496347081348470e-08 -9.505092100954329512e-08 7.187526800481908092e-08 -1.701664305560984857e-08 1.823133866152089466e-08 -1.458810769019880136e-07 2.022226517067320526e-07 1.068860256162269542e-08 1.173518234146372265e-08 -1.167246004679739900e-07 6.538064148825433124e-08 4.416991342972721684e-08
6.115768023320514724e-01 -2.480029233358463725e-08 -4.036171653162461532e-08 -1.018652824343518347e-08 -7.211475910739662441e-08 -1.502348544171559656e-07 -2.586626266069669600e-08 4.435004752744750246e-09 7.882415496392976175e-08 -4.976876699157280536e-08 -8.181024986101241804e-09 -1.167629189630869018e-08 3.004927768490507097e-07 3.016655857714682244e-08 9.908878900892982863e-08
6.157710000000914397e-01 -2.412367796905087467e-07 -8.225273502675817146e-09 -2.476428709872915921e-08 -9.005481391497008970e-08 -4.545187786132721665e-07 1.783355050008275535e-09 -1.146912337254437128e-08 -3.313242973419056447e-07 -3.599463770000641399e-07 5.016513445641245322e-09 -1.398533311180519195e-08 -1.906571727020220182e-07 -7.731020623987691319e-08 -4.202616695782457409e-08
6.199632023912512446e-01 1.320392949930677170e-07 -1.834455833772166235e-08 1.710446603120333239e-08 8.906579380216455503e-08 4.057858288268650824e-07 3.669524695474036000e-09 8.069364534462243242e-09 3.551144946936752545e-07 3.290761502766537616e-07 2.144640109035965688e-09 1.009298865520049143e-08 2.379708186353332438e-07 7.637769722880919213e-08 6.356167585252664012e-08
6.241630060990407403e-01 -1.446283762611300177e-07 -2.698744403064674190e-08 2.811225394739057067e-08 8.632362765330540432e-08 -1.804719869948976940e-07 -8.267011025306852046e-09 4.350627421207425183e-09 9.422642437598831906e-08 -5.830620447451393017e-08 -6.086611337493091540e-09 -8.309759658848840649e-09 -2.291763850247018900e-08 3.292562178181157057e-09 -2.381622401995519122e-08
6.283593402461892241e-01 1.139149291169212833e-07 3.249058716929388802e-08 -1.979616464385157421e-08 3.038017084621183152e-07 1.590367593981529150e-07 5.720619377944568849e-09 -9.607239528781643382e-09 9.193013436080273887e-07 1.217753477563963505e-07 -5.776852167682273746e-10 -7.510848330833271325e-09 5.993092938540786342e-07 1.158897459610883710e-08 1.490991088569965415e-07
6.325410955997395890e-01 3.006730696201642455e-08 2.069006891399344993e-08 -2.834722271690271088e-09 -8.262180359662781678e-09 4.280806562298330892e-08 8.029257455733521824e-09 -5.191004799700019480e-09 -1.436756172583824599e-07 -3.415417915959509923e-08 2.203432153798706580e-09 -4.446428861181243494e-09 -4.023237101438190643e-08 -1.763601375858508935e-08 6.963275212302183367e-08
6.367142920629192959e-01 3.708337417116381426e-08 -5.647104916681841970e-09 -9.145316946802420300e-09 -1.213326919130065794e-07 7.057491443620452496e-08 3.213677074185686915e-09 -1.431731196640597876e-08 -2.784736936497666839e-07 5.958590176641362341e-09 -9.760269722158856858e-10 -1.026488323254947481e-08 -3.448619583323956217e-07 -1.091354908770986744e-08 -1.643143117394516513e-07
6.409035099394975177e-01 -4.633769577262031517e-08 1.752900994545315363e-08 -4.344676074389225473e-09 -1.327188149489990637e-07 -8.311654059470469234e-08 8.645677328270859338e-09 1.059599312900119762e-08 5.801813822119633263e-09 -5.147081471084103270e-08 6.993264791538997177e-09 -1.837279390982753082e-09 5.004756491718129024e-08 2.576272961722326716e-08 1.154344924777934230e-08
6.451032402190634008e-01 -1.664524554445264873e-07 -2.068303692272309893e-08 -1.053724132762281592e-08 -9.525788871679747165e-08 -4.922057562727320577e-07 -3.756843531420475321e-09 -1.522646547914158668e-08 -2.419584618941683785e-07 -4.298367908142979218e-07 -4.211461809115118009e-09 -3.571150718663481188e-09 -1.094064864914308439e-07 -8.959437103984563148e-08 2.413472334499417198e-08
6.492879941711476866e-01 6.262946380531261393e-08 2.145412539458773906e-08 -1.176220191599757830e-08 -1.002976582050307498e-07 7.686281668171667233e-09 2.793513640519644669e-09 -1.555706166117791677e-09 -4.425264543692763291e-07 -9.093855529486461469e-08 -5.170292890035147101e-09 8.367783896813964802e-09 -3.814268648222628463e-07 -4.043204203909827437e-08 -9.938361097831451741e-08
6.534659541563927476e-01 7.595881997160411475e-08 1.329753478798671366e-08 8.999397887629769866e-09 2.593447479869557551e-07 1.185811892709083000e-07 1.859956153142435851e-08 -5.782416077349015059e-09 4.469354973391620782e-07 4.030925412251593942e-08 1.004319181149415364e-08 -5.944674275957990567e-09 2.024231433762395164e-07 -1.031098153576438914e-08 6.070076617947382111e-08
6.576591076962554627e-01 -5.968030271075582744e-08 -1.025768987160771900e-08 -1.971098078672132996e-08 1.203972521846654648e-08 -1.302177828464458857e-07 8.734965295951019381e-09 -1.516334494689117216e-08 9.253930397539750118e-08 -2.770879587740534943e-07 6.583746163865176354e-09 -1.795667140021447245e-08 -1.828011866299263160e-07 -9.722134592164936498e-08 -5.920069229127424514e-08
6.618529307405217610e-01 1.099660166657448268e-07 4.742336957153621805e-08 -3.857218491231576370e-08 -9.337701513346562272e-08 -1.860874612450141883e-08 -2.677863815106263996e-09 -1.411298675593644724e-08 -2.889424405771237368e-08 -9.218787598829698736e-08 -2.722484383605548729e-09 -3.535986466179311997e-09 -2.155859842705605119e-07 -4.417743009375789550e-08 -3.416065692729507635e-08
6.660240791386257131e-01 -2.349537795321427513e-08 2.704224869273463089e-08 -1.136629127441400089e-08 -1.894330614669546352e-07 4.800679292569779791e-08 3.505880461433549369e-09 -3.288094308105067701e-09 -1.825553612706238984e-07 9.657176764165290952e-08 1.445667299246390899e-09 -1.582883121683699108e-09 -4.504589519417267621e-08 4.777008872083976047e-08 -6.351959665332958095e-08
6.702067828716186115e-01 7.496022090737300176e-08 1.242358989296376439e-08 3.256050758705913170e-10 2.260789610819857349e-07 1.426933661494208704e-07 1.353963469210945316e-08 4.761669844695477170e-10 3.863780345220859209e-07 1.603410181893159719e-07 5.772013124326503723e-09 9.088302375631231523e-09 2.486792960363841030e-07 5.724737992909495642e-08 2.710046431572383515e-08
6.744172070879622671e-01 1.780496059205744184e-07 -4.394110534039341804e-08 7.049770781133268362e-09 2.465299933303596303e-07 5.679900214263712023e-07 -3.534980255262402914e-09 6.879888923116255365e-10 4.275960047725792814e-07 3.230542875321810708e-07 -3.527825518580585475e-09 -6.669090283571752009e-10 2.461330668362168120e-07 3.641013431627877012e-08 2.737419757756172758e-08
6.786118453466847278e-01 1.217305929203790081e-07 -2.751088098053627054e-08 6.639885009761670543e-08 -1.156188634158729183e-07 2.903975038660158451e-09 1.185971108548630213e-10 1.811273476656531626e-08 -1.471418226458335298e-07 -3.736823433317597874e-08 7.613571275806692793e-09 -5.385140162932988650e-09 4.162934390599889298e-09 1.265526228119837896e-08 1.329369769179532889e-08
6.827984616056306244e-01 1.080286631831430692e-09 -8.709700207192274508e-09 1.724312850219563237e-08 -2.434799015518803384e-08 -1.708121189409585174e-08 -1.518379513174806678e-08 7.095222238515752480e-09 -1.870551677396457992e-08 -6.887358240846547003e-08 -1.545184043631330994e-09 -4.155097699944672726e-09 -2.191867159922183527e-08 -3.368732377733619402e-08 -1.891500338209889376e-08
6.869817177358829019e-01 2.752330782768516653e-07 1.223263386392478424e-08 1.589698222964974407e-08 1.500157283066134902e-08 4.639840695170854964e-07 1.249131933287090687e-08 -5.675341708210673437e-09 -8.503157783733341830e-08 3.034281713620436338e-07 8.553385778467232453e-09 -1.234145344723408761e-09 4.929443789432526655e-08 6.253615007956304860e-08 -8.770291047262734697e-09
6.911718524128840357e-01 1.473329543324546664e-07 -2.989321854633021181e-09 1.111520578595243009e-08 1.744979306526497015e-07 -1.846503877565209686e-08 4.098054415081007710e-09 1.387373049075015121e-08 8.227358182690784297e-08 -2.292647413753912598e-07 -4.452713669680496043e-10 3.622860744853043452e-09 5.255222565165984342e-08 -9.553315793565089702e-08 -1.124501171532740152e-08
6.953555746427921846e-01 1.581424955204696745e-07 6.934913130783976635e-09 -1.042027781773572432e-08 2.424353090573180008e-07 8.932371339858236889e-08 1.642724007549909602e-09 -1.350255566369377488e-10 -4.847554078670707121e-08 -7.717881377135823202e-08 -6.290385360054550740e-09 -3.329108417831321742e-09 9.919530783139688889e-08 -4.530453858617409580e-08 2.651683068103288664e-08
6.995344561305086861e-01 1.523413515239353035e-07 5.190689002572416647e-08 -7.392568011443382056e-09 1.131026190500917266e-07 2.314908986996483595e-07 1.382834037237226759e-08 -7.153100166299285522e-09 -1.160771981419153324e-07 1.130118549885151959e-07 3.400650333356105692e-09 -5.643648196489278691e-09 -3.338673974051555574e-08 5.862968624415137446e-09 -4.885653290491035290e-08
7.037287066792784485e-01 1.270296371964690539e-07 2.744838249659232674e-08 -6.111480890471967448e-09 7.143186711126388845e-09 1.596615713675248656e-07 9.824514766508832911e-09 -7.640956159887515333e-09 -1.389208170508954056e-07 8.314144776051748844e-08 4.976885888221951139e-09 5.995266076332756823e-10 -5.202007446455120549e-08 1.066501934635036359e-08 1.691769903140220186e-09
7.079143033440539190e-01 1.119491468960237404e-08 1.188048738537119443e-08 2.215079495725212828e-08 1.535286690200564580e-07 4.143523395486710864e-08 -4.504278103463994482e-09 2.910664858503771818e-09 1.074677566696242472e-07 1.219800317416373434e-07 2.931444334046816969e-09 -4.850957234570195873e-09 1.130062592897760720e-07 4.392761779517814776e-08 3.726549235594593020e-08
7.121186686741065586e-01 -5.425594894766755815e-08 4.377025573871528327e-09 -1.047164280979327841e-09 -3.275464257434357820e-07 -1.382765829686543124e-07 5.617223223019557519e-10 -2.644690023014317683e-09 -1.748491449453133851e-07 -5.396972119096109635e-08 6.716520055689674059e-09 -2.990529272269236283e-09 1.721116840680167636e-07 2.166975752077525513e-08 3.686052965787439690e-08
7.163134555705721329e-01 -1.382304704853113109e-07 -2.425795270336817792e-08 -1.173507433308992216e-08 2.997556961953699856e-08 -4.552522471700533406e-08 1.801168210273892926e-09 -6.581988189819456599e-09 -6.316395134849065269e-08 7.821608553015902782e-08 -4.669553142113576951e-09 -2.269759213698574559e-09 -2.270908696059469520e-09 4.991773924406932459e-08 -4.533675543635791223e-08
7.204913713645887396e-01 1.615347531537652799e-07 9.399167496243017570e-09 -1.073682190342069451e-08 9.088662983051351782e-08 1.953276016333012782e-07 -3.882271890626182773e-09 -5.192320959610662475e-09 -1.359524857124022594e-07 2.037779063482141030e-08 -1.840986164157107139e-09 -1.142415917513281555e-09 -1.734174750827697298e-07 -3.917057210565009332e-09 1.700868757738653309e-08
7.246803275165087932e-01 -1.425442077266212504e-07 5.074826957785142891e-09 -1.975840600597973929e-08 -1.454013640768485627e-07 -2.437796497937488314e-07 5.281666293849261238e-09 -1.414386618973948243e-08 -3.757795062907255322e-07 -1.649111980153935437e-07 7.362355551838726577e-09 -4.310858878041136754e-09 -1.740034146670674496e-07 -1.217408275525364023e-08 -6.233110891452001818e-08
7.288763115175647123e-01 -1.794481411906524143e-07 2.761416151450162278e-08 1.068721958487125590e-08 6.385526953248353809e-08 -8.493181317362320455e-08 2.195078594083766074e-08 1.775162006412841275e-09 1.712634004971250775e-07 -3.517714319584223679e-08 8.088893693024400487e-09 -3.471260167911574918e-09 1.361559730723130289e-07 -6.336332714434124475e-09 6.881509532134174624e-08
7.330585840505703388e-01 -9.218089946789006897e-08 -3.738126174805072630e-09 2.433382379522828436e-08 1.280408164055129959e-07 -3.619132335525607034e-08 -1.359733934737384953e-08 1.052335261649489055e-08 3.697127729015988528e-07 5.332061632961027329e-08 -1.074581186962430862e-08 3.001901054252255185e-09 3.859192267670581632e-07 3.069277407340493040e-08 6.739070034107525457e-08
7.372316440474646626e-01 -3.933228394254680963e-08 8.400361132282596216e-09 5.006677027531696286e-10 1.224351845528629442e-08 2.570362235575583468e-08 6.175254383037225252e-10 -1.424795115168529711e-09 -1.569826683003513023e-07 7.932248505388511226e-08 4.616249979417943993e-09 5.936420599029580910e-09 -2.554081649608228364e-08 3.636733922707234389e-08 -3.101561595204141931e-08
7.414228560306842519e-01 -7.487653905371860918e-09 1.311879600891441275e-09 1.399699188435601310e-08 6.259782239274304397e-08 8.189375557366145772e-08 1.021416013034635932e-08 -1.168222837091998249e-08 -1.008801152742735772e-07 5.053235768493065057e-08 6.111319748513089360e-09 -5.755464954836987665e-09 -1.412714375168840074e-07 1.437435213024632226e-08 -2.163036409394843371e-08
7.456189213758863676e-01 -6.139794281263644108e-08 -2.164351715677793702e-08 1.667632625760420736e-08 7.930982575312999188e-09 -3.855475372532658891e-08 1.504612181441014005e-09 -1.222487652623314246e-09 -2.811366798602816659e-07 6.803501445324875737e-08 1.172564271754939076e-09 2.962646343676834917e-09 -1.271763923564744967e-07 4.556771123991623116e-08 1.373274372504640755e-08
7.498104337627916616e-01 1.150920871764522430e-07 -5.366975507305879016e-09 1.315261765888242599e-08 -1.576048364352911065e-07 1.503653502501163712e-07 1.054205163481905212e-08 -1.303790708280674410e-08 -6.168298743932957588e-08 9.942473625347351144e-08 7.074554783330889579e-09 -3.556630163254164347e-09 3.641897262160192718e-09 3.364304683852800888e-08 -3.821143897426277964e-08
7.539974189770904944e-01 -6.087524888579465108e-08 -9.374065126526738600e-10 2.112348550525308744e-08 -5.876749764791311933e-08 -3.991511937693197958e-09 1.190439973137891484e-08 4.017853735808161174e-09 -1.428603906847224379e-07 1.180389305211744357e-07 1.161912580504497629e-08 -2.315641626373710196e-09 1.191334511718475633e-08 8.105656108748113085e-08 -7.361685181781271488e-09
7.581896411468850294e-01 -1.785922623996914877e-07 2.884405556605262472e-08 3.206341709483609632e-09 -8.340045743982334922e-08 -2.087388142366815072e-07 2.152436797358792076e-08 1.085027051440572897e-09 -8.692045351051700335e-08 -1.299516251653825882e-07 1.068575923790013837e-08 -3.562349961342088173e-09 -7.859727093091660427e-08 -2.515936210864075030e-08 -1.626720677078639192e-08
7.623808615479977790e-01 -7.952273102665105166e-08 -3.244166463441446811e-08 1.981860968304924612e-08 -8.260402019350182746e-08 -7.273211211973092780e-08 -8.939726705412188035e-09 1.046981911297421940e-08 7.382407957566092556e-09 3.352896702407084472e-08 1.800172949543559575e-09 5.076718291500349556e-09 -2.143204768705004738e-08 2.173080700703673533e-08 -1.928267529936294726e-08
7.665651159623174671e-01 -1.977461521751107193e-07 2.174481282031380260e-08 -1.010006332456785127e-08 -2.117020115138496115e-07 -8.772040522553491740e-08 6.835334706384632084e-09 5.476058085118123313e-09 -1.103627002363026880e-07 -5.941609917445727247e-09 1.659218784426264063e-09 4.681089881210945160e-09 -2.485704997633857093e-07 4.374751484109736352e-08 -9.353315899121456325e-08
7.707536355579491794e-01 5.523280294530877242e-08 -8.432632354995723799e-09 1.256188205075914985e-08 -1.398342702619307313e-07 1.614897015155239976e-07 -1.600069870153472069e-09 3.206535464169601587e-09 -2.575954561762305098e-07 1.034348521121242975e-07 4.951521754685552191e-09 -2.912884910416904126e-09 -1.071666372887117519e-07 1.335813789366744655e-08 -4.846233513282902510e-08
7.749462413082437440e-01 1.089287185754217659e-08 -8.362108100719447369e-09 -4.602041013945256247e-09 1.816033959779702568e-07 -1.426258986842189972e-07 7.345421274581228903e-10 -2.747557989946092135e-09 4.590315289932230905e-08 -1.829426541623576487e-07 -1.076183151292413532e-09 -3.946708331786058012e-09 2.123051830541043979e-08 -6.440324428112270065e-08 5.567207516271886521e-08
7.791369682448587852e-01 -1.288847084476074193e-07 -3.600328387197431205e-09 4.931028878595339844e-09 -2.358133235029249678e-07 -2.886765428829880841e-07 -2.069477223257068449e-08 2.300903481900883773e-09 -5.616853611601138994e-07 -3.256356297204710537e-07 -1.472078876039531525e-09 -3.515009626017348741e-09 -4.298932964834248229e-07 -1.260939781900640723e-07 -4.585074301455720639e-08
7.833258353347896108e-01 1.210875897444050028e-07 4.725631318995128619e-09 2.948355216155105537e-10 1.661064966188737086e-07 2.368098813183590598e-07 -2.156166901555246639e-09 1.586137901155760344e-09 7.977215612223303961e-08 2.270378449560554193e-07 5.510200036578748343e-09 4.026908418916192907e-09 3.326627218939249951e-08 5.770243398066664719e-08 -6.247625626434820164e-09
7.875159900600451346e-01 5.317307897667143988e-08 2.382172153410341131e-08 -8.813954271899722377e-09 -1.122526802796287601e-07 6.003318408238589006e-08 -3.324999254197234125e-09 9.208211188208720652e-09 -5.911608039682787873e-08 8.783556004250830730e-08 1.127554237594887341e-09 1.077794512876324340e-08 -4.427794720340019295e-08 5.480591421088849305e-08 -9.892700968701588603e-09
7.917084457625156446e-01 -1.854339488746408625e-07 -1.932140099094363726e-09 9.121809922611319045e-09 -1.300061004781263008e-07 -3.044681229771626615e-07 -2.746356240451509730e-09 1.200454462109576853e-09 -1.103138363859801077e-07 -2.656158289123645181e-07 -1.896081327745075729e-09 2.513075499132304374e-10 -9.942653835562012493e-08 -1.050338342592313558e-07 7.924078595138769977e-08
7.958821468706197555e-01 -4.431615484397914271e-08 6.897464048741348880e-10 9.116262816664941216e-09 -1.337112008929276635e-07 -5.074275968550018989e-08 -2.432551598761214247e-10 -7.362272794512733745e-09 -2.420025521149583746e-07 -4.237418716343842791e-09 3.434088460927149363e-09 -2.411611886898753112e-09 -1.106889997702935646e-07 -1.407551036762552978e-08 -5.455632575147911084e-08
8.000624692379799674e-01 -1.793405855143031269e-07 8.265318123704928783e-09 7.518195385130373971e-09 -6.864317176504676172e-08 -8.526096713040372425e-08 -1.877266512795055486e-08 4.186917426562914194e-09 -1.932806617915019535e-07 -5.773109663009950466e-08 -5.675445163840420735e-09 2.205611505758802741e-09 -2.076246596208834240e-07 -3.556148351143335350e-08 -2.546138975556425520e-08
8.042564613727184453e-01 1.620213540881370397e-07 -1.467514997134255488e-08 1.706873160143986600e-08 2.948359740420199336e-08 2.044353623162912943e-07 -5.003308845630849591e-09 2.068138531365094223e-09 -2.642262852816459339e-08 1.081208343435390131e-07 5.243020247014151819e-09 -7.086254882258702930e-09 -1.774025253070973350e-08 2.146501794892398583e-08 1.281758871968284104e-08
8.084384822996342201e-01 -1.322104485328837543e-07 1.211372637005073374e-08 -9.265813620326190272e-09 -1.905119905996645675e-07 -1.248939593732039243e-07 3.704003542001936398e-09 2.159878642892249348e-09 -2.553465762742694674e-07 -1.225946178196254829e-07 2.043862094149368753e-09 -9.283978855854146488e-10 4.444727586276914441e-08 -3.567150451610975199e-08 1.704456652063763736e-08
8.126333810499198895e-01 -5.746190750620342836e-08 3.257322559338858593e-08 -3.636081087677565171e-08 -4.523568920004672816e-08 8.122412635303279121e-08 1.354038697823945567e-08 -6.286094019694605613e-09 5.098732350638831003e-08 4.732259472626020626e-08 3.462104380108930523e-09 -3.322280396026138674e-09 7.908649143686672725e-09 4.357114359318842042e-09 3.929839748427603595e-08
8.168271958201180905e-01 -1.161489346776696115e-08 -5.899351178643711847e-09 -9.414649593952169277e-09 2.632758316751071001e-07 -7.772631711364234985e-08 -8.513771543780884063e-09 1.237636691096523046e-09 2.563635760035178890e-07 -1.078938488860479112e-07 1.936889905942740855e-09 -4.442623914081785965e-11 1.450200633027638813e-07 -7.167618659284860107e-09 1.873802611718460326e-08
8.210214995694952167e-01 -2.698915827760585195e-08 1.569923029512958317e-08 -1.117104777932268078e-09 -7.040750240776369332e-10 -4.129817148500189236e-09 -7.155881480010019930e-09 -3.814862385291653102e-09 5.108797490187248631e-08 3.673402024488166172e-08 -1.072693678948396601e-09 2.821488549003686488e-09 3.690476239663446244e-08 1.500371486089374613e-08 -3.093953244983787107e-08
8.252154145000215602e-01 -1.338588496512283536e-07 4.255202918438835280e-09 -1.038773766065955398e-08 -9.318549665679496510e-09 -1.054682073616442621e-07 4.602171780049650802e-09 1.885688694587554674e-10 2.060921681088585476e-07 -1.794538755724898722e-08 -1.168612287720406064e-09 -5.154043177656734863e-09 1.924751424238189110e-07 1.423786373664063962e-08 2.205547255360001465e-08
8.294030907808404018e-01 -1.231802018916903074e-07 2.966612245048886961e-08 3.230614501493752592e-09 3.075638648542551969e-07 -2.869863772022355127e-07 -3.744145835968033647e-09 5.541463619068321668e-09 8.370217132349521234e-08 -1.856301385688617154e-07 -2.011584273272464117e-10 -1.850294218776688184e-09 -3.887725865621928834e-08 -5.494995755012802894e-08 -2.277433841895835229e-08
8.335906150371191758e-01 -1.921248130890647648e-07 -5.073821450530574126e-09 -2.003746180529731857e-08 1.399856854390894283e-07 -3.168403075052557077e-07 -8.215268932892664141e-09 -2.316419605651599893e-09 1.309009735672675965e-07 -2.651658935361951118e-07 -1.046162031701994193e-09 -8.373002004458237307e-10 3.199366123325696165e-08 -8.125320632911557732e-08 4.368158484734421207e-08
8.377685032221774408e-01 -1.008833327208179615e-07 4.984678156447377007e-09 -5.496838559109535945e-09 5.698240950232737868e-08 -1.538987990906937294e-07 -4.688513839078657818e-09 -7.090996750752825984e-10 1.899980695858658994e-08 5.753957839039347742e-09 -1.140720116337650273e-09 2.191272667403247750e-09 8.289935201879677920e-09 8.146116328388375039e-09 -8.060979639199194518e-09
8.419567297582307708e-01 -1.508793187627761177e-07 1.471541566543485015e-08 -1.465977935926295235e-08 2.769984174195053827e-07 -6.243913886293753117e-08 1.688419784507656744e-09 -4.118705513725034794e-09 8.138868784283870933e-08 1.390556779860715204e-08 -2.225324514663177303e-09 -4.285122274073332396e-09 1.746687740519399690e-08 1.112313717784761066e-08 -2.902362469920222914e-09
8.461556544987137718e-01 -3.262586832625120523e-08 7.735307134681265799e-09 -3.898409423129860240e-09 2.946793715695056034e-07 -2.996741127699577631e-08 2.996374841027707511e-09 -7.594784354456630196e-09 5.258003683339198379e-07 1.253925200740924294e-07 2.525845880037299817e-09 1.182755057470578958e-09 4.048529837797562405e-07 6.349258989992931061e-08 1.068661042337355710e-07
8.503430790983292908e-01 6.002181813545972704e-08 -1.940114324834387654e-09 2.570723518529145026e-09 9.504834704961363795e-08 1.804195914762681989e-07 4.897219303671124705e-09 -4.192590825225475113e-09 1.388624083522407561e-07 1.295991627193784911e-07 2.199077846587834434e-09 2.182938284642434660e-09 2.203315808349478541e-07 3.780095928541076811e-08 1.252804911942798726e-07
8.545245840949285965e-01 1.631083672765865271e-07 1.567024250801447047e-08 -5.011033575597167033e-09 1.245040288085130487e-07 2.955519102520661686e-07 5.395956490483365808e-09 8.229401020145473494e-09 4.629989196291377049e-08 1.038523558740440204e-07 4.040015443905909865e-09 1.027739085975448568e-09 5.307435919465019748e-08 5.930801984877419572e-09 -2.476030810919535606e-09
8.587196449246210506e-01 1.358500680445095406e-07 7.595727133654498035e-09 -4.903405247095658298e-09 5.127790581727185286e-08 2.766805280750100841e-07 7.744343371642880451e-09 -1.729357373956209223e-09 2.598416975592634471e-07 1.982391366714960060e-07 -2.405519684446977364e-10 3.016974128645800459e-09 1.846195711511088517e-07 3.446852125382764881e-08 7.898826686669466419e-08
8.629074348139629258e-01 -1.967909996898035563e-08 -1.727285503805400930e-08 1.915384578820255602e-08 5.283287074022237609e-08 -1.706851656572466251e-07 -1.422445499342690229e-09 8.960598732635894342e-09 2.469687501418379029e-07 -9.976585526300677239e-08 -1.794882304811124619e-09 7.780459662709786578e-09 2.521067413216855729e-07 -2.340088842062407740e-08 3.277935253632862779e-08
8.670852844200982457e-01 4.561614161376329322e-07 1.401709622574104501e-08 -9.549493039550568962e-09 1.350844994217938509e-07 8.257235586958454021e-07 -3.220331349100332516e-09 9.158333686904336787e-09 2.998899961167466630e-07 4.412263533489462273e-07 5.612071928021323956e-10 -6.624114293274659641e-09 2.170895538565666076e-07 6.339808391600648907e-08 1.940576129279908195e-08
8.712764316473343706e-01 2.316673915830017080e-07 1.140290355837045184e-08 -2.079376661910917413e-09 2.785379284194498744e-07 2.395119096650366375e-07 9.183920079851212757e-09 -3.489487922280567505e-09 2.040072292160116311e-07 1.098110735380263712e-07 2.744123703535137678e-09 3.357946931178788770e-09 1.501849212593553962e-07 1.282720853215535750e-09 6.790764748556109932e-08
8.754762476624626810e-01 2.427106940992424138e-07 -2.391252409290358373e-08 1.683555677561432215e-08 1.886676694072918448e-07 4.427732744900906213e-07 -2.592076053268635199e-09 3.218803821131053008e-09 2.776240239806472090e-07 2.397334955967884606e-07 7.407346432347509716e-10 1.392283467564179768e-09 1.665356301515691717e-07 3.254655589821267703e-08 2.461056059163643891e-09
8.796707865602606535e-01 -8.883367746447700786e-08 -6.507369404235854866e-09 1.623430703914601502e-08 -3.318173043425090784e-07 -2.459300036006717637e-07 -7.296159691080928631e-10 3.460583935909884518e-09 -3.138827168776364142e-08 -1.453501378017895908e-07 3.705643208666780962e-10 -1.588794318199879483e-09 2.182868058939771892e-07 -2.257645840110589449e-08 6.722815439404305000e-08
8.838562222970675064e-01 3.463951015988676676e-08 2.845905029077793433e-09 -6.626668205813319129e-09 -9.437717956762240017e-08 -2.171421920491578034e-07 -1.821033869407186994e-10 7.226292968797206668e-10 -2.492471605459349755e-07 -2.098411457133750684e-07 2.326676077328814170e-09 1.197370170992148452e-09 -1.590400703057864271e-07 -4.373924184813558513e-08 3.187202524197296131e-08
8.880381764417510926e-01 2.196569854856482905e-07 -1.115424683586170019e-08 -2.341687849327013447e-09 2.334236259123404605e-07 3.004936324544241822e-07 -9.399875404874672742e-09 9.454511293444763071e-09 2.853325866220977747e-07 1.539399310864798423e-07 -4.364829942337667267e-09 1.865220306151694641e-09 1.296617937531109729e-07 2.937042848476334327e-08 2.825257612601730235e-08
8.922270316229049536e-01 2.561449047967878239e-08 -1.274728245409896098e-08 5.293257315019669230e-10 -1.142219320664331979e-07 -8.120227017684307700e-08 -4.568588904282084799e-09 7.229376507407971310e-09 -3.049612043616421717e-07 -8.774402709961900238e-08 -9.569367655342637244e-10 6.135496846563368531e-09 -6.161926769547701450e-08 -3.480037591005407560e-08 4.841543974714904176e-09
8.964225585562245469e-01 -7.643096752003316881e-08 -7.081205645163566002e-09 -1.238816687774300337e-08 -2.280618222689450149e-07 -5.769723248293830808e-08 1.532335379338933798e-09 4.227431059008919667e-09 -3.586744289972353843e-07 -4.633499760444224797e-08 5.898780395408604656e-10 6.790203066791718585e-09 -2.989007658112522428e-07 -2.414795801542504776e-08 -1.308796271391855208e-08
9.006049913569987853e-01 1.974693514365216941e-07 1.152505122758501138e-08 -4.502408323691148570e-08 1.494222588454795508e-07 1.510194008619132042e-07 1.191614505390468532e-10 -3.975512553748267659e-09 9.309075467875975795e-08 7.600086608668444892e-08 -5.667975838513051633e-09 2.643143248193469220e-09 -5.693806843239802292e-08 2.408680228322751753e-08 -4.795109566230355582e-08
9.047836582182254839e-01 -3.112825160994071912e-08 1.666602054181846004e-08 7.673839067636298557e-09 -1.328407126184973492e-07 1.774542675474641923e-08 7.048643949929600921e-09 9.535196159705939950e-09 -1.296210785772989959e-07 8.014179708040637140e-08 -3.384487070615319537e-09 4.469151657639793534e-09 -7.596225195638748102e-08 1.835397333609461485e-08 -3.374980731706609352e-08
9.089780964569278421e-01 3.299938183044055342e-08 -9.759952598752701789e-09 2.065710400909193686e-08 -2.738904748934985791e-07 1.159529960583476311e-07 -1.063076504101286769e-08 9.198240435935263181e-09 -6.595963860597055754e-07 9.731916851054893698e-08 -4.201694102438105196e-09 7.217601899479873133e-09 -2.180759820769882681e-07 4.021557056041082456e-08 7.167739106356528587e-09
9.131704587403689510e-01 -1.364990549395936580e-07 -5.851063606669952017e-09 6.318972428422773384e-09 -8.802109033007022401e-08 -1.612660865831755441e-07 4.248275839696656960e-09 6.136626039593723494e-09 -5.886512536654097763e-09 -4.406205148869129220e-08 -5.909740058051993962e-09 7.739100497292650715e-09 5.720664677826209443e-08 -3.521568081249764024e-09 -4.936188634630513134e-08
9.173547920329833127e-01 2.210189257226290277e-07 -1.398783373674495018e-08 8.310445932025727937e-09 1.330064991355050257e-07 4.687631954960717999e-07 -1.010384252286162118e-08 -8.108703516945685316e-10 1.285970393773877534e-07 2.504748725813985281e-07 -9.535726059461885446e-09 -3.065853128284629449e-09 1.365205833373507813e-07 3.426774774843827410e-08 -2.563449944382709950e-08
9.215425617950214754e-01 -4.778174770956249040e-08 -5.749149954928489047e-09 3.782585814273000817e-09 -1.712463783553115990e-07 -3.513182150195378559e-07 -3.172785667380646259e-09 3.256726400221109382e-09 -1.467823331416051556e-07 -3.050488364731791351e-07 -3.794137224449571102e-09 2.213873530512124201e-09 -2.092488020297655513e-07 -8.979397582080488162e-08 -2.333744577022166897e-08
9.257400405750663142e-01 -1.921233899052264012e-08 8.207350187801186441e-09 -3.593143880100656484e-09 -1.133835250401125576e-07 -2.325381949920460762e-08 -2.503845632635108296e-09 8.718698371088667778e-09 -3.119490027468246519e-08 -2.164017910271536568e-08 -2.973712331699870117e-09 8.960522848814670933e-09 -1.821095854654004836e-08 -1.160596363305972056e-08 -3.818660137442796125e-08
9.299303352268617484e-01 -1.461658428335095957e-08 3.170892608083056660e-08 -5.542850081056070678e-09 -8.521801630109593430e-08 -3.171209703927378853e-07 4.146269761344257996e-09 3.793786020795894201e-09 -2.383507387106401192e-07 -1.921702045664826170e-07 1.206359878414090496e-10 7.016681743355678502e-10 -8.994131896017488345e-08 -2.283832989382426627e-08 -2.471136370690729612e-08
9.341108300097852313e-01 -2.939493073806606126e-07 -6.235216607547877975e-09 -5.891311153448594920e-09 7.981438608661669236e-09 -4.361732210326233732e-07 -1.611565832841038961e-09 4.258260290520695705e-09 8.824073960522486206e-08 -1.672341970404213656e-07 -4.563942143131188583e-10 -6.079745954554852643e-10 2.673495625844175630e-08 -1.060834708659559233e-08 2.628480295156722205e-08
9.382896253999645220e-01 -1.642244803455687128e-07 -1.326089777634463057e-08 -1.024164786356070738e-08 -1.854896361299334563e-07 -2.067830254036999964e-07 -5.643122355082301674e-09 7.774578423451258120e-10 -1.140872244724342275e-07 -1.784609208061638656e-08 2.836131304037465062e-09 -8.479588968877696482e-10 -5.306901904005616132e-08 2.360756858564499862e-08 4.263361885547554347e-08
9.424819561228944265e-01 -6.572055058972917198e-08 -8.092769467590713919e-09 8.439483612384752246e-09 2.225057674683645943e-08 -1.809890060753230952e-07 -4.417670247512495208e-09 1.074787558418027806e-08 4.123390243870810288e-09 -7.975167143164221560e-08 3.386616040745894271e-10 2.485361613304211135e-09 -3.039200319809587602e-08 -1.569378092344118625e-08 1.978885468465908294e-08
9.466849863120379016e-01 -5.075539280732919048e-08 -9.326704092283430718e-10 -5.869874782244049920e-09 3.003320261833873321e-09 -1.872339940365312595e-07 1.055153702761474607e-09 -2.788246850333798802e-09 -7.632831592077633523e-08 -1.395182558096056228e-07 4.665473382832247166e-09 -2.373350620263842232e-09 -9.894389434532063036e-08 -2.791289146988714826e-08 -1.930839496917696084e-08
9.508714331057195324e-01 8.851045092680042976e-08 -1.447289704057774387e-08 -1.978138842701606785e-09 -1.042935034088754738e-07 9.948840060083173593e-08 -1.668065146047328108e-09 -5.788784830473380524e-10 1.290368797950434121e-08 5.426785359543565008e-08 -2.253471799915564536e-09 -4.536534466000193590e-10 1.030004180960264610e-07 3.564238536560396027e-08 3.744468818675676427e-08
9.550563230073290111e-01 -8.722321816845295898e-08 -1.024127759695085973e-08 1.448856259062178135e-08 -1.100629034979118702e-07 -1.653079171230270129e-07 2.654365357269508867e-09 1.968869921746061331e-09 -3.322558763548947422e-07 -1.133531461989852806e-07 1.243463817289930723e-09 4.746413125183921660e-09 -9.578778307068205807e-08 -1.422260927696848486e-08 -2.637173926945763217e-09
9.592513211539739348e-01 -1.015551573979639370e-07 5.313105883491896963e-10 6.678528184556949010e-09 -1.761119760507757619e-07 -2.544282625979627282e-07 -2.846606796131803778e-09 9.578759647000114954e-09 -2.262747414077675037e-07 -1.948073352595570236e-07 -6.130021323750638709e-09 4.581012490414887957e-09 -2.223376988580174344e-07 -6.065962856741993576e-08 -4.070815250072250614e-08
9.634451052878124644e-01 2.241899191056016308e-07 -1.684680966218370366e-08 -5.585131584475752216e-10 3.803858777523200056e-07 1.622164204724260251e-07 -1.059347235343041245e-08 5.958494837193663647e-10 3.975509798370400371e-07 -6.413509361231459012e-08 -4.928080709826238578e-09 4.741321139993293253e-09 5.131143111832626468e-08 -6.247630515287843987e-08 -1.509062864257469496e-08
9.676230540453005791e-01 2.104796834432833350e-09 -1.873839052297758437e-08 -1.340109388389056213e-08 2.184552626160397872e-08 -6.864398807650315413e-08 -6.590189913312853162e-09 -8.554870530182033846e-10 -1.759621492081249771e-07 -3.024557325887123292e-08 -2.684238925179837229e-09 -1.688817180085191762e-09 -2.415320149347531811e-07 -8.102374507498409415e-09 -4.462007222763489166e-08
9.718094297475188270e-01 -3.798315773429709429e-08 -2.921841922961206862e-08 1.097074948274969574e-09 1.016362606470519503e-08 -1.570498372557376013e-07 -1.468781808218986387e-08 9.674954100958622132e-10 2.252516374985839391e-07 -7.557734112054792437e-08 -5.898160745462700990e-09 -2.038074769178326472e-09 2.540011654632093529e-07 -1.842458817393095198e-08 8.838986022163182964e-08
9.760091362076940280e-01 8.754321433909045036e-08 -3.867925250498568676e-09 6.661033571510457114e-09 1.413030904476180156e-07 -2.049019203912170411e-08 -3.431353385008769592e-09 2.813667658147640876e-09 1.834738838648576817e-08 -1.063228850796164367e-07 7.583116542555939768e-10 -6.728523976652082208e-10 3.217676511513435665e-09 -3.625211337834257759e-08 4.042519893407402968e-08
9.802075838006468755e-01 4.398398213060811249e-08 -1.790894138844371735e-08 -1.132239523669015920e-08 1.669225904830558358e-07 9.349974318263309257e-08 3.627486509865840007e-10 -3.598646081541710897e-09 1.695170705007247619e-08 1.791188125265519142e-08 1.560357013682980003e-09 -2.141070971503777037e-09 -7.527011677120210653e-08 -2.187810298925836707e-08 -1.754256586355932499e-08
9.843901124947946890e-01 -5.486632298769663152e-08 1.100044977854996298e-08 -2.294073736537690616e-09 -1.739330202441747762e-08 -3.650268601335140169e-08 7.324047010829083823e-09 -1.312441241600271069e-09 2.377339413313397022e-07 2.313842982158752784e-08 5.969057749476022202e-09 7.530551570743884537e-10 1.709682122637866276e-07 2.008756604586676948e-08 3.188761330651915422e-08
9.885650797815361823e-01 1.151639699901213146e-07 5.375965097628318590e-09 -3.736589873323513533e-09 2.167458058142471422e-07 5.563236647460283955e-08 -5.688636280794400155e-09 -2.973634020599142962e-09 3.655361199046051214e-07 -5.724433993086740303e-09 -4.047276521312723446e-10 1.366804708082581865e-09 1.811121745647517895e-07 -1.470980196998602158e-08 5.504296002540667295e-08
9.927561705083151056e-01 2.434105732620213071e-09 -1.661887936211449868e-08 5.856188478043760524e-09 4.577528466764284216e-07 -3.998970551323486318e-08 -1.263977712777956330e-08 5.165089326347165566e-09 7.774632105287599193e-07 -4.820755141095164290e-08 -8.314350603425384821e-09 -7.792939920932732820e-10 4.863695158778785730e-07 2.343167882743051216e-09 1.083583921132162791e-07
9.969400597939003239e-01 3.395120272785397785e-08 -5.728109540490645076e-09 -1.461313376321509240e-08 2.334053161198710433e-07 1.424600971523013688e-07 -3.545361849268846389e-10 2.657569642399910489e-11 4.079476858051562373e-07 8.208232880791006250e-09 -4.987444389314868435e-09 3.839771381754547079e-09 3.121077908105094529e-07 -3.037820149851894187e-08 8.223736692871886049e-08
1.001125867816581083e+00 1.608101033181397501e-07 -2.910435299360141430e-08 1.888168517572299564e-08 2.400216781813342428e-07 2.813808636490021527e-07 -7.225993344673723669e-09 2.065394957699135458e-10 4.554834864348886775e-07 1.351661435688139081e-07 -7.899824384503149947e-09 2.525563456594484411e-09 4.502619199095517438e-07 3.040591139289494468e-08 1.553800193298747001e-07
1.005315482813002204e+00 3.995969968916594605e-08 -2.149519323271094033e-08 2.694569589997625335e-09 2.480561694458472653e-07 -3.073111759333018146e-08 -6.349789550577574428e-09 -1.427914474034400084e-09 2.484004899431322774e-07 -9.536985585168803166e-08 2.022934822876917760e-09 -5.664011832957203209e-09 1.729538528182259859e-07 -3.988147504026809267e-08 5.842814806754632277e-09
1.009503724426713545e+00 -8.399932515285318106e-08 -4.778718224318279997e-09 -4.942416777089426572e-09 -2.475580095721699669e-07 -4.373837005572055808e-07 1.274465214089277174e-09 -3.924644713797730428e-09 -3.106901377455388179e-07 -2.447356276677651726e-07 -3.029419466802419589e-09 6.971113580140775340e-10 -2.843272985694162556e-07 -4.412493328196119589e-08 -5.787556333500542623e-08
1.013699103815393299e+00 8.870762983066552464e-08 1.696559235290803229e-08 -4.946138844855564925e-09 1.218678741665175017e-07 2.138504766970429126e-08 6.720630974169951639e-10 -2.797314552508733677e-09 1.715216240110330060e-07 -7.902954474915580253e-08 -6.504766690496043883e-10 -1.174330204660071575e-09 2.706845214795608199e-08 -3.145259156177734641e-08 2.499655464601937850e-08
1.017885842421875964e+00 -2.555376440443914621e-07 -4.240623304679973253e-09 1.258381768799467879e-09 4.888666050720557255e-09 -6.024360443065230484e-07 -5.989664139952128587e-09 6.306138687488550679e-09 1.043034019669574367e-07 -3.092620764328083899e-07 -2.051836192032507261e-09 3.807446520818727784e-10 2.852606837542739894e-07 -3.520959912066127620e-08 5.027001954440762537e-08
1.022076284359184406e+00 -8.759566556600771909e-08 -8.574085181069733693e-09 1.517382232187961783e-09 -2.619700288624730922e-07 -2.375190960844117053e-07 -6.644574602309361048e-09 -2.668982624849988345e-09 -3.562799750166433769e-07 -8.994278944668944452e-08 -1.147301381993274393e-09 2.274555612221716278e-09 -1.245839796678820931e-07 -4.435426896398487976e-09 -5.761432853782473546e-08
1.026273875264014812e+00 -1.139015012475786509e-07 8.468042360714327347e-10 -2.207524225419024413e-09 -1.645767130310530978e-07 -2.725001692316151401e-07 2.539863685545766460e-09 -1.211185183481180370e-09 -2.639070885003412074e-07 -2.192933435992888636e-07 -2.141744215615787936e-09 1.029691706391595551e-09 -2.611588858256329999e-07 -7.101834488823148982e-08 -1.168585250027026027e-07
1.030463237552156075e+00 2.540292056174232598e-07 4.807569374595683611e-09 8.138503699915270142e-09 3.007001706584446819e-07 3.307206755684242758e-07 -2.237951770870882980e-09 6.655735939482057263e-09 1.006544328708783421e-07 7.440258056675180275e-08 2.807180288926698070e-09 6.462563188620690813e-10 -3.149467402180539458e-08 -8.544998401638342943e-09 -8.900083234501159733e-08
1.034646639530784062e+00 -2.230107229598249017e-08 8.527752279530989696e-09 1.387500153220433227e-08 -4.016273622092894964e-07 -4.801337861359336286e-08 2.488725553612509261e-09 5.196774822366975669e-09 -6.209316057743183857e-07 -9.221626689485809053e-08 2.813008095670382614e-09 -1.505203696487667739e-09 -2.164978010622738923e-07 -3.094790056996720773e-08 1.238931923740447547e-08
1.038830480088573260e+00 -1.351856275064389781e-08 -1.250365960552486142e-08 8.063786599871173317e-09 1.403839326906341764e-07 -1.426037810371888730e-07 1.538930955154930715e-09 2.111302100298494520e-09 4.017611057150772881e-07 -5.025777402248262334e-08 3.412674317127361146e-09 5.283521309290896953e-10 2.856458281231418885e-07 2.953357633718663953e-08 2.766591981980142533e-08
1.043023229532383578e+00 6.296033672508822495e-08 1.278215490808989801e-09 -6.615538349161567435e-10 1.257205997609283614e-07 6.612540062704225162e-08 -8.340473976346533272e-09 -3.991506471235991256e-09 8.480014099071561919e-08 5.010935273646247263e-08 -2.053985083967030274e-09 -2.145042119178962239e-09 1.850023440631566906e-07 2.344016444688976162e-08 4.973349551548221727e-08
1.047211320931656031e+00 -3.046616173398007852e-07 -3.097772893567652312e-09 -7.346487593948052722e-11 -3.140745449510950991e-07 -6.212847986399982983e-07 -6.255514267010097192e-09 -8.454317166736462940e-09 -2.590397423602343106e-07 -3.642284541571850984e-07 -5.825274191615927868e-09 -3.268419005159880554e-09 -2.586960889208282616e-07 -6.050279751649641912e-08 -1.198013735725443024e-07
1.051395396220772938e+00 -2.938822654062299002e-07 5.903619743641471577e-09 1.051422092091961771e-08 -3.820086631465519843e-07 -4.068579540563466115e-07 2.643200450777423911e-09 -8.196350410333393592e-10 -1.791433505759414592e-07 -1.758552890765835292e-07 2.668072257948831557e-09 -2.851093381413641831e-09 -1.251472839007994453e-07 -6.005220078522302649e-10 -1.141944948798289532e-07
1.055587561333155788e+00 -3.678308261971646640e-07 1.737882140922617423e-09 -3.130131676660798284e-09 -1.632181505577660484e-07 -8.089795152727126561e-07 -8.846144393980027630e-09 2.578758582416473927e-09 -2.876040530102958900e-07 -5.186785738540979380e-07 -9.106031408896343069e-09 3.948368917490663065e-09 -9.709761910356597199e-08 -9.989372333189650181e-08 -7.574476888036874925e-08
1.059780855230085139e+00 -2.123903066538830875e-08 5.500357490041694457e-09 -2.886109377542357274e-09 -2.689646433718376191e-07 1.263568162024200877e-07 1.698764264700580997e-09 -3.034227317253965330e-10 -4.741060999503742347e-07 1.518270647264758273e-07 2.672440588088787065e-09 -5.731751168177101990e-10 -4.222420667833149380e-08 5.820509126739936455e-08 5.227341330489392015e-08
1.063968553353427993e+00 -2.070486667047104442e-07 -3.183719692689067296e-09 9.015807643239165396e-10 8.733486733098784002e-08 -3.210555909996557722e-07 2.552674302489502377e-09 -3.977408022338218413e-09 4.954019931960257040e-08 -2.214758548261825866e-07 3.873528828107583972e-09 -5.964555658943517301e-10 1.823050635201590225e-07 -3.839099516163834228e-08 -2.767770127732966658e-08
1.068144877931138659e+00 -4.966670573674368488e-08 4.958174320854651553e-09 -1.745325075511988705e-09 -1.030841367204256113e-07 -1.018427976613702195e-07 1.992277404977042936e-10 1.947223565742235245e-09 9.004873020588010725e-08 -1.732594435001431558e-09 1.993565696108344396e-09 2.411246510807013004e-09 6.059496369925823503e-08 2.331130888190258551e-08 5.699137555343557261e-08
