# Columns: ('k', 'P')
5.345493089407682419e-03 3.340397569444444343e+03
9.344366739594166943e-03 -1.954472782258064399e+03
1.312833575873958818e-02 4.284655612244897929e+04
1.700891779646987109e-02 1.775116666666666788e+04
2.135270783943789275e-02 1.882445428571428420e+04
2.564347439342075027e-02 2.031702000000000044e+04
2.962205054058980949e-02 9.617619601328904537e+03
3.361537140302770649e-02 1.257626509186351723e+04
3.793950633336700545e-02 9.806035026269702939e+03
4.227894994616508695e-02 9.032389600000000428e+03
4.633325468672155889e-02 8.550388203017831984e+03
5.038752484052157893e-02 7.705194046306504788e+03
5.464179025701254577e-02 9.648644628099173133e+03
5.886817576171304162e-02 7.654989591673338509e+03
6.290140616743733482e-02 6.236459191456903682e+03
6.703999982739437813e-02 5.174003594967046411e+03
7.134254604642074893e-02 6.000948952176249804e+03
7.561818311969153994e-02 5.312550599520383912e+03
7.973924982214039558e-02 4.513774667278567904e+03
8.385356877962653332e-02 4.574579261025030064e+03
8.809929214337092196e-02 4.420317465873293258e+03
9.230415729057904473e-02 3.596155800735539742e+03
9.643309047658384092e-02 3.443974553165707221e+03
1.005689403076158450e-01 4.056971949509116712e+03
1.047818677762802908e-01 3.121828230022404568e+03
1.090277847809041356e-01 2.898806878921682710e+03
1.132170039508717807e-01 2.677012353849547708e+03
1.174008294871188018e-01 2.391363581610118672e+03
1.215998224695146873e-01 2.323834502369668371e+03
1.257670529567683493e-01 2.067843221093889042e+03
1.299386816717305049e-01 2.219407212250946941e+03
1.340949335765710126e-01 1.869245597334602735e+03
1.382635144665005922e-01 1.861894218229242142e+03
1.424925284902303357e-01 1.564964348651213186e+03
1.466886314558672189e-01 1.662000394892720578e+03
1.508619291163366127e-01 1.273534338154855959e+03
1.550655720814744509e-01 1.313248688352570753e+03
1.592593054631499527e-01 1.300572977115953108e+03
1.634144798183441161e-01 1.239900373333333391e+03
1.675823816150099899e-01 1.229206286448551964e+03
1.718045808093531246e-01 1.144358508158508130e+03
1.760135070798979073e-01 9.825917493853019096e+02
1.801930856696074279e-01 8.707758076890290795e+02
1.843742315857553882e-01 8.636794775809000839e+02
1.885797910080431738e-01 7.857759963000077050e+02
1.927656394953895236e-01 7.565511907496746744e+02
1.969014248243030341e-01 6.801973387624517500e+02
2.010715633173454087e-01 6.121996146700612371e+02
2.052920281681521186e-01 5.743647947454843461e+02
2.095172134954577381e-01 6.294298405897549173e+02
2.136973926115405542e-01 6.134920930232558476e+02
2.178750580088065492e-01 5.316159999999999854e+02
2.220823861956562617e-01 5.452775991425509119e+02
2.262696194198526023e-01 4.669263874403030172e+02
2.304259489101245229e-01 4.450401783344833007e+02
2.345870463846415066e-01 3.982907314093754962e+02
2.388019837064606632e-01 3.875893400280017431e+02
2.430077036534963875e-01 3.368490467360813909e+02
2.471758823520590620e-01 3.501486318693952740e+02
2.513692271335918882e-01 3.482197715636077646e+02
2.555723892733414715e-01 2.879397864219239409e+02
2.597674079539822323e-01 2.762981422745808686e+02
2.639178238801485610e-01 2.337937384898710604e+02
2.680749044740857179e-01 2.432385459906117546e+02
2.723023151079725368e-01 1.998427805509336395e+02
2.765128983200950685e-01 2.092330522517214604e+02
2.807027537381580062e-01 1.715420137058513319e+02
2.848857026249724811e-01 1.821781427229393557e+02
2.890807262117984777e-01 1.948552766139939934e+02
2.932785946948970324e-01 1.417732902003071729e+02
2.974321087309398370e-01 1.506380693623142122e+02
3.016123743882810904e-01 1.054945991176023199e+02
3.058101292111336522e-01 9.753537474132501472e+01
3.100168993294901143e-01 7.876472782576257714e+01
3.142092030053749707e-01 7.620449547310998639e+01
3.183867557675504334e-01 9.038209661012290042e+01
3.225872781332082551e-01 6.073384060873047474e+01
3.267666109043823597e-01 7.835197168590370609e+01
3.309328770241455886e-01 5.289326086401796800e+01
3.351106074107195187e-01 4.000389853804823304e+01
3.393095620710060434e-01 6.765758661313202538e+01
3.435164896197421824e-01 3.194420428507310916e+01
3.477107812306902690e-01 4.332530677327663682e+01
3.518857617074659383e-01 5.632287199037828707e+00
3.560773577310688554e-01 1.926649041927942463e+01
3.602869550449780967e-01 1.331065730421524940e+01
3.644651285618699665e-01 -1.080581722729101024e+01
3.686396944457170921e-01 -3.727573657914756478e+00
3.728293470315630076e-01 7.455231216771993630e+00
3.770363921861874523e-01 -2.201579101276927908e+00
3.812363453093803867e-01 -2.885832128746265823e+01
3.854150971210312249e-01 -2.567611381716284313e+01
3.896036578152083374e-01 -3.069135665984927996e+01
3.937795161075864914e-01 -1.594700431696259280e+01
3.979440095093054186e-01 -2.873723758480084456e+01
4.021139069446590386e-01 -1.931365950470273418e+01
4.063125452039867413e-01 -3.713473553037064079e+01
4.105412315868290918e-01 -2.818001929712669096e+01
4.147348487769681458e-01 -3.267838479809976349e+01
4.189107045044477284e-01 -3.014809633574437697e+01
4.230974437456921922e-01 -3.616116701770808817e+01
4.272931011032126136e-01 -3.514979312029558400e+01
4.314914587673138180e-01 -4.949767427947532639e+01
4.356511643511531418e-01 -4.640252154818278285e+01
4.398424702607344750e-01 -3.750535798147120659e+01
4.440501074980069407e-01 -3.880108681736062692e+01
4.482267968899237842e-01 -4.246444837528030547e+01
4.524052929840755577e-01 -5.622013532909575417e+01
4.566090347930675253e-01 -5.899592432791237684e+01
4.608167319022857811e-01 -4.390826388614610920e+01
4.649806979855051203e-01 -5.697904796672708017e+01
4.691538386770017222e-01 -6.207837026338793862e+01
4.733478629909182445e-01 -5.228428089482005703e+01
4.775500538217637980e-01 -4.871726121558542388e+01
4.817339644282710998e-01 -5.076620968035201287e+01
4.859144464692263798e-01 -5.531859876361495054e+01
4.901252990058800885e-01 -5.540605598140889754e+01
4.943123444065962158e-01 -4.918449170184135255e+01
4.984736335014697817e-01 -5.330704046883661817e+01
5.026590164608074618e-01 -5.781925391359831679e+01
5.068609875937976073e-01 -4.963812828715501979e+01
5.110594965365916620e-01 -5.375742621847662406e+01
5.152492140965455603e-01 -6.206599737187911359e+01
5.194329442812991582e-01 -6.077615412577244314e+01
5.236343964239100757e-01 -5.530864446618983976e+01
5.278273205415198177e-01 -5.689049547138948526e+01
5.319960279023402405e-01 -5.604109873793615293e+01
5.361714592099571242e-01 -4.766630008467070212e+01
5.403746330902056139e-01 -5.497388282874312893e+01
5.445761264886261888e-01 -5.697174545488782371e+01
5.487504490749764985e-01 -5.755263231705607296e+01
5.529407179677009454e-01 -5.331203562087657843e+01
5.571409157079509900e-01 -5.945244264678000690e+01
5.613298693710127019e-01 -5.096451832409837124e+01
5.655062246218995892e-01 -5.882608427851153010e+01
5.696867424029971039e-01 -5.484104703771431133e+01
5.738956954203543459e-01 -5.602119267675281833e+01
5.780928920821047923e-01 -5.384035100965611775e+01
5.822632071880226023e-01 -5.813240106371522131e+01
5.864430803127811398e-01 -5.090299735027428341e+01
5.906376733072625784e-01 -5.613649932374572415e+01
5.948356627105599870e-01 -5.493569740323985684e+01
5.990145239901687457e-01 -5.147720680140555771e+01
6.031829950841108845e-01 -5.013874954869140055e+01
6.073740526175752663e-01 -5.239128367311509749e+01
6.115768023320514724e-01 -5.217543781305587203e+01
6.157710000000914397e-01 -5.136052908728025557e+01
6.199632023912512446e-01 -4.983968706683213412e+01
6.241630060990407403e-01 -4.887786145115814662e+01
6.283593402461892241e-01 -4.656993147924223564e+01
6.325410955997395890e-01 -5.012645088894343814e+01
6.367142920629192959e-01 -5.154624921520873215e+01
6.409035099394975177e-01 -4.877043134538193669e+01
6.451032402190634008e-01 -5.212508931612230612e+01
6.492879941711476866e-01 -5.030386920835583453e+01
6.534659541563927476e-01 -4.583808172419880833e+01
6.576591076962554627e-01 -4.740585725593157918e+01
6.618529307405217610e-01 -4.155826269156322894e+01
6.660240791386257131e-01 -4.358768027439043635e+01
6.702067828716186115e-01 -4.554680371673835282e+01
6.744172070879622671e-01 -4.525492296735471598e+01
6.786118453466847278e-01 -4.423369005152596145e+01
6.827984616056306244e-01 -4.288289857493095525e+01
6.869817177358829019e-01 -4.414541774563205223e+01
6.911718524128840357e-01 -4.211022303860305982e+01
6.953555746427921846e-01 -4.245226610186256977e+01
6.995344561305086861e-01 -4.167329543838087602e+01
7.037287066792784485e-01 -4.095201123969552981e+01
7.079143033440539190e-01 -3.640574956911698479e+01
7.121186686741065586e-01 -4.112889146240870275e+01
7.163134555705721329e-01 -3.817907656980399622e+01
7.204913713645887396e-01 -3.701722718245959953e+01
7.246803275165087932e-01 -3.817808109876431644e+01
7.288763115175647123e-01 -3.773039223382264140e+01
7.330585840505703388e-01 -3.818969247128212885e+01
7.372316440474646626e-01 -3.553514351573770114e+01
7.414228560306842519e-01 -3.536022027035951254e+01
7.456189213758863676e-01 -3.836985114830595478e+01
7.498104337627916616e-01 -3.506141384608499578e+01
7.539974189770904944e-01 -3.617361558234748031e+01
7.581896411468850294e-01 -3.443874412002654850e+01
7.623808615479977790e-01 -3.301388240166030386e+01
7.665651159623174671e-01 -3.452238699659529431e+01
7.707536355579491794e-01 -3.570591363189323886e+01
7.749462413082437440e-01 -3.231965635133066428e+01
7.791369682448587852e-01 -3.456436040167410084e+01
7.833258353347896108e-01 -2.954157546744813700e+01
7.875159900600451346e-01 -3.132517572143598983e+01
7.917084457625156446e-01 -3.175077409725779987e+01
7.958821468706197555e-01 -2.718433795365476158e+01
8.000624692379799674e-01 -2.831127571514990393e+01
8.042564613727184453e-01 -3.002422771460529560e+01
8.084384822996342201e-01 -2.760891811926506989e+01
8.126333810499198895e-01 -2.911283578067031641e+01
8.168271958201180905e-01 -2.708485160922575474e+01
8.210214995694952167e-01 -2.792403903687045030e+01
8.252154145000215602e-01 -2.698896531898729378e+01
8.294030907808404018e-01 -2.847437534714198293e+01
8.335906150371191758e-01 -2.694376634523554870e+01
8.377685032221774408e-01 -2.591170057125544446e+01
8.419567297582307708e-01 -2.488500517144419177e+01
8.461556544987137718e-01 -2.543865339664982983e+01
8.503430790983292908e-01 -2.452018180479620568e+01
8.545245840949285965e-01 -2.686540043857467097e+01
8.587196449246210506e-01 -2.516881305850472472e+01
8.629074348139629258e-01 -2.541317103172956138e+01
8.670852844200982457e-01 -2.391863093316112554e+01
8.712764316473343706e-01 -2.253808464888905405e+01
8.754762476624626810e-01 -2.632631834892017153e+01
8.796707865602606535e-01 -2.361380694679610670e+01
8.838562222970675064e-01 -2.455769361674686024e+01
8.880381764417510926e-01 -2.417894733112979111e+01
8.922270316229049536e-01 -2.308500352326229432e+01
8.964225585562245469e-01 -2.120425409440982634e+01
9.006049913569987853e-01 -2.047165680330108373e+01
9.047836582182254839e-01 -2.006555272117554978e+01
9.089780964569278421e-01 -2.265995565619080665e+01
9.131704587403689510e-01 -2.277057370852582707e+01
9.173547920329833127e-01 -2.059201659921577843e+01
9.215425617950214754e-01 -1.950677497851434339e+01
9.257400405750663142e-01 -2.138163076773471971e+01
9.299303352268617484e-01 -1.988675341857199896e+01
9.341108300097852313e-01 -1.996286490829873372e+01
9.382896253999645220e-01 -2.085015810540997450e+01
9.424819561228944265e-01 -1.942829796218388694e+01
9.466849863120379016e-01 -1.863661786068676918e+01
9.508714331057195324e-01 -1.767492809308114587e+01
9.550563230073290111e-01 -2.043201885262207540e+01
9.592513211539739348e-01 -1.862175177753629995e+01
9.634451052878124644e-01 -1.727710691104738672e+01
9.676230540453005791e-01 -1.748689775060318397e+01
9.718094297475188270e-01 -1.777198785333282416e+01
9.760091362076940280e-01 -1.781029467338096595e+01
9.802075838006468755e-01 -1.671030817171509852e+01
9.843901124947946890e-01 -1.898779265816828854e+01
9.885650797815361823e-01 -1.558185341297269311e+01
9.927561705083151056e-01 -1.705066731664734547e+01
9.969400597939003239e-01 -1.532844939035209997e+01
1.001125867816581083e+00 -1.614712679479727697e+01
1.005315482813002204e+00 -1.639357009345794225e+01
1.009503724426713545e+00 -1.568858935626307272e+01
1.013699103815393299e+00 -1.534956452782432379e+01
1.017885842421875964e+00 -1.514688391654451749e+01
1.022076284359184406e+00 -1.639157617461921390e+01
1.026273875264014812e+00 -1.539495486616167774e+01
1.030463237552156075e+00 -1.550934379214169745e+01
1.034646639530784062e+00 -1.365349709567898806e+01
1.038830480088573260e+00 -1.484881488048009501e+01
1.043023229532383578e+00 -1.463069792257160806e+01
1.047211320931656031e+00 -1.387146474498733895e+01
1.051395396220772938e+00 -1.368607757455057339e+01
1.055587561333155788e+00 -1.402665305744642055e+01
1.059780855230085139e+00 -1.392529833706435660e+01
1.063968553353427993e+00 -1.404577851893026974e+01
1.068144877931138659e+00 -1.352600871833579710e+01
