# Columns: ('k', 'P')
5.345493089407682419e-03 -5.736076388888888687e+03
9.344366739594166943e-03 -1.998453629032257959e+04
1.312833575873958818e-02 9.415021428571427532e+04
1.700891779646987109e-02 3.442097619047619082e+04
2.135270783943789275e-02 3.362322571428571246e+04
2.564347439342075027e-02 3.990731555555555678e+04
2.962205054058980949e-02 1.281170431893687783e+04
3.361537140302770649e-02 2.269285039370078812e+04
3.793950633336700545e-02 1.896625218914185825e+04
4.227894994616508695e-02 1.678688960000000225e+04
4.633325468672155889e-02 2.024803429355280969e+04
5.038752484052157893e-02 1.700834840132304453e+04
5.464179025701254577e-02 2.095578512396694350e+04
5.886817576171304162e-02 1.827782546036829444e+04
6.290140616743733482e-02 1.466807017543859729e+04
6.703999982739437813e-02 1.298991252246854492e+04
7.134254604642074893e-02 1.704146480386889016e+04
7.561818311969153994e-02 1.635643549160671500e+04
7.973924982214039558e-02 1.343937127122533275e+04
8.385356877962653332e-02 1.537958522050059582e+04
8.809929214337092196e-02 1.616519145957297769e+04
9.230415729057904473e-02 1.388702106318956794e+04
9.643309047658384092e-02 1.399164980308997292e+04
1.005689403076158450e-01 1.654003702664796583e+04
1.047818677762802908e-01 1.296929449838187611e+04
1.090277847809041356e-01 1.349811945154543355e+04
1.132170039508717807e-01 1.260812971542025116e+04
1.174008294871188018e-01 1.150167034731981585e+04
1.215998224695146873e-01 1.281744075829383837e+04
1.257670529567683493e-01 1.329631640833778692e+04
1.299386816717305049e-01 1.324664844393215935e+04
1.340949335765710126e-01 1.319399650959860446e+04
1.382635144665005922e-01 1.281587480075351414e+04
1.424925284902303357e-01 1.219834946455198406e+04
1.466886314558672189e-01 1.301330525207318533e+04
1.508619291163366127e-01 1.170484016044730743e+04
1.550655720814744509e-01 1.203173324006062649e+04
1.592593054631499527e-01 1.247598029125150606e+04
1.634144798183441161e-01 1.279645610666666653e+04
1.675823816150099899e-01 1.227632539290303430e+04
1.718045808093531246e-01 1.256300904428904505e+04
1.760135070798979073e-01 1.247432619979965420e+04
1.801930856696074279e-01 1.255950762935811144e+04
1.843742315857553882e-01 1.237949322019798637e+04
1.885797910080431738e-01 1.263640854081553880e+04
1.927656394953895236e-01 1.269973627383413805e+04
1.969014248243030341e-01 1.259465949247436947e+04
2.010715633173454087e-01 1.276500763778985856e+04
2.052920281681521186e-01 1.242761773399014783e+04
2.095172134954577381e-01 1.302416230861319309e+04
2.136973926115405542e-01 1.291355683720930210e+04
2.178750580088065492e-01 1.302131947445255537e+04
2.220823861956562617e-01 1.311020973656004935e+04
2.262696194198526023e-01 1.217626700334852103e+04
2.304259489101245229e-01 1.241270166127063385e+04
2.345870463846415066e-01 1.303386532295006873e+04
2.388019837064606632e-01 1.255350900400714636e+04
2.430077036534963875e-01 1.244828070175438552e+04
2.471758823520590620e-01 1.277469726373879166e+04
2.513692271335918882e-01 1.297905212025731998e+04
2.555723892733414715e-01 1.297003491015139298e+04
2.597674079539822323e-01 1.278599629278741304e+04
2.639178238801485610e-01 1.291799860855330371e+04
2.680749044740857179e-01 1.286934305776467227e+04
2.723023151079725368e-01 1.255072893325938276e+04
2.765128983200950685e-01 1.320979136134329929e+04
2.807027537381580062e-01 1.284195480583377321e+04
2.848857026249724811e-01 1.268970515987613544e+04
2.890807262117984777e-01 1.252007574308052608e+04
2.932785946948970324e-01 1.277331608012286415e+04
2.974321087309398370e-01 1.294884168131692604e+04
3.016123743882810904e-01 1.275915022059942203e+04
3.058101292111336522e-01 1.259770218636595382e+04
3.100168993294901143e-01 1.313087939395678586e+04
3.142092030053749707e-01 1.301580738582812046e+04
3.183867557675504334e-01 1.285162774585544321e+04
3.225872781332082551e-01 1.287466068615672157e+04
3.267666109043823597e-01 1.257120435276405806e+04
3.309328770241455886e-01 1.294694164178723622e+04
3.351106074107195187e-01 1.311133444958140717e+04
3.393095620710060434e-01 1.271679830740749640e+04
3.435164896197421824e-01 1.268027647461790912e+04
3.477107812306902690e-01 1.295589508469484463e+04
3.518857617074659383e-01 1.248287997821499084e+04
3.560773577310688554e-01 1.275528152242784381e+04
3.602869550449780967e-01 1.243728523266550656e+04
3.644651285618699665e-01 1.269780105421367989e+04
3.686396944457170921e-01 1.258260501264469531e+04
3.728293470315630076e-01 1.240224343464740741e+04
3.770363921861874523e-01 1.270128316600058497e+04
3.812363453093803867e-01 1.273008784812566410e+04
3.854150971210312249e-01 1.265508194008237297e+04
3.896036578152083374e-01 1.257292871225102681e+04
3.937795161075864914e-01 1.273331922041796861e+04
3.979440095093054186e-01 1.279145314364060505e+04
4.021139069446590386e-01 1.245108982655966975e+04
4.063125452039867413e-01 1.239114925146927453e+04
4.105412315868290918e-01 1.262019840062797448e+04
4.147348487769681458e-01 1.247586403472847996e+04
4.189107045044477284e-01 1.242703276369128071e+04
4.230974437456921922e-01 1.236266516888992737e+04
4.272931011032126136e-01 1.227616971769699376e+04
4.314914587673138180e-01 1.250657214220547030e+04
4.356511643511531418e-01 1.230837315327965553e+04
4.398424702607344750e-01 1.241964132120849899e+04
4.440501074980069407e-01 1.240368926127715349e+04
4.482267968899237842e-01 1.235297875955819836e+04
4.524052929840755577e-01 1.218610916547057604e+04
4.566090347930675253e-01 1.256268553601062013e+04
4.608167319022857811e-01 1.225698118672406781e+04
4.649806979855051203e-01 1.258644915839841451e+04
4.691538386770017222e-01 1.201137450749369782e+04
4.733478629909182445e-01 1.217197794071879434e+04
4.775500538217637980e-01 1.223995027482906880e+04
4.817339644282710998e-01 1.234401173376001680e+04
4.859144464692263798e-01 1.218187793935825721e+04
4.901252990058800885e-01 1.201206738117535497e+04
4.943123444065962158e-01 1.197794224067535470e+04
4.984736335014697817e-01 1.221382896061727115e+04
5.026590164608074618e-01 1.185902588530379217e+04
5.068609875937976073e-01 1.190387368649352175e+04
5.110594965365916620e-01 1.195859561423185005e+04
5.152492140965455603e-01 1.199738045729303667e+04
5.194329442812991582e-01 1.183781116477125215e+04
5.236343964239100757e-01 1.188819611205826914e+04
5.278273205415198177e-01 1.179452075486939248e+04
5.319960279023402405e-01 1.195107967334818204e+04
5.361714592099571242e-01 1.180931829373923210e+04
5.403746330902056139e-01 1.176237524802293592e+04
5.445761264886261888e-01 1.194118776420965514e+04
5.487504490749764985e-01 1.198158456978842332e+04
5.529407179677009454e-01 1.182756512846502483e+04
5.571409157079509900e-01 1.188772972436146301e+04
5.613298693710127019e-01 1.174437922532410630e+04
5.655062246218995892e-01 1.171318542504421566e+04
5.696867424029971039e-01 1.181603262334629653e+04
5.738956954203543459e-01 1.174017670655711663e+04
5.780928920821047923e-01 1.166092359835233401e+04
5.822632071880226023e-01 1.175019300963474234e+04
5.864430803127811398e-01 1.162107217463880079e+04
5.906376733072625784e-01 1.175557375973365924e+04
5.948356627105599870e-01 1.159581540780991054e+04
5.990145239901687457e-01 1.157061880841764287e+04
6.031829950841108845e-01 1.155767424352996386e+04
6.073740526175752663e-01 1.143858111361869487e+04
6.115768023320514724e-01 1.144912610057978236e+04
6.157710000000914397e-01 1.140136189894020572e+04
6.199632023912512446e-01 1.143989468260361537e+04
6.241630060990407403e-01 1.145053308112352352e+04
6.283593402461892241e-01 1.147208813650409684e+04
6.325410955997395890e-01 1.141998611354630521e+04
6.367142920629192959e-01 1.141794829691671839e+04
6.409035099394975177e-01 1.147440798168938454e+04
6.451032402190634008e-01 1.136668275581139096e+04
6.492879941711476866e-01 1.129292095560044982e+04
6.534659541563927476e-01 1.137522254117924058e+04
6.576591076962554627e-01 1.125280760889849807e+04
6.618529307405217610e-01 1.138810213298752387e+04
6.660240791386257131e-01 1.133960296918803033e+04
6.702067828716186115e-01 1.124983577577913093e+04
6.744172070879622671e-01 1.127396068930673755e+04
6.786118453466847278e-01 1.120738403000091603e+04
6.827984616056306244e-01 1.106391224103888635e+04
6.869817177358829019e-01 1.129486523201476302e+04
6.911718524128840357e-01 1.103749313213162714e+04
6.953555746427921846e-01 1.093500546378135550e+04
6.995344561305086861e-01 1.097110520116757471e+04
7.037287066792784485e-01 1.091654842040523727e+04
7.079143033440539190e-01 1.111493047305098662e+04
7.121186686741065586e-01 1.091699785317462374e+04
7.163134555705721329e-01 1.097704290205297730e+04
7.204913713645887396e-01 1.112038533778947567e+04
7.246803275165087932e-01 1.102995417914496829e+04
7.288763115175647123e-01 1.077862890336761120e+04
7.330585840505703388e-01 1.092871615272197596e+04
7.372316440474646626e-01 1.095438098025022191e+04
7.414228560306842519e-01 1.092337196531351401e+04
7.456189213758863676e-01 1.092203007074586094e+04
7.498104337627916616e-01 1.079574038217700763e+04
7.539974189770904944e-01 1.081784047065531013e+04
7.581896411468850294e-01 1.075937537362962212e+04
7.623808615479977790e-01 1.079731185084243043e+04
7.665651159623174671e-01 1.089352202135893822e+04
7.707536355579491794e-01 1.086343539332451837e+04
7.749462413082437440e-01 1.061436239904624381e+04
7.791369682448587852e-01 1.072243266065352509e+04
7.833258353347896108e-01 1.048459889787356042e+04
7.875159900600451346e-01 1.059074932207277016e+04
7.917084457625156446e-01 1.061761810607916777e+04
7.958821468706197555e-01 1.049550801787767159e+04
8.000624692379799674e-01 1.050556920840641033e+04
8.042564613727184453e-01 1.056931532737645466e+04
8.084384822996342201e-01 1.054739796272270542e+04
8.126333810499198895e-01 1.054874504040527427e+04
8.168271958201180905e-01 1.043591977970854168e+04
8.210214995694952167e-01 1.044867377803453928e+04
8.252154145000215602e-01 1.049485932527052864e+04
8.294030907808404018e-01 1.035025591002890724e+04
8.335906150371191758e-01 1.036962733064421809e+04
8.377685032221774408e-01 1.031734363426894924e+04
8.419567297582307708e-01 1.032048444044187454e+04
8.461556544987137718e-01 1.029600276912426489e+04
8.503430790983292908e-01 1.028919845473672831e+04
8.545245840949285965e-01 1.029717409424380276e+04
8.587196449246210506e-01 1.012622222222222263e+04
8.629074348139629258e-01 1.024307851830609616e+04
8.670852844200982457e-01 1.007235377209683793e+04
8.712764316473343706e-01 1.020283805708194814e+04
8.754762476624626810e-01 1.015182101446908564e+04
8.796707865602606535e-01 1.002713878790285708e+04
8.838562222970675064e-01 1.009598217260614547e+04
8.880381764417510926e-01 1.012601151367647617e+04
8.922270316229049536e-01 1.007109117361444623e+04
8.964225585562245469e-01 1.001898394138310141e+04
9.006049913569987853e-01 9.902991522463224101e+03
9.047836582182254839e-01 1.004199390096061506e+04
9.089780964569278421e-01 1.001094079529511509e+04
9.131704587403689510e-01 9.908222279714405886e+03
9.173547920329833127e-01 9.940379170105501544e+03
9.215425617950214754e-01 9.916781360000790301e+03
9.257400405750663142e-01 9.925879399037292387e+03
9.299303352268617484e-01 9.864649439506596536e+03
9.341108300097852313e-01 9.752124594635261019e+03
9.382896253999645220e-01 9.742176434810575302e+03
9.424819561228944265e-01 9.736276429833753355e+03
9.466849863120379016e-01 9.709029958597349832e+03
9.508714331057195324e-01 9.768167461848310268e+03
9.550563230073290111e-01 9.717828790035042402e+03
9.592513211539739348e-01 9.598422728249584907e+03
9.634451052878124644e-01 9.612059977792690916e+03
9.676230540453005791e-01 9.453751718143535982e+03
9.718094297475188270e-01 9.469698754406996159e+03
9.760091362076940280e-01 9.482805124194033851e+03
9.802075838006468755e-01 9.428797930669321431e+03
9.843901124947946890e-01 9.412742455003035502e+03
9.885650797815361823e-01 9.330297129387323366e+03
9.927561705083151056e-01 9.370059569595641733e+03
9.969400597939003239e-01 9.263333620624096511e+03
1.001125867816581083e+00 9.233500190499498785e+03
1.005315482813002204e+00 9.164844660436136110e+03
1.009503724426713545e+00 9.222083022788479866e+03
1.013699103815393299e+00 9.175280801475200860e+03
1.017885842421875964e+00 9.069551986913178553e+03
1.022076284359184406e+00 9.104238243143443469e+03
1.026273875264014812e+00 9.009942766000853226e+03
1.030463237552156075e+00 8.895907300749448041e+03
1.034646639530784062e+00 8.906998295887357017e+03
1.038830480088573260e+00 8.726438531697520375e+03
1.043023229532383578e+00 8.717045685982295254e+03
1.047211320931656031e+00 8.580840183905935191e+03
1.051395396220772938e+00 8.548812644848876516e+03
1.055587561333155788e+00 8.481180880046231323e+03
1.059780855230085139e+00 8.343971953955589925e+03
1.063968553353427993e+00 8.300324160335989291e+03
1.068144877931138659e+00 8.169481536846401468e+03
