# Columns: ('k', 'S1', 'S2', 'S3', 'S4', 'S5', 'S6', 'S7', 'S8', 'S9', 'S10', 'S11', 'S12', 'S13', 'S14')
5.345493089407682419e-03 6.768206278483072325e+00 4.548727756076388573e+02 -3.122218153211805358e+01 1.256977589925130090e+01 1.449553595648871429e+01 1.223996582031250000e+02 -1.391095055474175268e+01 6.535886128743489287e+00 4.984393225775824554e+00 9.742742919921875000e+01 -6.734547509087455808e+00 1.707503848605685715e+00 4.354946613311767578e-01 2.775473064846462612e-01
9.344366739594166943e-03 -7.907006048387096975e+00 2.733564768145160997e+02 -8.717974262852822065e+00 6.177396220545614547e+00 -4.800220612556703514e+00 1.120469222530241922e+02 1.014877024004536210e+01 9.603858209425402137e+00 1.724939407840851757e+00 7.934880607358870463e+01 1.082052120085685409e+01 6.027482063539566504e+00 1.453499332551033252e+00 1.854328401627079126e+00
1.312833575873958818e-02 7.723273078762754551e+01 7.199442761479591582e+02 -1.240905213647959044e+02 1.971192402742346772e+01 3.511611377949616752e+01 1.915264070471938567e+02 -2.383264160156249645e+01 9.159572056361605874e+00 6.382554657605228776e+00 9.180266462053570820e+01 -5.694337805923150420e+00 2.784455902722416720e+00 4.078963921994578912e-01 6.855134769361845848e-01
1.700891779646987109e-02 -2.848580496651786031e+00 3.575973586309523853e+02 -3.673221493675595895e+01 3.657756115141369335e+00 -7.162945265997024080e+00 1.207262834821428612e+02 -1.458759068080357224e+01 -9.758035714285714590e+00 -9.893064081101190510e+00 6.915935639880953545e+01 -6.177876790364583925e+00 -8.910245768229167140e+00 -1.940883236839658021e+00 -1.481899007161458393e+00
2.135270783943789275e-02 -3.002187500000000142e+01 3.891195535714285825e+02 -5.211906808035714533e+01 -1.639229352678571416e+01 -3.887428850446428896e+01 1.404559821428571524e+02 -1.979042689732142790e+01 -3.500062499999999943e+01 -2.125869698660714135e+01 8.279664620535714903e+01 -1.386383091517857125e+01 -2.184227399553571303e+01 -5.065997488839285801e+00 -4.787993164062499751e+00
2.564347439342075027e-02 -7.506980794270833535e+00 4.260781597222222103e+02 -6.469160590277778056e+01 1.998586154513888991e+00 -3.067101236979166590e+00 1.362102256944444321e+02 -2.314059027777777899e+01 -1.038090060763888900e+01 -8.563737521701389355e+00 7.256144097222222911e+01 -1.188658528645833279e+01 -1.186882921006944436e+01 -2.991365559895833304e+00 -3.240771484375000178e+00
2.962205054058980949e-02 -6.592504963922342753e+00 4.355986295681063325e+02 -1.073928376764950201e+02 1.234215375830564732e+01 -2.666797523878737763e+01 1.308588169642857224e+02 -2.806632514015780799e+01 -1.115870276162790775e+00 -1.173041359530730965e+01 6.130519362541528494e+01 -9.540104761472175454e+00 -7.381719950425664756e+00 -2.341774367018791381e+00 -2.255782320649916795e+00
3.361537140302770649e-02 1.348712142183399010e+01 3.983332103018372550e+02 -1.272339136318897630e+02 1.975714351624015563e+01 1.237956498113516979e+01 1.566364829396325433e+02 -5.600925812007874072e+01 -6.151592745242782101e+00 -9.125819569184711710e+00 7.768601336942256808e+01 -2.183225168143044570e+01 -2.282625389599737531e+01 -5.021920752337598159e+00 -7.015800576197506189e+00
3.793950633336700545e-02 3.297578945928196248e+01 3.679890269264448079e+02 -1.381686460157618228e+02 2.343579999452714446e+01 2.031225714207530686e+01 1.237052320490367805e+02 -4.806943342272329289e+01 6.276874281687828017e+00 6.603306972416812526e-01 5.682223484019264248e+01 -1.853712134686952595e+01 -7.793574184544658223e+00 -1.198590440633209298e+00 -2.387837692234019205e+00
4.227894994616508695e-02 4.034142812500000019e+01 3.034809750000000008e+02 -1.294507749999999930e+02 3.396351250000000022e+01 3.709726249999999936e+01 1.044599812499999985e+02 -4.465285624999999925e+01 2.620921093749999997e+01 1.287412656250000076e+01 4.766913437500000583e+01 -1.682727656249999981e+01 3.940165234375000214e+00 1.329499316406250076e+00 -1.361101562500000028e-01
4.633325468672155889e-02 4.536289008916323695e+01 2.645776320301782789e+02 -1.241781442901234414e+02 3.510216799554183353e+01 3.267162047753772214e+01 7.922171317729765860e+01 -3.977730356224279262e+01 2.233110559199245415e+01 7.569577064043209624e+00 2.828944294410150562e+01 -1.237387608239025916e+01 1.557361827792780984e+00 5.865547588332690188e-01 -2.565060001995991823e-01
5.038752484052157893e-02 3.889037520672546577e+01 2.285715959206174261e+02 -1.175535332828004442e+02 1.714607092406284394e+01 1.351884754858048510e+01 7.218246537348402114e+01 -3.585139884233737462e+01 -4.495444502825247934e-02 -4.177008144122106081e+00 2.621232428335170894e+01 -9.820334033902977211e+00 -8.276512541345093510e+00 -1.468424703478156124e+00 -1.819965265814498467e+00
5.464179025701254577e-02 7.615705348943984632e+01 2.407033832644628149e+02 -1.379586776859504198e+02 3.921289600550964138e+01 6.610936782598714956e+01 8.037032971763085243e+01 -4.625996470385674542e+01 3.640211059458218301e+01 2.257431739267676818e+01 2.881215385387970684e+01 -1.303095048496326847e+01 1.244717594983930198e+01 3.697002428403351804e+00 2.768355832831152608e+00
5.886817576171304162e-02 6.796560373298638069e+01 2.060638385708566602e+02 -1.208122873298638780e+02 3.212616655824659517e+01 5.062687650120095384e+01 6.854805094075260286e+01 -4.122343499799839606e+01 2.185346558496797442e+01 1.149395453863090388e+01 2.262370208666933280e+01 -1.112571619795836675e+01 5.147880022768214214e-01 5.332670433221576856e-01 -8.578822042008605875e-01
6.290140616743733482e-02 1.056021524599542403e+02 1.908322725972540184e+02 -1.226768926392067129e+02 4.789370590198322475e+01 9.415186999427918124e+01 6.411165141113653476e+01 -4.199625762776506832e+01 5.566880005720823732e+01 3.470993933543097398e+01 2.143354309687261861e+01 -1.201426779414569168e+01 2.230957105739893365e+01 4.932304329948513200e+00 3.634027802607742164e+00
6.703999982739437813e-02 7.728461091971240648e+01 1.747609346914319985e+02 -1.095093525314559599e+02 3.378129680946674540e+01 7.231399790293589547e+01 5.780764117735171226e+01 -3.556978589349910180e+01 3.744650614140203970e+01 2.845354394472738235e+01 2.043201393049730541e+01 -1.061575747079089282e+01 1.669384736369083200e+01 5.119480578752247268e+00 3.802959352999550902e+00
7.134254604642074893e-02 7.257942638366469623e+01 1.432047958087050006e+02 -9.455321399785061942e+01 3.177339132186996551e+01 6.108932109752821304e+01 4.631947289763568421e+01 -3.069781031703385565e+01 3.069626754768941623e+01 2.043200900053734870e+01 1.466009327982267685e+01 -8.230930006548899058e+00 9.360197810317034239e+00 2.815349138148173225e+00 1.340549409549637305e+00
7.561818311969153994e-02 6.917315647482014640e+01 1.287373201438848866e+02 -8.406153327338130055e+01 2.921411121103117736e+01 5.561122227218225333e+01 4.194818645083933006e+01 -2.792870578537170445e+01 3.080584345023980930e+01 1.990478117505995215e+01 1.388079380245803307e+01 -8.037125299760191410e+00 1.054952600419664321e+01 2.963444010416666607e+00 1.562466745353717101e+00
7.973924982214039558e-02 7.701393988067921725e+01 1.162884852569986265e+02 -7.903619062643414850e+01 3.615375458926112628e+01 7.744817720284534346e+01 3.823664453304267852e+01 -2.502170577099586879e+01 4.442587626204681328e+01 3.234170634465350957e+01 1.240455233191831219e+01 -6.518951766148462390e+00 1.987072983593391484e+01 5.423891765144562171e+00 3.837721216727856710e+00
8.385356877962653332e-02 8.436300034763607414e+01 1.107921012117600270e+02 -7.650294869884783111e+01 3.369435339690107156e+01 7.404130661501787358e+01 3.535651321017083859e+01 -2.421287432955899988e+01 3.954892977751291028e+01 2.848782963349225383e+01 1.112938812946960709e+01 -6.651920844507349884e+00 1.715786092073897606e+01 4.494805634187525101e+00 3.128177417001887228e+00
8.809929214337092196e-02 8.299129878368918867e+01 9.777698416170808571e+01 -6.699179646482323847e+01 3.577339648232411662e+01 7.730981470948547951e+01 3.191712241862093080e+01 -2.187266335973048470e+01 4.297270957297865124e+01 3.030524534039201967e+01 9.691813692247112755e+00 -5.732093391778963820e+00 1.904886162276863715e+01 4.947547279707735335e+00 3.607689173521175796e+00
9.230415729057904473e-02 7.748644893012370005e+01 8.013781970912738473e+01 -5.352815738883316499e+01 2.913192703109328008e+01 6.979405403711133715e+01 2.657053974423269693e+01 -1.791521700518221394e+01 3.780096800819124070e+01 2.902613308676027870e+01 8.628695983784686163e+00 -4.817481415600969541e+00 1.865164503928452078e+01 5.209719980253259664e+00 3.932174779546973920e+00
9.643309047658384092e-02 6.968123295970917752e+01 7.135851351863071557e+01 -4.846083099818236661e+01 2.504217945319600247e+01 6.064998769312329330e+01 2.301672315207513009e+01 -1.582629080202968730e+01 3.186334870115116757e+01 2.417740362768858020e+01 7.226886147190245246e+00 -4.265715526544986425e+00 1.491969762950621003e+01 4.003361315699788037e+00 2.887773413832929403e+00
1.005689403076158450e-01 6.549868513323983166e+01 6.280152524544180181e+01 -4.222352296633941648e+01 2.656322536816269420e+01 6.320630697755961336e+01 2.106051235974754832e+01 -1.409396366584852878e+01 3.562413218793829373e+01 2.709616716339411013e+01 6.865485843267882693e+00 -3.859673036465638418e+00 1.796269284712482417e+01 4.796846511220196341e+00 3.653824892619214726e+00
1.047818677762802908e-01 5.662860576923076650e+01 5.365292818023400656e+01 -3.673858756534727377e+01 1.953661003236246074e+01 4.761222227408514129e+01 1.711183330221558307e+01 -1.185799026014438695e+01 2.454627598332088567e+01 1.845019020724421210e+01 5.322625910194174637e+00 -3.170932715646004318e+00 1.183822173730395733e+01 3.168202619336569548e+00 2.419543599856858407e+00
1.090277847809041356e-01 5.582134920404369183e+01 4.853293850220776307e+01 -3.206966433302347497e+01 2.179091440564722149e+01 5.233512229839647034e+01 1.600955728561468661e+01 -1.063479512839879071e+01 3.050738220427608738e+01 2.319350961538461675e+01 5.362212773065302862e+00 -3.003330252875900719e+00 1.584638987334417770e+01 4.187660680048803208e+00 3.225956318629444652e+00
1.132170039508717807e-01 4.685588324509154745e+01 3.984459794837855640e+01 -2.634378446944628038e+01 1.839774638760203018e+01 4.544377688616810218e+01 1.319478167052724338e+01 -8.589147467185087592e+00 2.547445469335980661e+01 1.958428641352305277e+01 4.377523163467901490e+00 -2.429747390662916118e+00 1.320531208636664466e+01 3.450398035930950513e+00 2.655646784690050666e+00
1.174008294871188018e-01 4.638604195944589748e+01 3.828378149467978631e+01 -2.532936251505721614e+01 1.735469785183698122e+01 4.238462407147159183e+01 1.242722737025697732e+01 -8.330542781319012491e+00 2.425819990965669604e+01 1.841254579903633726e+01 4.091624344383657963e+00 -2.313068174688817535e+00 1.296418891788797367e+01 3.431578278709094487e+00 2.775712355387974561e+00
1.215998224695146873e-01 4.065770142180094382e+01 3.146110781990521232e+01 -2.000742742890995274e+01 1.541280805687203781e+01 3.889029620853080615e+01 1.055902473341232195e+01 -6.736405509478673004e+00 2.247797837677725141e+01 1.768133886255924025e+01 3.627268957345971323e+00 -1.919243372334123121e+00 1.226150696090047276e+01 3.297892846563980740e+00 2.588174985189573452e+00
1.257670529567683493e-01 3.568863297256369549e+01 2.700429527436308774e+01 -1.700111487840726809e+01 1.314142392659896608e+01 3.325590426242651176e+01 8.823018272314270050e+00 -5.588546538170318989e+00 1.833762164840548792e+01 1.441455521779796989e+01 2.887469135544717513e+00 -1.537741104634331002e+00 9.508930162123641949e+00 2.539698231226616976e+00 1.897440233609478000e+00
1.299386816717305049e-01 3.201136433805368142e+01 2.353210933640704994e+01 -1.475304627037708016e+01 1.199380711756957041e+01 3.078971986662275739e+01 7.800034476370822034e+00 -4.898212374444261386e+00 1.803519805903178153e+01 1.439139171332125855e+01 2.790913032068170541e+00 -1.457227109233492524e+00 1.025831871089247471e+01 2.779718503005104591e+00 2.236153974302239611e+00
1.340949335765710126e-01 2.803638892194193488e+01 2.036880007536094084e+01 -1.248409487545613317e+01 1.075735512851023401e+01 2.728329515706806419e+01 6.814516648818023548e+00 -4.145414076134381176e+00 1.608286356695224484e+01 1.278425452165635434e+01 2.445404532068062853e+00 -1.228302200465056337e+00 9.189034487545614027e+00 2.504456738110820258e+00 2.039353160201491377e+00
1.382635144665005922e-01 2.483874619620344859e+01 1.758589900920156524e+01 -1.044306758078539410e+01 8.476169667439501509e+00 2.206382680046370126e+01 5.497683759600057840e+00 -3.316916536099840940e+00 1.203668173090856364e+01 9.600113434647152388e+00 1.854765868397695971e+00 -9.424197466852630711e-01 6.478946099297203887e+00 1.748421311223011143e+00 1.351202497826402116e+00
1.424925284902303357e-01 2.104863299783109554e+01 1.449934339840043229e+01 -8.602155029991866542e+00 7.347416908126609414e+00 1.889942134336450863e+01 4.624922690456824803e+00 -2.804624222668428590e+00 1.051383099498440998e+01 8.291833994171071254e+00 1.560654631794767377e+00 -7.878856475362613354e-01 5.691359122949708471e+00 1.521165075996339766e+00 1.194014917564728107e+00
1.466886314558672189e-01 1.892978930827958095e+01 1.267824675858891581e+01 -7.256868973772541587e+00 7.102021151441357816e+00 1.840324922666842156e+01 4.295992147393707938e+00 -2.454412771900091883e+00 1.069873284684743808e+01 8.611058950078977148e+00 1.588345162975516534e+00 -7.432000553261155495e-01 6.046966524614979299e+00 1.652820654946031143e+00 1.296746582738251830e+00
1.508619291163366127e-01 1.571554599185608403e+01 1.050396560106964827e+01 -6.176567058162149237e+00 5.714300094202017455e+00 1.474440295672784806e+01 3.459030906238604874e+00 -2.067686096465905177e+00 8.339809088975325579e+00 6.630989709948948985e+00 1.201447501367448600e+00 -5.944256525768809585e-01 4.580258314847453605e+00 1.233325435684332172e+00 9.694166905653640587e-01
1.550655720814744509e-01 1.409858578902879778e+01 9.101252805468112328e+00 -5.070198186283082720e+00 5.294165172845983314e+00 1.393156752798181053e+01 3.079518397676926700e+00 -1.690877947563250494e+00 8.464937113792700529e+00 6.949090773289028355e+00 1.229220977068030685e+00 -5.435591052014107083e-01 5.104911299842601835e+00 1.416781891249854208e+00 1.151736316056021892e+00
1.592593054631499527e-01 1.201864375752764680e+01 7.648920809153619160e+00 -4.242458666374685272e+00 4.377950324373152569e+00 1.150075704177159786e+01 2.525801437780575753e+00 -1.414547947689696716e+00 6.697752141957735716e+00 5.451190052556662557e+00 9.401791579984670744e-01 -4.309493966762016903e-01 3.924292401182524870e+00 1.076755374568871160e+00 8.790756220573743285e-01
1.634144798183441161e-01 9.647486666666667432e+00 6.066707499999999698e+00 -3.303286874999999956e+00 3.464158958333333427e+00 9.201764166666666966e+00 1.993751250000000086e+00 -1.091502500000000042e+00 5.369023750000000206e+00 4.398380000000000400e+00 7.518527604166667100e-01 -3.337597656249999822e-01 3.151356874999999835e+00 8.668417187500000454e-01 6.969171874999999794e-01
1.675823816150099899e-01 8.310794949095582140e+00 5.123808858233665831e+00 -2.686003833275674602e+00 3.054422630226351743e+00 8.125533600622713237e+00 1.724202610704754335e+00 -8.963023252940595098e-01 4.864570463081941298e+00 4.028306316101611273e+00 6.952023628237125052e-01 -2.943665799597830479e-01 2.940722839651082055e+00 8.200630745280220735e-01 6.631898004287337667e-01
1.718045808093531246e-01 6.922810314685314381e+00 4.256573062354312320e+00 -2.228821569055944085e+00 2.523608136655011602e+00 6.735560168997668740e+00 1.426150112907925482e+00 -7.438734702797202836e-01 3.946519886363636154e+00 3.260734265734265946e+00 5.588663224796037721e-01 -2.394382375437063004e-01 2.333012820512820440e+00 6.473205765588577743e-01 5.167406942016317117e-01
1.760135070798979073e-01 6.054882438985520920e+00 3.684727455377470040e+00 -1.889024223659047541e+00 2.220789389058373420e+00 5.910410595574173698e+00 1.239523986032692759e+00 -6.388130545800700943e-01 3.474038965030507242e+00 2.864493571282214823e+00 4.907895775942537342e-01 -2.101602786204580797e-01 2.053253204398506337e+00 5.682835159878426579e-01 4.545434212361123549e-01
1.801930856696074279e-01 4.746333499381979237e+00 2.851009078509930905e+00 -1.433669004667121438e+00 1.796106803021907838e+00 4.769164633236723461e+00 9.794165998476259682e-01 -4.913614052110860109e-01 2.880663746164009886e+00 2.393540618873071679e+00 4.047424925144915142e-01 -1.683277081024635580e-01 1.734641887680078431e+00 4.843701717138351737e-01 3.868993944996164114e-01
1.843742315857553882e-01 4.012943494717577941e+00 2.386802912611263761e+00 -1.178245037330504896e+00 1.457770841132185469e+00 3.936270056047749932e+00 7.976097168496797396e-01 -3.856638740277431032e-01 2.287995194607353788e+00 1.923152062016471264e+00 3.211367817907204159e-01 -1.264286318928853625e-01 1.363256228683137783e+00 3.836185438503452172e-01 3.029262592546377308e-01
1.885797910080431738e-01 3.243295871714329870e+00 1.918441336092268523e+00 -9.284484482193786636e-01 1.178972824568334188e+00 3.186982398539273564e+00 6.449209566262622539e-01 -3.107922012304401571e-01 1.889225308091805999e+00 1.586375910544977952e+00 2.643403682769019936e-01 -1.040589333977298969e-01 1.153474855228166174e+00 3.246671723242503527e-01 2.629287450377707502e-01
1.927656394953895236e-01 2.597996951336243310e+00 1.525605844149628743e+00 -7.263108625995482459e-01 9.290923195928096900e-01 2.521272446205681916e+00 5.063376356224634778e-01 -2.394806966818860683e-01 1.493681470872578521e+00 1.259671102065625270e+00 2.082330522771651815e-01 -8.007315207663298628e-02 9.181875586281492696e-01 2.595538083768856863e-01 2.104433110666016071e-01
1.969014248243030341e-01 2.026513249381952875e+00 1.183354455618774059e+00 -5.490428153743728279e-01 7.325959847396931179e-01 1.988925427633970733e+00 3.978663888106231394e-01 -1.846818293622300433e-01 1.197812806751254122e+00 1.018515420499163771e+00 1.698524654279975343e-01 -6.323693971031320304e-02 7.449127576710535825e-01 2.128957020172871362e-01 1.713927188613393326e-01
2.010715633173454087e-01 1.788415400510906306e+00 1.033680352473680619e+00 -4.723187234440583970e-01 6.567340142907520661e-01 1.784003431844767285e+00 3.516507286219294204e-01 -1.586103508233417114e-01 1.062348942923002859e+00 9.013239131416431738e-01 1.493978346156162040e-01 -5.559244814065403273e-02 6.481952576678937650e-01 1.839449509843975872e-01 1.457733719165003883e-01
2.052920281681521186e-01 1.361916307471264354e+00 7.890501847290640747e-01 -3.554679482245484134e-01 5.003603499589490688e-01 1.364167692939244558e+00 2.698661355706075682e-01 -1.193592210591132990e-01 7.993537689860427120e-01 6.808237120279145849e-01 1.130999204638752087e-01 -4.034801865250410569e-02 4.847096610734811239e-01 1.384821107861247957e-01 1.093093666615353038e-01
2.095172134954577381e-01 1.143342097024447002e+00 6.576691567954130457e-01 -2.882078309101505642e-01 4.087083888755434491e-01 1.120792369927855692e+00 2.201922310149013740e-01 -9.549834130204067073e-02 6.632681315370801967e-01 5.688226437960746118e-01 9.405492581053886969e-02 -3.291286285594598876e-02 4.110172568088021894e-01 1.181416189758442981e-01 9.445514814756474087e-02
2.136973926115405542e-01 8.957693798449612999e-01 5.088644016472868570e-01 -2.167320433624030929e-01 3.149780765503876201e-01 8.642507267441860153e-01 1.678152555717054295e-01 -7.165815770348837876e-02 5.159227228682170541e-01 4.421753875968992276e-01 7.300729772286822239e-02 -2.561620336724806241e-02 3.231612463662790757e-01 9.276788093507752631e-02 7.480869216327519500e-02
2.178750580088065492e-01 7.156889256386861353e-01 4.034528683850365227e-01 -1.663213674726277402e-01 2.419122947080292185e-01 6.658487682481751824e-01 1.288442774863138851e-01 -5.394152386519161096e-02 3.801633781934306566e-01 3.263035469890511187e-01 5.356072507983576647e-02 -1.845479656135948915e-02 2.291795877052919816e-01 6.575898152372262884e-02 5.133421604128649701e-02
2.220823861956562617e-01 5.626622370712754950e-01 3.157766379498787024e-01 -1.301623064834010191e-01 1.958682239442305628e-01 5.384845614211372089e-01 1.029706089779185707e-01 -4.258849825654369148e-02 3.177942996999633118e-01 2.737610651742398704e-01 4.465399790705915084e-02 -1.518537782066639238e-02 1.984567591103965634e-01 5.727061922997934290e-02 4.603787461613993021e-02
2.262696194198526023e-01 4.551080378218148037e-01 2.554621991992369612e-01 -1.036861830317320349e-01 1.608064384186131124e-01 4.420877852332299462e-01 8.458450098765919745e-02 -3.451755027605567933e-02 2.606171754919854866e-01 2.248231337401191132e-01 3.692770687450252359e-02 -1.258486657541290493e-02 1.612882197946972629e-01 4.651526883371301380e-02 3.678262566816023482e-02
2.304259489101245229e-01 3.658987287945836275e-01 2.038290439773963736e-01 -7.966851790767143227e-02 1.337019332837959817e-01 3.684865079812642552e-01 6.964644871473781029e-02 -2.701052512897819322e-02 2.248277941059391716e-01 1.958620204938697484e-01 3.222491360161184454e-02 -1.023084110948198171e-02 1.447233515214492450e-01 4.225427487759407519e-02 3.426115409462741207e-02
2.345870463846415066e-01 2.774159471309233238e-01 1.534858812732223798e-01 -5.816824048956265730e-02 9.758342533807642938e-02 2.711278876864152143e-01 5.121005249489425648e-02 -1.941255188997922584e-02 1.611015229344811006e-01 1.407117856733852423e-01 2.306958820496211177e-02 -7.207366730558020969e-03 1.021715405818954536e-01 2.984717619499796526e-02 2.384559552517957759e-02
2.388019837064606632e-01 2.181663397156978768e-01 1.211724035214901407e-01 -4.623031339957092700e-02 7.864907196152477742e-02 2.172368066703278255e-01 4.095057053446959916e-02 -1.568151343330954559e-02 1.303152948933037347e-01 1.133932013183145959e-01 1.853297026437201317e-02 -5.956985797033981060e-03 8.293294255117560076e-02 2.414855382423251873e-02 1.946383964167657660e-02
2.430077036534963875e-01 1.696210781495150477e-01 9.377100377791744434e-02 -3.462927513646710254e-02 6.069417422175866356e-02 1.687866147096229730e-01 3.169135791635465521e-02 -1.156345683554748857e-02 9.956921303725098371e-02 8.743580818312295111e-02 1.432542098558663678e-02 -4.275335971068900537e-03 6.258789201790043721e-02 1.839141054941936457e-02 1.451080007412087515e-02
2.471758823520590620e-01 1.298297965408714560e-01 7.180498570073580444e-02 -2.615128949363359351e-02 4.612110003736491493e-02 1.287894621967693720e-01 2.415059664847522478e-02 -8.722690802438419488e-03 7.592331076468729345e-02 6.672615337218326670e-02 1.095395380942458009e-02 -3.317962457021369788e-03 4.796302849793056267e-02 1.407805280757789233e-02 1.115213632309510795e-02
2.513692271335918882e-01 1.009312451451796488e-01 5.550690585375093328e-02 -1.977420469837206513e-02 3.450547543392521593e-02 9.640749062882915388e-02 1.809055080800279700e-02 -6.469994330843357663e-03 5.669735716571485534e-02 4.989794834266006451e-02 8.218937622139758925e-03 -2.441107431212836791e-03 3.587338570812683564e-02 1.055864198302488254e-02 8.354853093819746002e-03
2.555723892733414715e-01 7.309923377726015858e-02 4.043666399347847079e-02 -1.473870236299896705e-02 2.585808304512935904e-02 7.228133598373773228e-02 1.356981773751112473e-02 -4.892507527660545398e-03 4.212751869947356509e-02 3.701968470563322955e-02 6.078193377593668970e-03 -1.843646934951983238e-03 2.628345230193501747e-02 7.703197152208555824e-03 6.044105359312344772e-03
2.597674079539822323e-01 5.863479543234079855e-02 3.210685545507321881e-02 -1.110883086518361061e-02 2.138492166099857997e-02 5.968732944247642086e-02 1.104760840740786135e-02 -3.742824076290219432e-03 3.595940397064351091e-02 3.189180564825375153e-02 5.240777142138134878e-03 -1.489874744757045720e-03 2.310931755751328628e-02 6.853381683039116122e-03 5.414892137652150238e-03
2.639178238801485610e-01 4.473325675900347714e-02 2.441532142034990790e-02 -8.163055613505856151e-03 1.604207106985049494e-02 4.492180505998055740e-02 8.322264076328141080e-03 -2.748396724968666868e-03 2.631503222836095723e-02 2.333771057940709978e-02 3.820378018811067429e-03 -1.067608559524351819e-03 1.653655325193114159e-02 4.893771226795899654e-03 3.815136264139873390e-03
2.680749044740857179e-01 3.385332451395017817e-02 1.845986836542145085e-02 -6.114214003194768862e-03 1.144148956865919699e-02 3.202466842261269403e-02 5.935258129484072449e-03 -1.984920606040813714e-03 1.873978548471323669e-02 1.658944165720045716e-02 2.720524231873375307e-03 -7.639805515950962456e-04 1.200650221771407122e-02 3.562280536738480184e-03 2.851524461058883592e-03
2.723023151079725368e-01 2.528666550757418044e-02 1.385174083233673033e-02 -4.683323791582894371e-03 8.979944901581854433e-03 2.507337082510052717e-02 4.645182178826666453e-03 -1.573381443344570472e-03 1.537571612777893261e-02 1.365092738231419786e-02 2.240153429225668399e-03 -6.372622100102259910e-04 1.007958763208599041e-02 2.994300248464653886e-03 2.407431818460840575e-03
2.765128983200950685e-01 2.005037359080416581e-02 1.088139157225519529e-02 -3.427162118436889726e-03 7.131596273880237528e-03 2.008424105663364836e-02 3.684059792310827568e-03 -1.142800396398358821e-03 1.216722366125676594e-02 1.091286995346215857e-02 1.792590396983785627e-03 -4.638013500139596154e-04 8.005683225520813379e-03 2.402336962572380018e-03 1.923496305194102645e-03
2.807027537381580062e-01 1.475416956666776580e-02 7.980718295952491173e-03 -2.480517655343964217e-03 5.052924269302682021e-03 1.424840680117180590e-02 2.616418474191019913e-03 -8.043232543923862967e-04 8.555110488325865306e-03 7.670453570467624348e-03 1.269816799294527484e-03 -3.309896050511670039e-04 5.594061900266044871e-03 1.677461341612579036e-03 1.335181043722407160e-03
2.848857026249724811e-01 1.110561436283858359e-02 6.011518521728813347e-03 -1.852213044384070761e-03 4.005677938701870597e-03 1.128614387234808288e-02 2.062200044093286892e-03 -6.203726916517072641e-04 6.855318248572651180e-03 6.170846803639345839e-03 1.014163567856364362e-03 -2.529035053058729509e-04 4.536105481423804812e-03 1.367537048962066439e-03 1.099195905403845290e-03
2.890807262117984777e-01 8.117554971387068788e-03 4.382304788497045495e-03 -1.333047236785269525e-03 2.900365939518007898e-03 8.187161587411959443e-03 1.489174982237728446e-03 -4.388502271543555616e-04 4.917472346300215055e-03 4.436507643623919042e-03 7.273303684955324724e-04 -1.787381922050770042e-04 3.227551515983370124e-03 9.748504606455910947e-04 7.763847728856727512e-04
2.932785946948970324e-01 5.787708601702141152e-03 3.132736644327915355e-03 -9.422327799566922093e-04 2.189319866005783911e-03 6.148275337908559561e-03 1.120838656034539279e-03 -3.290197270658910020e-04 3.752124413545547110e-03 3.382889440635160772e-03 5.584808789378416499e-04 -1.386163421921047189e-04 2.460071504012831776e-03 7.416962276224770955e-04 5.874216207915559365e-04
2.974321087309398370e-01 4.523740539502008225e-03 2.451011458962836821e-03 -7.301448842140553352e-04 1.578232623602190661e-03 4.457546610296468474e-03 8.168371565448260922e-04 -2.413792524052748570e-04 2.667594325605321913e-03 2.400974970533003086e-03 3.954205323241094939e-04 -9.860567949784913681e-05 1.762494755873421880e-03 5.306618842755489234e-04 4.274414925790926702e-04
3.016123743882810904e-01 3.487502445863404320e-03 1.874479441524513207e-03 -5.274669485296739485e-04 1.181191845279695469e-03 3.353236012855621406e-03 6.097101501436986504e-04 -1.711044503041784875e-04 1.926673066211621096e-03 1.743958527033829219e-03 2.860205804269716251e-04 -6.828543150713323510e-05 1.224643295801123048e-03 3.702583005398208315e-04 2.871543690437561888e-04
3.058101292111336522e-01 2.563903303369171553e-03 1.376912249402751373e-03 -3.799065164107779682e-04 9.019462297828160797e-04 2.564435528174368716e-03 4.640451144168191247e-04 -1.248782502579867031e-04 1.560469399909182684e-03 1.421419148310271337e-03 2.349381812514117127e-04 -5.361158839299761970e-05 1.053747223973992841e-03 3.213028106492672037e-04 2.591557827807572682e-04
3.100168993294901143e-01 1.681102571085421648e-03 9.042989499921480923e-04 -2.522896706430247799e-04 6.134600005685802559e-04 1.742634363723672124e-03 3.163998511953468231e-04 -8.558302022260813092e-05 1.077105808868316370e-03 9.820621705793433111e-04 1.621657510567143829e-04 -3.614885816820663571e-05 7.272215326559821561e-04 2.220076582018499611e-04 1.782077932813430361e-04
3.142092030053749707e-01 1.203083697156067441e-03 6.451719378463557442e-04 -1.762382537394662624e-04 4.196194774662658877e-04 1.197948297287012177e-03 2.162382221567842868e-04 -5.712809587333243165e-05 6.962012084302003157e-04 6.352643258766443217e-04 1.038011833031631800e-04 -2.282968718373737767e-05 4.438946602757368794e-04 1.351413678323497834e-04 1.037245363569898397e-04
3.183867557675504334e-01 8.814589393164121980e-04 4.746447534251507501e-04 -1.321766566781874840e-04 2.904916666346721407e-04 8.242054964624075889e-04 1.504202106396018571e-04 -4.236992396641855345e-05 4.655889245192336998e-04 4.198192694705454192e-04 6.915536282221354156e-05 -1.687880702654948970e-05 2.879378289132601795e-04 8.649713044655161359e-05 6.506834543262916392e-05
3.225872781332082551e-01 6.431987998228082346e-04 3.443342775898135082e-04 -9.376975662828272208e-05 2.372096750068180713e-04 6.709933837923216446e-04 1.213489904723233040e-04 -3.308666801121632422e-05 4.159925585833208306e-04 3.778835495742677948e-04 6.251169005345477800e-05 -1.467912732767113503e-05 2.778374739791916867e-04 8.429074825296541443e-05 6.683163355800724272e-05
3.267666109043823597e-01 5.031441714003505837e-04 2.697309655881980294e-04 -6.973410631296031383e-05 1.856532182126984594e-04 5.258062600503837607e-04 9.510116051205655049e-05 -2.433149414292222324e-05 3.265418038089006958e-04 2.983223034574145321e-04 4.988038965892572797e-05 -1.110689443131482704e-05 2.205217134297320916e-04 6.734800617081695626e-05 5.393536947711875871e-05
3.309328770241455886e-01 3.437086867186179206e-04 1.840044374126952390e-04 -4.742033535317976542e-05 1.228136815408855135e-04 3.493357521159726263e-04 6.312114999130566547e-05 -1.616354039021439219e-05 2.126807371227766119e-04 1.944928472346092046e-04 3.226426236101228424e-05 -7.051616255391197670e-06 1.419404377426641513e-04 4.341001001283225789e-05 3.452680533695618099e-05
3.351106074107195187e-01 2.360156010526814039e-04 1.264875774962684947e-04 -3.270945012174694477e-05 8.349238701586452545e-05 2.381624705371716052e-04 4.301161136267319925e-05 -1.073360785713467490e-05 1.413060533513311437e-04 1.295220564413589084e-04 2.141139901430624785e-05 -4.504999190319422781e-06 9.254975481568373640e-05 2.833631177790445237e-05 2.212311258379197115e-05
3.393095620710060434e-01 1.570963766123565232e-04 8.385490907421392368e-05 -2.113022131416919289e-05 5.651014438656940463e-05 1.608235090902923440e-04 2.892542776156809852e-05 -7.164954646192642421e-06 9.620481148121050427e-05 8.814409330408075837e-05 1.459608882113195323e-05 -3.120018622887423488e-06 6.399863619156990373e-05 1.959852539125599786e-05 1.557470385442977090e-05
3.435164896197421824e-01 1.272075787252446237e-04 6.808196194799927086e-05 -1.711537385002083730e-05 4.732731290715479309e-05 1.346570427822750592e-04 2.431046393063332296e-05 -5.977357599406521362e-06 8.258675288768825410e-05 7.572946329265279643e-05 1.263306598385335453e-05 -2.702425356537305425e-06 5.564126325662312325e-05 1.705597618048419647e-05 1.360705907352759120e-05
3.477107812306902690e-01 9.144562149638484939e-05 4.876656360717460288e-05 -1.153385826793858634e-05 3.375599477035074651e-05 9.606523835336438534e-05 1.723369137077674582e-05 -4.026463658049386679e-06 6.051352573224020735e-05 5.576788691792492272e-05 9.318349365441713737e-06 -1.905769432728498841e-06 4.153479140915528365e-05 1.279467632575882809e-05 1.023636392521934792e-05
3.518857617074659383e-01 5.455911639685323973e-05 2.919631275176395646e-05 -7.430283610528122798e-06 2.162342678359804147e-05 6.143322389602531549e-05 1.099996435625199782e-05 -2.638550408159674310e-06 3.896555555500615022e-05 3.587061004046561240e-05 5.981370806355882802e-06 -1.248743734298712141e-06 2.635542177279135567e-05 8.107130486431662924e-06 6.385863937778556338e-06
3.560773577310688554e-01 4.029183607687575943e-05 2.141373796510311867e-05 -4.952341945184535454e-06 1.510219354772664543e-05 4.316907257298113244e-05 7.698150388392639866e-06 -1.714311706331934581e-06 2.673560487593459189e-05 2.473381916954538653e-05 4.103528906054101908e-06 -7.768284722593873936e-07 1.830596436666388522e-05 5.675557947978736775e-06 4.568705007854857030e-06
3.602869550449780967e-01 2.870694288883586916e-05 1.532694741985315352e-05 -3.640860624398750547e-06 1.049610416982727205e-05 2.989530609431651013e-05 5.373954721752375422e-06 -1.288889807006656234e-06 1.845737071783639936e-05 1.690669513255054767e-05 2.809796667833161572e-06 -6.002672674980040746e-07 1.230208561294445130e-05 3.759815529634878181e-06 2.950288805082763473e-06
3.644651285618699665e-01 1.947481299782110348e-05 1.038840103771213256e-05 -2.387221446400984407e-06 6.827952488857825118e-06 1.956318594634718589e-05 3.506955906858230276e-06 -7.875064489371528802e-07 1.156809454194985580e-05 1.067923470918682983e-05 1.764987483022881383e-06 -3.413406556308586561e-07 7.560737964934808805e-06 2.328327334566366101e-06 1.790096818140281487e-06
3.686396944457170921e-01 1.398943574333900885e-05 7.433912571067174857e-06 -1.642483150395039880e-06 4.744013543510048852e-06 1.364195869140386634e-05 2.455605175168821790e-06 -5.457855896315743998e-07 7.775083812617388380e-06 7.186469409772508476e-06 1.190809337417847690e-06 -2.403077065404226400e-07 4.938900523430144234e-06 1.518348882613876337e-06 1.153128428549070280e-06
3.728293470315630076e-01 9.499499976951867014e-06 5.047771418653073895e-06 -1.118433940062636434e-06 3.391316846089301787e-06 9.769244327482027777e-06 1.743737799148643832e-06 -3.721039229905860162e-07 5.910574510949152795e-06 5.490137253856095029e-06 9.164641632671665288e-07 -1.729988342709521876e-07 3.988638913359992644e-06 1.240064574885552641e-06 9.838014479350251283e-07
3.770363921861874523e-01 5.811552797357105866e-06 3.085544913678922862e-06 -6.897039279357675824e-07 2.157028707475827012e-06 6.258125739297924084e-06 1.113982864820140432e-06 -2.397309278103212863e-07 3.931016668216888756e-06 3.663847374165426890e-06 6.091625634219542964e-07 -1.143634254669327450e-07 2.727779929360656774e-06 8.491051018104437986e-07 6.776626596488919878e-07
3.812363453093803867e-01 4.254621991626878642e-06 2.239068986777454510e-06 -4.614143055896257752e-07 1.488344551247071825e-06 4.301439237305111373e-06 7.649236180550953556e-07 -1.521248517955924605e-07 2.483545246181247304e-06 2.314376213009031306e-06 3.819147366669592327e-07 -6.716536501417319728e-08 1.594703402192511966e-06 4.948571236753689272e-07 3.742173829611250604e-07
3.854150971210312249e-01 3.087960687070250506e-06 1.623413596089499167e-06 -3.283325691125217403e-07 1.067789346963330218e-06 3.120455548091283604e-06 5.538858550506844838e-07 -1.095726151749568167e-07 1.912367997868882114e-06 1.784289416560553008e-06 2.957400096858838763e-07 -4.877031545571063137e-08 1.302326682628477718e-06 4.089236651234908841e-07 3.241103095489790643e-07
3.896036578152083374e-01 1.855147618980169348e-06 1.001387519903901464e-06 -2.036655049457317602e-07 7.603656374074692500e-07 2.179355570862894300e-06 3.896714535733526294e-07 -7.099364667896400146e-08 1.371629881959424266e-06 1.289885455234097244e-06 2.156845476950099752e-07 -3.327295242685224238e-08 9.548712580203966433e-07 2.997719955236110197e-07 2.377603229896422031e-07
3.937795161075864914e-01 1.257636418626902855e-06 6.758473162047037874e-07 -1.438486703228571963e-07 4.522688676754419446e-07 1.350497840088752141e-06 2.485097434070997714e-07 -5.398863322313273129e-08 8.606966205077599277e-07 8.175622362248429186e-07 1.403585867913384400e-07 -2.844950077472914558e-08 6.267610669077910286e-07 1.965566866423222663e-07 1.624543969734506961e-07
3.979440095093054186e-01 7.743059764193074784e-07 4.350648673646579068e-07 -8.431818254062634843e-08 2.900134616910968773e-07 8.872660966351748695e-07 1.588649155609169929e-07 -2.846778212817793956e-08 5.311161124195350866e-07 5.136191016051320743e-07 8.219778651841862458e-08 -1.220557883386354341e-08 3.590441966816302744e-07 1.155999979241634285e-07 9.084868389381536767e-08
4.021139069446590386e-01 6.174440600543080063e-07 3.099459851001045640e-07 -5.908692457326401788e-08 2.071194544232676535e-07 6.003486774800736751e-07 1.079321215542389944e-07 -2.206199832915725011e-08 3.462476837942604449e-07 3.237243195606251012e-07 5.452668658996206915e-08 -9.784825832173722955e-09 2.103918530570904359e-07 6.636431967407730661e-08 4.443864048231933003e-08
4.063125452039867413e-01 3.182486211808113667e-07 1.753316100167294162e-07 -3.596080132328768665e-08 1.006085194945044256e-07 3.215675880321059623e-07 6.407349694484413642e-08 -1.136156728205217303e-08 1.988652467811974371e-07 1.829122680673666046e-07 3.332029488284917063e-08 -6.308827080036937997e-09 1.282995533822126032e-07 4.260869393389565254e-08 3.267282471174927294e-08
4.105412315868290918e-01 2.152805841162669785e-07 1.187049811714018951e-07 -2.008658432191826921e-08 1.019560853714318954e-07 2.741642226498172375e-07 4.921359161110910380e-08 -5.923704429687226686e-09 1.742136890935898459e-07 1.720946861694823254e-07 2.618268333920945314e-08 -3.648286919408053789e-09 1.281999205946035210e-07 3.942649159463195153e-08 2.759617122286512110e-08
4.147348487769681458e-01 1.170009283690812331e-07 9.520064182906003439e-08 -9.221309227372320948e-09 5.626017532132652291e-08 1.508804511570874018e-07 3.029475471747674529e-08 -5.330357608895785112e-09 8.934476711170241582e-08 8.714312634271626237e-08 1.424081199123170309e-08 -4.792080965426768862e-09 6.177091374669890995e-08 1.840975060198541279e-08 1.289947368055081727e-08
4.189107045044477284e-01 1.190571658808953210e-07 5.765626257775972515e-08 -1.773923367804350074e-08 6.169318061983175108e-08 1.341679986477770029e-07 2.051609766761882006e-08 -3.690344882068502559e-09 7.596839177581011367e-08 7.622687617021774105e-08 1.153213453673281641e-08 -1.344246037041460662e-09 5.781969743828242540e-08 1.905458338908669229e-08 1.643391820712343841e-08
4.230974437456921922e-01 4.848478473411985320e-08 3.971420205232737838e-08 -1.383809559788269749e-08 4.484798787992117010e-08 8.017808281461201808e-08 1.040352393635973182e-08 -2.082979240610861822e-09 5.740680995486122195e-08 4.318031092331351154e-08 4.832159440982768713e-09 -3.434762372323991897e-09 3.660021433918419809e-08 6.367972138660291562e-09 7.710761893884990127e-09
4.272931011032126136e-01 9.624110484024217962e-08 2.249265699497566343e-08 -1.237156788995725092e-08 3.874183250203966689e-08 6.085730968421583357e-08 7.713382893696262300e-09 -2.038234156787960720e-09 5.577834756197411338e-08 2.753893424076387897e-08 3.804184843154993457e-09 3.797192383164081079e-10 3.580822042540371870e-08 6.945837518139675548e-09 8.239909965400868768e-09
4.314914587673138180e-01 4.638214443160387564e-08 1.336524366072809908e-08 -8.607831008723292005e-09 7.188156423148789041e-09 1.208517309077947324e-08 6.181390935874664937e-09 -4.152983538453750366e-09 4.669254524325870110e-09 1.135600724341480264e-08 3.554042543453096906e-09 -2.254217706685436033e-09 1.149649576545679872e-08 6.770269799814791333e-09 2.925615099324564187e-09
4.356511643511531418e-01 3.787729520593155709e-08 1.786534043743396389e-09 -1.365282541879121632e-08 1.807983527227268009e-08 2.704042569988150569e-08 -2.598112374466792106e-09 -2.530387265807576952e-09 2.138624222498643119e-08 9.396294459618001831e-09 -5.653979248547927779e-10 2.476496617284916038e-10 7.462872001472068106e-09 2.040562056227150549e-09 2.680384398667323069e-09
4.398424702607344750e-01 1.976993063237831291e-08 -2.263849046019330357e-10 3.892387678171123561e-09 1.287895337984108644e-08 1.166897723273524871e-08 9.472952218084985077e-10 3.035907784840318750e-10 5.342317180913667996e-10 -6.809620389388239743e-09 -1.458361274113410253e-10 -2.914695408802726271e-10 3.508488319491981765e-09 1.224596608690926591e-09 1.165536881358311058e-09
4.440501074980069407e-01 4.958565041613832603e-08 2.141128941446842559e-09 6.851384160581500831e-09 -1.442246348374205016e-08 1.930487541368472697e-08 -3.667172115980776136e-10 3.144907103591371364e-10 8.741058938090033594e-09 1.849836598864110171e-08 4.358270354548820864e-10 1.653057757474000696e-10 1.306037093176906746e-08 5.121588969844911550e-09 -9.280191695880338791e-11
4.482267968899237842e-01 2.101381766229429053e-08 2.213234486915803486e-09 1.258634968912693458e-09 -3.735272761918987839e-09 2.298429579288628730e-08 -3.451085898809925179e-09 -4.626187864028014006e-10 5.423375595599827398e-09 1.057730493968618416e-08 -8.588790800898488202e-11 -9.769587200902133418e-10 9.835345959406698245e-09 -6.843555632379700462e-10 2.164979900658929256e-09
4.524052929840755577e-01 -2.698370462851158934e-08 -3.467535509168184960e-09 -3.065639280185574529e-10 8.116994063564646755e-09 2.761466556773130336e-09 9.326235044985147555e-10 4.697627472505304193e-10 -6.797301350209172992e-09 4.698258145012057579e-09 1.020872998141415881e-09 -1.353724760609183637e-09 -1.118975702891402874e-08 1.580699628437850943e-09 -1.825407523221111121e-09
4.566090347930675253e-01 1.697568918358555643e-08 9.532839985897561864e-09 -5.740371516974036264e-09 6.544095094056371736e-09 3.327597940320237651e-08 -1.381165596820015951e-09 -8.906509133455783520e-10 9.858165365336861879e-09 2.025930755584690058e-08 -8.554296760297162114e-10 1.082295048678985685e-09 9.382112861085167803e-09 3.161194891607962997e-09 2.289497207910801697e-09
4.608167319022857811e-01 -2.317731627159583166e-08 -4.790667820517985638e-09 -4.951634145871459952e-09 -9.643419367998655006e-12 -1.152813541052409242e-08 3.054413613872301441e-09 -1.949444736267256354e-09 8.382692485108048334e-09 2.121598623552819570e-09 2.393673669631150733e-09 -2.041440765351743594e-09 3.606479448270042707e-09 5.850873997632059956e-10 1.935270043955600695e-09
4.649806979855051203e-01 9.151122506593426578e-09 -1.130117798971417807e-09 -2.398026576938755002e-09 1.339925191200274204e-08 1.611037698776622810e-08 -9.263478227511075080e-10 -5.172592189845041420e-10 2.703555704455504386e-08 1.011208128723938671e-08 7.041523108479425828e-10 -1.830339286501193151e-09 1.170728113523392080e-08 1.664550019624527926e-09 4.497214389816580492e-09
4.691538386770017222e-01 -1.845486598889090394e-08 5.300683115166755746e-09 -5.873262439402249878e-10 -2.703993736945492485e-09 3.356876282481017887e-09 -4.419183055070564500e-10 -2.813848686008165965e-10 1.910706788538201171e-08 9.738537745147862197e-09 1.370581518674608282e-09 1.114448738839629948e-11 1.530022359003993131e-08 1.226217828981919318e-09 8.360464570218233391e-10
4.733478629909182445e-01 -6.352724650125005802e-09 8.531134168151041902e-09 -8.498327188755590779e-09 -1.254743233731757367e-09 -2.456096414556909209e-09 -1.351216631146518645e-10 -8.533663258373791167e-10 5.809405565163154028e-09 -2.124890121202873440e-09 -3.244203798046621665e-10 7.401735515337225508e-10 1.140989498122766924e-08 -1.813993721211298976e-09 1.657109106299049229e-10
4.775500538217637980e-01 -5.780570662026104535e-09 -1.163610343563201610e-09 -7.938567140972644093e-12 5.943291192208876002e-09 1.204891983411529765e-08 -1.463703979128181019e-10 5.867091340487221401e-10 3.626973685100308506e-08 1.963140781145191839e-08 8.963691406197601855e-10 -1.073366601636295536e-09 1.590079836951181321e-08 4.110937777643005825e-09 -2.997440524532013783e-10
4.817339644282710998e-01 -1.079429204432898226e-08 3.987987144266239483e-11 1.470768194741285204e-09 5.657405113038866915e-09 -1.210239275088591712e-08 1.813770808784456356e-09 -5.256936924550412135e-10 1.879355659407208328e-08 -3.406182886333580426e-09 -4.591446145051308868e-10 -4.810147776330976096e-10 8.301920820352853476e-09 2.982604842846848651e-10 1.488412372111437494e-09
4.859144464692263798e-01 3.238291388351776145e-08 -2.117575512810212229e-09 -4.923322877095732392e-10 9.443464916235634597e-09 -3.591156681171051516e-09 -2.465626996088403266e-09 2.325431522983188055e-09 6.562832376651283909e-11 -5.045498992446102368e-10 -2.217252319582708024e-09 1.102648351247174748e-09 -6.705105813559553357e-09 -2.489375618930981730e-10 -1.829937138792904709e-09
4.901252990058800885e-01 -4.990856534546155612e-09 5.942385531909802387e-09 -2.436381574284831536e-09 6.356680626178310311e-09 -1.306509991870366235e-08 -4.485193842074719152e-10 1.383954553527967050e-09 1.152674949917688495e-08 4.661986581613274350e-09 -1.299467119284536388e-09 -1.201461375898843745e-09 6.218512720631236397e-09 2.630310202206053315e-09 1.798371119855426500e-09
4.943123444065962158e-01 2.667041322367871931e-08 6.431178993435563115e-09 5.669566977442054265e-10 2.829281478310131169e-09 1.623618774151944002e-08 2.110592398809600853e-09 -1.376795583747932607e-09 1.486118296703397099e-09 -1.686078050565995058e-09 -1.609514406426242892e-10 -2.152507335631036508e-10 -1.877999079224345620e-10 -2.753570246826911298e-09 2.852686853274491058e-09
4.984736335014697817e-01 4.465875556867663352e-08 3.823252022283246285e-09 -3.857988671615896398e-09 -7.723170571802743544e-09 3.315820091958700597e-08 2.929041449509382322e-09 -1.069303258917931192e-09 -2.662418173107726154e-09 8.019356022255876584e-09 3.783376541127851575e-10 -1.825750136203233369e-09 5.946749335713943722e-09 6.692484077821238331e-10 5.728833956539015046e-11
5.026590164608074618e-01 -2.316073100963122619e-08 -3.530155264126467948e-09 -4.263765751003939122e-09 -8.743793315548370740e-09 -2.233473176552968239e-09 2.362415814628135544e-10 -5.753906459493104894e-11 -1.122186020470913056e-08 5.393783337192170100e-09 -1.031348602009928047e-09 -4.891898665166371644e-10 1.402203283536904005e-10 4.247438809801686901e-10 -1.091287265435626583e-09
5.068609875937976073e-01 -1.130457853395755478e-08 -2.560261266826872386e-09 5.772115684609826586e-09 -6.257686182272406663e-09 -8.313672418421264922e-09 -1.779131531783665508e-09 1.524644153953028421e-09 -6.587801858979102117e-10 -6.292317894206662523e-09 -5.722382662089967463e-10 5.095468353737031685e-10 2.906488122161289620e-09 -1.213847184247223532e-09 -1.304333380714906504e-09
5.110594965365916620e-01 -3.996076445470959730e-09 -6.485025170598844933e-09 4.491966285878776048e-09 -2.605431039141012068e-09 -3.396329131743810104e-09 -4.550920653201671256e-09 1.574745374184680268e-09 -3.643336005906732064e-09 1.968234316161330381e-09 1.762025644530401296e-10 3.813001722303276532e-10 -3.050312780287797396e-10 -2.195569890770130611e-09 2.329635011275288269e-10
5.152492140965455603e-01 -3.940045696520461331e-08 7.286211341110385315e-09 -5.198487799012551931e-09 -3.713462440573590020e-09 -5.269480646439827140e-09 -1.398084835735554773e-09 1.426169228998261459e-09 -1.394585308553981494e-08 2.614215430014237129e-10 8.896146056520093307e-10 1.433911976103429842e-11 -4.303132204654652515e-09 1.231784095226465304e-09 -2.772813713674907497e-10
5.194329442812991582e-01 2.199794125794039603e-08 -3.692804698724919031e-09 1.302199939035349985e-10 -1.136709017988713892e-08 -1.812986702619884305e-08 1.181824987951255869e-09 -4.497595207955570717e-10 -1.274028679518187877e-08 -8.190417287064259964e-09 4.664402402140248055e-11 -6.930757499776655434e-10 -1.103796918747388760e-08 -7.675848506631315124e-10 -2.267120684649739805e-10
5.236343964239100757e-01 -1.230946020321145828e-08 -1.693890525376165958e-09 1.579566820244720407e-09 -5.703903320917346219e-09 -6.751588369099626131e-09 -2.344939398810526051e-09 9.683957758995584852e-10 1.613733836983793051e-08 3.423307119221015719e-09 -1.840190804304745802e-09 5.138153007345006507e-10 5.935442118212407133e-09 1.675686208169712660e-11 2.007208628810552368e-09
5.278273205415198177e-01 -2.110161682651045330e-08 -5.398172960146487209e-09 3.820377837750727468e-09 -4.229617889272442156e-09 -9.342314589330469824e-09 8.665746552664016764e-10 -1.036922883422770991e-09 -4.493388452245729863e-09 -5.360429696835390790e-09 -4.411697191269068633e-10 -1.609652351475880096e-09 8.706064542698930260e-09 -2.211036545823687493e-09 6.212255912477311625e-10
5.319960279023402405e-01 -4.301813311932022882e-08 1.157801150625713979e-09 8.632254450766573107e-10 -7.533204650280057128e-09 1.047067348798057112e-08 -4.894066567651870462e-10 -6.790859923199965688e-10 -4.384714676322131257e-09 8.312135218534101959e-09 9.633832418932990870e-11 -1.150273550389368280e-09 -3.391275697693586538e-09 -1.486910178694358850e-10 1.671647390710690905e-09
5.361714592099571242e-01 4.312170989772046802e-08 -2.247044517541463710e-09 -1.674700531138673981e-09 4.283524941826278094e-09 1.022657691577353388e-08 -1.618876670257555247e-09 7.691648323365332177e-10 -1.406383103875862969e-08 9.591273813426068694e-09 4.057346760085402671e-10 9.504382942665187181e-10 3.387401514302054192e-10 1.567648478996785955e-09 1.167426552997703477e-09
5.403746330902056139e-01 1.387994286532068530e-08 -1.236780583395892234e-09 -1.264112620465902014e-09 5.718406858902951689e-09 -1.218208817805664650e-08 -3.667827274301229354e-09 8.765315392183519644e-10 -1.636856365421773429e-08 -8.679462780982037206e-09 -4.237849678814576070e-10 -1.179839495719811800e-09 -9.314766826484524815e-10 -1.112804435497586910e-09 1.256929155301809027e-09
5.445761264886261888e-01 -1.461967994348903238e-08 6.390096125342906993e-09 -7.090092940234622475e-09 1.860469041033700554e-08 1.709104571019913066e-08 3.022037377280786375e-09 -2.064940377196330605e-09 6.593755257125123612e-09 1.214028995591053681e-08 -5.159289866041773385e-10 1.611421361786502269e-11 4.147743989696295447e-09 3.191813877488087688e-09 1.735857171043459855e-09
5.487504490749764985e-01 1.448145043016943463e-08 -3.348606043023311864e-09 6.819964679270424067e-09 -2.616531199403861407e-10 1.569154546478256857e-08 -1.786661292392808590e-09 1.602420840458666225e-09 7.074185314530458232e-10 1.087106800469209306e-08 -2.489224559690853921e-10 9.210287261870986636e-10 1.333576318811635446e-08 2.291301016382796807e-09 2.095884219006196039e-09
5.529407179677009454e-01 5.908638129808518402e-08 -2.915782282037548362e-09 -2.651484143985672862e-09 -1.263125785377451221e-08 1.291266187043859082e-08 1.960927107150959581e-11 -1.387106464835894346e-10 -8.052902432844987674e-09 3.066994219098872289e-10 -1.443000242561923025e-09 -6.972415187593360842e-11 -6.213329214369508468e-09 1.492936923412562099e-09 -1.320651528980471539e-09
5.571409157079509900e-01 -2.765583599708902515e-09 4.986183712684113846e-09 9.836346872475865485e-09 5.936672705092633773e-09 1.634226181815441987e-08 5.835037376290731113e-10 -1.874732484166902155e-09 -8.560553251412995068e-10 1.289443078696022179e-08 6.271566586179591889e-10 -8.236229514941767738e-10 -5.734486993597620394e-09 2.340072413012288990e-09 -2.733289307723240171e-09
5.613298693710127019e-01 1.616120116450736029e-08 3.085209986962975461e-09 6.650600898028355707e-10 -1.394447239991922775e-09 -1.358321551351882531e-08 -4.435773731843165558e-10 -3.082076985604234118e-10 -9.156299575440204200e-09 -1.107028055138839797e-08 9.179413634556308598e-10 -7.551519631484770590e-10 -5.594121075824443931e-09 -1.959648272469760198e-09 -1.311642126604810921e-09
5.655062246218995892e-01 3.144800421344010614e-08 -4.774276376287435756e-09 5.686374294269768971e-09 1.297308716527054845e-08 -4.069947135837403892e-09 -2.497509279973909576e-09 1.311917877415234419e-10 4.455000592847085734e-09 -2.402455939733632853e-10 9.214789972654741725e-10 2.130979529973195152e-11 2.804435647977731736e-09 -3.774042165911173416e-10 7.812959868529238454e-10
5.696867424029971039e-01 -9.332425913972861194e-09 3.281778515041749373e-10 -1.704711750707620278e-09 4.323511799113593512e-09 1.200674214174870393e-08 -1.033469696150247515e-09 3.542566073709026548e-10 -2.846272215158244592e-09 4.097702444250725799e-09 -1.332609305194828867e-09 1.470472401804696473e-09 -1.935435083245753420e-09 5.353715837653848679e-10 3.816155784770488320e-09
5.738956954203543459e-01 1.551311482134252858e-08 2.975079708706685512e-09 -3.795791133050376210e-09 1.780313144603644205e-08 2.746461531772952411e-08 3.395541199715524328e-09 -6.115569220125085214e-11 2.264246631664549106e-08 1.278853477647045226e-08 5.092955861457233872e-10 8.531892935931457831e-10 8.822374050798817060e-09 3.354011292439896436e-09 3.706202910474727866e-09
5.780928920821047923e-01 -3.406407695982530132e-08 -3.305527504132963561e-09 -1.436240668343527895e-09 1.363287349892887283e-09 -2.414642013594720465e-08 -1.078424138875674523e-09 3.958284469414237284e-10 -3.812921885820577667e-10 -9.065985167300992824e-10 -1.035455342133014853e-09 3.689649526815924308e-10 3.457087949355255177e-09 7.045768067636498743e-10 2.877312564241375821e-10
5.822632071880226023e-01 4.446829008558748265e-08 9.225246266794622905e-10 -1.619436038503297624e-09 -1.726535212362659729e-09 8.399965971848287448e-09 -4.882091670569942990e-10 1.260610394691076842e-09 9.798872906216169441e-09 1.859631307009505886e-09 -1.660642253784491364e-09 1.495425593170927679e-09 -1.121943514082100007e-09 1.484429891210184610e-09 6.098875615552496206e-10
5.864430803127811398e-01 -1.048621890300916464e-08 -3.126230932487379329e-09 -9.650487184930483337e-10 -2.959098219979588676e-09 -2.203320260800871014e-09 -1.212702366624124102e-09 1.087183327765157242e-09 -2.301487585405150338e-11 3.563436928211206234e-09 6.777623292211419169e-10 -4.657694901228615119e-11 -4.649806752397528300e-09 -1.460237980680346554e-09 1.121262866370335482e-09
5.906376733072625784e-01 2.585664486861315326e-08 -5.867428461886392458e-09 5.876009634980971523e-09 1.342256092397358291e-08 3.782404408328232503e-09 -3.313141448341085398e-10 2.076048549915588322e-09 1.158246039518045724e-08 1.290544241163064330e-08 1.160702825974417739e-11 6.770939086957386586e-10 1.757476516618637673e-09 3.323569255320554430e-09 -2.014647580193514190e-09
5.948356627105599870e-01 1.623902280816795659e-08 -1.127552153696167606e-09 2.428448422787872686e-09 1.187868300295337713e-08 -3.614038437819731549e-09 -3.352133330123319865e-11 -5.345817189919604192e-11 5.665420731195460663e-09 -2.292589106780131850e-09 2.139823191897166604e-10 -7.998501666763626728e-10 -3.489035668032769624e-10 -3.052012804936621499e-09 -1.781572249750282625e-09
5.990145239901687457e-01 1.986904954196947172e-08 8.751557554949005231e-10 2.036631416328903729e-09 1.441016031699777690e-08 1.775562765674034564e-08 -1.579669888511708013e-09 -3.182574693057162358e-10 2.643242694785348384e-08 1.371563098572259465e-08 3.936198465637532191e-10 -9.058724235087625587e-11 1.416471066940022692e-08 3.992301338648851475e-09 1.628277625473532315e-09
6.031829950841108845e-01 -1.582340856557860268e-08 -7.026579570394166755e-09 6.921010359070220009e-11 5.696015587367137405e-09 -1.169300543137577387e-08 -1.546875172947769088e-09 2.513990717079494218e-10 -1.062807490826257479e-08 -1.593776434934453249e-08 1.729645034982407241e-10 -6.388441919396474330e-10 -1.021962460137807725e-08 -3.898038412967450129e-09 -2.297321701424208360e-09
6.073740526175752663e-01 -2.058375114573973874e-08 -3.503316338926733246e-09 6.182063762628999862e-09 8.878987378256898090e-09 1.666203970248211589e-08 2.171895617194614829e-10 8.661811518647263406e-10 1.860856307214946018e-08 1.250073344136919829e-08 1.853317994013312628e-10 9.147216035964091612e-10 2.101920342720728950e-09 1.355375799071923239e-09 -3.651767687795247419e-10
6.115768023320514724e-01 -3.473193911549100344e-08 1.382358841085491513e-09 -1.328375384737723915e-09 -2.198926273525515761e-08 -1.573325768733643765e-08 8.556407777344849766e-10 -1.366728211976798278e-09 -9.099370935989291789e-09 -2.503381266097243340e-09 2.303791688866821129e-10 3.110447646907719410e-10 -6.751383819583387965e-09 1.314081667691154108e-09 -9.925282153403228806e-10
6.157710000000914397e-01 1.479789544221728607e-08 -1.469700890798898104e-09 -4.133687466748428411e-09 1.581056924709492938e-08 1.289348066653811835e-08 1.862002117500669349e-09 -2.108636937652536164e-09 2.684477082116623457e-08 1.385664531506180490e-08 5.067251328459825042e-10 -3.375261495435462126e-10 1.611424141041113880e-08 2.265444511961406136e-09 4.064200600597893872e-09
6.199632023912512446e-01 1.355602702469432353e-08 -4.877841101407919843e-09 -2.822356594427877626e-09 -6.039464819096325151e-09 -7.028764408780716373e-09 4.215115117413072968e-10 7.089475590935492270e-10 -4.846874573420847323e-09 -1.361522781450989406e-08 2.946534458451773775e-10 -3.745787522201262712e-10 -1.288955008872745315e-09 -2.914667313357391728e-09 -2.260136860553405011e-09
6.241630060990407403e-01 -4.426077047602310756e-08 -1.099954233822762608e-09 3.188109767784687560e-09 3.581828430399759911e-09 -1.423206746593107556e-08 1.365468129031688658e-10 1.857584724475643972e-09 9.935807358659544786e-09 1.075495424149884696e-08 5.321811305851540639e-10 -5.983835417419515941e-10 5.943990415258331973e-09 2.854428363390855457e-09 1.232012955407988018e-09
6.283593402461892241e-01 5.179053970504785068e-08 -3.670653705143468478e-09 -2.814686789667600259e-09 9.989207109254272514e-09 1.893036268058302989e-08 -1.023497566988766401e-09 -7.417306199108108562e-10 2.090414393161167093e-08 4.935981409496496840e-09 4.085567481492722822e-10 -1.095330727686905766e-09 5.056137379352887702e-09 -8.134191021557863167e-10 -1.194656293111660219e-09
6.325410955997395890e-01 3.429535534311888664e-08 2.832958712443883560e-09 2.084488247256001990e-09 6.798685207925367108e-10 1.849995530658673420e-08 -1.332194389704265189e-09 4.261759305974730588e-10 3.384315915724236180e-09 1.069981522253829985e-08 -2.995257140996010691e-10 -4.023597926884695356e-11 -2.566837418048337535e-09 1.277713472392712644e-09 -3.753416925227434966e-10
6.367142920629192959e-01 -1.017481462496116487e-08 -2.652417686433014056e-10 -2.414812539142541270e-09 8.408294863859123326e-10 -1.726925716864143400e-08 1.302708297780853365e-10 -1.440195147864032669e-09 1.014120093868484460e-09 -8.830999473292799558e-10 8.801999654648823358e-12 -8.924362122943456362e-10 4.457930231209011031e-09 1.157572864752359711e-09 5.544762312803067295e-10
6.409035099394975177e-01 -2.996466197541786850e-08 1.436006007075493532e-09 -2.030680301049362519e-09 -1.885098290801423932e-09 1.004831603497973750e-09 -5.881585619275565025e-10 -4.409379947776767965e-10 -9.872895665359254177e-09 9.502003235516116968e-10 7.762255388594258840e-10 -3.229606871302762204e-10 -2.418506824600117293e-09 -9.630616955742544075e-10 4.877922323946831537e-10
6.451032402190634008e-01 -2.806747918203032806e-08 1.862736105381941177e-09 -2.027109418270610127e-09 -4.537460315287929599e-09 7.737169435421432120e-10 8.893537934400871721e-10 -9.575687688200797272e-10 -8.557714414765003089e-09 -2.334858777723066957e-09 6.928340891039590789e-10 -2.057082919745756499e-10 -1.325717385418001125e-09 -7.149565005080835949e-10 2.640657633048859781e-09
6.492879941711476866e-01 1.835051786209725111e-08 -4.242044498352583113e-09 6.143487768961849910e-09 5.747745223239297942e-09 -1.262318581897694065e-08 -2.342656633981508080e-09 5.041890932697157895e-10 -8.213732441198816359e-09 -1.073873690795187409e-08 -4.871409325733980131e-10 4.449313161498687310e-10 -1.378305901081222984e-10 -1.105088232510683339e-09 1.465082874278926143e-09
6.534659541563927476e-01 3.206897465958631542e-08 3.803730515863537242e-09 -4.194428919631153659e-09 1.551799915210339716e-09 2.505122164504153775e-08 1.153843014718523784e-09 -1.661615972170356423e-09 3.220929969666190884e-09 5.025249846757410377e-09 4.489549742039828167e-10 -2.928661790422849982e-10 1.810968146635750190e-09 8.330273746301005027e-10 1.104675051617079397e-09
6.576591076962554627e-01 -2.167781591471021920e-08 -6.468052271376770571e-10 -1.813106064883896417e-09 9.680931837331699303e-10 1.925125275004821980e-08 6.957028419692146590e-12 1.212561276714182711e-09 -5.196416944309858885e-09 5.285063229785899666e-09 -1.110107354356429609e-09 5.216510961373914062e-10 3.686627903843579367e-09 1.013018922238769735e-09 1.065765482923224292e-09
6.618529307405217610e-01 -2.203667875671295785e-08 6.318365625955542521e-10 -2.336620887077887889e-09 -1.482076047014795225e-09 5.263907063264254054e-09 2.322789683987335036e-09 -1.452689713760845338e-09 7.316537249285216688e-09 8.617514408701017437e-09 7.456518640254058138e-10 -3.919343319756353471e-10 9.954431798939746028e-09 9.482214754880420300e-11 6.382063081272561799e-10
6.660240791386257131e-01 -1.847229731163785753e-08 -2.799516537652023594e-09 -3.857041659082579775e-10 1.885579313142503447e-09 -8.173502189941612203e-09 -1.163260615836103950e-09 1.079096945468233097e-09 -3.544024872854001427e-10 2.898352389293635860e-09 -6.308414056087572835e-10 2.709151752917759604e-10 5.420252534051718072e-09 1.744587542064655912e-09 -1.249492843766954691e-09
6.702067828716186115e-01 -4.594969670712943540e-09 -2.757794279619370655e-09 -1.591002533721826464e-09 -5.126361114312305790e-09 -2.255940471779107209e-08 1.256962966941725884e-09 -1.091100813612841374e-09 -6.114827340000770319e-09 -5.287078987806318830e-09 5.414483688687742684e-10 -1.445556633728533983e-09 -3.996491051819971928e-09 -1.610140439750768445e-10 -2.251555017026735863e-09
6.744172070879622671e-01 -3.302219695643380277e-08 -5.303500384356192814e-10 -4.194412560756430458e-12 -3.278938969774606118e-09 1.530699806872015768e-09 8.013850732845135834e-10 -2.452130717974661018e-11 3.439383931006420000e-09 2.925526228511195134e-09 1.110515900963010021e-09 1.830582234765002571e-12 3.838818994242854242e-09 1.640252704093718950e-09 5.710019232161310215e-10
6.786118453466847278e-01 1.010786759690353977e-08 -8.451653337607845841e-10 -2.859823536699678196e-09 -1.253870143578246655e-08 -1.566206357795954624e-08 -3.404941413460819392e-13 5.465088693104254726e-10 -4.120199614018451811e-10 -3.237728065948500411e-09 2.058995513677008466e-10 -1.311631282218373926e-10 -7.326203360101858057e-09 -1.331006306165049687e-09 2.674351548566192890e-10
6.827984616056306244e-01 -2.531000663657304147e-08 3.480892496322523258e-09 1.281278770710503267e-10 -1.669791027517874626e-08 -1.713726785659019431e-08 9.955723171878819459e-10 -5.966524822766959221e-10 -4.277402849153185649e-09 -6.369898138692881010e-09 4.395530206962064971e-10 1.845088989753891107e-10 2.529462982260024223e-09 -1.182262970479509989e-09 1.906091263171576949e-09
6.869817177358829019e-01 1.916286219298940610e-08 1.332995802763725563e-09 -3.535465443532949553e-09 -3.965230880469109591e-09 4.577264588894040854e-09 7.012003881543946156e-10 -1.543267057974568985e-09 3.931884961202462987e-09 1.126986647032900475e-09 -7.921970479963638341e-10 3.396935505056605098e-11 -2.456958239822297802e-09 1.073111426136793559e-09 -1.118082505219682857e-09
6.911718524128840357e-01 2.574450002186402406e-08 -5.851170799567026387e-10 3.103082130537441347e-09 -3.774508969312498129e-09 1.141412193354435063e-08 2.125605421159272207e-10 -2.160874358249641816e-10 -9.481103010715350998e-09 3.782222711754385631e-09 3.455264016159752213e-10 2.808661619914006590e-10 4.320448261675378653e-09 6.802392515356831296e-10 1.575542890186318474e-09
6.953555746427921846e-01 3.129547374977345967e-08 1.323827590101524410e-09 -2.769270094337549203e-10 8.799188754296974675e-09 1.390344641095154260e-08 -1.596861414585371118e-10 1.978021611016015396e-10 -2.024315107783073062e-09 2.220471934390932772e-09 -9.982551696258589866e-10 5.392776753139265259e-10 -9.668299962870607508e-09 2.967309934152782367e-10 -2.658195515660938916e-11
6.995344561305086861e-01 -8.531479992189118341e-09 -3.261308183387480736e-09 6.999558247034653076e-10 1.246647273797428769e-08 -1.240729831103537253e-08 -7.636442276109770583e-10 1.114229722105115962e-10 1.688268908761523832e-08 4.483727684559506586e-10 -4.260771202913065762e-10 -2.038813583141707124e-10 1.065497444633493418e-08 1.997961591409476727e-09 1.088493509650010323e-09
7.037287066792784485e-01 -7.210195362224860858e-09 1.401026858869794118e-09 1.571070843768671735e-09 -6.545792694063653370e-10 8.985588630479263985e-10 1.247292474732089129e-10 -6.500301999236350371e-10 1.650287966231736481e-09 -5.623642566135745018e-09 2.008853433792704507e-10 1.026143046047758744e-10 -1.443858322541355245e-09 -1.427441981405882078e-09 2.450129882591528713e-09
7.079143033440539190e-01 1.030806659512483581e-08 4.723136772175562479e-11 1.917347519564435090e-10 2.560701374180585457e-09 2.930805060471862339e-09 -2.325173054480855458e-09 1.068875806737489941e-09 -1.312893640552320328e-08 6.079430010679636473e-12 4.992084587134000089e-10 5.209179896473311701e-10 -6.693181992348458624e-09 3.589892869558643063e-10 -3.963310291625834440e-10
7.121186686741065586e-01 -7.036149148280436763e-09 -2.000997128928329048e-09 3.869784796737936461e-09 4.714640881697820010e-09 -4.917488352565042862e-09 1.227201435336002309e-10 1.158867943198723223e-09 -1.624110656562113351e-08 1.818476758573373128e-09 9.697821559469883353e-10 -1.079314807646382669e-09 -7.193027253998437100e-09 1.143685019164096305e-09 3.723943224232777739e-10
7.163134555705721329e-01 5.923628214174288621e-09 4.629017340419512450e-09 -1.037987425045718279e-10 2.286522816368145470e-09 6.518211649660890362e-09 1.296448152005063093e-09 -9.579996670481251052e-10 -9.307567441510071268e-09 -4.016541505493104544e-09 5.237960712941178221e-10 -6.813072174022115969e-10 -3.403962242613403888e-09 4.345130442342606062e-10 6.721614812924185868e-10
7.204913713645887396e-01 -2.613840401697115074e-08 2.622280639400972885e-09 -3.508505911568788248e-09 8.319829535288894379e-09 1.947485091649217929e-08 -4.823205992288752774e-10 3.888367356804473092e-10 3.477059032531495281e-09 2.568738713571247455e-09 -7.183341488393959307e-10 9.645402495433732832e-10 -1.561851686655343810e-09 -1.063262649075276103e-09 -7.184067474768108610e-10
7.246803275165087932e-01 1.852611632592395515e-08 -5.167042162749557539e-09 5.272542212889874371e-09 1.146435679187011751e-09 1.496685841612689733e-09 -1.212483244129668906e-09 1.057407617135432922e-09 1.062662896418710519e-08 3.993413437163793914e-09 -1.115423464279579545e-09 6.772422473643937300e-10 5.696483773150316744e-09 4.911729830675023244e-10 2.955943692508273552e-09
7.288763115175647123e-01 7.916139533057655452e-09 1.773469099719345891e-09 5.673734136927836157e-10 9.249776547593998796e-09 4.407663747231957554e-09 3.617661261374612179e-10 -1.553043604921240026e-10 -5.907899229704069024e-09 3.240991349771389208e-09 5.804119937068840163e-10 -2.919429396825881997e-10 -4.900670465736295071e-09 1.779079528055972116e-09 -1.044892929809232630e-09
7.330585840505703388e-01 2.852565592473719485e-08 1.855057929466560409e-09 -3.624618202294515252e-10 9.185598736523136520e-10 6.055972495671074441e-09 7.704047307530775601e-10 -3.594097208645235741e-10 5.832588793574401907e-09 5.578904386211972036e-09 1.396108215598714062e-10 2.850191055204139248e-11 -3.617927380935042533e-09 1.191900560119447157e-09 -1.262610158480497272e-09
7.372316440474646626e-01 -6.983432644114569165e-10 1.568981348563850789e-09 -6.633328895051431014e-10 1.685930913724175887e-08 -8.912167919103031074e-09 5.346563219694786783e-11 9.132425556195354793e-10 1.214620835399687827e-08 -8.195734998517253242e-09 1.116651080456408865e-10 -1.518803436968603822e-11 1.652217882323705824e-09 -1.470758927721441653e-09 -2.197311408550401451e-10
7.414228560306842519e-01 -2.681466543353779949e-09 -2.467498855575538183e-09 5.561266534273012610e-09 -1.823479488733262844e-09 -1.589422648714281177e-08 6.400932497790514880e-10 1.927985909140180295e-10 -2.089521785720334549e-09 -4.626885269776006269e-09 7.131092691536540121e-10 -4.925003373952871124e-10 9.173693719100837940e-10 2.085221316241215918e-10 2.430994616025127085e-10
7.456189213758863676e-01 -3.776062857378392712e-08 -3.798141603202361882e-09 3.390660582087614496e-09 -1.083634888994097977e-08 -1.561895183108471648e-08 -1.486205843613393601e-09 1.229163075706859614e-09 -9.718702581176866943e-09 -9.035869938732211589e-09 -2.837541503945006908e-10 4.350722404230944342e-10 -2.345365478698672289e-09 -1.317915267084199049e-09 -1.639972992509184100e-09
7.498104337627916616e-01 -7.073997919014181049e-09 -7.240377052309260861e-09 5.432197516824036764e-09 4.733718320805221065e-09 -9.295182068799159228e-09 -1.111669479995891506e-09 1.219627642085708295e-09 4.743736089895608725e-09 -1.788347756389148675e-09 2.611641005186187351e-11 -3.028001638700240198e-10 -7.141726975679598123e-10 5.549532069976265379e-10 -4.252974519771919133e-10
7.539974189770904944e-01 -2.360145464324133970e-08 1.527087615202503090e-09 -1.421916142394194571e-10 -8.569626961885148764e-09 -1.529903689484236053e-08 2.168504005244893296e-10 4.933514160899314876e-10 1.426110436340920079e-09 -5.950780871395067346e-09 2.399444075023725499e-10 -7.403394602278205571e-10 -1.763351309568605623e-09 4.464981412758351519e-10 -9.396158953516652106e-10
7.581896411468850294e-01 2.650689930691783526e-09 5.636978379070906940e-10 1.627086299050921164e-09 -1.021503462486797108e-08 -4.689887687185991187e-09 9.771591583623419508e-11 3.080947063370954173e-11 8.151892943562411225e-09 -2.179632152180477576e-09 -4.613748307284880281e-10 -2.434176006456876561e-10 9.283981628075646248e-09 -1.729915575355303148e-11 1.845837987103918716e-09
7.623808615479977790e-01 6.239706084056782478e-09 -4.939200860228021196e-09 2.011384357624011083e-09 1.130165390797194793e-08 -1.559309108854405176e-08 -1.745104062041847359e-09 8.620569632597842963e-10 1.523039199574999625e-08 -3.200708585068042230e-09 5.063226414763142574e-10 5.463719929887685961e-10 7.669153694843074895e-09 3.011506429367050489e-10 3.557858592180449006e-09
7.665651159623174671e-01 -2.177524351600321645e-08 -2.002902723227097818e-09 9.925179971647428952e-10 -1.433304120028612956e-09 -1.195119801119081156e-08 -1.037594515480252465e-09 -8.853445038215416039e-10 -7.351954473383575977e-09 -2.333873162043571562e-09 4.359840101866115208e-12 1.784439911425912453e-10 -1.418739697633955335e-10 -6.738501875549226857e-10 -2.432263100531990861e-10
7.707536355579491794e-01 -1.697152082847508459e-08 3.309600294485196285e-09 -1.397521130118361343e-10 -8.675188333616081165e-09 4.194867905246667415e-09 1.405971702821175352e-09 -7.348729173747915175e-10 -5.352983669752387896e-09 3.723444714419662211e-09 -5.307332923863704283e-10 -4.927264636640756866e-10 -7.038921679374808172e-09 5.404691727647955903e-10 -1.974451578228127375e-09
7.749462413082437440e-01 6.983120985081096289e-09 -6.535751304477475404e-10 -7.988094130040262460e-10 1.083774159974061554e-08 -8.742898730686122743e-09 1.380276589935175120e-09 -8.298666262336226400e-10 8.960541902598977850e-09 -3.132578732850483706e-09 5.148116097453902299e-10 -7.597433101542900345e-10 4.181435046743938412e-09 -1.267677577389818429e-09 -2.565900210042004134e-09
7.791369682448587852e-01 -3.414910330351461608e-08 1.215426054840200610e-09 -8.479827415133783262e-10 -1.756225236612638870e-09 -4.752432227570506129e-09 4.544289140492948799e-10 -3.661961651942530423e-10 1.055730659380347088e-09 -4.650549055811354023e-09 -4.167121301158325082e-10 4.180879527938297318e-10 -6.472642527576496664e-10 -5.917102824043340640e-10 -1.120878571680522052e-09
7.833258353347896108e-01 -3.539603047408432593e-09 -1.809930553729985833e-09 2.286336805141012706e-09 -1.455384615137753671e-09 -1.528820610297220106e-08 -6.307320945659606293e-10 -1.983470636969179510e-10 3.899938973867890175e-09 -4.942073750232384018e-09 5.036714339330487942e-11 -2.347261895857326572e-10 4.905321584056165520e-09 -1.811368680820042907e-10 -1.079006731283041183e-09
7.875159900600451346e-01 4.947454856459289215e-10 -4.005926197816738735e-09 5.132682847875578689e-09 -1.958044419037333237e-09 -2.202870810644746294e-09 -5.254643196144869695e-10 7.067885296986971492e-10 2.875124546053093745e-09 -6.762859631480197683e-09 -3.925709426886361921e-10 -1.293256320228502114e-10 1.813740233129957734e-09 -1.362911927547740269e-09 1.735179300517977173e-09
7.917084457625156446e-01 8.035346446412571527e-09 -2.233334759421274135e-09 -6.172305172336788901e-10 5.760066020689496396e-09 -1.299650606475580261e-09 -1.456148770518166029e-10 -5.336409785994173235e-10 -1.186259863161041546e-08 -3.081703475288499700e-10 -4.804237451602584021e-10 1.288216148393438886e-12 -1.995948226226392629e-09 -2.115186731767365858e-10 2.122195094406587313e-11
7.958821468706197555e-01 1.581919962125121458e-08 1.390727757121898123e-10 1.964957108933311676e-09 1.009036540888283654e-08 2.538133546112735204e-08 1.329231740164344519e-10 6.598524880072328572e-10 2.032150040948112795e-09 1.076110685449019414e-08 -9.845584813228200869e-11 3.635914623190055755e-10 8.205657001382871292e-09 2.283780517208194282e-09 1.102623357996260369e-09
8.000624692379799674e-01 1.129637940053842266e-08 1.449798035636013933e-09 -1.553615127907560072e-09 1.159521268865053663e-08 2.751900195609034514e-08 -4.824332250465086974e-10 4.542783402970557626e-10 6.470782248003692812e-09 6.545045229253985560e-09 -6.966050590714111322e-10 9.228911185427932725e-10 3.315340179823848399e-09 4.019012110534230309e-10 -7.077755635850928828e-10
8.042564613727184453e-01 4.411415769243600849e-08 -1.042959362032497048e-09 1.353214555581085538e-09 7.568696751967091673e-09 2.936144912311824549e-08 -4.963161916859999362e-10 5.243894921737210364e-10 -1.007701197551161114e-08 1.261961736420140845e-08 -6.587481519499497239e-10 8.558154213151354028e-10 7.307461741117564031e-10 2.496484050720620409e-09 1.649967531551777697e-10
8.084384822996342201e-01 -4.830226212215605182e-10 -8.954771113230463788e-10 6.768739436086890925e-10 2.466646053293739665e-09 -2.111209783689259161e-08 -6.315550649299060356e-10 -8.431309785871113920e-10 -9.067272477237409221e-09 -1.073640202117137519e-08 5.567639891579944897e-10 -2.864438778643860370e-10 -3.885446541412371141e-09 -2.070803203708053518e-09 -1.551261317298598481e-09
8.126333810499198895e-01 1.374080924818840001e-08 2.190638500552265619e-09 -2.632103319944563124e-09 -9.528771727739188848e-10 -8.549065041500587894e-09 1.819255355363108735e-10 -1.359241132068102462e-10 7.431422751640128357e-09 -2.107801250192402713e-09 1.638900038574557307e-10 -1.511293415254264564e-11 4.545350888583098195e-09 -1.477360383902069641e-09 8.817369000355165676e-11
8.168271958201180905e-01 -7.681704969310607481e-09 1.407130247682192729e-09 -3.689232509931839285e-10 1.149444837916996682e-08 6.587948980707965469e-09 -1.030443663692522239e-09 1.249496743225216481e-10 1.743397182896990248e-09 2.366082999395975229e-09 -1.051934899265316188e-09 5.037944923309572583e-11 9.745059485904128193e-10 -7.727421158311983046e-10 1.052197890461473161e-09
8.210214995694952167e-01 -1.506715324882441280e-08 -1.858478726360942461e-09 5.897818252794452548e-10 -9.581462096987927643e-09 2.744458725693119305e-09 -9.505970842897576486e-10 3.961883897395812273e-10 -7.360960951479523861e-09 4.285901158775680105e-09 4.386176095637990573e-10 -5.020483713024819175e-10 -1.827375632629761358e-09 1.890310811987113522e-11 8.750634958265928315e-10
8.252154145000215602e-01 1.263618434816387890e-08 -5.945304023870949930e-09 4.501797419145196818e-10 5.988420792026042312e-09 -6.699096160951707704e-09 4.586803958377420690e-10 9.015966401463948312e-10 -6.984974767111138788e-09 -1.760415113610701627e-09 7.979062885634314022e-11 6.503424399509869764e-11 -4.066947670676219803e-09 -8.898058866650617603e-10 -1.766645595850816075e-09
8.294030907808404018e-01 1.921847114617813861e-08 8.094670617254959207e-11 1.011727574346991191e-09 2.509565116693831703e-09 1.482961393807794970e-08 8.179730386806922798e-11 -4.657688380420030416e-10 2.919560786992634130e-09 7.793891508171532314e-09 -8.746178511432458460e-11 2.758681864794938918e-11 -6.005295540952005598e-11 1.894885000988035309e-09 1.343227845663952895e-10
8.335906150371191758e-01 -9.568052116815804414e-09 -3.425381788210506337e-09 -7.106582353678252985e-10 5.318766913540348237e-09 -2.309207945711297135e-08 -7.578066377348057174e-10 1.203850068508295866e-10 5.292005007843711484e-09 -4.739327652495467099e-09 1.907308840849787619e-10 -1.415973899902607366e-10 2.908130134929643996e-09 -7.104844293437648398e-10 3.021806780458426864e-09
8.377685032221774408e-01 2.698063228815711499e-08 8.912265664880256817e-10 -5.079598844992414794e-10 -2.850978054351359842e-09 2.108043585440547954e-09 -1.761564242142119577e-10 -8.109520017267559619e-10 1.100948559226427354e-08 -5.144712967588029745e-09 4.044538032311618660e-10 -1.895295867987320333e-10 3.056965524816951405e-09 -4.442824133683926987e-10 1.381868029596912425e-09
8.419567297582307708e-01 2.149217450349788131e-08 -1.709152920180064416e-09 1.490601272882431689e-09 -5.056902278929788765e-09 9.504544794130283586e-09 7.850427089039413935e-11 -1.595272041232143996e-10 3.207188299408726171e-09 1.209969801556714754e-08 3.454477634377626575e-10 3.200360921073048224e-10 6.452270488599290404e-09 2.529458117966466596e-09 6.828373525274965540e-10
8.461556544987137718e-01 2.163184767071307236e-08 2.070164885817371864e-09 -9.505986937006190778e-10 -7.777502091539474244e-11 2.293252032340646780e-09 3.148752643327438531e-10 -3.082171042015853936e-10 -8.070911751414500703e-10 -2.238591556755694386e-09 -3.240152543673110468e-10 1.363254671811259129e-10 2.656717979902333545e-09 1.750330178049419575e-10 2.908045421338553563e-09
8.503430790983292908e-01 -4.744908066000505628e-10 1.664222746207424522e-10 -3.643688290746694585e-09 8.690465415016797167e-09 -5.526581701037898546e-09 1.484361578071241498e-10 -1.597072964144419662e-10 7.129299587431929501e-09 4.350620906545215793e-09 6.059992881358294968e-10 5.720128674824119447e-10 7.813834977732246660e-09 7.818809081606586630e-10 3.579199735451591283e-11
8.545245840949285965e-01 -2.088308949156571528e-08 -1.916380215642985150e-10 8.316061938139768495e-10 2.037579997311632723e-09 2.312473656943681691e-08 6.111164515064122803e-10 -1.064791027390014424e-09 1.184938063050377036e-08 2.164835000979226212e-08 7.869260818665559055e-10 -4.152120007066911301e-10 9.882780070833640655e-09 4.044063456022661565e-09 3.260429836795806079e-09
8.587196449246210506e-01 -1.892571980716288801e-08 2.390983070917063066e-09 -2.392969988234405746e-09 -2.086895872791939198e-09 6.702578293007906083e-10 2.236552873076682066e-10 -5.791163063544792425e-10 -5.365604292038121375e-09 1.024638408582619030e-08 -4.194311748255916101e-11 7.356478003370159583e-11 -3.435099894461158735e-09 2.172978072874989016e-09 -6.483638958998672513e-10
8.629074348139629258e-01 1.869380362087704482e-08 2.228979090511376051e-09 -2.209221681305570165e-09 5.676529273022431410e-09 1.726931453562618300e-09 7.668606910807446088e-10 -3.169484760936225900e-11 -2.212415161783274888e-09 2.838283305413595666e-09 8.832388947370651136e-10 -4.177720934652961597e-10 4.466875327336012586e-09 2.585964304382337701e-09 -2.777628480849331169e-10
8.670852844200982457e-01 -9.673091451892880604e-09 -2.986061927015412864e-09 1.792856078062327825e-09 -1.256510177227389654e-08 -2.222149648131707902e-08 -2.928601631564741191e-10 6.554185556902475536e-10 -2.366577726771829980e-09 -3.437994330044889530e-09 -7.882996272982027005e-11 2.371201638760356845e-10 -2.825806205469753115e-09 -3.390355533664912219e-10 7.358253688127912841e-10
8.712764316473343706e-01 1.184385389485575695e-08 1.499464239988748407e-10 -6.259972754678775176e-10 6.645525204425080881e-09 -1.396912403416077660e-08 -5.935604084299750414e-10 -8.480113689855584697e-11 8.070229404480414659e-09 -1.280798491004888597e-08 6.120203846000177513e-11 -4.886876145217242935e-10 -6.693514084869873196e-09 -2.301898453145495732e-09 -1.160615380323029917e-09
8.754762476624626810e-01 8.536639439849539971e-09 -4.112511833944564485e-10 3.556635041090012356e-09 2.003370539323904554e-09 5.619856261677679815e-09 3.347413942915234595e-10 1.680048643441585797e-10 3.077572301344185930e-09 -5.092670220558466752e-10 5.354649371810249406e-10 -3.734517342742073418e-10 1.329863164154470797e-09 -5.977259660543333824e-10 1.399380584588999804e-09
8.796707865602606535e-01 -5.128820528508198956e-10 2.541674653372142291e-10 -1.093709152969708347e-09 2.380406717612645002e-09 4.419254913204874649e-09 -7.506295123803780737e-10 2.993531293204648611e-10 7.716102733777788681e-09 6.127244637241836164e-09 -7.407488611802485325e-10 1.292520910237002931e-10 6.536197212140917558e-09 5.512025358341835657e-10 2.039194090620816925e-09
8.838562222970675064e-01 4.903739293727403439e-09 -1.623544358434144975e-09 1.280339772629764699e-09 -7.278547462102014533e-09 -5.050107513230698555e-09 -6.051910904372229100e-10 1.317144745995392346e-09 -9.632963836542229881e-09 -7.725500283633731799e-11 5.738768164925419916e-12 4.216911166931555020e-10 -1.289888155482523537e-09 -4.204345118058510130e-11 8.047349207472497035e-11
8.880381764417510926e-01 2.462308793380650909e-08 -2.270411596977627950e-09 1.050185409053899037e-09 -5.004866965977419287e-09 -2.983031422794584105e-09 4.119752301495272628e-11 2.975537320231047363e-10 -4.539426736342568668e-09 -5.831553788267901910e-09 -2.117447291351599615e-10 1.201997616528408925e-10 -3.635972688089198720e-09 -1.166457208361868991e-09 -1.911118230327218679e-09
8.922270316229049536e-01 -1.699981135271414034e-08 1.130686981284208799e-09 1.706683912296324714e-09 -8.296757680922017494e-09 1.027604792416397647e-08 -7.755377990451195688e-10 2.983432897953601693e-10 8.702047245138643104e-09 1.408043739902123795e-09 -4.679060044194472975e-10 1.850769156572963054e-10 -5.379183949438564856e-09 -1.184046877641026082e-09 -1.520370504464434539e-09
8.964225585562245469e-01 9.098319560491419497e-09 2.118949669447426897e-10 5.127309535520138222e-11 -6.582642348395485766e-09 1.943370203606010069e-09 -6.203399700335059030e-11 -1.710423903963349905e-10 -7.700859349294998533e-09 3.828708147789406482e-09 6.008797902442005111e-11 -1.622515764944169808e-10 5.269324795766441687e-09 1.228446241147993962e-09 8.892331803911320834e-10
9.006049913569987853e-01 -1.147450715827172944e-08 -5.458507119826953604e-10 -2.018949601233994882e-09 1.921634570979404593e-09 -1.981773179141982397e-08 1.039960453244961439e-09 -8.951907107290130624e-11 5.203883307431469042e-09 -3.407375165105660478e-09 -7.184151551667070569e-12 -1.473122897744621977e-10 2.972390390397958857e-09 2.350674601145545916e-10 2.366794517616002507e-11
9.047836582182254839e-01 1.973698257291458070e-08 5.231671160876927447e-09 -2.396311481622540358e-09 -1.332045744548225108e-08 -1.727773637986110101e-09 1.420613648218617172e-09 -1.856314984360705761e-10 -1.256988049815699215e-09 -1.650002416289655839e-09 2.094982236413909247e-10 1.717299849878571652e-10 -1.783252724724675269e-09 -7.340310778685839155e-11 -4.290613815980858641e-10
9.089780964569278421e-01 1.979831525796416615e-08 4.618496855664244412e-10 5.349941819786463610e-10 1.378583360881766763e-08 5.831957077829076487e-09 -4.078908355032214490e-10 8.732101890576680348e-10 -1.985177285977905500e-09 1.201743507640850236e-09 -1.473402285895961243e-10 4.958236240282455537e-10 -2.799471173064666628e-09 -2.136486692738509187e-10 -5.960547669668730108e-10
9.131704587403689510e-01 -1.993303800119867016e-08 -1.487265044102794957e-09 -8.192199001895285170e-11 -4.623703664839142485e-09 -1.192403388519038726e-08 6.388190553665587048e-11 4.061995092145738542e-10 2.811054227007681735e-09 -5.855869637948532330e-10 -3.439660343673613796e-10 2.233917128290012596e-10 -3.124647474574321670e-09 8.713898547416171097e-10 -1.868371159802059845e-09
9.173547920329833127e-01 -9.448414471625877990e-09 -1.975365830647376578e-09 2.178251172609501344e-09 -8.074132486873652099e-09 -9.335679899133241002e-09 -9.112548892379562410e-10 -1.532119989413008635e-10 -1.079836237775160086e-08 -2.187309697755951514e-09 -1.561178022727839104e-10 3.549860186313815288e-10 -4.482816602303520768e-09 -1.486153959998103009e-09 -9.385666743968794247e-10
9.215425617950214754e-01 -7.618978031214884509e-09 -2.220027395358131063e-09 7.802910682354708397e-10 -2.709887457147066779e-09 -2.605773348320932897e-08 -8.622318477095135157e-10 -1.038094055950954724e-10 -6.470837473259324528e-09 -6.209785723306951331e-09 -3.637753118741628144e-10 5.021913665697478662e-10 -8.167790765056802466e-09 1.463481137393940605e-10 -2.043680364457208622e-10
9.257400405750663142e-01 -5.131471765137760486e-09 9.183579009145894584e-11 -5.618860478606541922e-10 1.787447730477989507e-09 -1.333567860151573359e-08 5.199945223125737096e-10 3.868948628211882803e-10 9.835874900441353571e-10 -8.050150164272895596e-09 -9.921116845837762702e-11 4.329702438297666603e-10 -7.118123448750367585e-09 -1.929844946127552673e-09 -3.640322075579143824e-09
9.299303352268617484e-01 -2.661072553495032248e-08 -9.225832810226950529e-10 5.585448415911497048e-10 -1.405051686190896717e-10 -5.061817950189873487e-09 3.447187616867651803e-10 -2.013342259592748880e-10 -2.551801061295125354e-09 4.470521401886484253e-09 7.285149618718237450e-11 6.796353098826461404e-11 -2.057186092187889164e-09 1.660768344913655800e-09 1.410216762250344399e-10
9.341108300097852313e-01 4.351914524272609954e-09 5.608638687287716065e-10 -1.878819855055758804e-09 -2.320662387065815237e-09 -1.631951157346280820e-08 1.142476444071825549e-09 -1.549577142044722663e-09 -8.232168164414353760e-10 -5.367217292553365233e-09 4.948176657131676137e-10 -3.792950301157199424e-10 -1.098645864653168971e-09 -1.123332592805531781e-09 1.459711671295765983e-10
9.382896253999645220e-01 1.582917849283936014e-08 2.916754440804182937e-10 7.107906999268715459e-10 -7.265689795476668596e-09 -1.259662189849237241e-09 -7.676231089061429559e-10 6.283708107342313219e-10 -1.025054274728847806e-08 -4.158545352713606498e-11 -5.708643531453899230e-10 9.990189548769306233e-11 4.869727525392687796e-09 5.602085834583417981e-10 7.057650850599887496e-10
9.424819561228944265e-01 4.024006541342326299e-09 2.875729000365080761e-09 -1.363301416003316764e-09 3.754621257230652698e-10 1.942983937972692835e-09 -2.300185937398691331e-11 -3.185180310431477665e-10 -1.070895626034265801e-08 -6.663393740140098542e-09 3.661116081480476363e-10 -5.576978668681681290e-10 -1.331418845888481048e-08 -2.435215505415958863e-09 -1.359269273989835226e-09
9.466849863120379016e-01 -1.006669498911420930e-08 3.268820776070802496e-10 8.403061676288838436e-10 -3.707306375156143342e-09 7.038411178953514555e-09 -5.354373263362667993e-12 -2.630246557607991023e-10 -3.687916677006971357e-09 2.115630302077085834e-09 2.988393228878585321e-10 1.727304081124293845e-11 -2.469336941056349442e-09 1.194537437289337056e-09 2.592853381325242352e-10
9.508714331057195324e-01 1.216928894642703464e-08 2.470932434496062295e-10 2.009863835385166879e-09 -1.911097354169305743e-08 -1.060712059255413109e-08 -1.473611587426757170e-10 9.583272406033015405e-10 -2.336711023950451365e-08 -7.184920952899538466e-09 -5.484638462062789883e-10 1.277083441393804419e-10 -8.565278740196741382e-09 -8.812480046102964331e-10 -1.706760381190027777e-09
9.550563230073290111e-01 -1.930372504785278922e-08 -8.864081970423035207e-10 1.503821449794463330e-09 -5.012115612086797956e-09 -8.731736655928411357e-09 -1.310151132550001890e-11 -6.484881129484820452e-10 -1.827980108489242089e-09 5.006654073369189362e-09 6.083071550335007986e-10 -1.365365417582318397e-10 4.218152036670372159e-09 1.401799272356895142e-09 1.854303200195486026e-09
9.592513211539739348e-01 6.118192081186233562e-10 9.481135272555091862e-10 -4.564750365173681797e-11 -9.028994805974713304e-09 -1.035119262481142610e-08 6.064409022127396791e-10 -8.160878866048093938e-10 -1.826473390388917955e-08 -4.724210457769084527e-09 4.976347750219610654e-10 -5.667744426082751378e-10 -5.637723274336002743e-09 1.736681334690618471e-10 -1.009985275791714920e-09
9.634451052878124644e-01 2.443962116013517023e-09 -1.900531983129148138e-09 3.340142342784593091e-10 6.131145061849706736e-09 -2.268788274338966728e-09 -3.882073246083321221e-10 7.537796016394067646e-10 7.996231155470579824e-09 -2.617452028342153490e-09 3.896770845546498189e-10 3.335685661928452343e-11 3.210260490498824183e-10 -3.511950121094525669e-10 1.959128310489316370e-09
9.676230540453005791e-01 -1.931467471574861073e-08 2.941414570383766690e-09 -3.294476321983048604e-09 -1.378402054709790579e-09 -1.346322113454085433e-08 1.138789632810512766e-09 -7.731372001451444687e-10 -1.714421956304304680e-09 -1.432342514609866648e-09 3.967013597470761836e-10 -1.345592565922952415e-10 -1.924321595595854592e-09 -2.554685990617035604e-10 -6.568236756481351411e-10
9.718094297475188270e-01 1.986156752591558403e-08 2.237641828876642998e-10 4.552815980238469017e-10 2.640677852173949104e-09 4.723357515865659304e-09 2.681507238808091195e-11 -6.054311564721003762e-10 -1.134739162514844681e-09 -1.252058672360811298e-09 7.044368728933395550e-10 -5.382589788198862002e-10 8.617191272732957356e-10 -7.116147439374834315e-10 -4.719027819937210370e-10
9.760091362076940280e-01 -1.158621324071256585e-09 -1.350136091196050647e-09 -4.046457748812201118e-10 4.395895630541078134e-09 -1.271011775956395205e-09 -5.566948114304198490e-10 -8.112777678313915555e-11 8.280380414149610651e-11 -3.922092183441744922e-09 -3.308290181542988835e-10 2.297295465009939846e-10 -1.515352961067264095e-09 -7.166957540583863195e-10 1.233676605612340401e-09
9.802075838006468755e-01 -1.028257085649251855e-09 3.113416575699875378e-09 -1.266835756659767422e-09 8.058069448890155124e-09 -4.310034948891167471e-09 1.010051013181975212e-09 -8.748051335247857691e-10 5.492322831377009536e-09 -5.527704945977156991e-09 9.331624317750942125e-10 -4.001003449283415815e-10 -1.447555050395067858e-09 -7.447112581121658417e-10 8.083412304459255425e-10
9.843901124947946890e-01 3.053793254137343039e-09 -3.612698784508150663e-10 1.096622215036062103e-09 8.151932353421849240e-09 5.517767947696736089e-09 1.632700810196890282e-10 -9.882733560686447092e-11 -5.919338441622244523e-10 -3.191407058111990835e-09 -2.248617497712203265e-10 3.824670081154177550e-10 1.627295505784433045e-09 5.284866214149389046e-10 8.775510583033029742e-11
9.885650797815361823e-01 -1.608973314820728102e-09 -3.131221429131451495e-09 3.581769551672960371e-09 -1.005410071731966738e-08 -3.011167599016728870e-09 1.011118658513166936e-10 -4.752100875288069607e-10 -2.914345471563476839e-08 -4.106093147318549706e-09 -2.509981852983733446e-10 1.527623236225916287e-10 -1.427544009308816825e-08 -1.065502285255723544e-09 -2.462816460077510886e-09
9.927561705083151056e-01 -2.173642341076423649e-08 2.481301349609523001e-10 8.584649631465391328e-10 -1.319753437686396566e-08 -2.163899947435705119e-08 6.993585352077733621e-11 3.202939103727231718e-10 -2.470914026218275475e-08 -1.453374474961546376e-08 -1.261429256198197377e-10 1.959489246065665851e-10 -1.518386455717589886e-08 -3.427625845113462794e-09 -3.883209909163500046e-09
9.969400597939003239e-01 5.244800088980205534e-09 2.528689154931337745e-09 -6.733503548612922396e-10 5.729536529149957456e-09 -1.431703099326691819e-09 3.055622464570095790e-10 1.131799644108009198e-10 1.335588724112682554e-08 -7.826393405728033988e-10 4.904152123642894112e-10 -7.483171811257693501e-10 -8.067277091999711968e-09 5.026189656188324364e-10 -3.074726430995628303e-09
1.001125867816581083e+00 -2.339582095788179529e-08 -2.067682756197081728e-09 1.456016444731932774e-09 5.569334559714238758e-09 -1.057477737604504359e-08 3.360412459663232727e-10 1.460852440076283670e-10 2.164007118215369417e-08 8.409178689526285105e-10 4.079650848490703773e-11 4.492682916122684448e-11 1.534939940552170415e-08 9.350131935891344070e-11 1.371598735987397586e-09
1.005315482813002204e+00 -1.725770582084880306e-08 2.515912971495756835e-09 -1.434999811129406651e-09 -2.085301198526912630e-08 -1.848243788147764793e-08 7.132870329214487185e-10 1.907045969094174502e-10 -1.564478020058985410e-08 -7.703267205500116161e-09 -3.717008651891518511e-10 2.196614474816361826e-10 -1.639154971460852126e-09 1.360114375964276462e-10 2.690130011712072621e-10
1.009503724426713545e+00 -2.774273353425352113e-08 5.257335731200015903e-09 -2.034854397113122308e-09 1.558923811432186100e-08 5.137110187181750649e-09 9.558795855451293155e-10 -3.941322512435475639e-10 3.904563942095193259e-09 4.966236156248263873e-09 2.966620903513861604e-10 -1.074426917819884418e-10 -4.016493635207532805e-09 -7.026949201886179388e-10 3.994934098798544708e-10
1.013699103815393299e+00 -1.524205589547860568e-08 2.890046619556457691e-09 -2.427989986225025788e-09 -6.822109025980520282e-09 -6.435688475708580349e-09 -5.196946994792928447e-10 -7.943673802098711589e-10 -3.535623184937353331e-09 -2.048987406943402837e-09 -3.961332614037751831e-10 -2.353145439525786392e-10 -1.948634396677778663e-09 -1.542789372610521102e-09 -4.635095682899784971e-10
1.017885842421875964e+00 -2.663275247490329705e-08 -1.321931837371987773e-09 1.068003550483793877e-09 -5.459199143698705252e-09 -8.159614514463904311e-09 2.781881568468411896e-10 -3.565530932283495875e-10 -1.648524221982168550e-08 -1.185772807056292044e-08 3.766381294081080668e-10 -2.387660105606787909e-10 -1.211313413995529395e-08 -3.398168174783727734e-09 -6.109239292311659443e-10
1.022076284359184406e+00 -1.288598139793562461e-08 8.832394392068382547e-10 1.052783825685589767e-09 3.819846806891389346e-09 -2.906696716187212473e-09 5.390219831458196678e-10 1.403546596100203369e-10 9.415331206824921613e-09 2.713126707544037630e-09 2.293229352521006469e-10 -2.120463889389283347e-10 9.018465884485168528e-09 1.400514227734474704e-09 2.282628788635325896e-09
1.026273875264014812e+00 1.266713983899854512e-08 2.168070932110840171e-09 -2.080168431717751332e-10 -2.787045720067115954e-09 1.314287600071354334e-08 4.183963730114079750e-10 -2.124813729074939981e-10 -8.367192448419670497e-09 -2.032638297833159439e-09 1.698310828165862264e-10 1.248400727478063982e-10 4.883405192696517880e-09 -1.624188102763591987e-09 2.365224818160740946e-09
1.030463237552156075e+00 -6.225471779625477928e-09 -6.600923303397783754e-10 8.529671673133482964e-10 6.589822147530521103e-09 -4.309508154101894121e-09 -7.812696075129249977e-10 9.208554994626641722e-10 -1.293766722071536159e-09 -2.502612990968895870e-09 -2.983844945772568609e-10 2.139282216896074021e-10 1.237011142716976634e-09 -8.799182753831195217e-10 1.184269367730517257e-09
1.034646639530784062e+00 -5.501583501957033869e-09 -5.729949420532997705e-10 -1.367589387036543980e-09 -4.101586994335898926e-09 -1.263361963209801609e-08 -3.359944459993965092e-10 -5.968564307358236466e-10 -9.410080202646541517e-09 -3.243047575010633755e-09 4.097691063835695032e-10 -4.335934931427956906e-10 -1.190923528212273258e-08 -3.606751862880439237e-10 -1.807199638894661267e-09
1.038830480088573260e+00 1.887171367471209431e-08 -3.006142119345746102e-09 1.702499953727266585e-09 1.658004053194078848e-09 5.406950921810686564e-09 2.024121038088648251e-10 4.761564344245618586e-10 3.700481679276081372e-09 -3.121642782239627453e-09 5.682007968520104360e-10 -3.205204848952269100e-10 4.783897893349862177e-09 -7.837482228229429945e-10 9.929662240208774458e-10
1.043023229532383578e+00 1.338943572091670016e-09 7.913625759256189714e-10 2.243326046597588105e-10 1.542160134911945237e-09 -2.597678024518208176e-08 8.799075518571760978e-11 -7.629797400760133133e-10 5.626290151075749279e-09 -6.438147696710596595e-09 2.527024136343443721e-10 5.868833020593436690e-11 6.513031400006491950e-09 1.070632498648175973e-09 3.534889791778863981e-09
1.047211320931656031e+00 1.687134291006878101e-08 1.232472340879044699e-09 -2.080404560001487289e-09 1.637213774695324833e-08 4.487043706444769404e-08 -4.297881818320218161e-10 5.715474390416881530e-11 3.378502978315592996e-08 1.998331783346510350e-08 -8.489004988572658181e-11 -2.679064044985603351e-11 1.090322849569995135e-08 4.188852792874673367e-09 3.188309831826421402e-09
1.051395396220772938e+00 -1.946499158120463989e-08 1.033161009076993128e-09 -1.050780157380643517e-09 -7.527347962006931324e-09 -1.092981612599399048e-08 -3.805017762842338590e-10 7.108381702319428022e-10 -5.979236110195526434e-09 -7.985757840892656333e-09 2.298429426056522450e-10 3.253015844950754423e-10 -6.909905510799122472e-09 -8.961687198736776332e-10 6.555995088472647551e-10
1.055587561333155788e+00 -2.031509850481574980e-08 -6.894354497980662356e-10 -1.631710340228432707e-11 -1.374957129761141146e-08 -1.950727847075954421e-08 -5.946493599208679236e-10 5.224421849350049253e-10 -3.601213208278020653e-08 -1.116914917735236082e-08 -1.064554641848481567e-10 -2.551427867203099660e-11 -4.750449571248608680e-09 -1.173534135909891947e-09 -1.119272207940348527e-09
1.059780855230085139e+00 1.458831517314762419e-09 7.951888203074668981e-10 1.318302334814333053e-10 2.134269812463569679e-10 -1.562891596730178221e-08 6.969206837921912821e-11 -2.130332113323681355e-10 9.314249670859968962e-09 -5.910773122352193219e-09 -3.276433235334146602e-10 2.259439365120031321e-10 -9.077222671380445187e-11 -3.500837615001735637e-10 8.990241135407825640e-10
1.063968553353427993e+00 2.359951041640231723e-09 -8.985547281097183259e-10 1.169883388779506485e-09 -6.864765985348823581e-09 -2.770695415908783203e-08 1.711156575011412412e-10 -3.476159640319645923e-10 -3.936587954294938066e-10 -1.389952149276905350e-08 -5.816018810991220030e-11 -2.519289201685642026e-11 1.077698214647650755e-09 -1.798226514115738951e-09 1.201569265201360940e-09
1.068144877931138659e+00 -1.213355807179780418e-08 1.623360742318126987e-09 -1.453470891391269174e-09 4.498201435667214552e-09 3.301469135031895410e-09 7.065481869935915985e-10 -3.859781123388417072e-10 7.074234721955635519e-09 3.362862318306131080e-09 3.213525734142669266e-10 7.508109765474099163e-11 3.242856325019037329e-09 1.615032502583074045e-09 -8.034307712792261351e-10
