# Columns: ('k', 'P')
5.345493089407682419e-03 1.244536024305555475e+04
9.344366739594166943e-03 1.045715725806451519e+04
1.312833575873958818e-02 4.614216836734693061e+03
1.700891779646987109e-02 2.035299285714285725e+04
2.135270783943789275e-02 2.136744857142857290e+04
2.564347439342075027e-02 1.259643333333333248e+04
2.962205054058980949e-02 9.825988372093022917e+03
3.361537140302770649e-02 1.272470078740157442e+04
3.793950633336700545e-02 1.206604465849387088e+04
4.227894994616508695e-02 9.126169600000001083e+03
4.633325468672155889e-02 9.390947873799725130e+03
5.038752484052157893e-02 1.008839911797133391e+04
5.464179025701254577e-02 8.536718089990818044e+03
5.886817576171304162e-02 5.686290632506004840e+03
6.290140616743733482e-02 7.152245614035087783e+03
6.703999982739437813e-02 5.766055122828041021e+03
7.134254604642074893e-02 5.736065018807093111e+03
7.561818311969153994e-02 5.795807194244604034e+03
7.973924982214039558e-02 5.567361633776961753e+03
8.385356877962653332e-02 4.927646404449741567e+03
8.809929214337092196e-02 4.248313265663283346e+03
9.230415729057904473e-02 3.917281176863924884e+03
9.643309047658384092e-02 3.424904271432898895e+03
1.005689403076158450e-01 3.224310238429172841e+03
1.047818677762802908e-01 2.740958924570575164e+03
1.090277847809041356e-01 3.328452475017429606e+03
1.132170039508717807e-01 2.545855062872270082e+03
1.174008294871188018e-01 2.235501104195944663e+03
1.215998224695146873e-01 2.318564549763033028e+03
1.257670529567683493e-01 1.940841439515410684e+03
1.299386816717305049e-01 2.056854602338218228e+03
1.340949335765710126e-01 1.524620022211645392e+03
1.382635144665005922e-01 1.967788436458484284e+03
1.424925284902303357e-01 1.783178256743933616e+03
1.466886314558672189e-01 1.458228906147163343e+03
1.508619291163366127e-01 1.512861553421660346e+03
1.550655720814744509e-01 1.403687186662002887e+03
1.592593054631499527e-01 1.286844629366035178e+03
1.634144798183441161e-01 1.338616960000000063e+03
1.675823816150099899e-01 1.138393792626272671e+03
1.718045808093531246e-01 1.074885407925407890e+03
1.760135070798979073e-01 9.712774792823968255e+02
1.801930856696074279e-01 9.558659960787657610e+02
1.843742315857553882e-01 8.129087430330255302e+02
1.885797910080431738e-01 7.998385878362753374e+02
1.927656394953895236e-01 8.353637338234168510e+02
1.969014248243030341e-01 7.559698247655056775e+02
2.010715633173454087e-01 6.582892726897406419e+02
2.052920281681521186e-01 6.533317569786535159e+02
2.095172134954577381e-01 6.179406464621006307e+02
2.136973926115405542e-01 6.073200620155039360e+02
2.178750580088065492e-01 5.563765255474452260e+02
2.220823861956562617e-01 4.819997743555028933e+02
2.262696194198526023e-01 4.695517373881539243e+02
2.304259489101245229e-01 4.472040762167613366e+02
2.345870463846415066e-01 4.497687178704127859e+02
2.388019837064606632e-01 3.671809974412205406e+02
2.430077036534963875e-01 3.536710882898302657e+02
2.471758823520590620e-01 3.776624511381926936e+02
2.513692271335918882e-01 3.402585444838300646e+02
2.555723892733414715e-01 2.952383239696359283e+02
2.597674079539822323e-01 2.762817481566915490e+02
2.639178238801485610e-01 2.605587886228769889e+02
2.680749044740857179e-01 2.667543934515265391e+02
2.723023151079725368e-01 2.330483268626363440e+02
2.765128983200950685e-01 2.149037817137386241e+02
2.807027537381580062e-01 1.569565278509927850e+02
2.848857026249724811e-01 1.779226192547232301e+02
2.890807262117984777e-01 1.257474350938541079e+02
2.932785946948970324e-01 1.427595987321504651e+02
2.974321087309398370e-01 1.367597890362793578e+02
3.016123743882810904e-01 1.264094933820173452e+02
3.058101292111336522e-01 1.006233992142278737e+02
3.100168993294901143e-01 9.009377600505035844e+01
3.142092030053749707e-01 7.490509239425357180e+01
3.183867557675504334e-01 6.939180161108514255e+01
3.225872781332082551e-01 7.229865171539179869e+01
3.267666109043823597e-01 7.649290826972347190e+01
3.309328770241455886e-01 4.889320982928883552e+01
3.351106074107195187e-01 6.256763713607396937e+01
3.393095620710060434e-01 4.471978457913591143e+01
3.435164896197421824e-01 1.222630099449601815e+01
3.477107812306902690e-01 1.596963464515980036e+01
3.518857617074659383e-01 1.681607552136519246e+01
3.560773577310688554e-01 9.470558675085756661e+00
3.602869550449780967e-01 1.331791535141402960e+01
3.644651285618699665e-01 1.818378881856093443e+01
3.686396944457170921e-01 4.154984888048193881e+00
3.728293470315630076e-01 -1.088562543886046896e+01
3.770363921861874523e-01 -7.818305877765864942e+00
3.812363453093803867e-01 -1.281264334586103892e+01
3.854150971210312249e-01 -1.699065315103529983e+01
3.896036578152083374e-01 -2.183398743389899010e+01
3.937795161075864914e-01 -2.374712353015551969e+01
3.979440095093054186e-01 -2.559438044194369866e+01
4.021139069446590386e-01 -1.490195875399085423e+01
4.063125452039867413e-01 -2.175875250492564916e+01
4.105412315868290918e-01 -2.668697771018332077e+01
4.147348487769681458e-01 -3.227579654353345973e+01
4.189107045044477284e-01 -3.746649709879977763e+01
4.230974437456921922e-01 -2.766839847101957872e+01
4.272931011032126136e-01 -4.514215918286333817e+01
4.314914587673138180e-01 -2.848195510088093130e+01
4.356511643511531418e-01 -5.428295714264374539e+01
4.398424702607344750e-01 -4.098342085414621039e+01
4.440501074980069407e-01 -4.712368948888288145e+01
4.482267968899237842e-01 -4.100176887613688592e+01
4.524052929840755577e-01 -4.261936983118036437e+01
4.566090347930675253e-01 -5.151798207766346138e+01
4.608167319022857811e-01 -4.754521637242124399e+01
4.649806979855051203e-01 -5.281633398088632703e+01
4.691538386770017222e-01 -4.898037576172196594e+01
4.733478629909182445e-01 -5.642007245204098353e+01
4.775500538217637980e-01 -5.791675908885936508e+01
4.817339644282710998e-01 -6.170556505085033905e+01
4.859144464692263798e-01 -4.420978510450397181e+01
4.901252990058800885e-01 -5.233958817476558778e+01
4.943123444065962158e-01 -4.754804651109296287e+01
4.984736335014697817e-01 -5.528009141408998772e+01
5.026590164608074618e-01 -5.354546154607760400e+01
5.068609875937976073e-01 -5.661074662473567543e+01
5.110594965365916620e-01 -5.208481003193728043e+01
5.152492140965455603e-01 -5.741077529566360482e+01
5.194329442812991582e-01 -5.847008360596147014e+01
5.236343964239100757e-01 -5.599128390852138892e+01
5.278273205415198177e-01 -6.235621030523945763e+01
5.319960279023402405e-01 -6.025241276911655319e+01
5.361714592099571242e-01 -4.927298031162713698e+01
5.403746330902056139e-01 -5.081533802322159232e+01
5.445761264886261888e-01 -6.079745417227646698e+01
5.487504490749764985e-01 -5.151263568283174266e+01
5.529407179677009454e-01 -5.001659773568512435e+01
5.571409157079509900e-01 -5.789940502523451471e+01
5.613298693710127019e-01 -6.033443799323063672e+01
5.655062246218995892e-01 -5.400058074564220334e+01
5.696867424029971039e-01 -5.388301954825250561e+01
5.738956954203543459e-01 -5.296840441009511835e+01
5.780928920821047923e-01 -5.134482671834495449e+01
5.822632071880226023e-01 -4.883841304293797947e+01
5.864430803127811398e-01 -5.305395878744661786e+01
5.906376733072625784e-01 -5.092215473017854777e+01
5.948356627105599870e-01 -4.577930287159111344e+01
5.990145239901687457e-01 -4.996589863924721442e+01
6.031829950841108845e-01 -5.321394716424561011e+01
6.073740526175752663e-01 -5.075036796063010058e+01
6.115768023320514724e-01 -5.244471237933626639e+01
6.157710000000914397e-01 -4.931829932022890262e+01
6.199632023912512446e-01 -4.775905887817233264e+01
6.241630060990407403e-01 -5.418828651986152067e+01
6.283593402461892241e-01 -5.174144551220857124e+01
6.325410955997395890e-01 -4.513579969842550099e+01
6.367142920629192959e-01 -4.723840406228655553e+01
6.409035099394975177e-01 -4.773944049389759670e+01
6.451032402190634008e-01 -4.468079252616043817e+01
6.492879941711476866e-01 -4.870417858500189823e+01
6.534659541563927476e-01 -4.384973419037592635e+01
6.576591076962554627e-01 -4.550973313513130591e+01
6.618529307405217610e-01 -4.544549990098440873e+01
6.660240791386257131e-01 -4.527492833321731780e+01
6.702067828716186115e-01 -4.517709128602374591e+01
6.744172070879622671e-01 -4.051791747067524341e+01
6.786118453466847278e-01 -4.215152901003079933e+01
6.827984616056306244e-01 -4.363192775037133231e+01
6.869817177358829019e-01 -4.568498377831353707e+01
6.911718524128840357e-01 -3.907292205565211418e+01
6.953555746427921846e-01 -4.124862823593759487e+01
6.995344561305086861e-01 -4.002433015266090166e+01
7.037287066792784485e-01 -3.696512421781988422e+01
7.079143033440539190e-01 -3.724219251128104702e+01
7.121186686741065586e-01 -4.009242820699110865e+01
7.163134555705721329e-01 -3.790842240507367222e+01
7.204913713645887396e-01 -3.758421191425696151e+01
7.246803275165087932e-01 -3.565013590931577170e+01
7.288763115175647123e-01 -3.773462071852840438e+01
7.330585840505703388e-01 -3.396849808023717543e+01
7.372316440474646626e-01 -3.894317382576866038e+01
7.414228560306842519e-01 -3.564823798952496503e+01
7.456189213758863676e-01 -3.522523018690325358e+01
7.498104337627916616e-01 -3.788232369189154269e+01
7.539974189770904944e-01 -3.615761251542064514e+01
7.581896411468850294e-01 -3.249692618483584994e+01
7.623808615479977790e-01 -3.456568740279189456e+01
7.665651159623174671e-01 -3.536572788010883528e+01
7.707536355579491794e-01 -3.436895378548673108e+01
7.749462413082437440e-01 -3.006250434895555301e+01
7.791369682448587852e-01 -3.143388077774861600e+01
7.833258353347896108e-01 -2.913711053572809817e+01
7.875159900600451346e-01 -2.926017565398054643e+01
7.917084457625156446e-01 -3.046242676705798047e+01
7.958821468706197555e-01 -3.268006160428567597e+01
8.000624692379799674e-01 -3.092640255552122142e+01
8.042564613727184453e-01 -3.154654010097040384e+01
8.084384822996342201e-01 -2.860703841196846753e+01
8.126333810499198895e-01 -2.972472196370894437e+01
8.168271958201180905e-01 -2.763720645618270311e+01
8.210214995694952167e-01 -2.648201869313141188e+01
8.252154145000215602e-01 -2.837937619350732277e+01
8.294030907808404018e-01 -2.645221501923724006e+01
8.335906150371191758e-01 -2.696633234069817320e+01
8.377685032221774408e-01 -2.694396275079628822e+01
8.419567297582307708e-01 -2.503796980505818581e+01
8.461556544987137718e-01 -2.566578381384640295e+01
8.503430790983292908e-01 -2.459935136140484246e+01
8.545245840949285965e-01 -2.471197584395007851e+01
8.587196449246210506e-01 -2.593169988957106042e+01
8.629074348139629258e-01 -2.352412827662713468e+01
8.670852844200982457e-01 -2.416575180281993340e+01
8.712764316473343706e-01 -2.217789131273776349e+01
8.754762476624626810e-01 -2.392310735139882283e+01
8.796707865602606535e-01 -2.271522179420992060e+01
8.838562222970675064e-01 -2.251727387047194640e+01
8.880381764417510926e-01 -2.411713483046554174e+01
8.922270316229049536e-01 -2.115075005170957212e+01
8.964225585562245469e-01 -2.212507758832932936e+01
9.006049913569987853e-01 -2.194212031807192176e+01
9.047836582182254839e-01 -2.111410940706819162e+01
9.089780964569278421e-01 -2.066826591481816777e+01
9.131704587403689510e-01 -2.292840991180176147e+01
9.173547920329833127e-01 -1.937465238762881015e+01
9.215425617950214754e-01 -1.975676592325752168e+01
9.257400405750663142e-01 -1.962234647736665494e+01
9.299303352268617484e-01 -1.886180116670828255e+01
9.341108300097852313e-01 -2.145264795612937192e+01
9.382896253999645220e-01 -2.037772067088917893e+01
9.424819561228944265e-01 -1.917234950970425800e+01
9.466849863120379016e-01 -1.882136513654165100e+01
9.508714331057195324e-01 -1.757673219045967983e+01
9.550563230073290111e-01 -1.766019372905476814e+01
9.592513211539739348e-01 -1.732064060925075566e+01
9.634451052878124644e-01 -1.887541939618985154e+01
9.676230540453005791e-01 -1.777388541713497716e+01
9.718094297475188270e-01 -1.773520618996986897e+01
9.760091362076940280e-01 -1.704204053772985006e+01
9.802075838006468755e-01 -1.624270656416458536e+01
9.843901124947946890e-01 -1.489833604898039887e+01
9.885650797815361823e-01 -1.571265906230647857e+01
9.927561705083151056e-01 -1.650616867565491575e+01
9.969400597939003239e-01 -1.556837661002531981e+01
1.001125867816581083e+00 -1.574412441146779251e+01
1.005315482813002204e+00 -1.523991969539633118e+01
1.009503724426713545e+00 -1.479875873193804736e+01
1.013699103815393299e+00 -1.521767634111036749e+01
1.017885842421875964e+00 -1.522161485116709834e+01
1.022076284359184406e+00 -1.561347876047445915e+01
1.026273875264014812e+00 -1.426458205827259462e+01
1.030463237552156075e+00 -1.474930667458788136e+01
1.034646639530784062e+00 -1.428932220293861377e+01
1.038830480088573260e+00 -1.369673035720285448e+01
1.043023229532383578e+00 -1.429514924703160261e+01
1.047211320931656031e+00 -1.379359797224070938e+01
1.051395396220772938e+00 -1.441835262124340744e+01
1.055587561333155788e+00 -1.324853588306077334e+01
1.059780855230085139e+00 -1.367815126676787152e+01
1.063968553353427993e+00 -1.383618059415724666e+01
1.068144877931138659e+00 -1.332535422849120721e+01
