# Columns: ('k', 'S1', 'S2', 'S3', 'S4', 'S5', 'S6', 'S7', 'S8', 'S9', 'S10', 'S11', 'S12', 'S13', 'S14')
5.345493089407682419e-03 -2.894630533854166288e+02 8.343388888888888687e+03 1.288245985243055536e+01 -3.368546820746527715e+02 -5.884599609375000000e+02 7.186277343750000000e+03 -2.416531032986111160e+00 -6.436842447916666288e+02 -5.159179687500000000e+02 7.480697048611110404e+03 -2.969947306315103930e+01 -5.357867838541666288e+02 -1.577733289930555429e+02 -1.681462944878472001e+02
9.344366739594166943e-03 -2.387437153477822562e+02 -6.198890625000000000e+03 2.236233461441532313e+02 -7.295258946572580783e+01 -1.034242313508064399e+03 -1.147557459677419274e+03 2.211188256048386904e+02 -7.765609879032257368e+02 -9.557324848790321994e+02 -5.684081401209676869e+02 2.126994077620967687e+02 -9.041554939516129252e+02 -2.896718434979838435e+02 -2.891696068548387188e+02
1.312833575873958818e-02 1.611995216836734471e+03 4.102750637755101707e+03 -6.363883131377550484e+01 1.075422911352040728e+03 3.636784757653060751e+03 5.928076530612244824e+03 -5.645847417091836178e+02 3.058826530612244824e+03 2.621252869897959044e+03 5.327830676020407736e+03 -4.438871970663265074e+02 2.337524713010203868e+03 6.472893016581632537e+02 5.893848453443877133e+02
1.700891779646987109e-02 -6.409470238095238983e+02 1.129296071428571486e+04 -1.888549553571428760e+03 -1.617209635416666913e+02 -1.704373809523809769e+03 5.594892857142857792e+03 -6.777720982142857338e+02 -1.217257886904762017e+03 -1.105948511904761972e+03 3.254888392857143117e+03 -2.333413690476190823e+02 -9.508065476190477057e+02 -1.859439732142857338e+02 -1.622759300595238301e+02
2.135270783943789275e-02 -1.631552857142857192e+03 3.405446071428571486e+03 5.663122321428571695e+02 -1.103162142857142953e+03 -3.602976071428571231e+03 2.104509642857142808e+03 3.086979910714285893e+02 -3.308983928571428351e+03 -2.965760178571428696e+03 1.537881071428571431e+03 1.890145982142857122e+02 -2.883317857142857065e+03 -8.411183928571429078e+02 -8.313116071428571558e+02
2.564347439342075027e-02 4.599301388888889051e+02 6.299755555555555475e+03 -1.080946111111111122e+03 4.693036805555555588e+02 -1.491821874999999977e+02 3.773928888888889105e+03 -5.563513888888888914e+02 -2.206290972222222138e+02 -3.220159027777777965e+02 2.456152777777777828e+03 -3.271995138888888732e+02 -4.721044791666666924e+02 -9.876232638888889426e+01 -1.556504166666666720e+02
2.962205054058980949e-02 4.067331551079734595e+02 1.976716362126245940e+03 -2.747015157807309151e+02 9.435849252491694870e+02 9.123141611295681059e+02 1.497391092192691076e+03 -1.973224927325581461e+02 1.567591154485049856e+03 9.644126868770764531e+02 9.578534053156146229e+02 -1.275992914244186096e+02 1.107565510797342313e+03 3.120137562292358666e+02 2.895172342192690849e+02
3.361537140302770649e-02 -1.183198326771653456e+03 -2.804478346456692961e+01 1.399521817585301733e+03 -5.266887713254593564e+02 -2.258099409448818733e+03 6.762475393700786981e+02 5.054235564304461832e+02 -1.437764927821522178e+03 -1.502282808398950010e+03 7.035239501312336188e+02 1.608516957841207216e+02 -1.187117372047244089e+03 -3.821444799868766609e+02 -3.471020341207349134e+02
3.793950633336700545e-02 -2.603828261821366041e+01 5.041719570928196390e+02 -6.351280647985989702e+01 4.667258099824868509e+02 -1.414778075744308126e+02 7.428248139229422122e+02 -8.609599387040280760e+01 2.175307300788091140e+02 -1.640404991243432562e+02 5.857583734676006770e+02 -5.540462182574430727e+01 -1.148501258756567438e+02 -4.617755308669001835e+01 -6.252019483362521868e+01
4.227894994616508695e-02 1.678841599999999971e+03 4.823844000000000051e+03 -2.242624000000000251e+03 2.516909599999999955e+03 3.782459600000000137e+03 2.925794400000000223e+03 -1.166430200000000013e+03 3.917646400000000085e+03 2.656484800000000178e+03 1.709821000000000140e+03 -5.198229499999999916e+02 2.318974799999999959e+03 6.571259000000000015e+02 5.466612499999999955e+02
4.633325468672155889e-02 -6.507640174897119323e+02 1.791274348422496359e+03 -5.236875857338819742e+02 3.080608924897119323e+02 -9.103552812071329754e+02 1.080730024005486939e+03 -2.682012602880658392e+02 -3.881496913580246542e+02 -6.910287208504801129e+02 6.854596193415637799e+02 -1.481422539437585613e+02 -6.021040380658436106e+02 -1.687344821673525246e+02 -1.792849365569272777e+02
5.038752484052157893e-02 6.299608599779493261e+02 1.547344542447629465e+03 -4.751633131201764400e+02 1.532628721058434394e+03 2.119777012127894068e+03 1.331612734288864431e+03 -4.705355567805953569e+02 2.554121278941565834e+03 1.536945148842337403e+03 8.408915380374862707e+02 -2.498404251653803669e+02 1.518481532524807108e+03 3.645461686879823446e+02 3.286377825248070508e+02
5.464179025701254577e-02 6.664578168044076847e+02 1.898658746556473716e+03 -1.059496900826446335e+03 1.018245982552800683e+03 9.434652203856749111e+02 1.088006887052341654e+03 -5.012082185491276505e+02 1.061370064279155258e+03 4.023408516988062615e+02 4.809233241505968977e+02 -1.240160123966942081e+02 2.804853363177226697e+02 5.488005409205693041e+01 2.137701410410927494e+01
5.886817576171304162e-02 5.903897117694154986e+02 1.496357686148919129e+03 -7.916258006405123524e+02 1.211430944755804603e+03 1.423249499599679666e+03 1.049801841473178456e+03 -5.136977582065652541e+02 1.630619395516413078e+03 8.341682846277020644e+02 5.898579363490791820e+02 -2.517235288230584160e+02 6.946246997598077542e+02 1.474011459167333840e+02 8.809179218374698905e+01
6.290140616743733482e-02 1.610820747520976511e+03 1.854235316552250197e+03 -9.287655415713196589e+02 2.158376430205949873e+03 3.808824942791762169e+03 1.363459572845156345e+03 -6.247329328756674158e+02 3.643680396643783752e+03 2.521140732265446331e+03 7.731583714721587057e+02 -2.514212671624713948e+02 2.162213577421815444e+03 5.681310068649885352e+02 4.750318935926773634e+02
6.703999982739437813e-02 7.159351408028759352e+02 1.434081785500299702e+03 -9.311098711803475680e+02 1.255994008388256361e+03 1.562318603954463697e+03 1.010870880766926348e+03 -5.924493708807669918e+02 1.541282804074296109e+03 7.247537447573397458e+02 4.840757564409826159e+02 -2.262598487118034711e+02 4.581912822049131364e+02 7.355090529508687780e+01 1.412700578565008946e+01
7.134254604642074893e-02 1.118573146157979636e+03 1.967857066093498361e+03 -1.235483610961848626e+03 1.756933100483611042e+03 2.715710639441160765e+03 1.278895217624932911e+03 -6.771030360021494516e+02 2.765575765717356262e+03 1.732565824825362824e+03 6.714345781837722598e+02 -2.539812264911338104e+02 1.518393336915636837e+03 3.781726222461042539e+02 3.193843027941966852e+02
7.561818311969153994e-02 1.111335971223021716e+03 9.540983213429257148e+02 -4.942625899280575368e+02 1.497374940047961672e+03 2.561751558752997880e+03 7.994005995203837074e+02 -3.935057553956834795e+02 2.615095923261390908e+03 1.752766666666666652e+03 5.016059952038369261e+02 -2.110229916067146405e+02 1.613776978417266264e+03 4.034656474820143899e+02 3.638782973621103451e+02
7.973924982214039558e-02 7.789448141349242860e+02 9.802076640660853855e+02 -5.797436897659476926e+02 1.420889857732905057e+03 2.256157641119779782e+03 7.853550367140890103e+02 -4.304841096833409892e+02 2.406914869206058029e+03 1.500426686553464833e+03 4.409867485084901659e+02 -1.949140374024782147e+02 1.368932767324460883e+03 3.152449518127581314e+02 2.782973267553923620e+02
8.385356877962653332e-02 7.805589988081048887e+02 9.934314660309892133e+02 -6.443990365514500809e+02 1.333668355184743632e+03 2.314948549860945604e+03 7.629544596742152862e+02 -4.299997516885180744e+02 2.472452125546285060e+03 1.691595152959872848e+03 4.480962455303933325e+02 -2.107947457290425177e+02 1.617716626936829471e+03 4.137726708382995753e+02 3.861224175605880191e+02
8.809929214337092196e-02 1.121686559327966279e+03 9.663073153657683179e+02 -5.301759275463773520e+02 1.442463685684284201e+03 2.910385194259712989e+03 7.377563878193909659e+02 -3.675086191809590446e+02 2.745554602730136594e+03 2.118257962898144797e+03 4.331026863843192132e+02 -1.710488055652782577e+02 1.843990199509975355e+03 5.157948022401119488e+02 4.498101155057752862e+02
9.230415729057904473e-02 1.007178201270478098e+03 8.531982614510196754e+02 -5.293254346372450527e+02 1.456821798729521788e+03 2.877998662654630607e+03 7.169790203945168514e+02 -3.908584503510531363e+02 2.864329655633567199e+03 2.132323303243062583e+03 4.378428201270477871e+02 -1.915527833500501345e+02 1.961075225677031085e+03 5.257860247408892747e+02 4.847672183216315602e+02
9.643309047658384092e-02 7.937415934565283351e+02 6.657556800969402957e+02 -3.987872993032414684e+02 1.245956376855498320e+03 2.362366555589215295e+03 5.706216298091487715e+02 -3.079764465313541564e+02 2.365658891245077029e+03 1.704751893365646765e+03 3.433580733111178347e+02 -1.537651658588306702e+02 1.559330354438048971e+03 4.058821190548318896e+02 3.714328233868524762e+02
1.005689403076158450e-01 9.314227208976157044e+02 7.149807854137447976e+02 -4.477063113604488080e+02 1.299020336605890634e+03 2.611612622720897889e+03 5.952238429172510905e+02 -3.398882187938289121e+02 2.492558765778401266e+03 1.843642917251052040e+03 3.513378681626928710e+02 -1.716062762973351994e+02 1.618939130434782783e+03 4.208152875175316012e+02 3.683501051893408089e+02
1.047818677762802908e-01 8.731097211849638597e+02 6.273634553149116755e+02 -3.810758028379387383e+02 1.205151605675877590e+03 2.558281304456061662e+03 5.512456435150610332e+02 -3.044167911376649158e+02 2.436654717450834141e+03 1.882751929300472966e+03 3.522364948966890665e+02 -1.664854680109534399e+02 1.682443614637789324e+03 4.532317338810057095e+02 4.067554144884242078e+02
1.090277847809041356e-01 7.646579130838949823e+02 5.828743318614920099e+02 -3.711155589123866889e+02 1.036419126191029591e+03 2.105539855914478267e+03 4.779818731117824768e+02 -2.762622879386474324e+02 2.027720427608645196e+03 1.503933069951196785e+03 2.869809144782709609e+02 -1.438252672554032188e+02 1.340574250522890907e+03 3.489529979084359752e+02 3.095113002556356037e+02
1.132170039508717807e-01 5.201326935804103186e+02 3.754214096624751846e+02 -2.022584794837855782e+02 7.903248952128832343e+02 1.661158835208471146e+03 3.678371939113170015e+02 -1.843730559232296287e+02 1.536170747849106419e+03 1.177872049415398124e+03 2.295654092212662647e+02 -9.663818111625855067e+01 9.954663578204279020e+02 2.673189940436796519e+02 2.243928689609529954e+02
1.174008294871188018e-01 7.388628789399718926e+02 4.609368600682594206e+02 -2.526162166231680430e+02 9.223766311985544917e+02 2.055398915880345157e+03 3.985626380244930829e+02 -1.992943560530014224e+02 1.935882754466974575e+03 1.537610319213009461e+03 2.609354547279662597e+02 -1.107027705280064254e+02 1.380253663922906981e+03 3.781796326038947882e+02 3.411828950010038284e+02
1.215998224695146873e-01 3.891461137440758193e+02 2.879239810426540203e+02 -1.752124526066350541e+02 6.247196208530805279e+02 1.296892132701421815e+03 2.799320379146919322e+02 -1.528307109004739175e+02 1.251315829383886239e+03 9.446144075829383837e+02 1.787887203791469233e+02 -8.613732227488151239e+01 8.418424644549762661e+02 2.205942417061611422e+02 1.960566824644549797e+02
1.257670529567683493e-01 4.229919828968465936e+02 2.827584402280420477e+02 -1.469942210048102709e+02 5.687781934794227254e+02 1.239412880812399862e+03 2.548745323356493770e+02 -1.251475369677534388e+02 1.163394174238375172e+03 9.155496169606270769e+02 1.687586963299483500e+02 -7.192982807767681663e+01 8.093282558346695623e+02 2.217255701051131211e+02 1.966555095314448636e+02
1.299386816717305049e-01 3.257337395027169578e+02 2.154027869257368764e+02 -1.239920138317141465e+02 4.871012267413140080e+02 1.041891486909270498e+03 2.061325333443109002e+02 -1.070302980405071622e+02 9.880598550963280786e+02 7.653033920632307172e+02 1.318912913716449964e+02 -5.864870121850815110e+01 6.804120286514079226e+02 1.827421167462539131e+02 1.638835316153466124e+02
1.340949335765710126e-01 4.218390052356021442e+02 2.571625019831826080e+02 -1.348981635729018080e+02 5.001413612565445419e+02 1.135720529906393949e+03 2.172403220688561305e+02 -1.052890686974456713e+02 1.025255592574964339e+03 8.221941932413137692e+02 1.388145228462636851e+02 -5.758716087577344922e+01 7.099013168332540999e+02 1.957380215770268421e+02 1.698409884182135556e+02
1.382635144665005922e-01 2.596826546877264263e+02 1.632576257064193612e+02 -8.847655231125924047e+01 3.797464135632517355e+02 8.480833212577887252e+02 1.630783400956383105e+02 -8.030167729314592862e+01 7.944060281118678404e+02 6.343502390957831949e+02 1.087144797855383302e+02 -4.661962034487755346e+01 5.588698014780467247e+02 1.534800391247645450e+02 1.357570007969859489e+02
1.424925284902303357e-01 2.483032059102615960e+02 1.553734919343906711e+02 -8.077082486105462067e+01 3.411572454927476770e+02 7.609047038091364357e+02 1.474737020469025310e+02 -7.160290429713975868e+01 7.095613392978175398e+02 5.643723058153721013e+02 9.925862477972074771e+01 -4.274767012335637162e+01 5.003462111969635089e+02 1.370381506710044732e+02 1.224535210790294002e+02
1.466886314558672189e-01 2.035146439383967163e+02 1.299455377122548327e+02 -6.311195619981570815e+01 2.887358496775042340e+02 6.520082927471369203e+02 1.286587468737659492e+02 -5.995456265631169401e+01 6.031228116361721732e+02 4.847362116624983059e+02 8.621546334079241092e+01 -3.511541151112280801e+01 4.227693168355929743e+02 1.167262570751612429e+02 1.023528037383177463e+02
1.508619291163366127e-01 1.479460769417770791e+02 8.326392518536526666e+01 -3.746618223532271941e+01 2.213861674972651201e+02 5.111887079129695053e+02 9.117327093715813646e+01 -3.970929561200923530e+01 4.726540962683845919e+02 3.873838276406953014e+02 6.349978728576638076e+01 -2.451785660021879210e+01 3.390144037923909082e+02 9.481471070864228068e+01 8.362315394432964410e+01
1.550655720814744509e-01 1.425756674828028281e+02 8.630584703276203129e+01 -4.541566835723445905e+01 2.111516701643931242e+02 4.827655357351055159e+02 8.876409292293342901e+01 -4.264174172204733537e+01 4.523605281566981375e+02 3.662906027748629754e+02 6.025578217908359591e+01 -2.577017750961874754e+01 3.256747114375655769e+02 9.000254313862654953e+01 8.055216713303019560e+01
1.592593054631499527e-01 1.307204642505200809e+02 7.866288459432826130e+01 -3.831408764918428034e+01 1.828223201576699921e+02 4.223355414431183590e+02 7.853012427460856770e+01 -3.517781670863899990e+01 3.892834501259169997e+02 3.166465016971422415e+02 5.426008704697251517e+01 -2.152228183510347037e+01 2.774305540348187833e+02 7.699191120113873410e+01 6.768502956312273966e+01
1.634144798183441161e-01 1.200306666666666615e+02 6.608132000000000517e+01 -2.811240666666666499e+01 1.505814666666666710e+02 3.594309600000000273e+02 6.320852666666666408e+01 -2.562994000000000128e+01 3.262466133333333573e+02 2.731286400000000185e+02 4.403176333333333048e+01 -1.533900500000000022e+01 2.388943466666666779e+02 6.816274666666666349e+01 6.017742666666666906e+01
1.675823816150099899e-01 9.173430858950281674e+01 5.193163734308589596e+01 -2.525503175348423213e+01 1.262304536918058631e+02 2.972113027577344724e+02 5.268354625877235975e+01 -2.360028448403677004e+01 2.718645102303054273e+02 2.241056884451912481e+02 3.619089156864683332e+01 -1.443592777008994688e+01 1.954538153602846648e+02 5.456247528911732303e+01 4.796993921122862048e+01
1.718045808093531246e-01 7.663162004662004279e+01 4.226802156177156178e+01 -1.950552010489510479e+01 1.023745221445221460e+02 2.417510489510489435e+02 4.267103438228438250e+01 -1.867739801864802018e+01 2.209744522144522136e+02 1.820301282051281930e+02 2.940490093240093117e+01 -1.145357663170163143e+01 1.594507692307692253e+02 4.459501165501165332e+01 3.925403846153846388e+01
1.760135070798979073e-01 5.534840861488024899e+01 3.180267621345961260e+01 -1.465594834259174917e+01 7.909604088880794848e+01 1.886849672161005458e+02 3.393498429104817404e+01 -1.445203647208815312e+01 1.720249749567434776e+02 1.435258856206174300e+02 2.392187073126309116e+01 -9.126592238867134554e+00 1.247067889991804037e+02 3.530865813678171605e+01 3.086723659047445523e+01
1.801930856696074279e-01 4.827315446253516740e+01 2.724756254794987598e+01 -1.207832612309266018e+01 6.981551551444890436e+01 1.679857855255306447e+02 2.981280101866848753e+01 -1.221367530474810437e+01 1.543388244821413480e+02 1.295783607535589397e+02 2.135377685193078179e+01 -7.781283298525274894e+00 1.140659150967522066e+02 3.247393391441480048e+01 2.884688006137584182e+01
1.843742315857553882e-01 3.608067392479826907e+01 1.988358263663588588e+01 -8.805345853090425834e+00 5.099826345561933039e+01 1.220990038266367179e+02 2.153553026994426389e+01 -8.945105830421761439e+00 1.102041531486565162e+02 9.201560810248732025e+01 1.511458983237667475e+01 -5.690535703144496971e+00 7.933046335579402353e+01 2.242174891855918872e+01 1.952820844771649789e+01
1.885797910080431738e-01 1.947023144222616153e+01 1.122154667386109494e+01 -5.537995982039620735e+00 3.483654031449934507e+01 8.166369575271717451e+01 1.452804141293455586e+01 -6.198537949009480741e+00 7.559101595621675074e+01 6.242751291143143533e+01 1.034620702613119470e+01 -3.949312092904493809e+00 5.432252563015493507e+01 1.523240094812302381e+01 1.332158015686425578e+01
1.927656394953895236e-01 2.185118022053756093e+01 1.271719216632207861e+01 -5.819322402174745612e+00 3.245281989432575642e+01 7.673328738800827864e+01 1.396219082625009733e+01 -6.041483005015698460e+00 7.056953059192893818e+01 5.845943410674630769e+01 9.896209032085153012e+00 -3.927786272876943485e+00 5.119032850907420595e+01 1.439897053756030409e+01 1.267900968680603491e+01
1.969014248243030341e-01 1.899562140987420733e+01 1.088997968625027291e+01 -5.124511470224677900e+00 2.729682614702246823e+01 6.570812731767614423e+01 1.175250627135897652e+01 -4.969465752926634394e+00 5.883868519595723967e+01 4.906207736493855975e+01 8.088348905693303337e+00 -3.085409206173198360e+00 4.185969879299062057e+01 1.174980799643714136e+01 1.008829323602123118e+01
2.010715633173454087e-01 1.216878935009977347e+01 6.753334007087318902e+00 -2.746655510304135461e+00 1.875774100323402038e+01 4.573819927062547208e+01 8.075256528246061549e+00 -3.084902140817450178e+00 4.112386465285901238e+01 3.496145840500928870e+01 5.780991966558866046e+00 -1.983637723198926617e+00 3.004771038326567378e+01 8.654010484758824617e+00 7.516510914814560351e+00
2.052920281681521186e-01 1.088220135467980221e+01 6.040887725779967354e+00 -2.925704279556650356e+00 1.637370792282430187e+01 3.952837438423645011e+01 6.934205151888341412e+00 -2.954188988095237889e+00 3.635924466338259720e+01 3.049262931034482804e+01 5.006905788177340000e+00 -1.940092749384236370e+00 2.687694376026272636e+01 7.624523809523809703e+00 6.785181137110016358e+00
2.095172134954577381e-01 5.375382970512254666e+00 2.792264586352466882e+00 -1.017122301485413605e+00 9.449688110390018991e+00 2.300883884128284151e+01 3.922745790277865297e+00 -1.473159329516098515e+00 2.079918168357381347e+01 1.772248519311952464e+01 2.836872282779912879e+00 -9.620136815969377864e-01 1.517773769768760594e+01 4.364376260160040211e+00 3.786999234058975539e+00
2.136973926115405542e-01 7.046043120155038864e+00 3.819332122093023418e+00 -1.365964752906976720e+00 1.069009689922480710e+01 2.658750581395348789e+01 4.640630813953488421e+00 -1.619769379844961277e+00 2.448457364341085452e+01 2.115187209302325755e+01 3.519847868217054199e+00 -1.113984011627906945e+00 1.869314534883720924e+01 5.458417151162790582e+00 4.864375968992248112e+00
2.178750580088065492e-01 3.988265967153284741e+00 2.218125000000000124e+00 -8.950075273722628566e-01 6.615497718978102348e+00 1.622262043795620556e+01 2.857023494525547491e+00 -1.091121464416058506e+00 1.469570802919708008e+01 1.251582572992700726e+01 2.079021213503649879e+00 -7.391741560218978435e-01 1.083992974452554847e+01 3.113110401459854071e+00 2.728588275547445541e+00
2.220823861956562617e-01 3.745129251988492225e+00 1.984610780870987856e+00 -7.473750096956619515e-01 6.259449744739662869e+00 1.573137375190387566e+01 2.686566572178033407e+00 -9.234742333375641765e-01 1.444023417667964182e+01 1.259841890195746572e+01 2.036298795622496716e+00 -6.170253180177130981e-01 1.107651992722965062e+01 3.265345147938173653e+00 2.896372764709200798e+00
2.262696194198526023e-01 2.486197430627985039e+00 1.350337896950650540e+00 -4.986300678109732432e-01 4.143637296206839515e+00 1.027717499451062189e+01 1.790294393629576764e+00 -6.479221739137893676e-01 9.291861653949608169e+00 7.999056513147060343e+00 1.322039295369709544e+00 -4.448790857269309118e-01 6.875958068013393820e+00 1.991730337733984779e+00 1.722543889292968089e+00
2.304259489101245229e-01 1.918396880473435706e+00 9.352109014250835628e-01 -2.776513456773127553e-01 3.422011421235603201e+00 8.635656613237088663e+00 1.426537890272543851e+00 -4.512894294689772101e-01 8.012721591210658190e+00 7.020304787431665083e+00 1.122235915025741715e+00 -3.303554250039806850e-01 6.225919785972082288e+00 1.841610384268350886e+00 1.642439630493339076e+00
2.345870463846415066e-01 1.248155928704127948e+00 6.122843579808622261e-01 -1.647348528679632995e-01 2.379556595790706108e+00 6.066927361683717379e+00 1.006222522840637179e+00 -3.000962595275359912e-01 5.518499961826233147e+00 4.889438829719550128e+00 7.718242607013793277e-01 -2.019566366883302766e-01 4.264956163790909471e+00 1.275061972724843562e+00 1.131048454439609108e+00
2.388019837064606632e-01 7.266555688154782144e-01 3.419546299425481606e-01 -7.176335278191836586e-02 1.604846971105103215e+00 4.070079026456815185e+00 6.712016890811326464e-01 -1.954342226009933570e-01 3.711793695384541181e+00 3.285360115024380967e+00 5.243750245166080015e-01 -1.392195265164087870e-01 2.835482056860425981e+00 8.466264581724038951e-01 7.388006720568001118e-01
2.430077036534963875e-01 3.320198282163742687e-01 1.427133988479413196e-01 -3.453757585735808128e-02 9.467238795880282831e-01 2.376074576261113513e+00 3.797122286258498569e-01 -1.254988440783530723e-01 1.992581597965102480e+00 1.731857564600865373e+00 2.574843094408191813e-01 -8.383163766276506557e-02 1.329522172003518188e+00 3.812975350490895310e-01 2.907957788802120191e-01
2.471758823520590620e-01 -6.991412806823407711e-02 -3.240989532435617493e-02 -8.845867719231433404e-03 5.527834164463094613e-01 1.270538934956311872e+00 2.230235892949528620e-01 -9.168158044593585632e-02 1.211463303345596820e+00 9.995471300873763898e-01 1.696783406566164665e-01 -6.608042415461888586e-02 8.474751738905496046e-01 2.346740091112899662e-01 1.993176861778569731e-01
2.513692271335918882e-01 2.071423852142685249e-02 -1.173060926627937650e-02 3.237408749890596012e-03 4.443794428444051148e-01 1.069926678537044484e+00 1.655165742541354901e-01 -5.802210665527493538e-02 9.515765003446239323e-01 8.137493469924730327e-01 1.194423952487035645e-01 -3.905877661774922321e-02 6.474383301059034590e-01 1.853117837430528214e-01 1.464421837905069967e-01
2.555723892733414715e-01 -1.459011786766361563e-01 -6.490722007079062494e-02 -8.805700122898529533e-03 2.246127674416734665e-01 4.711587173521465388e-01 8.719412740704207687e-02 -5.145407902998617306e-02 4.813442093617318340e-01 3.697167537365441681e-01 6.507821378983145999e-02 -3.746293495709273474e-02 3.109405238801089544e-01 7.821503582083351447e-02 6.424825921671956097e-02
2.597674079539822323e-01 -1.507086705330662746e-01 -8.056328371986602732e-02 1.224366566855653038e-02 1.111402200867848133e-01 2.205522982465399351e-01 3.672073061935551136e-02 -2.463731083400698407e-02 2.192129993151954448e-01 1.621835715453412707e-01 2.556310079289940071e-02 -1.791897732220504649e-02 1.169109272987292475e-01 2.565663339239557944e-02 1.615675028866056517e-02
2.639178238801485610e-01 -1.017091642207642727e-01 -5.647281891050234814e-02 9.263114702830851921e-03 1.235450078013095865e-01 2.770369331261510193e-01 4.575690387923316699e-02 -2.180903657023736467e-02 2.384763227056476143e-01 1.918186163546142797e-01 2.907826248209535377e-02 -1.442919552192039982e-02 1.282390122231174545e-01 3.233993527151114711e-02 1.848039496327949158e-02
2.680749044740857179e-01 -4.830882537909279156e-02 -3.273000723452593186e-02 2.133612376176557274e-02 7.826472473795680063e-02 2.045585317700857053e-01 3.024009393518203859e-02 -1.646318534451209330e-03 1.705063084641831594e-01 1.615325943125169583e-01 2.388396801245417159e-02 -1.151272882181183631e-03 1.181234308019261242e-01 3.749706675130688033e-02 2.844601504005508583e-02
2.723023151079725368e-01 6.955573176650027556e-02 3.033210075944028569e-02 -2.751241194869083733e-03 1.695928877218524644e-01 4.485376658116102533e-01 7.220734088296126840e-02 -1.558765560184703809e-02 4.250890081923645591e-01 3.905394582524496228e-01 6.202008245083425603e-02 -1.212891324608002946e-02 3.556317090150674654e-01 1.102574810212146456e-01 1.018188092906498476e-01
2.765128983200950685e-01 -8.123085495912656107e-02 -4.694196628919339309e-02 1.892869723678517260e-02 1.749784793594595742e-03 2.131210974988176268e-03 -3.124667595846029444e-03 3.982656600878542452e-03 4.498318210285331097e-03 9.195763140244112357e-03 -8.439438619682827682e-04 2.570081943220209938e-03 -2.469462261866472910e-03 4.785393529030124160e-04 -2.092547079036367018e-03
2.807027537381580062e-01 -7.382156996793182158e-02 -3.750907751823053665e-02 5.420719804296257258e-03 -3.030878662581268802e-03 -2.812886523815014833e-02 -4.218343849698262538e-03 -3.511603715193122900e-03 -2.295189781906189705e-02 -3.097607859449130058e-02 -5.045971881314795238e-03 -2.265762063661373206e-03 -3.508134331482824081e-02 -1.341148514547366513e-02 -1.359826816739149492e-02
2.848857026249724811e-01 -8.033992570500331221e-02 -4.310942753003114275e-02 1.050575351645406316e-02 -3.012606417484495203e-02 -9.206893706943043709e-02 -1.669854959521295881e-02 2.521125870703954178e-03 -8.593292995524685896e-02 -8.261133138689068234e-02 -1.476063294814028773e-02 2.245602555134107274e-03 -8.359197125023920538e-02 -2.674699389591524493e-02 -2.635002859590828556e-02
2.890807262117984777e-01 -8.036818142690428657e-02 -4.457318954661572408e-02 1.314170695702441931e-02 -3.721840992828984174e-02 -1.050292598266420324e-01 -1.996244657626781299e-02 5.476908088693897662e-03 -8.944429621521705898e-02 -8.098129953526539415e-02 -1.495234276419151777e-02 4.139908355893098281e-03 -7.405282168026093570e-02 -2.236104787833396307e-02 -2.020097558313471015e-02
2.932785946948970324e-01 -5.727030246728262441e-02 -3.091783775666397463e-02 8.059119685850857015e-03 -2.638976031633949448e-02 -7.667559304081708604e-02 -1.382331111456597435e-02 2.873465870188890957e-03 -6.536466151449613071e-02 -6.148390016910107447e-02 -1.073111050565916762e-02 2.043303456122753069e-03 -5.686332962658890294e-02 -1.791320507601889753e-02 -1.668809827735944981e-02
2.974321087309398370e-01 -5.022481071200255581e-02 -2.738931225152829024e-02 6.980596770679339293e-03 -2.457445707682395786e-02 -6.978062694781844710e-02 -1.287653921358078955e-02 2.805404821599808210e-03 -5.985116201104762751e-02 -5.539863321829550935e-02 -9.937025804536418760e-03 2.012622327836572928e-03 -5.081088087591897201e-02 -1.578135905754305193e-02 -1.447970363037148420e-02
3.016123743882810904e-01 -5.304373864911379743e-02 -2.917975955732732621e-02 7.996326042023238836e-03 -3.355807048008899868e-02 -9.288146406226228946e-02 -1.702895345126369253e-02 4.373044980709436813e-03 -8.270104142895177979e-02 -7.571821841006770581e-02 -1.335432875851019427e-02 3.175172467727231922e-03 -7.030299140422942294e-02 -2.165486300787787186e-02 -2.021219174321086179e-02
3.058101292111336522e-01 -3.060903841792130334e-02 -1.617736422843625219e-02 4.049164029784877751e-03 -1.923395462386220597e-02 -5.387066168779804098e-02 -9.396812888129629782e-03 2.089697179956484345e-03 -4.684315620735611529e-02 -4.336039423567165235e-02 -7.329082451831156475e-03 1.520742456367340893e-03 -3.909520413884660928e-02 -1.214776071872750683e-02 -1.095852979003276474e-02
3.100168993294901143e-01 -2.499818833350670247e-02 -1.333315606650746846e-02 3.397846273919041902e-03 -1.604282521781471432e-02 -4.490664817431095496e-02 -7.905559829326164537e-03 1.738244435199449728e-03 -3.996990952260107838e-02 -3.698800175175399885e-02 -6.314243578377876608e-03 1.259852565375799887e-03 -3.399385157101889737e-02 -1.057860508461505415e-02 -9.716118550915647453e-03
3.142092030053749707e-01 -3.017887859286193936e-02 -1.606680890457205108e-02 3.489225242287239629e-03 -2.148651915337695950e-02 -6.045735049526247684e-02 -1.061689747100630528e-02 2.047294734584073975e-03 -5.222031858590916314e-02 -4.890577124367199296e-02 -8.353298190415435476e-03 1.473560256441580705e-03 -4.362418456626824398e-02 -1.371027713562417844e-02 -1.236039748573297854e-02
3.183867557675504334e-01 -1.136041575739559634e-02 -6.253097316454685368e-03 1.960155965405314601e-03 -6.907783394823684836e-03 -1.862839349629189303e-02 -3.427677649036867287e-03 1.089053331889597168e-03 -1.575872594154661618e-02 -1.393629803045442345e-02 -2.464602143207401432e-03 7.891349906796583545e-04 -1.234977243298815419e-02 -3.651167749719486447e-03 -3.239061514322415496e-03
3.225872781332082551e-01 -1.213624399409499698e-02 -6.520128842110533250e-03 1.667902565435293175e-03 -7.861004657411810315e-03 -2.168583582851505223e-02 -3.860784063923583358e-03 9.410196654931230354e-04 -1.879914914824873384e-02 -1.723612605960486016e-02 -2.972696467531871656e-03 6.739749686929002353e-04 -1.544867512890468579e-02 -4.761474267167476425e-03 -4.300170784368325359e-03
3.267666109043823597e-01 -9.700256558839406157e-03 -5.091089872483805720e-03 1.034071018451436681e-03 -7.053577863094196918e-03 -1.993072792686570796e-02 -3.452527825621599673e-03 6.157200579717431220e-04 -1.770591499064835816e-02 -1.663590958642303594e-02 -2.817759016753408098e-03 4.661563887296005519e-04 -1.511006453396139884e-02 -4.758870556629018166e-03 -4.339356426328585224e-03
3.309328770241455886e-01 -8.028833799623300710e-03 -4.239706852080223423e-03 9.368296474322554022e-04 -6.344615316509017409e-03 -1.771594742585611004e-02 -3.081228001240781875e-03 6.278154663780562833e-04 -1.569772853840124133e-02 -1.462169130238635296e-02 -2.475349842694418538e-03 4.744304988039233732e-04 -1.317153280815407460e-02 -4.112477465475803534e-03 -3.725663716869290643e-03
3.351106074107195187e-01 -6.798549939524630922e-03 -3.550312004580313471e-03 6.677586332523985022e-04 -5.077745198577877060e-03 -1.437791059065740909e-02 -2.478032300997477615e-03 4.115974934387397750e-04 -1.284435176408456163e-02 -1.211895392743346164e-02 -2.048082410075225627e-03 3.121201461454517923e-04 -1.110101976529309295e-02 -3.512443209772897479e-03 -3.246290880665843835e-03
3.393095620710060434e-01 -4.555632483230351130e-03 -2.428815997269109274e-03 5.575948211741093034e-04 -3.426847117852801529e-03 -9.484467513172663983e-03 -1.670748072044499818e-03 3.632299744082303334e-04 -8.140437214870892280e-03 -7.521181971209474001e-03 -1.288885989198434133e-03 2.617609806696834132e-04 -6.595124291074745855e-03 -2.044389566202264516e-03 -1.811766496623060845e-03
3.435164896197421824e-01 -3.111447781761568932e-03 -1.642173060794585322e-03 3.495488394228405175e-04 -2.272054345000686353e-03 -6.366673416535267860e-03 -1.110638209880404886e-03 2.180567437199577711e-04 -5.394755632380101619e-03 -5.026952241473111802e-03 -8.530604031980720380e-04 1.576308211972091307e-04 -4.369496065790872373e-03 -1.362657207951917162e-03 -1.199391715382908900e-03
3.477107812306902690e-01 -3.042341884685059207e-03 -1.608120616323707123e-03 3.556111426795658423e-04 -2.402196666458444093e-03 -6.674714022654859753e-03 -1.161799008698679832e-03 2.399347874906299939e-04 -5.864333498181242138e-03 -5.449754107010289748e-03 -9.259973314915712983e-04 1.801996744797778834e-04 -4.865619607500996403e-03 -1.517723583683099151e-03 -1.362641986676521675e-03
3.518857617074659383e-01 -2.177255755883795996e-03 -1.144900181182737344e-03 2.347374529408654230e-04 -1.692255351558954188e-03 -4.734539743813397442e-03 -8.224059496261995183e-04 1.585020045007925419e-04 -4.065814751786874133e-03 -3.795154159566327835e-03 -6.432278868771558206e-04 1.170414750992130427e-04 -3.331105114530856157e-03 -1.042075621050270401e-03 -9.266185931465597929e-04
3.560773577310688554e-01 -1.766179579920019440e-03 -9.309848314574616264e-04 1.986389895274558832e-04 -1.403635399209634833e-03 -3.905464873642810423e-03 -6.799619738401205000e-04 1.379118724362007040e-04 -3.413468025659425337e-03 -3.171861808543651080e-03 -5.406893511565892801e-04 1.051532357215527111e-04 -2.811697844235453835e-03 -8.760641592643730316e-04 -7.815226938869904985e-04
3.602869550449780967e-01 -1.062495213545692953e-03 -5.611096195600295388e-04 1.165688942776517943e-04 -8.192429561689122501e-04 -2.282291376229022856e-03 -3.984037582494775564e-04 7.896990191291668811e-05 -1.957716660558039227e-03 -1.823122699146696203e-03 -3.119250406104172703e-04 5.888567726695387989e-05 -1.590088102948548042e-03 -4.965202965400844493e-04 -4.378276620901033452e-04
3.644651285618699665e-01 -8.928208547062544548e-04 -4.682175687509178828e-04 8.996909477130361679e-05 -7.018282274233981913e-04 -1.970464312789750160e-03 -3.426777786303011842e-04 6.204286450674921418e-05 -1.716217110140307164e-03 -1.609629111375879230e-03 -2.742199558703894849e-04 4.678797683000347958e-05 -1.429315116939012956e-03 -4.494889386787011775e-04 -4.031777434891216740e-04
3.686396944457170921e-01 -6.382273155124716180e-04 -3.368344273514160218e-04 7.089944125707108393e-05 -5.216894395468519175e-04 -1.451762076440084835e-03 -2.537049566206528591e-04 5.207512359427766708e-05 -1.256853218893521848e-03 -1.168668197806582622e-03 -1.999160741817050104e-04 3.996716127619749388e-05 -1.028092638830616426e-03 -3.199118994533161698e-04 -2.844987918635640315e-04
3.728293470315630076e-01 -5.267222554959437135e-04 -2.764629234293301775e-04 5.346930652411391766e-05 -4.393935072014260403e-04 -1.231282184733611864e-03 -2.135553167700731823e-04 3.872068156233665403e-05 -1.080411730588457008e-03 -1.013333977542295317e-03 -1.721968083052090640e-04 2.940563252032227947e-05 -9.021620894401551245e-04 -2.837273598386933502e-04 -2.546521268238669065e-04
3.770363921861874523e-01 -3.409996147984963250e-04 -1.797581546336124967e-04 3.529793686982495531e-05 -2.838977167092518656e-04 -7.941140709291460813e-04 -1.383204617710859046e-04 2.593263941604104166e-05 -6.845031196883529130e-04 -6.394776443673314686e-04 -1.088690671763674459e-04 1.961738931492460633e-05 -5.585202418731799717e-04 -1.749438981073782838e-04 -1.546950191070559663e-04
3.812363453093803867e-01 -2.676390609013341772e-04 -1.405147616086902885e-04 2.946497744490119973e-05 -2.207221812086205561e-04 -6.185159777887320716e-04 -1.073353504461395299e-04 2.178241260664948221e-05 -5.406894998145124909e-04 -5.043706924248790146e-04 -8.576206473057999629e-05 1.671112742832518859e-05 -4.463079268157832532e-04 -1.397937297866996397e-04 -1.247076258972291431e-04
3.854150971210312249e-01 -2.436648908634518184e-04 -1.267208580533770281e-04 2.236072850277126363e-05 -2.052995557901434148e-04 -5.825303791003026309e-04 -1.003876598338712434e-04 1.688009413853566542e-05 -5.114701011551107436e-04 -4.835017405895504104e-04 -8.180314390215388104e-05 1.314770762199783693e-05 -4.304523893801872237e-04 -1.358315120230201142e-04 -1.217414147583969645e-04
3.896036578152083374e-01 -1.757897132818851693e-04 -9.244341378741501318e-05 1.682714472085338042e-05 -1.496400805542156252e-04 -4.219981350230223114e-04 -7.339114540812387158e-05 1.265147655157343207e-05 -3.706909382676936457e-04 -3.494567179467690889e-04 -5.967785768124264200e-05 9.792848858379871895e-06 -3.102744499618285165e-04 -9.814381122791187055e-05 -8.792754018945685959e-05
3.937795161075864914e-01 -1.036892189097676217e-04 -5.533443594453453615e-05 1.006156505968301850e-05 -8.893476806296659307e-05 -2.491385653845662441e-04 -4.377555543993141482e-05 7.456244130941871483e-06 -2.207597823117424913e-04 -2.057742295624270497e-04 -3.511970525462897532e-05 5.621204201722918859e-06 -1.834562041284359154e-04 -5.769918667878869010e-05 -5.186675327537294643e-05
3.979440095093054186e-01 -8.040115862617283019e-05 -4.169538963919544692e-05 7.108931391924480426e-06 -6.671073767401100368e-05 -1.899603563178539156e-04 -3.288169440456279434e-05 5.579817165806007580e-06 -1.641414764122275385e-04 -1.556499525555747555e-04 -2.643972084976109300e-05 4.320880910405720307e-06 -1.365502134810035577e-04 -4.333876741592392328e-05 -3.845464431633096252e-05
4.021139069446590386e-01 -5.354018873398560581e-05 -2.762572472598906709e-05 5.001652610035553091e-06 -4.522978812031816281e-05 -1.266811866901794989e-04 -2.176311699306597642e-05 3.677142408063037473e-06 -1.084763759554116552e-04 -1.031010070058184253e-04 -1.738530215859896729e-05 2.726927156618707521e-06 -8.806433049378974067e-05 -2.825528637843832076e-05 -2.434559199219381984e-05
4.063125452039867413e-01 -4.184392407425342888e-05 -2.133309286091954307e-05 3.862298022957349758e-06 -3.710098707280262459e-05 -1.012089859408868729e-04 -1.738439329672266837e-05 2.952471759142126459e-06 -8.916604326775986490e-05 -8.260903649863079957e-05 -1.406068782447622288e-05 2.190734175266811601e-06 -7.284204513770529174e-05 -2.292618490475139897e-05 -2.062537916933235546e-05
4.105412315868290918e-01 -2.178312562492937181e-05 -1.256382356776023614e-05 2.095956555095007007e-06 -2.028675457078649513e-05 -5.635281950691059988e-05 -1.044914485345801232e-05 1.754134166745414745e-06 -5.135739096640121095e-05 -4.795758780240953805e-05 -8.426943063778849957e-06 1.368121132207081637e-06 -4.253100252484462158e-05 -1.365745753231640217e-05 -1.192090556121273638e-05
4.147348487769681458e-01 -1.645744730539858760e-05 -8.343160274485931480e-06 1.433862008454026582e-06 -1.481112102802560157e-05 -3.882331279486244411e-05 -6.763415055794801922e-06 1.072757649708754951e-06 -3.537392770543967136e-05 -3.223458245654140945e-05 -5.526047235664332642e-06 8.274405860268169155e-07 -2.880052497320732282e-05 -8.969275114996954365e-06 -8.011881183646451664e-06
4.189107045044477284e-01 -1.300766361734747964e-05 -6.410440459803626723e-06 9.811241480250700036e-07 -9.430778508875765947e-06 -3.016857092335610701e-05 -5.134150140682129910e-06 8.397329622057490812e-07 -2.528647438026878884e-05 -2.448267156317298160e-05 -4.020801135157848924e-06 5.829053315114979186e-07 -2.165419452189072466e-05 -6.694310837695561261e-06 -6.096838350828913432e-06
4.230974437456921922e-01 -1.066512757990305989e-05 -4.548034798904610577e-06 9.024635042170762284e-07 -7.092174366657051948e-06 -2.538234062858430752e-05 -3.860275592323360432e-06 6.053140191505884614e-07 -2.013717652557513320e-05 -2.045052426682869283e-05 -3.204577537713384203e-06 4.421063746851015908e-07 -1.733418754877003609e-05 -5.481743256455604373e-06 -4.880708598785555061e-06
4.272931011032126136e-01 -6.327423857978615504e-06 -3.913571794995832138e-06 4.998396896727366926e-07 -5.014657424581263825e-06 -1.469653408106973886e-05 -3.083654674338586514e-06 4.685966376958207088e-07 -1.371574068418183808e-05 -1.236698959707960817e-05 -2.472316887345312445e-06 3.527234273115048782e-07 -1.258074073337796214e-05 -3.612420321482782784e-06 -3.730180833311188594e-06
4.314914587673138180e-01 -4.280609892047265318e-06 -2.454535113290852230e-06 6.276301521344288252e-07 -5.309079073905388776e-06 -1.101453469640818754e-05 -1.940707478888614776e-06 3.897193493618927018e-07 -1.221085138167304558e-05 -9.467641678366509872e-06 -1.571328461939536044e-06 2.438796192193208961e-07 -9.395665198587262193e-06 -2.835306684313413504e-06 -2.710591892527074889e-06
4.356511643511531418e-01 -4.189926147346968820e-06 -1.902346038117453095e-06 2.547801845329381368e-07 -3.963059791235686655e-06 -1.029985143305546770e-05 -1.494741861146702696e-06 3.019621216744910685e-07 -9.843856267665667697e-06 -7.773054519905645972e-06 -1.069735893418868989e-06 1.437429886777573054e-07 -8.082287616027975454e-06 -2.028135228851182987e-06 -1.933108189121551476e-06
4.398424702607344750e-01 -4.177253381244640892e-06 -1.189242718943098276e-06 -9.111500817915875260e-08 -1.953722927833601417e-06 -6.275359525220323132e-06 -1.066455466958766015e-06 3.696203780619748779e-08 -4.845596194126465609e-06 -5.929754967521156689e-06 -9.369420273052330525e-07 8.562651506417789040e-08 -4.038553765585240965e-06 -1.707044445650145534e-06 -1.038736834532372806e-06
4.440501074980069407e-01 -3.393720861149201867e-06 -9.178941052490809807e-07 3.099807237075304880e-07 -2.099344828292391056e-06 -5.652289377879419227e-06 -6.553638672790348993e-07 1.901104716228207992e-07 -3.477557990175105249e-06 -4.301914384016189268e-06 -6.003461885528920097e-07 1.726498260863253413e-07 -2.146771546405384299e-06 -1.024590866618986276e-06 -2.761491662939051199e-07
4.482267968899237842e-01 -2.015590167954477629e-06 -5.663861904223718951e-07 1.463005976509111254e-07 -7.987444340383242255e-07 -3.150598646556822857e-06 -4.975799016770405792e-07 6.846940310128856573e-08 -2.351037416275224097e-06 -1.854140132523257840e-06 -3.417009126592622289e-07 4.295413570374863755e-08 -1.777437454940485922e-06 -5.245148759516726234e-07 -3.305035088937863814e-07
4.524052929840755577e-01 -4.416425729529577413e-07 -2.561107162783634798e-08 1.747679039423451568e-07 -3.133158830109904083e-07 -3.326632956814500271e-06 -3.269168208818850945e-07 -3.364078324219637595e-08 -2.658021286273554936e-06 -2.978137663681617422e-06 -2.938538319218322310e-07 -2.082336321498582987e-08 -2.299282272322701992e-06 -8.745494661910641908e-07 -7.038788214212854800e-07
4.566090347930675253e-01 -1.551366271744762004e-06 -4.307907402337368815e-07 1.519401500559786977e-07 1.743785811942398293e-06 -1.646067725832660838e-06 -2.714687166441883385e-07 1.077178879271620250e-08 2.443052153234421798e-06 -1.007990409004066992e-06 -1.804468058447801392e-07 5.564989612975311785e-08 1.490718397317120988e-06 -2.594282272603477673e-07 6.149645920730373518e-07
4.608167319022857811e-01 1.054402768258001194e-08 -7.417520159780913494e-08 -2.335070930455193332e-07 3.971118652947868177e-07 1.361044327672257376e-06 -7.686576464620735055e-08 9.803158042539388153e-08 2.618097993502871917e-07 1.445310622771891751e-06 -1.334481507566037162e-07 1.346565882976987129e-08 4.359763289508010853e-07 2.649228888489472549e-07 1.937317339435190674e-07
4.649806979855051203e-01 -4.626093265104126587e-07 1.273087202382819176e-07 2.771299012545139244e-07 -6.271808094958998379e-07 -6.082135404958742051e-07 -6.110807643129246577e-08 6.384545373206956172e-08 -4.614498087162408804e-07 -7.005858676844102362e-07 -6.134234900451172402e-08 5.433936762981342805e-08 -9.044816780622506836e-07 -5.028277959440828245e-08 -6.571129844711508380e-08
4.691538386770017222e-01 1.719789967340532175e-08 -1.861312581463647228e-07 -1.057073835071090513e-07 2.259452775631014168e-07 1.082089579702080601e-06 -6.887933531410753250e-08 2.372437714765826972e-08 -1.586196355612011336e-06 6.986569503771711564e-07 -4.941343928157279483e-08 -6.591227772709095159e-08 -8.591152887596996546e-07 5.868119206708288141e-08 -1.905999263411573647e-07
4.733478629909182445e-01 -7.770648835630754511e-07 2.259795347924718159e-07 -2.124585521714001870e-07 -5.240210305809088874e-07 -1.285659551433497855e-06 -3.708765870390669102e-08 4.032438116105425894e-08 -2.472118947653432373e-06 -2.629899407589448512e-07 -3.829617869709430972e-08 1.098736934662963489e-08 -1.714633020125734409e-06 -1.084400614367330528e-07 -1.057413256170294699e-07
4.775500538217637980e-01 -1.152642166137555873e-06 1.240418243332072668e-07 5.017523497451665290e-08 -1.313670950469638624e-07 -2.534833877384855166e-06 -7.316106861023343632e-08 2.288981947795304151e-08 7.130871498917889730e-07 -1.537563526190618350e-06 -2.754857760174769870e-08 9.777311437614956870e-09 4.671458008040867444e-07 -2.313068800147691934e-07 -9.891512696118946662e-09
4.817339644282710998e-01 4.407791008649815469e-07 9.460493520158539252e-08 -1.019887685868237705e-07 2.832880134673382355e-07 -1.764677740688669316e-08 -5.356539657418319768e-08 4.855343452863685312e-08 4.593459850570867792e-08 -8.563432557418962060e-07 -7.315296840267167741e-08 2.085465404507359702e-08 2.847415165538370197e-08 -3.653564789032869128e-07 3.471581465667907907e-08
4.859144464692263798e-01 -2.396115142175440321e-06 -3.296718514593762531e-07 1.400054018743816434e-07 -1.163814465789749844e-06 -3.190843154305319441e-06 -1.485251638164301205e-07 7.787997367489432042e-08 -9.057677630855996958e-07 -2.500120422087032813e-06 -6.238923621661949072e-08 -5.937057355633194014e-09 -1.879358488144087011e-06 -7.062534532162382404e-07 -4.214076020979410924e-07
4.901252990058800885e-01 1.931213697067826491e-07 2.446744722405563538e-07 -1.503803469851834767e-07 -4.040868166296725981e-07 -5.321024576260588588e-07 4.379214837618430580e-08 -8.980855311700376805e-09 -4.528516690385630819e-07 -2.084157423487221363e-07 5.208301412807427518e-08 3.809890708449923525e-09 -5.256967224773261438e-08 -9.519717209575621834e-08 -2.773921132754782155e-08
4.943123444065962158e-01 2.065385912722416495e-06 1.207551348510602263e-07 -4.736019564997722497e-08 -8.602573503977335558e-07 3.288790664331513214e-06 -2.219855429280673250e-08 -8.962978534194376322e-08 -4.086387283988743031e-07 1.597335173051112028e-06 3.442153914660400334e-08 4.283406214395512529e-09 -3.175088139371806234e-07 2.659890135623330319e-07 -4.131749131984540170e-07
4.984736335014697817e-01 -1.199231001676099373e-06 -6.061060886782591868e-08 -8.610080837458953733e-08 -5.527876631829944355e-07 -2.011025406038467512e-06 -8.367179805513682045e-08 1.262390870203033311e-08 -1.435890721476895640e-06 -1.212717556487053472e-06 1.310586094314089217e-08 -4.744196538883954795e-08 -3.246227044443878083e-07 -2.204020933724642994e-07 -2.168022522427153577e-07
5.026590164608074618e-01 9.177670111780879380e-07 -1.831482557587845998e-07 -6.108056478516838333e-08 1.097158359148336051e-07 1.300339296789154018e-06 -5.140583309976078129e-08 1.089755809268673818e-09 -2.448276471997777403e-07 1.333433014237250406e-07 -5.193614836345063782e-08 4.187136176403565377e-08 -9.633489814961665589e-07 -1.014496757067977994e-07 -1.994422257895375311e-07
5.068609875937976073e-01 -1.886542756212434535e-06 -1.559941225246306938e-07 2.314044975739319772e-07 -6.463611561596759644e-07 -3.455456713692120985e-06 -6.204472708998123448e-09 1.039702506067437068e-07 3.861936927972876467e-07 -1.648816111961298213e-06 -2.296016917811462687e-08 1.067617565849135940e-08 -1.396994567360826679e-07 -1.815857135156537398e-07 2.911074859330163468e-08
5.110594965365916620e-01 -9.099181812980814327e-07 -9.318623668758162262e-09 -9.782647300210418919e-09 -1.912196312996230283e-07 -2.039357313296559747e-06 3.232048747771798681e-08 -9.691612038067539106e-08 5.235378408175814938e-07 -9.665730261310918719e-07 -1.784122473125564933e-08 1.918125497625192591e-08 1.121403163419949574e-07 -2.118492107110412524e-07 1.118458118523880190e-07
5.152492140965455603e-01 -8.105161782163201846e-07 8.403861334696706352e-08 -1.517049625574681055e-07 5.123000420659350513e-07 -1.114836816875442895e-06 -3.554335209135940775e-08 -5.727898177743428499e-08 1.736631531283044055e-06 -2.138397500956732258e-07 1.272927534016297323e-08 4.264732893757062145e-08 1.193185830084942496e-06 7.231827242772307099e-08 2.353268133356443063e-07
5.194329442812991582e-01 -6.473447223897477596e-07 -2.578684750911682663e-07 6.066138661742834860e-08 7.497956028867127731e-07 -8.705022049425620847e-07 -2.108935645704125163e-07 3.372959753149932296e-08 1.116872635463158460e-06 2.502273450346201312e-07 -6.478737728082051308e-08 4.623018616443173742e-08 -1.972365849497360769e-08 2.724718761548091212e-07 -1.714941074142836338e-07
5.236343964239100757e-01 8.264413362375462175e-07 4.453002478725301144e-07 -5.371889411457268615e-08 9.016281096546859300e-07 1.087306135726128810e-06 7.739439321802698960e-08 -4.357354080366643785e-08 1.743215635108172417e-06 7.725033027019114567e-07 1.635004791925046605e-08 -6.355163469951659558e-08 7.192256422344071395e-07 1.267572048988124157e-07 1.428768731592734073e-07
5.278273205415198177e-01 -9.194480025549329963e-07 -5.683349063198399484e-08 -8.998027826988448811e-08 9.324374872687940142e-08 -2.872529570011591999e-06 -3.643335143791480499e-08 4.058522794943775358e-08 2.110162528991622162e-07 -2.133350304811833559e-06 -1.182026990875259424e-08 1.790139269554416703e-08 -3.140979585298803507e-07 -5.975489467763096025e-07 -1.802528637674651658e-08
5.319960279023402405e-01 -1.225989220668053679e-06 1.797762041899037612e-07 -4.610959859922126609e-07 4.879791779082708735e-07 -1.603860691082828634e-06 4.983613342673611510e-08 -1.025899684213819081e-07 1.539395192388672883e-06 -4.957412779552457383e-07 3.612088396743334249e-08 -3.964682375844886264e-08 3.853454297204266497e-07 7.432526628795870801e-08 2.738919714776869594e-07
5.361714592099571242e-01 1.369934746997979138e-06 -2.846155541908250177e-07 -4.992340743640911956e-08 9.513571540082654696e-07 2.057230667126286197e-06 -1.408502510573825427e-07 -2.513518861770708511e-08 1.448339615943322585e-06 1.879281064249106115e-06 -1.226630079231243953e-07 2.904919566340674278e-08 7.662086563109608547e-07 4.122474527912644807e-07 1.823381696728559796e-07
5.403746330902056139e-01 7.903660324822584286e-07 -2.365891610533863196e-08 5.993757449243902206e-08 2.531342768383251217e-07 7.816029902353681199e-07 -3.542297874923292693e-08 -1.842861849973344098e-08 5.687427184852309853e-07 1.121641750770642671e-06 3.434706125607702493e-08 -6.028913808800603738e-08 7.160869276495409936e-07 2.996449327558958010e-07 2.180738320214430862e-07
5.445761264886261888e-01 6.818893236639553049e-08 -2.705449245416749829e-07 1.577825095210358696e-08 1.243864866039442822e-06 1.096115629219099071e-06 -5.959719159933475067e-08 6.416872427562367576e-08 1.959810574541171774e-06 1.196390835243753841e-06 -1.217020174353338759e-07 1.151046698569553437e-08 1.134623261240061951e-06 5.036448821359919899e-07 8.372972512935879662e-08
5.487504490749764985e-01 1.387540949863369722e-06 1.029722739944923091e-08 1.287608511219940124e-07 6.880712429577648220e-07 1.214493049807254229e-06 8.270920978327035188e-08 6.159663665417134916e-08 9.798337890767945348e-07 3.135180826411556023e-07 2.725176901331006787e-08 6.078458212587077061e-09 -1.721543409797199008e-07 3.628933733093784354e-08 -1.006106926655285381e-07
5.529407179677009454e-01 7.940860990280575655e-07 -2.110929171717557159e-07 1.209445802550730538e-07 -1.971311614719607712e-07 4.497231524494473601e-07 1.784403500497004895e-09 3.667586766452345719e-08 -3.788979657953369528e-07 1.390682724726890844e-07 4.348720227569338086e-10 6.402026190762454322e-08 -3.222459550195028357e-07 1.026984221152223845e-08 4.077761213942376716e-09
5.571409157079509900e-01 1.723973041652245722e-06 -6.528784316860680005e-08 -5.260248824980536218e-08 4.090859865423536775e-07 2.814024443844285085e-06 -7.678528904259404287e-08 8.445188979340278005e-08 5.455997592465793257e-07 1.411657693667825047e-06 5.563595763009568685e-09 4.719733035437099205e-08 5.559369092548951875e-07 3.631671194754212434e-07 -8.345424177509712716e-08
5.613298693710127019e-01 -2.138626158605650335e-07 9.833993392753932702e-09 9.019243957072313244e-08 -5.873960785479070135e-07 -2.500729761562159998e-06 1.117790955496254372e-07 4.120036767123607277e-09 9.700467363241558290e-08 -2.413496398919038916e-06 -2.795314210349321635e-08 2.950037114335156344e-08 6.942323093872277308e-07 -5.890356316241107825e-07 6.652319036616485929e-08
5.655062246218995892e-01 -2.895659852506420904e-07 -1.793360623763540218e-07 3.719494475511050095e-09 -8.987037731916058363e-07 4.774363016567602780e-07 -6.509876943025208156e-08 5.810367209008813797e-08 -1.711685288514342073e-07 1.610414540152883607e-07 -6.308183943309478205e-08 4.130361163497754304e-08 -5.465028107596880801e-07 -1.486483496694544395e-07 -4.162753442280399743e-08
5.696867424029971039e-01 -6.849281432601388726e-07 1.028435546272678943e-07 -2.061959421856449823e-07 -4.088390407833585807e-07 -1.007575746771019788e-06 -1.888562327505110961e-08 -9.249975030387680951e-08 -1.788323239512748336e-07 -2.682683627130017823e-07 -2.271234235031720814e-08 -2.545111921125959144e-08 -6.375355208133253286e-08 5.815965199871497251e-08 1.042572610548010355e-08
5.738956954203543459e-01 -2.263955429372676967e-06 -2.538713955462361563e-07 2.454960636152262019e-08 -1.854398500830217696e-06 -3.810599944426486804e-06 -2.453890753606008270e-08 -1.790862374483212304e-08 -1.411293313844705652e-06 -2.759910495803194430e-06 3.954861559819858147e-08 -7.287752462258088905e-09 -4.206871218755482874e-07 -5.176779115233828822e-07 8.837703681938311452e-08
5.780928920821047923e-01 -1.005878259890049505e-06 1.711716653086604949e-07 -7.468900146925932820e-08 -2.671700920386316828e-07 -1.401795245967870114e-06 6.722159910786476802e-08 -1.507202457473424345e-08 2.207900574955790477e-07 -1.002300263555267072e-06 4.770487545920690091e-08 -1.418867586754601678e-08 -7.574785692687662287e-07 -3.832572371014864467e-07 -6.306034149138030640e-08
5.822632071880226023e-01 -4.983297707547463276e-07 1.087024781265445681e-07 -1.381723346578186200e-07 -8.208304316496491777e-07 -1.890516390551330673e-06 -6.899047277512329369e-08 2.302671900139919830e-11 -2.047113942697439965e-06 -1.706522991394779353e-06 1.558925175253459539e-08 -1.401681501627687427e-08 -1.272625259466285009e-06 -3.940563001367151358e-07 -3.299051031840269520e-07
5.864430803127811398e-01 1.796803724496368565e-06 1.598147696661426701e-07 -1.495229416823821626e-07 2.410998438815893821e-06 3.813228026514345504e-06 3.669969696777930056e-08 -4.915208103073149189e-08 3.107198985248574631e-06 2.691385480534548970e-06 -4.228869649088823321e-10 -1.236407806669955893e-08 2.002550569784727157e-06 5.483873399982511299e-07 2.969819392960437283e-07
5.906376733072625784e-01 5.043239231660210603e-08 9.464490664862669058e-08 9.878682615387720706e-08 1.025590995978525942e-06 -6.225797163275566230e-07 -1.842179836334789478e-08 -4.395072170511050702e-08 6.065317478011868687e-07 -8.722782453656798589e-07 1.429813312490614136e-08 -3.969829088909655939e-08 4.187997810059424963e-08 -1.987994356872751966e-07 1.396160076759521243e-08
5.948356627105599870e-01 -1.109340675003479790e-06 -1.355102684083884849e-07 -4.720737969290011431e-08 -2.273204779668185088e-06 -2.821148293218528288e-06 -9.800121898990952699e-08 5.928063701471637028e-08 -3.686368794451744337e-06 -1.937147795968212340e-06 -2.522868323238681632e-08 4.246554434317721651e-08 -2.079647528738710559e-06 -3.785165935136268096e-07 -5.516652058346026720e-07
5.990145239901687457e-01 4.262606662748774253e-07 1.007993332738570198e-07 -1.935020778747977832e-07 1.484608702498460633e-06 2.022044080218120404e-06 1.041588490819105159e-07 -4.991184773677832603e-08 2.272827171018190098e-06 1.736981840874136557e-06 6.564373455190872519e-08 -2.648273091542011061e-08 2.015464371044567959e-06 4.958967026230099789e-07 6.585168446225204421e-07
6.031829950841108845e-01 -1.140045458703244905e-06 7.894410601927941889e-08 1.180446516301110922e-07 -2.802899526363118008e-06 -2.438839674737727556e-06 -9.171646857732901692e-08 3.504851939141069619e-08 -3.937917072268568009e-06 -1.856046385706358049e-06 -4.796850334190762980e-08 3.391996049963032734e-08 -2.605660061315475472e-06 -3.846947953981915803e-07 -9.828950245300896252e-07
6.073740526175752663e-01 -5.874398172401531065e-07 -3.464431124192696853e-08 1.388564020328020244e-07 -8.440591670515453411e-07 -5.352078657661272426e-07 2.095583344836275797e-08 1.124027694045538675e-07 -3.193461785305706022e-07 1.656027868551706528e-07 4.603266050727817557e-08 3.569836605813217952e-08 2.205140894145870957e-07 1.593867339519372969e-07 3.747353491723073023e-07
6.115768023320514724e-01 -9.221809865438918129e-07 -3.566165912850563867e-07 -3.349917276293808321e-08 -6.000557352578604682e-07 -2.304575632265841758e-06 -1.019397336201419333e-07 -8.975598872142216588e-08 5.593922041133258973e-07 -1.484853174002891278e-06 -4.527009515931222805e-08 -2.472834341742214267e-08 1.690812283769032602e-06 -2.228131087197311408e-07 3.635296483221951539e-07
6.157710000000914397e-01 6.439147860433154091e-07 3.766471765220822840e-08 -2.983656597077223982e-08 1.150520081352602383e-06 -1.578065575395219893e-07 -3.491400967367298741e-08 2.726277231137632668e-08 3.037978477260857273e-07 -8.096342211250561461e-07 1.781541357578607812e-08 -9.861663222039005912e-09 3.817790292831217614e-07 -3.802118563565823922e-07 -2.660410273530849281e-07
6.199632023912512446e-01 -7.314174515415495476e-07 -8.578107255077858352e-08 1.816518278329856987e-07 1.077579116026750691e-06 1.023074647343209741e-06 6.031123550146543367e-09 9.078746280412148983e-08 1.229780690103333896e-06 1.106936651843355354e-06 2.559500255067142106e-08 5.027849272366188377e-08 6.789258773002638935e-07 4.034764640747033775e-07 1.371738466091783981e-07
6.241630060990407403e-01 -1.184647686327714963e-06 -1.251925027763151408e-07 -8.799921720023414088e-08 2.091468436725049580e-07 -2.220613491254809416e-06 -3.505802440342936823e-08 -9.690738626489496223e-08 1.940793148084883171e-07 -1.124734796681773875e-06 -1.401838911420387910e-08 -4.613392246225167047e-08 2.352814323544149233e-07 -1.007445190345038296e-07 9.184988487659853434e-08
6.283593402461892241e-01 -4.460029438111349285e-07 2.281624861399548217e-07 -2.388773353370059809e-07 1.510348072816872714e-06 1.144843242377430689e-07 6.458082621471687510e-08 -5.489609418984086313e-08 2.024103846515223885e-06 -5.662914366610060147e-08 2.119093902089119551e-08 -4.493486373623822967e-08 1.622583108514875395e-06 7.271944896573482239e-08 2.451476887954529014e-07
6.325410955997395890e-01 3.791445194180442968e-07 7.034513208304873628e-08 -1.530461129581384331e-07 -5.386791979359030640e-07 1.915645199311616995e-07 6.616883436827638135e-08 -3.757863237742693309e-08 2.120182800707653374e-07 3.488503599516342459e-07 -5.426795120329886340e-09 -5.522055405948742040e-08 -5.201300556555944093e-08 1.126909786251052157e-08 -1.577147506925958382e-07
6.367142920629192959e-01 -8.764413480146166633e-07 2.804573555391665657e-08 -3.068094671475341370e-09 -4.482224627730014836e-07 -8.630575159643634075e-07 3.095238943475114119e-08 -7.774277405927155812e-09 -6.273558699844446910e-07 -5.595106752958229469e-07 2.899019815368056295e-08 3.970158201094970527e-09 -1.095035850681392820e-06 -1.218515976102861983e-07 -5.017951099305241902e-07
6.409035099394975177e-01 1.061740879789472045e-07 -6.000053451302473423e-08 -8.170610275642901584e-09 -3.681301678346026579e-07 6.467891537586205297e-07 -2.412065029728443960e-08 -2.869694571468273351e-08 -6.195637707061354365e-08 6.559033972818812138e-07 -1.164850981206057444e-08 1.038241916106807069e-08 -7.986421417673288352e-08 1.137070370197176322e-07 1.551741782915364262e-07
6.451032402190634008e-01 2.229268403967766198e-07 -9.801608968342606941e-09 -1.384364061353552827e-07 -4.342291053250928603e-07 -9.328798185510180679e-07 -6.190920310508941623e-08 -5.606135384803333773e-08 -5.817060117958019276e-07 -1.074674045915634605e-06 -2.764699433785080132e-08 1.929075790375507018e-08 9.421060622303238413e-07 -4.183667506237628674e-07 8.215209310696036910e-08
6.492879941711476866e-01 -1.320931173364301489e-06 6.393717410897794337e-08 -1.016010714056240975e-07 -1.286496623542493704e-06 -1.526151476713992922e-06 2.909127291816819650e-08 -6.539409697003753722e-08 -1.838384947223808313e-06 -9.266579077789843770e-07 4.815087177916564905e-09 -2.372561630430971549e-08 -1.281191464799558302e-06 -2.357022138301591843e-07 -6.262459416914345095e-07
6.534659541563927476e-01 -8.456144188583328946e-07 1.573938256950017434e-07 -4.189045446542595890e-09 -6.109405203021939034e-08 -8.564520078949820504e-07 7.068964215784937221e-08 -1.093733629756719921e-08 4.372662924799772479e-07 -2.167198940077645495e-07 6.129296648892025574e-08 -3.453156951815644958e-10 1.236869165594281306e-06 7.158519873987537061e-08 1.342590808851259086e-07
6.576591076962554627e-01 -1.463069318455440827e-06 -1.722140979656992946e-10 -1.315016304064951775e-07 -4.860020766561439058e-07 -1.452299809303520171e-06 -2.211878978517281422e-08 -1.304391230610297996e-07 -1.054230712543711534e-06 -1.760456833482579421e-07 1.402657907416484773e-09 -3.735055290301844773e-08 -3.688541062531167804e-07 2.661119844864125700e-08 -1.000623361550708488e-07
6.618529307405217610e-01 1.091242644521840619e-06 2.110751134657614366e-07 -1.414302162785938538e-07 -5.482958322965207455e-07 2.370469842373278717e-07 -9.454722928703556334e-09 -4.143050415192055008e-08 -4.683179729878447130e-07 2.705817183365450331e-08 -8.396370586918160341e-09 1.835665881107166754e-08 5.637424330470388917e-07 1.770520717477305787e-08 9.655129725151099602e-08
6.660240791386257131e-01 1.365701989442043965e-07 -1.282814557299937381e-07 -6.258230976690182394e-08 3.766906578811488613e-07 1.941303342087996823e-07 -4.620750385550037731e-10 -2.751866577950620241e-08 5.832320177406395737e-08 -8.711802695258487402e-08 4.482258122294852063e-08 -3.622148369871942603e-08 -1.928414299241189480e-07 -1.107882942050810697e-07 -1.072608045321562185e-07
6.702067828716186115e-01 -5.806868540363801347e-07 -2.027655191453296245e-08 1.614024816320537910e-08 3.120552454712837447e-07 8.421321755456424113e-07 -3.977265170783845415e-08 3.420965130366025068e-08 1.821770800417957639e-06 1.036487217526134146e-06 2.477171854608971593e-08 1.454488517625272856e-08 1.164787187487443165e-06 3.389067524393674038e-07 2.904670877231548560e-07
6.744172070879622671e-01 4.715131185549972153e-07 -1.306312694987688989e-08 2.989963219219659146e-08 1.334354035886166193e-06 1.764512964917258564e-06 3.030358267980152220e-08 -1.186131259797788240e-08 1.011806178849511536e-06 1.286322392587281388e-06 4.107823275090114665e-08 -3.288994009164425271e-08 7.418835547924718473e-07 2.240662304654870389e-07 3.187352855409833236e-07
6.786118453466847278e-01 -6.293562833243504968e-07 2.615531384190748683e-08 1.708817657724655952e-07 -4.655589068487303449e-07 -4.594876797534572389e-07 -2.762344099206202764e-08 8.770444623297055466e-08 -5.225153800797806231e-07 -2.905253942552370889e-07 1.859985971844062962e-08 3.483730795005533931e-08 -4.739756845709005510e-07 -8.885459653262435010e-08 -1.090849706896115009e-07
6.827984616056306244e-01 2.617622590717933196e-07 -2.585855813853322273e-07 8.493812322302271503e-08 6.821332064114726880e-07 -7.107809712461416777e-07 -6.201146928094781125e-08 1.900103659724995298e-08 -1.535309283277312070e-06 -7.322997942940820638e-07 8.689081123938860338e-09 -4.390780376971901103e-09 -3.085893054542121065e-07 -2.281217150305571980e-07 -9.298723777968147671e-08
6.869817177358829019e-01 5.222828834508257867e-07 -1.151455663253030611e-07 8.512119237491763403e-08 -5.260446538072748172e-07 1.317436068413615771e-06 1.323618889378341761e-08 3.206661962826279918e-08 -5.649102636471771597e-07 5.745304873767635537e-07 4.071627145640696394e-08 1.427664948990434516e-08 -2.950653010231897062e-07 3.893471127497098359e-08 -1.870824333052906685e-08
6.911718524128840357e-01 1.692212246482301809e-07 9.612315671188507185e-08 6.686130923632469519e-08 3.089602022193250204e-07 9.584266584538865357e-08 4.975857733183416002e-08 3.507654353710592146e-08 2.321617250163719752e-07 -6.107279455995149648e-07 1.044559894106257991e-08 1.266357226623733563e-08 6.570334298220989962e-07 -3.170979886873415687e-07 1.311148741201572742e-07
6.953555746427921846e-01 6.502544407748569805e-08 1.039878902020800739e-08 -6.214528543230689534e-08 1.003857429132200755e-06 4.464041382870834500e-07 1.247828453939626073e-08 -6.487185570323849363e-08 1.788025585335242117e-06 9.809037327647804239e-08 9.876401182089702472e-09 3.660663364788259599e-09 2.078460496552612862e-07 -4.601961163449167767e-08 -1.157021942385831763e-07
6.995344561305086861e-01 7.718340089703978736e-07 1.330538930539906514e-07 9.149206057112467901e-09 9.847648864834304763e-07 1.489300472236361890e-06 3.999102283101607464e-08 8.490312783065754063e-09 4.690340348990221163e-07 8.546941783617585609e-07 3.139627348378299656e-08 -3.293658645333647974e-08 6.683543199410276603e-08 2.029255493015424109e-07 1.256898901799788648e-08
7.037287066792784485e-01 1.011871654047578779e-06 6.202169351696302360e-08 -4.204886820801696422e-08 5.805566945184766262e-07 1.415572898451095648e-06 1.313536142200344689e-08 -3.421407218526385451e-08 1.083729069085056496e-06 9.721911084213460788e-07 -1.072314325712399506e-08 6.939428861112725202e-09 3.039392444214616423e-07 2.813636013941023671e-07 6.456000457865135699e-08
7.079143033440539190e-01 -2.144475849423091342e-07 1.779078424412754887e-08 5.992350625291524592e-08 1.068695030949508718e-07 4.470752298535716793e-07 6.303386796867449751e-10 1.564099000219029256e-08 1.565653303171501737e-06 1.223768886212040340e-06 -2.179317057944258659e-08 2.807541492064672903e-08 1.671708432120423847e-06 6.066013849858162086e-07 4.965619992274425799e-07
7.121186686741065586e-01 1.544750969962980462e-06 1.488049577468088500e-07 3.286333799866210789e-08 -6.028395200364249275e-07 1.200040382264474497e-06 2.950500642786871793e-08 -4.221987870759037515e-10 9.755699334257718198e-07 6.367422034667109918e-07 1.777039337144918549e-08 -3.115180681927619802e-08 5.339581268795830765e-07 2.011474628720843995e-07 5.410111601637226652e-08
7.163134555705721329e-01 -5.513251631077622092e-07 1.045419659114927396e-07 -5.263149524861930963e-08 -6.597098981971435004e-08 -1.567196277025988611e-06 1.275013472460947020e-08 -2.851083631108938059e-08 -1.965677466733645533e-08 -2.893183810829331044e-07 -3.777579143584313546e-08 -1.040801922422693475e-08 -8.602553884821622298e-08 1.374736400968553010e-07 4.335002220236503331e-09
7.204913713645887396e-01 -2.202672243699541483e-07 -1.335071743935809146e-08 3.842653803916583292e-08 -6.485218944311720910e-07 -1.045864860994991442e-07 -8.316437526460725599e-09 -2.100463436748752151e-08 -2.682738504087418326e-07 4.112299785175390730e-07 1.229723743709554863e-08 1.044732955042031612e-08 6.116790699013524221e-07 2.176665522803276738e-07 -2.097478118125706798e-07
7.246803275165087932e-01 3.084575956863189159e-09 -3.742494646693628440e-08 1.420134777593292293e-08 -7.895342921042399059e-07 -6.330751512500507843e-07 -2.675937760462998419e-08 2.298746742623414172e-08 -4.227905760869460934e-07 -8.649781928042882367e-07 -4.625517925903354153e-08 1.407570619632032883e-08 -7.820442774449097568e-07 -3.675705630966723792e-07 3.651923126274516851e-08
7.288763115175647123e-01 4.470876295257064365e-07 1.204658695344919671e-07 -7.450331055014100557e-08 3.884435651390737748e-07 -9.992305314824404814e-08 6.855028359123952813e-08 -6.824184101785836173e-09 1.135364533169420515e-06 2.190469915677137576e-07 -5.264829240949311174e-09 2.430547948478389078e-09 7.708074315568667266e-07 1.013718096456376140e-07 9.525199901191424753e-09
7.330585840505703388e-01 -2.327922704846008744e-07 1.487080219219583656e-07 -2.831657678983964009e-08 2.022379003249161694e-07 2.006704446585801128e-07 2.430480243952275068e-08 1.184819165169257647e-09 2.234533357882749508e-06 -1.588941031141135985e-07 -3.600756290183636266e-08 -5.892258437600661261e-10 1.470965010174617854e-06 -1.525663255478143157e-08 4.900574711617981888e-07
7.372316440474646626e-01 -3.927268057914260821e-07 4.829302025239596675e-08 -3.007223749139713715e-08 1.321817767292239191e-07 -3.101430637156024349e-07 1.486423451458056403e-08 1.847241920029926024e-08 2.223801722891276543e-07 3.299113125629653230e-07 3.057289981526004932e-08 -3.742146067094057697e-08 -2.222409809529902225e-07 1.084240169315157591e-07 1.931624516007153304e-08
7.414228560306842519e-01 6.812881085415903257e-07 -6.660289883741364883e-08 1.569665357228958543e-08 -6.719190646620678351e-07 5.673503065940845369e-09 -1.478121820667978641e-08 2.746539342631657692e-08 -9.293472618083376871e-07 8.425285944528725673e-08 -3.817175187652363941e-09 1.842604934845533355e-08 -8.447072521805207030e-07 -3.748293396897309481e-08 -6.794787550904654254e-08
7.456189213758863676e-01 -6.312465792347971848e-07 -2.411245713035004175e-07 -6.518184382412264216e-09 -7.593900448589741993e-09 -8.588938619988195706e-07 -6.556728870694675391e-08 2.324385844032166416e-08 -5.786548709908061433e-07 -1.202929920522769458e-08 1.020888156044385140e-09 -1.588568198416112775e-08 1.791994281697730168e-07 1.145654764236962696e-07 4.240830027639120627e-08
7.498104337627916616e-01 -1.299468746549775290e-07 4.048531858074516155e-08 -6.503864949636930414e-09 -5.243868968681813639e-07 -5.295712504015198135e-08 2.098992720995629787e-08 -7.574701716863050416e-09 -9.945713580029610626e-07 2.138887267895617377e-07 2.812776076630722750e-09 -7.794482517319549152e-09 -8.379906517744779387e-07 2.101388186889574366e-07 4.660155039529369133e-08
7.539974189770904944e-01 -6.039686471254738657e-08 -2.420023819366709428e-09 1.993234736403535260e-08 -4.926540925405622143e-07 4.769017178661188464e-07 5.281139726443945068e-08 2.064165454909073201e-08 -2.360411869059403058e-07 5.220422150711261732e-07 4.444273651384746009e-08 2.898407992613983859e-09 -5.208018492713955257e-08 1.710464877259099108e-07 2.518285695428466303e-07
7.581896411468850294e-01 3.561859814718441448e-07 7.690555842449757465e-08 3.835373248502367957e-08 5.019199241158881621e-07 9.057865389717472740e-07 5.150142867595844059e-08 -2.582171820395221342e-08 8.302440382093201436e-07 3.991339201278554214e-07 5.689897224818225149e-08 -2.332542756154603702e-08 6.436574556154624118e-07 2.190263641680372504e-08 3.144624269386151923e-07
7.623808615479977790e-01 -1.039394255559214958e-07 -5.130384491897616436e-08 2.573684437969054293e-08 3.692384371723732009e-07 -1.991627000339614337e-08 -2.322152047016353452e-08 2.870233989720866448e-08 1.148938487487435361e-06 -3.336639086586062591e-07 -2.907541066222030315e-08 1.074191658699762841e-08 4.487651235832620218e-07 -1.419268729916082727e-07 2.478860110182388566e-07
7.665651159623174671e-01 4.533146063412013948e-07 -4.044509667195119737e-08 1.092549362337086464e-07 -1.084683905352425977e-06 4.156644635935237097e-07 3.276920686803877536e-08 1.801519186369844376e-08 -4.816263243739641578e-07 6.333929999772870887e-07 -5.659830785554051332e-09 -2.019834220127773249e-08 -2.858338573570165798e-07 1.879869957838249494e-07 -1.436575961562096228e-07
7.707536355579491794e-01 8.167705421665765546e-08 -3.047506817475138233e-08 1.289125936452477461e-07 -7.313329535152319204e-07 3.794448391823927086e-07 -6.925678746146472233e-10 1.704600047086644842e-08 -1.135942509153153869e-06 4.982789859750456683e-08 5.389453812830123244e-09 -5.508863483833356514e-09 -3.869107410302793662e-07 -2.205720870929778034e-08 -3.878685996960218141e-08
7.749462413082437440e-01 -2.442298999388200461e-07 -1.264893630599927382e-08 -6.665951188893172545e-08 9.493667361838812200e-07 -5.696982909691341927e-07 -1.183545637205336684e-08 -1.565776222889761487e-08 1.552006859113525841e-06 -3.990060352338020980e-07 -9.057667628610482361e-09 -1.412553680141942851e-08 8.255840124801960076e-07 -1.414547951846387193e-07 2.758149678626528680e-07
7.791369682448587852e-01 -2.630788959365631774e-07 1.831885360120235510e-07 -1.923399055951631343e-07 -1.241627176225608716e-06 -2.316282255135134220e-06 -2.606487551046616126e-08 3.334620308427831313e-09 -2.239660218212383587e-06 -1.705387955036492767e-06 -6.311896697582291558e-09 2.835380921111746199e-08 -1.562726202304028347e-06 -4.317629825858606221e-07 -3.582190857437410549e-08
7.833258353347896108e-01 1.885799527775286229e-07 3.614991314329566545e-08 -1.123017618473316937e-08 -4.242909296532633390e-07 -2.782197537627424916e-07 -4.931912804256155359e-08 1.552380943552536520e-08 -6.295231200952876896e-07 3.897239813669249982e-07 -2.522572018343598998e-08 8.066994261670738604e-09 4.780011069395611396e-07 2.420421751809529892e-07 3.490970137089381880e-07
7.875159900600451346e-01 1.320963021807397038e-06 -9.804890219468735506e-08 7.825511969852010942e-08 2.747246841669218698e-08 1.518627408527895981e-06 2.611610785798337076e-08 2.363565930852979344e-08 -1.224327313845795378e-06 6.819102771731362825e-07 1.287821534675809346e-08 2.116396406633103287e-08 -6.434164986509778301e-07 -7.016580315129731075e-08 -1.584359502403587615e-08
7.917084457625156446e-01 -3.644801920747855451e-07 1.924784287638711951e-08 -3.362295442556830633e-08 -3.617126012086915934e-07 -9.783592379416347406e-07 -3.442815603616866989e-08 1.453431976471944391e-08 5.739617524575422785e-08 -9.024056383241576539e-07 7.966000869976738796e-09 2.179376772522291422e-08 -7.770673910695336971e-07 -3.501173727139151655e-07 -1.215081134070524740e-07
7.958821468706197555e-01 -3.956945488846969013e-07 1.961713245223586020e-07 -1.037419498390304881e-07 -1.291403944137245115e-06 -6.425767552727818341e-07 7.359266681386364694e-09 -6.778631125794048862e-09 -1.171057238104158151e-06 -2.207427827257619068e-08 1.505029912660723070e-08 -1.279315665722130522e-08 -8.915474879485006675e-07 2.152911257843093456e-08 -6.069673291593787124e-08
8.000624692379799674e-01 -3.764380254953710564e-07 2.840857294616466311e-08 2.071859457571095131e-08 -9.258809987171285833e-07 -1.048858687958972360e-06 5.414087378171521162e-09 4.152344846820716064e-08 -7.812748781175660228e-07 -2.493218832017609847e-07 -1.516901720569999628e-08 2.895991597518755842e-08 -5.197784582192091401e-07 2.537396718232202094e-08 -7.229051982773287553e-08
8.042564613727184453e-01 5.765671402674538647e-07 4.543667492336019832e-08 -8.151352438754313492e-08 1.236784859878403009e-06 1.485813211445480027e-06 1.785175640125369321e-08 2.999416310166332239e-08 4.408169716732645847e-07 8.192794891633006075e-07 1.234933118563282398e-08 1.249495528882808313e-08 7.777038896507482103e-07 1.401177675212406628e-07 3.742257645723102214e-07
8.084384822996342201e-01 -2.609921344326081233e-07 1.480836669718830101e-08 -3.083221768095808573e-09 1.511370086727906612e-07 -7.477703547008840747e-07 1.194082334546849115e-08 -2.434521441955343742e-08 1.286754607255940839e-06 -1.673162535519545730e-07 -9.343492623234479733e-10 -2.070569422987526768e-08 2.684394291393193772e-07 1.419695344888575981e-07 9.098456532410428377e-09
8.126333810499198895e-01 6.667449022143720160e-07 -8.143469940330990144e-08 -4.244909851388879768e-08 -7.303700599830889349e-07 9.831688504272286411e-07 -5.121368600575309116e-08 -3.137985346228627992e-09 -6.659034257622476859e-07 5.443458458857508130e-07 -1.323807648360761526e-10 1.334635833704738900e-08 -5.494925160391935912e-08 1.245860322927186633e-07 8.429957061698647077e-08
8.168271958201180905e-01 2.903333808182905901e-07 6.635886762222852315e-08 -4.405378700784089818e-08 1.619563294162115558e-07 3.102497792436117126e-07 -5.862600135074156206e-08 2.379830266467825424e-08 1.573914814415454026e-06 1.308307563346792383e-07 -2.261417870492706385e-08 1.123773774456559317e-08 3.471707063432472090e-07 9.161141694434205016e-08 2.860032049135756660e-07
8.210214995694952167e-01 -7.786004299607569059e-08 -3.576617649739981644e-08 2.606375026523822359e-08 5.435956639379917005e-07 4.076780857609820199e-07 3.108634541261325909e-08 1.758697582427040841e-08 1.079399201485628080e-06 5.265285201041898918e-07 2.145622941175411477e-08 -6.921136001632309328e-09 7.700811390791472086e-07 1.864657868230596532e-07 2.782635514814440265e-08
8.252154145000215602e-01 -4.458112522419056036e-08 -1.528698089923147182e-08 -7.896779363193207984e-08 1.278046658317111810e-07 6.356501671810717961e-07 -5.774608435751914719e-08 1.829881626086931117e-08 2.374898611168869367e-07 4.642161644277860675e-07 -3.782798955896836380e-08 2.784811500181092258e-08 3.087528187480419142e-07 1.941186119033062539e-07 9.299835629591558340e-08
8.294030907808404018e-01 6.240160367217603931e-07 5.589789355687114646e-09 -5.169007367382189782e-08 2.287393398115796062e-06 9.180546346247391227e-07 -2.170644965647361839e-09 -2.464417642914457283e-08 2.977958313004860262e-06 4.076966148301487522e-07 3.271557644210824176e-09 -2.496560103145412369e-08 4.936421885125603501e-07 2.183643843553233920e-08 6.494373366449157670e-08
8.335906150371191758e-01 8.056902175352944915e-07 -5.696089424398833902e-08 -1.430022111903552529e-08 9.868412757285806112e-07 -2.439352770658822417e-07 -2.842728358867506175e-08 1.090073384829361888e-08 4.126749657663627601e-07 -7.668025828123204318e-07 -9.212699719445133279e-09 1.890293489105905573e-08 5.441492318191467981e-07 -2.736047168905560108e-07 3.758631632372140827e-07
8.377685032221774408e-01 -5.484413332407111044e-08 -7.332374198748547778e-08 -4.554984581795967570e-09 6.735182174960965854e-08 -2.560905670566629615e-07 -5.667173845967158069e-08 -9.241993868477533886e-09 -1.170077638832039843e-06 -2.320680722701363633e-07 -9.550699989834966993e-09 -3.940804203021061266e-09 -7.506477103854981604e-07 7.137702011133398172e-08 -9.001238196947458193e-08
8.419567297582307708e-01 2.696939588113925662e-08 1.599856677690070420e-08 3.885864065482560247e-08 3.421229397220934198e-08 2.920380824515543136e-07 3.239113111807748546e-08 -1.908453308601784208e-08 -4.836025447538595675e-07 -1.037273029740979842e-07 -8.000059853800961641e-09 -1.553382662655371161e-08 -1.451776311412188744e-08 -1.205468316938000977e-08 -4.321688939178625292e-10
8.461556544987137718e-01 7.610486959943824875e-08 1.245950940677821649e-09 -7.254818255016191397e-09 1.005486249817070994e-06 1.266454222438558327e-06 -8.050349893668738072e-09 -1.908450814310218691e-08 2.567160582561057803e-06 5.450216440265217933e-07 -1.743279702933598306e-08 -2.361455697278283734e-08 1.653763753487365250e-06 8.448668221803024312e-08 4.636038808794332163e-07
8.503430790983292908e-01 2.683149001889721691e-08 2.950839240879348374e-08 4.018100145438400653e-08 1.264584715823035514e-06 9.857993535925383333e-07 2.555793538477192310e-09 -1.366499781920832784e-08 1.388006047845661290e-06 6.239883118478692123e-07 -1.124907913100576751e-08 1.505739686279665816e-08 1.132326004819524320e-06 1.815015292125075351e-07 2.594948139664186862e-07
8.545245840949285965e-01 -2.954834780859718455e-07 4.878766494941652475e-08 2.578062992357431048e-08 5.441497740601618249e-07 -8.515527668364457767e-07 2.980218694903325117e-08 3.197268417713048737e-09 1.013303710815044760e-06 -5.164365716497165557e-07 -3.536488803547883202e-08 1.609695626954117112e-08 1.295336390440733462e-06 -6.224532801136105227e-08 1.472196586424911872e-07
8.587196449246210506e-01 5.273127083285440207e-07 -9.260826061525929012e-08 1.084941991945000588e-07 5.824121118714629854e-07 1.262827990911239633e-06 -2.642709633909023130e-08 3.653708799535493067e-08 6.353615572385969816e-07 5.456476136534630911e-07 -1.655214930125765321e-08 2.221042824723597935e-08 -1.277631403758476487e-08 4.100597897367898053e-08 -1.153244035246656809e-07
8.629074348139629258e-01 -5.552192081405916969e-07 7.568041640845016655e-08 2.720213874908965602e-08 4.578770174318708125e-07 -1.331217555141948855e-06 -2.559710336782444174e-08 -5.972284660135825595e-09 4.578577036836392105e-07 -1.483016081912586759e-06 -1.629501043724420215e-08 5.012254145611141399e-09 6.454469112074233511e-07 -4.481402175719337267e-07 8.643915813442345512e-08
8.670852844200982457e-01 1.317662190615667762e-06 -3.144359095219345931e-08 4.999847855588691368e-08 -1.919148268165945394e-07 1.853822604826580049e-06 -1.480163920471610402e-08 -1.985468435896000972e-08 -4.517653802965832903e-07 1.377476549661253527e-06 6.981368594557119127e-09 -9.306510582678695426e-09 -6.577417646168975419e-07 3.157007763662463101e-07 1.745551916485608673e-08
8.712764316473343706e-01 8.624636440975709348e-07 2.778161615541326460e-08 4.311496866993090036e-08 9.214459854032594985e-07 1.905188699734593738e-06 3.754917423417492751e-08 -1.728948849743159547e-09 9.118146315180595655e-07 8.792576221906823659e-07 4.573348564767128483e-08 5.298884074729759125e-09 8.036719592236755223e-07 1.183369583272338970e-07 -7.803292257211407377e-08
8.754762476624626810e-01 1.189829111735192264e-06 9.012510013701109984e-08 -3.688841862854568887e-08 3.079787459488048915e-07 1.781244271689787596e-06 4.511305488330516854e-09 3.641843960712120792e-09 -2.670184387314348304e-07 1.265623092976696241e-06 1.015351848718920223e-08 5.917930318213040309e-09 4.932224167132927923e-07 3.104291504705369085e-07 5.728881160519858167e-10
8.796707865602606535e-01 -3.387103912538913322e-07 9.331431844825962929e-08 4.499436154716327776e-08 -7.538803717127150622e-07 -6.113524818105721809e-07 4.782491092749608524e-08 -3.211998215003694439e-08 -1.436338502115224673e-06 -1.887876136369974251e-07 2.325339724718774630e-08 -2.578702999875231140e-08 -1.146955300636539032e-07 6.636669000663504408e-09 1.260274244137817063e-07
8.838562222970675064e-01 -1.338767907824145635e-06 6.473792479886871761e-08 -1.187163496720785016e-07 2.580731787380174988e-07 -1.553310333831918406e-06 -2.125740665155453818e-09 -2.981589244838928420e-08 6.780131111302325102e-07 -5.262318855060224357e-07 -1.774305455496427033e-09 -1.226817903389661930e-08 8.836115625196496416e-07 -3.425281514782215144e-08 1.373978688510596309e-07
8.880381764417510926e-01 1.010649391079689735e-06 -3.980437044130696380e-09 2.533174934256304754e-08 -3.369271307349061719e-08 7.864868806913309886e-07 -3.825941651201508205e-09 4.100239579889408525e-09 -3.190594679532067654e-08 8.795469083831046292e-08 -2.096604176827033177e-09 7.718240196688571508e-09 2.753680985766676465e-07 -5.234167285601577909e-08 -2.297210880573447966e-08
8.922270316229049536e-01 2.610850900109348187e-07 1.593373371802053877e-09 3.145264008151957071e-08 1.191327064410196065e-07 -6.322627884223961670e-08 1.643186022326462308e-08 -5.190640975991117963e-09 -2.593746642402554992e-07 -7.862551103686060248e-08 -5.561308810334256213e-09 -8.175313898917658541e-09 -5.149084713440066112e-07 -4.665283650899442789e-08 -2.605129629863034736e-07
8.964225585562245469e-01 -6.793427095557360142e-07 7.563980789325713235e-08 -8.709960233239191933e-08 -9.259209353316774018e-08 3.171606447387969424e-08 3.162460541342456917e-08 -2.784721057819065402e-08 -5.146729964366280186e-07 2.911720359926165791e-07 -6.788850719278809848e-09 1.153355914251952300e-08 -3.659197434259908731e-07 1.252527957549064286e-07 -1.520764205558635779e-07
9.006049913569987853e-01 -7.110121196410542769e-08 -3.771921013562984298e-08 1.753505941048245981e-08 1.547024281589640648e-08 6.462752002869949782e-07 -5.393076274685568925e-08 -3.302550761329584567e-08 -5.013487712971058735e-07 6.006429614793216558e-07 -3.950871967632145693e-08 -5.807442132536801363e-10 -5.037820893734691973e-07 1.211741067944295387e-07 -3.498708039848214347e-07
9.047836582182254839e-01 6.316605858258711897e-07 5.260372652367578807e-08 -7.387001459363724111e-08 4.408969413049001287e-08 1.333095425264219242e-06 4.427156223598855592e-09 -1.281585469176111112e-08 2.795382487667767056e-07 7.571206354983936766e-07 3.635121526587805679e-09 1.117754059911337161e-08 6.701459273455406297e-08 1.034605231370274639e-07 1.102220853839014539e-07
9.089780964569278421e-01 9.751794599912973993e-07 3.867490872042019376e-08 6.533265007545179677e-08 -2.032118703649177666e-07 6.149462958449997946e-07 2.697953352604556754e-08 7.377561094336371116e-09 -5.235408124544672385e-07 2.061985649557861930e-07 4.475896380180231308e-09 -2.175093794389776943e-08 3.734094438509123029e-07 7.609049226956122072e-08 -1.252897913412013239e-07
9.131704587403689510e-01 5.056978723973798876e-07 -9.491332485514595621e-09 -4.552471843000120745e-08 -1.568594733890691893e-07 -2.881207920732942667e-07 8.247895201481174569e-09 6.916926112158966482e-09 -3.796767307299117617e-07 -5.589564874962266145e-07 3.862283507448842794e-09 -2.052780930758623951e-08 -1.267575506701383331e-07 -3.270494342100614894e-07 1.465039862048370528e-07
9.173547920329833127e-01 6.725728681911161177e-07 -1.351312287631765538e-07 1.423591446690580577e-08 -3.728725407265107124e-08 1.035909685173344219e-06 -7.725125679421719737e-08 3.533421506011682306e-08 1.709326340550567530e-06 1.029006672279462929e-06 -3.324890213293770899e-08 1.248908385045539399e-08 1.860652094658200187e-06 3.174319590436921994e-07 2.399348672433025691e-07
9.215425617950214754e-01 -4.536569471584819192e-07 -2.279045770991928810e-08 2.758671484231846009e-08 -1.386815676956746860e-07 -1.276245980481461030e-06 -1.856869060807894700e-08 -8.770212100822561533e-09 -5.147086224509697234e-07 -3.682558468173528692e-07 -2.630361667602734009e-08 1.833313598749819385e-08 2.551203465442967630e-07 -8.005217566036826726e-08 5.480350242459063614e-08
9.257400405750663142e-01 1.362559513339281244e-06 3.703241707067223457e-08 -2.447987749550254092e-09 -9.076541421579616075e-08 6.405469213988266309e-07 5.743755113537355541e-09 3.137010985283551403e-08 -2.158101405922136867e-06 -5.475737801599100262e-08 -1.223575616585752586e-08 1.521721102871003712e-08 -1.509960763325106086e-06 -1.751627018400646112e-07 -2.593263807185621673e-07
9.299303352268617484e-01 3.420013612844709652e-07 8.918772407636127321e-08 6.097156342133148725e-08 -1.073317513870480576e-06 -7.178997972131405361e-08 -2.103102853928898038e-08 -3.906443379372560104e-09 -7.015109068766257810e-07 -3.390540248705873925e-07 -2.283636993951031564e-08 1.090416958614873064e-08 3.291817984103784079e-07 -6.014208297203096560e-08 9.062938674274946131e-08
9.341108300097852313e-01 -1.439030628550739119e-07 1.443818708192479707e-07 1.823926777127365654e-08 -8.663668581842813674e-07 -5.215959296803045317e-07 1.237817243368546676e-08 -3.433721185076663816e-08 1.065803702317004473e-07 -3.270303593998399070e-07 -1.017399841382207733e-08 -2.231638335686826101e-08 -8.565350818267979018e-08 -4.802098390947091708e-08 -6.014484663230344868e-08
9.382896253999645220e-01 7.899451795831442113e-07 -8.484907363472682016e-08 4.965677348674213922e-08 1.255912349464087577e-06 1.102552780157732420e-06 -4.472237510753976502e-08 2.167955490105164928e-08 6.032061285075060334e-07 9.777797374988152246e-07 4.143937784221106076e-09 -1.258253925937215365e-08 6.887846819589493897e-07 2.175650153963091710e-07 9.904897070704371885e-08
9.424819561228944265e-01 -5.309658866681032737e-07 1.787266587929913392e-09 -4.604402528414911679e-08 -6.525308931737630294e-07 -1.312658602984692226e-06 -2.317056457179888803e-08 -1.740462024539899799e-08 -2.657696125820232303e-07 -5.995568118561712442e-07 -1.596523230140827892e-08 6.578233094712879998e-09 -1.336877528485465681e-07 9.188275497666392229e-09 -2.421148668897325248e-07
9.466849863120379016e-01 7.945092584684878818e-07 4.002162615002065147e-08 2.990961610660353457e-08 3.628620268464013770e-07 8.410311845973852471e-07 2.442515901363803421e-08 -1.306331591179225441e-08 1.197068153575739023e-06 8.704592594479966382e-08 1.479373566091496178e-08 5.184844539594807247e-09 1.981675936519500205e-07 -6.694868487640321053e-08 -1.499102069738732755e-07
9.508714331057195324e-01 -6.511546361014073002e-07 -8.907670630922445500e-08 -5.711013382021147617e-08 9.944477488826466042e-07 7.620958012317189816e-07 -5.716848943906012360e-08 4.128300320949083130e-09 1.293743666189036578e-06 1.264044133657093636e-06 -2.311681659473135472e-08 4.881624273257953557e-10 1.118669197288426944e-06 4.121985324893551472e-07 7.246793825620681770e-08
9.550563230073290111e-01 -5.312560739257300267e-08 4.227301227422360259e-08 -2.809289817932352488e-08 -1.003003273289866410e-06 -1.862609349412942427e-07 -3.659532360443990687e-09 -4.733734973071756258e-10 -7.972326688619522574e-07 5.727024581409029207e-08 1.132658071843672407e-08 3.093704265447000020e-08 1.527999737634533209e-07 8.066589433646431861e-08 3.480174844645401694e-09
9.592513211539739348e-01 5.063807186406334472e-08 7.541737014977955072e-08 -2.499702400498027230e-08 -9.200978673070608042e-09 -7.650949938438797984e-07 -8.341994541933282202e-10 4.471798453447745090e-08 -1.250270628472829554e-06 -1.212345066198666729e-06 5.948514158783262492e-09 2.375530661588007287e-08 -1.041674307750243964e-06 -4.917353425294962554e-07 -1.485256834270004037e-07
9.634451052878124644e-01 7.715940117466163781e-07 -5.853510757808138362e-08 1.648709404903047984e-08 -1.993738043427100329e-07 7.539315062889027540e-07 1.468752251049027696e-08 1.644474044103415311e-08 1.717357852334171290e-06 -7.049281492328063790e-08 1.496837544212291139e-08 -1.066561473110826994e-08 8.510760485759877304e-07 -3.712353012949160226e-08 2.386280463202535414e-07
9.676230540453005791e-01 8.253851307081752866e-08 -1.363092172438645702e-08 -6.267131978264369788e-08 2.556188365682057630e-07 -4.450192521721011439e-08 3.542859713483023443e-08 -4.220907600318053134e-08 -7.903441554748391059e-07 -1.938352132290541401e-07 1.761633865663103379e-08 -1.246603786821183396e-08 -6.743029007159006872e-07 -3.949323838427643962e-08 -7.285032423081120194e-08
9.718094297475188270e-01 -6.569026835063759407e-08 -8.610869774380103811e-08 1.228207721686315231e-08 3.902197945222828480e-07 3.039684675475752344e-08 -2.405397980222792996e-08 -3.716257881900463808e-08 1.693630421309505942e-06 -1.226091297670891581e-07 -1.458331081713689805e-08 -5.125875551208603760e-08 1.063594875922700318e-06 -5.902127926115032525e-08 9.475875078200838658e-08
9.760091362076940280e-01 1.259590034002439914e-06 4.895868985257559865e-08 4.153610123369131252e-08 3.942020452891301201e-07 8.429305867543594957e-07 2.803025556896266615e-09 -6.787689087350466504e-09 4.750327942073911565e-07 1.193107700200949450e-07 1.762381075961002016e-08 -1.322909066937477073e-08 4.779807587343995808e-07 -6.433726978298649189e-09 -1.402018871228477666e-08
9.802075838006468755e-01 4.371164507430747135e-07 9.450326354076647702e-08 1.238153723288141304e-08 1.127110330992257770e-06 5.352355047453667754e-07 4.477492686278844679e-08 -1.912669458287849463e-08 1.704509794013440615e-06 2.155057463066022126e-07 1.377246621406844191e-08 -1.938992560514629726e-08 2.509783257292136291e-07 2.396240204357019246e-08 -2.772362551275622225e-08
9.843901124947946890e-01 -6.864500543109292710e-07 2.944476913283118974e-08 3.248600187632456833e-09 1.240694862964970674e-07 -9.227704452147295456e-07 8.277750611199634718e-08 -1.175855578379920643e-08 7.820913410596433266e-07 -6.801694257036095308e-07 1.890247706529385499e-08 -2.545064339971932724e-09 7.705083727481025225e-07 -1.668802076349122656e-07 7.350656439779728866e-08
9.885650797815361823e-01 7.787927989146130336e-07 3.250323306940857443e-08 -4.889348235122703695e-08 3.032235106849038650e-07 2.769605718186695923e-07 -1.481339978923341558e-08 1.138907578679410746e-08 4.304937997336117438e-07 -2.483526156898488052e-08 -7.458816409602266776e-09 6.248496129088201715e-09 3.281191996639918360e-07 -5.704861529439605811e-08 1.539845836720387543e-07
9.927561705083151056e-01 4.481459897418424481e-08 -3.129142068839415856e-08 3.100321117937393138e-08 9.170595350579339185e-07 2.736252864292186418e-07 -3.374246850928090438e-08 9.872792421352251508e-09 3.274326260187429443e-06 8.917599411772101819e-08 -3.281423423306409365e-08 -1.544350994557973307e-08 1.780407975630216606e-06 9.217177026384958109e-09 5.048548770060807772e-07
9.969400597939003239e-01 -3.252208722588570107e-07 -2.337115730683122160e-08 3.639962409859162507e-08 4.792094848789766726e-07 4.629348471005411003e-07 1.706398153930175521e-08 -5.063398418269148249e-09 1.174141546054685136e-06 2.500869604431206493e-07 1.096014575365719165e-08 -1.380589886971865291e-09 7.321457429573240095e-07 -3.445121798019237798e-08 2.279806607017508546e-07
1.001125867816581083e+00 1.189023409050996671e-07 -1.108025765618649326e-07 2.186885815450786212e-08 7.725292797151692153e-07 6.321312924151146063e-07 -2.857556899367192820e-08 4.185980039214149907e-10 2.567838465947219462e-06 4.400664758092272932e-07 -2.706699534400680956e-08 2.861403470019396572e-09 2.218379484135882214e-06 1.290840060902507136e-07 7.525468275685014388e-07
1.005315482813002204e+00 -1.053912658598976727e-07 -6.273277967848469237e-09 -2.859712069981153352e-08 3.985606827674831358e-07 -2.359147301261587599e-07 -1.407971985408615167e-08 -1.049263086253773934e-08 1.382747543192355357e-06 -5.337913459706528789e-07 -1.876527368093948147e-08 -9.202610155875065577e-09 3.435593156428351584e-07 -1.888727390795027832e-07 1.376908557478553835e-07
1.009503724426713545e+00 -2.930268707008913343e-07 -1.897494979995665910e-08 3.669502610845824808e-08 -4.869119165809062852e-07 -9.765638982251841419e-07 -4.588223665712718867e-09 8.226619509278092141e-09 -8.187926825465896492e-07 -5.484505691566910007e-07 1.742054847495603051e-09 -1.593445805854310834e-08 -9.379904220729052036e-08 -6.988309710316285478e-08 -1.022084479833832070e-07
1.013699103815393299e+00 -1.946970915971849082e-07 2.966183272597153807e-08 3.619968578650033530e-08 -8.379526183383760073e-08 -1.498132624490925445e-07 -2.063791259078086314e-09 2.964567082523314179e-08 -1.732540786002313850e-07 -7.071381027088369957e-07 -5.523040610655221772e-09 3.255731185609896076e-08 -3.961413897775620131e-08 -3.200003333144583847e-07 -1.852620825144802298e-07
1.017885842421875964e+00 -1.962627202786566131e-07 -1.112156366894481960e-07 3.641577887065078878e-08 -3.104963882593049037e-07 -6.419493081007178080e-07 -2.533002112542746349e-08 1.183223824717555410e-08 1.161157928958852577e-06 -3.067665626376956457e-07 -7.470469773891310471e-09 5.230264629228638194e-09 1.262888827254830320e-06 -3.232651129135486438e-08 2.173243587289151517e-07
1.022076284359184406e+00 -5.548612414797197388e-07 -6.018664596328549706e-08 2.196485503987064344e-08 -6.668185708719078024e-07 -1.399169213141656631e-06 1.511314515851968918e-08 9.901512037366545671e-09 -9.820446011261649076e-07 -7.266824015138190471e-07 -1.976940544506039262e-08 -7.687654073285938748e-09 -6.105559299995586318e-07 -3.658071413344484279e-08 -1.704283140979746301e-07
1.026273875264014812e+00 -1.120481744318552957e-06 -2.284106533821353919e-08 1.520531851845544183e-08 -1.206220914343522091e-06 -1.219645710400129836e-06 1.269075151502182771e-08 3.944541082317442316e-08 -3.094573135813203344e-06 -1.089999097715189251e-06 2.892074064996940812e-09 1.242941672480071489e-08 -1.397031248131426887e-06 -3.587953795452027913e-07 -4.693204678743571413e-07
1.030463237552156075e+00 1.065513188830817336e-06 -1.127098300255298247e-07 6.470493543085147306e-08 4.077317417850118991e-07 1.131512344204559917e-06 -4.357437923596945137e-08 5.254918215015110331e-08 7.485154496648962370e-07 7.881988941964594869e-07 2.954021692294802900e-09 1.381065008527244924e-08 -5.589408865210954488e-07 8.347325452640756816e-08 9.367395335035742781e-08
1.034646639530784062e+00 -6.282017616228615576e-07 2.922394073396092918e-08 5.502416535365876792e-08 -1.857941077588871984e-06 -2.901431422737770810e-07 -1.432662046529803090e-08 4.598274205044207531e-08 -1.401752889205177810e-06 2.384550112094400535e-07 5.233881012004963253e-09 6.080723345302630209e-09 -5.929669984813066840e-07 2.545133794101430897e-07 -9.791452746366245222e-08
1.038830480088573260e+00 -8.648321655763077319e-07 -7.423721396654991488e-08 1.387079549876562973e-08 -1.286647832729809325e-07 -8.877760479323493151e-07 -6.393947341482819652e-09 -1.381014398351541088e-08 1.265278858264643319e-06 -2.721721510561390164e-07 4.882632316426503361e-09 -2.674252107994282264e-10 1.018101120100609175e-06 -5.077014670080168636e-08 5.324362900669323421e-07
1.043023229532383578e+00 -4.336126031263249012e-07 3.760645759834440595e-09 -1.486726056193295836e-08 5.973314754418460213e-08 -2.044877326006865433e-06 -8.621523616550341915e-09 -3.296876945263141612e-08 9.930528088396455330e-07 -1.145544774173513302e-06 3.532339361072928391e-09 -2.366768639635207381e-09 4.773196742510890178e-07 -1.349710408965565922e-07 5.882195130484368670e-08
1.047211320931656031e+00 -1.510612364390225694e-06 4.467159855364141598e-08 -4.378322078459302650e-08 -6.490034275671994056e-07 -2.255287176781652056e-06 1.422932422951125192e-08 -1.350470336601353314e-08 -1.456092604982074967e-06 -1.598722613588564669e-06 9.577140492217888551e-09 6.234871881897610329e-09 -1.751443585185911026e-07 -3.678782710319384467e-07 -2.028198882735624157e-08
1.051395396220772938e+00 -1.565324556995932657e-06 -5.390054085857170617e-08 8.331732346086015907e-09 -5.751900719539289257e-07 -7.626195951059599527e-07 -1.263322098179818411e-09 5.596301959495532575e-09 -5.263924042222542747e-07 3.250433027200927960e-07 2.175480194219613572e-09 7.051631914031582360e-09 -1.112961252341912522e-07 2.157570421729603537e-07 -1.399101087233808093e-07
1.055587561333155788e+00 -1.885784410768358408e-06 -3.671948048884559063e-08 1.703725911302070346e-08 -3.826490434873768001e-07 -3.584294683596042702e-06 -9.934990488954931481e-09 5.088840894059474894e-09 -1.231281187309058833e-06 -2.377901438981975096e-06 -6.135014564004605035e-09 -1.279475299838323291e-08 -3.137552779553542652e-07 -4.915726179804963993e-07 -1.969926098928663569e-07
1.059780855230085139e+00 3.080648222223163327e-07 1.282260190976724964e-07 3.364267636952446425e-08 -8.127693928762380174e-07 8.788968707330772011e-07 4.940467015314231812e-08 -4.260806390204593426e-08 -5.249544460889732739e-07 1.151004326612443671e-06 2.507905606573014756e-08 -1.403146500275946563e-08 -2.407113374176867384e-07 3.550506050472887548e-07 -8.431151982997663825e-08
1.063968553353427993e+00 8.090185446129860310e-07 -1.024404558719592266e-08 2.207835596329742569e-08 9.474916828031352095e-08 1.683752250070591125e-07 -3.216138300419471785e-08 -1.298267350358228398e-08 -6.791343875093608270e-07 -4.629715223337705118e-07 -4.027106457337949271e-09 -8.070074331509338766e-09 -5.069795999862127214e-07 -2.148491958861780584e-07 5.281390832209850182e-08
1.068144877931138659e+00 -1.068044645935780231e-06 1.421554782360470438e-07 -6.193239593870232545e-08 -5.558704033194418993e-07 -1.965634067469438248e-06 6.643871638486287187e-09 -1.408529652407750903e-08 -3.366792164392059949e-07 -7.449939456702963658e-07 1.883246816356562539e-08 -1.122340113872364258e-08 4.971729536382835991e-07 -3.794615874629480783e-08 -1.079405174373921258e-07
