# Columns: ('k', 'P')
5.345493089407682419e-03 2.497915451388888687e+04
9.344366739594166943e-03 1.000298790322580680e+04
1.312833575873958818e-02 -1.076585969387754994e+04
1.700891779646987109e-02 3.488792857142857247e+04
2.135270783943789275e-02 4.211325714285714639e+04
2.564347439342075027e-02 1.601445333333333292e+04
2.962205054058980949e-02 1.515108637873754196e+04
3.361537140302770649e-02 2.515196062992126099e+04
3.793950633336700545e-02 2.805511208406304650e+04
4.227894994616508695e-02 1.458843840000000091e+04
4.633325468672155889e-02 1.983611934156378629e+04
5.038752484052157893e-02 2.694684674751929560e+04
5.464179025701254577e-02 1.896427180899908126e+04
5.886817576171304162e-02 1.237164451561249007e+04
6.290140616743733482e-02 1.653231884057971183e+04
6.703999982739437813e-02 1.471924505692031198e+04
7.134254604642074893e-02 1.618365502418054893e+04
7.561818311969153994e-02 1.653254676258992913e+04
7.973924982214039558e-02 1.660062230380908659e+04
8.385356877962653332e-02 1.602950496622963874e+04
8.809929214337092196e-02 1.474754497724886278e+04
9.230415729057904473e-02 1.384635907723169476e+04
9.643309047658384092e-02 1.351997576491972177e+04
1.005689403076158450e-01 1.345329929873772926e+04
1.047818677762802908e-01 1.181511974110032315e+04
1.090277847809041356e-01 1.401115872646990465e+04
1.132170039508717807e-01 1.209049194793734750e+04
1.174008294871188018e-01 1.121030154587432298e+04
1.215998224695146873e-01 1.210465819905213175e+04
1.257670529567683493e-01 1.178363442009620485e+04
1.299386816717305049e-01 1.303975498106372470e+04
1.340949335765710126e-01 1.166857559892115023e+04
1.382635144665005922e-01 1.363789827561223137e+04
1.424925284902303357e-01 1.300788504812254178e+04
1.466886314558672189e-01 1.203337106752665386e+04
1.508619291163366127e-01 1.261935286252582955e+04
1.550655720814744509e-01 1.260138696513932518e+04
1.592593054631499527e-01 1.186491536187452039e+04
1.634144798183441161e-01 1.317833472000000074e+04
1.675823816150099899e-01 1.223650331125827688e+04
1.718045808093531246e-01 1.186813911421911507e+04
1.760135070798979073e-01 1.222749694927602286e+04
1.801930856696074279e-01 1.236390827721421920e+04
1.843742315857553882e-01 1.257599201397554316e+04
1.885797910080431738e-01 1.214427996608340436e+04
1.927656394953895236e-01 1.280286943870128016e+04
1.969014248243030341e-01 1.249003184759688702e+04
2.010715633173454087e-01 1.213409922245923190e+04
2.052920281681521186e-01 1.247638594417077184e+04
2.095172134954577381e-01 1.261184096780291111e+04
2.136973926115405542e-01 1.245507472868217155e+04
2.178750580088065492e-01 1.254990762043795621e+04
2.220823861956562617e-01 1.241959948101765622e+04
2.262696194198526023e-01 1.268770752593731049e+04
2.304259489101245229e-01 1.321269996284698209e+04
2.345870463846415066e-01 1.260027810861709258e+04
2.388019837064606632e-01 1.273247139477622841e+04
2.430077036534963875e-01 1.261258707744972162e+04
2.471758823520590620e-01 1.273725822028052426e+04
2.513692271335918882e-01 1.269545070237626533e+04
2.555723892733414715e-01 1.247052776943860772e+04
2.597674079539822323e-01 1.245725715697985834e+04
2.639178238801485610e-01 1.270344865970943283e+04
2.680749044740857179e-01 1.250542049113550820e+04
2.723023151079725368e-01 1.313680754298391548e+04
2.765128983200950685e-01 1.252222322053245807e+04
2.807027537381580062e-01 1.247455027235986745e+04
2.848857026249724811e-01 1.237905319926237826e+04
2.890807262117984777e-01 1.221565823244152671e+04
2.932785946948970324e-01 1.251290239519001443e+04
2.974321087309398370e-01 1.225622400511427259e+04
3.016123743882810904e-01 1.238065832952989513e+04
3.058101292111336522e-01 1.214357916204300818e+04
3.100168993294901143e-01 1.199479629257654415e+04
3.142092030053749707e-01 1.245424682260874579e+04
3.183867557675504334e-01 1.217913243339840119e+04
3.225872781332082551e-01 1.247400582031771410e+04
3.267666109043823597e-01 1.260314518898074675e+04
3.309328770241455886e-01 1.251779754522952862e+04
3.351106074107195187e-01 1.213544920654754424e+04
3.393095620710060434e-01 1.248375447791695842e+04
3.435164896197421824e-01 1.231243634989251768e+04
3.477107812306902690e-01 1.217133196219351521e+04
3.518857617074659383e-01 1.244281444164567438e+04
3.560773577310688554e-01 1.225845755860953795e+04
3.602869550449780967e-01 1.244950692520775556e+04
3.644651285618699665e-01 1.233243514892355961e+04
3.686396944457170921e-01 1.193898373666139014e+04
3.728293470315630076e-01 1.229868014846022743e+04
3.770363921861874523e-01 1.226972266302758544e+04
3.812363453093803867e-01 1.242701512961357002e+04
3.854150971210312249e-01 1.221064946495401819e+04
3.896036578152083374e-01 1.228468756103403030e+04
3.937795161075864914e-01 1.225260307425536848e+04
3.979440095093054186e-01 1.224959498584427092e+04
4.021139069446590386e-01 1.203728169816205082e+04
4.063125452039867413e-01 1.214165670309684538e+04
4.105412315868290918e-01 1.211983999738344028e+04
4.147348487769681458e-01 1.219354168236546866e+04
4.189107045044477284e-01 1.239132584055321604e+04
4.230974437456921922e-01 1.180384666510648094e+04
4.272931011032126136e-01 1.209981574728613487e+04
4.314914587673138180e-01 1.194689735421246951e+04
4.356511643511531418e-01 1.238052145855429262e+04
4.398424702607344750e-01 1.201376242724387703e+04
4.440501074980069407e-01 1.200499412492709598e+04
4.482267968899237842e-01 1.221584634455478590e+04
4.524052929840755577e-01 1.187168286514933970e+04
4.566090347930675253e-01 1.207257085960836412e+04
4.608167319022857811e-01 1.201434453704069529e+04
4.649806979855051203e-01 1.189855283641246933e+04
4.691538386770017222e-01 1.182584885915903396e+04
4.733478629909182445e-01 1.182055755704664625e+04
4.775500538217637980e-01 1.189591137219534176e+04
4.817339644282710998e-01 1.167850389711140997e+04
4.859144464692263798e-01 1.194789680306152331e+04
4.901252990058800885e-01 1.187981418149445562e+04
4.943123444065962158e-01 1.185433516970108212e+04
4.984736335014697817e-01 1.183152039280905956e+04
5.026590164608074618e-01 1.184891695360887206e+04
5.068609875937976073e-01 1.197905798405899259e+04
5.110594965365916620e-01 1.158619779750269663e+04
5.152492140965455603e-01 1.174618827858081568e+04
5.194329442812991582e-01 1.167281433245053813e+04
5.236343964239100757e-01 1.173783255823337822e+04
5.278273205415198177e-01 1.163418633440027406e+04
5.319960279023402405e-01 1.164658981440237585e+04
5.361714592099571242e-01 1.156574320444569821e+04
5.403746330902056139e-01 1.139944670710983155e+04
5.445761264886261888e-01 1.165830141319800896e+04
5.487504490749764985e-01 1.135278587122168392e+04
5.529407179677009454e-01 1.154814570531326535e+04
5.571409157079509900e-01 1.137130708462364964e+04
5.613298693710127019e-01 1.135463626642629242e+04
5.655062246218995892e-01 1.149935276778093430e+04
5.696867424029971039e-01 1.151852528738592628e+04
5.738956954203543459e-01 1.139254145607145074e+04
5.780928920821047923e-01 1.132226840829201501e+04
5.822632071880226023e-01 1.134690006544665448e+04
5.864430803127811398e-01 1.131081616413713709e+04
5.906376733072625784e-01 1.123748993621601767e+04
5.948356627105599870e-01 1.131108473431696621e+04
5.990145239901687457e-01 1.134191348096439651e+04
6.031829950841108845e-01 1.123449776842299434e+04
6.073740526175752663e-01 1.116872773932536802e+04
6.115768023320514724e-01 1.116170555443916055e+04
6.157710000000914397e-01 1.114705026476458443e+04
6.199632023912512446e-01 1.116715444180763916e+04
6.241630060990407403e-01 1.121463189978229093e+04
6.283593402461892241e-01 1.103918697186335339e+04
6.325410955997395890e-01 1.108741862047199902e+04
6.367142920629192959e-01 1.107464975887072796e+04
6.409035099394975177e-01 1.110406454899244090e+04
6.451032402190634008e-01 1.104582329097356160e+04
6.492879941711476866e-01 1.124079973863007399e+04
6.534659541563927476e-01 1.108727464378894729e+04
6.576591076962554627e-01 1.104585051191464481e+04
6.618529307405217610e-01 1.093084888942832913e+04
6.660240791386257131e-01 1.090551041304114005e+04
6.702067828716186115e-01 1.088073172820885156e+04
6.744172070879622671e-01 1.082690385376276026e+04
6.786118453466847278e-01 1.091563113509558207e+04
6.827984616056306244e-01 1.079354477723230048e+04
6.869817177358829019e-01 1.084447073250587891e+04
6.911718524128840357e-01 1.076276333029128182e+04
6.953555746427921846e-01 1.082584360435007693e+04
6.995344561305086861e-01 1.075506691929968292e+04
7.037287066792784485e-01 1.069522409989335756e+04
7.079143033440539190e-01 1.075199143253961665e+04
7.121186686741065586e-01 1.078969777287352190e+04
7.163134555705721329e-01 1.067677248845028771e+04
7.204913713645887396e-01 1.061689221843701489e+04
7.246803275165087932e-01 1.059577631082008338e+04
7.288763115175647123e-01 1.073076748044064152e+04
7.330585840505703388e-01 1.057086808898480376e+04
7.372316440474646626e-01 1.077398093301914378e+04
7.414228560306842519e-01 1.057875012827090723e+04
7.456189213758863676e-01 1.050961076258330104e+04
7.498104337627916616e-01 1.041645594721323141e+04
7.539974189770904944e-01 1.055311529973803408e+04
7.581896411468850294e-01 1.059923662805625463e+04
7.623808615479977790e-01 1.050477071164763947e+04
7.665651159623174671e-01 1.047414789805832152e+04
7.707536355579491794e-01 1.045070859116555039e+04
7.749462413082437440e-01 1.036670378393924875e+04
7.791369682448587852e-01 1.037565144043721739e+04
7.833258353347896108e-01 1.034094990375733141e+04
7.875159900600451346e-01 1.048234975198881148e+04
7.917084457625156446e-01 1.036991325655476430e+04
7.958821468706197555e-01 1.038528925164995781e+04
8.000624692379799674e-01 1.017495968700087542e+04
8.042564613727184453e-01 1.034490723074199013e+04
8.084384822996342201e-01 1.025318216889962059e+04
8.126333810499198895e-01 1.026306564646332663e+04
8.168271958201180905e-01 1.022381766439082458e+04
8.210214995694952167e-01 1.025640783213320537e+04
8.252154145000215602e-01 1.010376979528141237e+04
8.294030907808404018e-01 1.013110786233514591e+04
8.335906150371191758e-01 1.010754921200349600e+04
8.377685032221774408e-01 1.015513406763377498e+04
8.419567297582307708e-01 1.011838537680754780e+04
8.461556544987137718e-01 9.996653591110800335e+03
8.503430790983292908e-01 1.009797737901960318e+04
8.545245840949285965e-01 9.986518842254718038e+03
8.587196449246210506e-01 9.940933407203887327e+03
8.629074348139629258e-01 9.825289678931103481e+03
8.670852844200982457e-01 9.903980700640961004e+03
8.712764316473343706e-01 9.834550537555363917e+03
8.754762476624626810e-01 9.918178383105972898e+03
8.796707865602606535e-01 9.909767754186959792e+03
8.838562222970675064e-01 9.833841753218139274e+03
8.880381764417510926e-01 9.831318532059389327e+03
8.922270316229049536e-01 9.756124846185937713e+03
8.964225585562245469e-01 9.767775824343490967e+03
9.006049913569987853e-01 9.738753847058456813e+03
9.047836582182254839e-01 9.820948649913090776e+03
9.089780964569278421e-01 9.680840903967728082e+03
9.131704587403689510e-01 9.606073898362032196e+03
9.173547920329833127e-01 9.585242077421022259e+03
9.215425617950214754e-01 9.666173788488957143e+03
9.257400405750663142e-01 9.554218233091845832e+03
9.299303352268617484e-01 9.515155469228799120e+03
9.341108300097852313e-01 9.529715615626191720e+03
9.382896253999645220e-01 9.552626333069027169e+03
9.424819561228944265e-01 9.387767948577595234e+03
9.466849863120379016e-01 9.415280197339156075e+03
9.508714331057195324e-01 9.506640651171719583e+03
9.550563230073290111e-01 9.383543693094003174e+03
9.592513211539739348e-01 9.356974232155775098e+03
9.634451052878124644e-01 9.392990602516227227e+03
9.676230540453005791e-01 9.287159322033898206e+03
9.718094297475188270e-01 9.182389146935205645e+03
9.760091362076940280e-01 9.102018988695252119e+03
9.802075838006468755e-01 9.201714859426130715e+03
9.843901124947946890e-01 9.194430780044205676e+03
9.885650797815361823e-01 9.175910893716843930e+03
9.927561705083151056e-01 9.064899263386720122e+03
9.969400597939003239e-01 9.080722147582955586e+03
1.001125867816581083e+00 9.137151962979134623e+03
1.005315482813002204e+00 8.933351188646589435e+03
1.009503724426713545e+00 8.968273778895709256e+03
1.013699103815393299e+00 8.842043012212774556e+03
1.017885842421875964e+00 8.805717515771402759e+03
1.022076284359184406e+00 8.858072715347965641e+03
1.026273875264014812e+00 8.788416317598090245e+03
1.030463237552156075e+00 8.741500968684034888e+03
1.034646639530784062e+00 8.658381087752639360e+03
1.038830480088573260e+00 8.560606177456496880e+03
1.043023229532383578e+00 8.448994826308107804e+03
1.047211320931656031e+00 8.434045099284214302e+03
1.051395396220772938e+00 8.351995875361095386e+03
1.055587561333155788e+00 8.369877311878797627e+03
1.059780855230085139e+00 8.278899088404172289e+03
1.063968553353427993e+00 8.117048335495027459e+03
1.068144877931138659e+00 8.008784542041506938e+03
