# Columns: ('k', 'P')
5.345493089407682419e-03 1.592983680555555475e+04
9.344366739594166943e-03 1.891513508064515918e+04
1.312833575873958818e-02 1.798351913265305848e+04
1.700891779646987109e-02 1.778056666666666933e+04
2.135270783943789275e-02 1.510590285714285710e+04
2.564347439342075027e-02 1.268932333333333372e+04
2.962205054058980949e-02 1.444232890365448475e+04
3.361537140302770649e-02 1.238252230971128665e+04
3.793950633336700545e-02 9.196420315236427996e+03
4.227894994616508695e-02 1.112065600000000086e+04
4.633325468672155889e-02 8.750342249657063803e+03
5.038752484052157893e-02 7.661708930540242363e+03
5.464179025701254577e-02 6.366361799816345410e+03
5.886817576171304162e-02 7.137636509207365634e+03
6.290140616743733482e-02 6.300125858123569742e+03
6.703999982739437813e-02 5.363153984421809582e+03
7.134254604642074893e-02 5.404602901665771242e+03
7.561818311969153994e-02 5.056132374100719971e+03
7.973924982214039558e-02 4.418169802661771428e+03
8.385356877962653332e-02 4.327123559793404638e+03
8.809929214337092196e-02 3.699597479873993507e+03
9.230415729057904473e-02 3.409361417586091648e+03
9.643309047658384092e-02 2.814805513480763238e+03
1.005689403076158450e-01 2.996233380084151577e+03
1.047818677762802908e-01 3.102286283295992234e+03
1.090277847809041356e-01 2.524365326516383902e+03
1.132170039508717807e-01 2.445117140966247462e+03
1.174008294871188018e-01 2.371906846014856455e+03
1.215998224695146873e-01 2.315250047393365094e+03
1.257670529567683493e-01 2.090016390522002439e+03
1.299386816717305049e-01 2.046129425325209922e+03
1.340949335765710126e-01 1.970888941773758688e+03
1.382635144665005922e-01 1.739083176351253542e+03
1.424925284902303357e-01 1.579110749627219548e+03
1.466886314558672189e-01 1.564298275635118898e+03
1.508619291163366127e-01 1.490778169442080980e+03
1.550655720814744509e-01 1.479838754809373768e+03
1.592593054631499527e-01 1.310586773239899230e+03
1.634144798183441161e-01 1.119861866666666629e+03
1.675823816150099899e-01 1.203612039142038157e+03
1.718045808093531246e-01 1.004585174825174818e+03
1.760135070798979073e-01 9.562686458428194101e+02
1.801930856696074279e-01 9.920993947660047070e+02
1.843742315857553882e-01 8.906325596872140977e+02
1.885797910080431738e-01 8.912245432822014664e+02
1.927656394953895236e-01 8.217221839344514365e+02
1.969014248243030341e-01 7.809391405511524908e+02
2.010715633173454087e-01 6.819184614326017027e+02
2.052920281681521186e-01 6.555294581280787725e+02
2.095172134954577381e-01 6.316185495557936065e+02
2.136973926115405542e-01 6.165189457364341479e+02
2.178750580088065492e-01 5.434083503649635531e+02
2.220823861956562617e-01 5.756421842387318293e+02
2.262696194198526023e-01 5.202627765274194189e+02
2.304259489101245229e-01 4.745120747306406201e+02
2.345870463846415066e-01 4.764118694966152816e+02
2.388019837064606632e-01 4.319715154733742111e+02
2.430077036534963875e-01 4.176737032282603650e+02
2.471758823520590620e-01 4.300495746148540093e+02
2.513692271335918882e-01 3.502076057940572014e+02
2.555723892733414715e-01 3.180775828794442077e+02
2.597674079539822323e-01 3.252372616056349557e+02
2.639178238801485610e-01 2.979098015142213853e+02
2.680749044740857179e-01 2.827241339178336830e+02
2.723023151079725368e-01 2.610462562396006660e+02
2.765128983200950685e-01 2.456064366461685609e+02
2.807027537381580062e-01 2.220291688631172065e+02
2.848857026249724811e-01 2.167269406074945266e+02
2.890807262117984777e-01 1.921485171378616315e+02
2.932785946948970324e-01 1.808662549423259236e+02
2.974321087309398370e-01 1.708593255553779784e+02
3.016123743882810904e-01 1.489988133272478308e+02
3.058101292111336522e-01 1.443158983894670655e+02
3.100168993294901143e-01 1.218630663720623346e+02
3.142092030053749707e-01 1.182894353525833253e+02
3.183867557675504334e-01 1.167057432711076927e+02
3.225872781332082551e-01 9.349694299826458632e+01
3.267666109043823597e-01 9.781783365468425018e+01
3.309328770241455886e-01 6.553402740564955309e+01
3.351106074107195187e-01 7.127214794452079616e+01
3.393095620710060434e-01 5.437061524775803889e+01
3.435164896197421824e-01 5.105570122599390004e+01
3.477107812306902690e-01 4.994754234742217847e+01
3.518857617074659383e-01 3.883867746840039104e+01
3.560773577310688554e-01 3.228549891848194164e+01
3.602869550449780967e-01 2.194811999398741520e+01
3.644651285618699665e-01 8.624102965769809614e+00
3.686396944457170921e-01 1.274675658449328708e+01
3.728293470315630076e-01 4.745992576988665057e+00
3.770363921861874523e-01 2.373837606004483902e+00
3.812363453093803867e-01 -5.761935048665318249e+00
3.854150971210312249e-01 -1.231963590544073028e+01
3.896036578152083374e-01 -1.350315995062001306e+01
3.937795161075864914e-01 -1.923783031988873304e+01
3.979440095093054186e-01 -2.558629654030377054e+01
4.021139069446590386e-01 -2.167954094399862086e+01
4.063125452039867413e-01 -2.786974386608961751e+01
4.105412315868290918e-01 -3.378684851755547669e+01
4.147348487769681458e-01 -3.311016463264805054e+01
4.189107045044477284e-01 -3.517346792782768006e+01
4.230974437456921922e-01 -3.890676339808096884e+01
4.272931011032126136e-01 -4.603621539917858740e+01
4.314914587673138180e-01 -4.652930706989126719e+01
4.356511643511531418e-01 -4.830935273292203647e+01
4.398424702607344750e-01 -5.087591968008652543e+01
4.440501074980069407e-01 -5.390548672062818980e+01
4.482267968899237842e-01 -5.576795687842110283e+01
4.524052929840755577e-01 -5.954735834871163291e+01
4.566090347930675253e-01 -5.930744108861599528e+01
4.608167319022857811e-01 -6.035768921890016969e+01
4.649806979855051203e-01 -5.968659304554166312e+01
4.691538386770017222e-01 -6.330965502388101385e+01
4.733478629909182445e-01 -6.547337823202082063e+01
4.775500538217637980e-01 -6.479674836382250191e+01
4.817339644282710998e-01 -6.433060596142890120e+01
4.859144464692263798e-01 -6.445668531056814743e+01
4.901252990058800885e-01 -6.656721353173088573e+01
4.943123444065962158e-01 -6.501720588404430146e+01
4.984736335014697817e-01 -6.714397719173200585e+01
5.026590164608074618e-01 -6.722547606736999626e+01
5.068609875937976073e-01 -6.594357750908204707e+01
5.110594965365916620e-01 -7.012078486664316301e+01
5.152492140965455603e-01 -6.642387385019711132e+01
5.194329442812991582e-01 -6.922919457859480019e+01
5.236343964239100757e-01 -6.521276745992514634e+01
5.278273205415198177e-01 -6.875078001151085516e+01
5.319960279023402405e-01 -6.848435535758476078e+01
5.361714592099571242e-01 -6.782167083532033303e+01
5.403746330902056139e-01 -6.627263535644100045e+01
5.445761264886261888e-01 -6.668986376432263796e+01
5.487504490749764985e-01 -6.753441973092493811e+01
5.529407179677009454e-01 -6.789257174402924022e+01
5.571409157079509900e-01 -6.818042000343081099e+01
5.613298693710127019e-01 -6.615507657502408279e+01
5.655062246218995892e-01 -6.415168460232121106e+01
5.696867424029971039e-01 -6.655988530318249730e+01
5.738956954203543459e-01 -6.626693521936944364e+01
5.780928920821047923e-01 -6.556732439030528781e+01
5.822632071880226023e-01 -6.587799998343123775e+01
5.864430803127811398e-01 -6.487835571149591374e+01
5.906376733072625784e-01 -6.434935135610989221e+01
5.948356627105599870e-01 -6.387628679790499575e+01
5.990145239901687457e-01 -6.311075867273541462e+01
6.031829950841108845e-01 -6.153782158138534442e+01
6.073740526175752663e-01 -6.162745778831130394e+01
6.115768023320514724e-01 -6.078796674630287100e+01
6.157710000000914397e-01 -6.060963978759914994e+01
6.199632023912512446e-01 -5.994570116043630748e+01
6.241630060990407403e-01 -5.988439987151576105e+01
6.283593402461892241e-01 -5.763435089133555067e+01
6.325410955997395890e-01 -5.862583371322369175e+01
6.367142920629192959e-01 -5.798433867106379580e+01
6.409035099394975177e-01 -5.782294531945095173e+01
6.451032402190634008e-01 -5.598372276275634363e+01
6.492879941711476866e-01 -5.616459637682608985e+01
6.534659541563927476e-01 -5.465275389232912318e+01
6.576591076962554627e-01 -5.440166798586844976e+01
6.618529307405217610e-01 -5.313801496093675070e+01
6.660240791386257131e-01 -5.313989102852116275e+01
6.702067828716186115e-01 -5.266774668081857413e+01
6.744172070879622671e-01 -5.177494658542375561e+01
6.786118453466847278e-01 -5.098268544772707145e+01
6.827984616056306244e-01 -5.106341527430640781e+01
6.869817177358829019e-01 -5.009623478286751919e+01
6.911718524128840357e-01 -4.945795283463056791e+01
6.953555746427921846e-01 -4.926019585823262048e+01
6.995344561305086861e-01 -4.805916392127409154e+01
7.037287066792784485e-01 -4.710947700432772933e+01
7.079143033440539190e-01 -4.674968903911693019e+01
7.121186686741065586e-01 -4.606454132775413512e+01
7.163134555705721329e-01 -4.558185123424728857e+01
7.204913713645887396e-01 -4.411996598694372551e+01
7.246803275165087932e-01 -4.435135882719037426e+01
7.288763115175647123e-01 -4.373739958657142068e+01
7.330585840505703388e-01 -4.299875857083740982e+01
7.372316440474646626e-01 -4.220061143710822193e+01
7.414228560306842519e-01 -4.185216587333437843e+01
7.456189213758863676e-01 -4.109507632842501579e+01
7.498104337627916616e-01 -4.073611339011789312e+01
7.539974189770904944e-01 -4.054233980959496364e+01
7.581896411468850294e-01 -3.957563183978374610e+01
7.623808615479977790e-01 -3.894052910103865628e+01
7.665651159623174671e-01 -3.838338532985740414e+01
7.707536355579491794e-01 -3.740938971996479978e+01
7.749462413082437440e-01 -3.680719398429273070e+01
7.791369682448587852e-01 -3.676459890142777454e+01
7.833258353347896108e-01 -3.580957375646737262e+01
7.875159900600451346e-01 -3.529451272434556586e+01
7.917084457625156446e-01 -3.514225123075894430e+01
7.958821468706197555e-01 -3.449339573652184754e+01
8.000624692379799674e-01 -3.416853949699056159e+01
8.042564613727184453e-01 -3.317931747807197951e+01
8.084384822996342201e-01 -3.278776434721918775e+01
8.126333810499198895e-01 -3.250787892314365024e+01
8.168271958201180905e-01 -3.254060680740843026e+01
8.210214995694952167e-01 -3.157144448800214676e+01
8.252154145000215602e-01 -3.121992772222336399e+01
8.294030907808404018e-01 -3.080858439046935615e+01
8.335906150371191758e-01 -3.012489875524357075e+01
8.377685032221774408e-01 -3.008562453408596937e+01
8.419567297582307708e-01 -2.918341519814693186e+01
8.461556544987137718e-01 -2.873577420747430367e+01
8.503430790983292908e-01 -2.842216918075472876e+01
8.545245840949285965e-01 -2.827328636323626654e+01
8.587196449246210506e-01 -2.758382234885745632e+01
8.629074348139629258e-01 -2.707050950679380108e+01
8.670852844200982457e-01 -2.688132749898863949e+01
8.712764316473343706e-01 -2.650421774208369285e+01
8.754762476624626810e-01 -2.597486327494166503e+01
8.796707865602606535e-01 -2.588410814791816605e+01
8.838562222970675064e-01 -2.549923151608084027e+01
8.880381764417510926e-01 -2.486482589549832767e+01
8.922270316229049536e-01 -2.484083092898435297e+01
8.964225585562245469e-01 -2.433392283125448685e+01
9.006049913569987853e-01 -2.386193132883919077e+01
9.047836582182254839e-01 -2.367523127516366088e+01
9.089780964569278421e-01 -2.323594741995067636e+01
9.131704587403689510e-01 -2.280653842923141283e+01
9.173547920329833127e-01 -2.272605990699400991e+01
9.215425617950214754e-01 -2.235959577333539627e+01
9.257400405750663142e-01 -2.204848381711803640e+01
9.299303352268617484e-01 -2.167958001096018350e+01
9.341108300097852313e-01 -2.179949611522122765e+01
9.382896253999645220e-01 -2.139850842751193127e+01
9.424819561228944265e-01 -2.103681831688587778e+01
9.466849863120379016e-01 -2.082396252297987260e+01
9.508714331057195324e-01 -2.026532027604826425e+01
9.550563230073290111e-01 -2.019990359454620688e+01
9.592513211539739348e-01 -2.000009988709731346e+01
9.634451052878124644e-01 -1.972030825431884082e+01
9.676230540453005791e-01 -1.936162238307182548e+01
9.718094297475188270e-01 -1.910117902785427546e+01
9.760091362076940280e-01 -1.911814032651650308e+01
9.802075838006468755e-01 -1.874784951058824944e+01
9.843901124947946890e-01 -1.841002494909977116e+01
9.885650797815361823e-01 -1.832361242305508142e+01
9.927561705083151056e-01 -1.808402606346948005e+01
9.969400597939003239e-01 -1.795642475094425450e+01
1.001125867816581083e+00 -1.762614264936134134e+01
1.005315482813002204e+00 -1.730971547248182674e+01
1.009503724426713545e+00 -1.727122527374882210e+01
1.013699103815393299e+00 -1.707836598129927452e+01
1.017885842421875964e+00 -1.687247097441213484e+01
1.022076284359184406e+00 -1.665117481917142683e+01
1.026273875264014812e+00 -1.652466795431242375e+01
1.030463237552156075e+00 -1.642121063160302086e+01
1.034646639530784062e+00 -1.611668198012130304e+01
1.038830480088573260e+00 -1.614059128043564328e+01
1.043023229532383578e+00 -1.596877829563147344e+01
1.047211320931656031e+00 -1.579174157289044800e+01
1.051395396220772938e+00 -1.548142269713979502e+01
1.055587561333155788e+00 -1.549702548476592945e+01
1.059780855230085139e+00 -1.526029303246612834e+01
1.063968553353427993e+00 -1.511195973071459342e+01
1.068144877931138659e+00 -1.502844277147683094e+01
