# Columns: ('k', 'S1', 'S2', 'S3', 'S4', 'S5', 'S6', 'S7', 'S8', 'S9', 'S10', 'S11', 'S12', 'S13', 'S14')
5.345493089407682419e-03 -2.298449622260199554e+00 1.486661241319444343e+03 -7.487878587510850004e+00 -6.890536838107638395e+00 -1.451417541503906250e+01 6.224837239583332575e+02 -6.698299407958984375e+00 -1.714659288194444287e+01 -1.180595058865017322e+01 4.335367838541666288e+02 -6.866968790690103575e+00 -1.327698262532551965e+01 -3.217778947618272323e+00 -3.746630774603949554e+00
9.344366739594166943e-03 1.542918346774193594e+01 2.855121975806451701e+03 -1.341883348034274093e+02 1.445832184822328514e+01 1.551121274886592616e+01 9.390216733870967118e+02 -5.543852775327620463e+01 -3.891643401115171041e+00 -3.668920701549899022e+00 5.500798261088709751e+02 -2.683695540889616993e+01 -1.432359855405745996e+01 -3.224972140404485987e+00 -4.683980634135584964e+00
1.312833575873958818e-02 -8.154100067761479664e+00 2.422947704081632310e+03 -1.442114008689413218e+01 1.468779396524234571e+01 1.602691276705994738e+01 7.310468749999998863e+02 9.857399453922193189e+00 3.071513771524234571e+01 2.470224559550382537e+01 4.262633131377550626e+02 5.485227000956632182e+00 2.607511061065050839e+01 6.839496223294004196e+00 6.287694191446108860e+00
1.700891779646987109e-02 -3.004170386904762324e+01 2.596117261904762017e+03 -1.105861607142857252e+02 6.837538946242560645e-01 -6.028847656250000853e+01 8.730773065476191732e+02 -3.997475818452381446e+01 -4.151453218005952550e+01 -3.955703125000000142e+01 4.907203497023809859e+02 -1.697388741629464448e+01 -3.556337425595238244e+01 -7.785171944754464946e+00 -7.840275065104167496e+00
2.135270783943789275e-02 -1.577871651785714313e+01 2.350183214285714257e+03 -1.489589732142857201e+02 -3.878653041294642723e+00 -5.707514508928571217e+01 7.304523214285713948e+02 -3.520476841517857025e+01 -5.042069754464285580e+01 -4.050267020089285808e+01 4.179771428571428373e+02 -2.058061104910714434e+01 -4.154488281249999915e+01 -1.164614815848214313e+01 -1.226449776785714363e+01
2.564347439342075027e-02 8.919450954861110503e+00 2.318347361111111240e+03 -2.420113020833333337e+02 4.518757812500000171e+01 -1.219561197916666728e+01 7.180396527777777465e+02 -6.089501736111110830e+01 -1.216200086805555580e-01 -1.697548828125000142e+01 3.799039236111111109e+02 -2.132332899305555429e+01 -1.850830729166666799e+01 -4.654842664930555429e+00 -5.471674262152777857e+00
2.962205054058980949e-02 -5.224741584042774001e+00 2.133318729235880255e+03 -2.826854235880398960e+02 3.053757656769102979e+01 -1.005498273982558111e+01 7.208721968438538852e+02 -9.753927662998339088e+01 -1.210673568573504966e+01 -1.164628160039451821e+01 4.045907911129568220e+02 -4.966563603093853629e+01 -2.220565887147009931e+01 -2.973836803753114655e+00 -6.045649430284468551e+00
3.361537140302770649e-02 -3.972376353346456312e+01 1.828400262467191624e+03 -2.539717847769028936e+02 -1.096714546423884507e+01 -6.993177390912073577e+01 5.900786581364828862e+02 -7.648351890583990098e+01 -6.397494258530183942e+01 -4.846958046259842234e+01 3.170488435039370074e+02 -3.553131407890420235e+01 -4.972041092519685179e+01 -1.155291635908792713e+01 -1.255470416051509197e+01
3.793950633336700545e-02 9.933663870950088182e+00 1.698662981611208352e+03 -2.988495512259194697e+02 1.456033480188266260e+01 -2.660442035628283719e+01 5.522554181260945825e+02 -9.971964617994746050e+01 -4.039210609128721785e+01 -3.244199458187390661e+01 2.842335814360770314e+02 -4.450646480954466000e+01 -4.443899477342381488e+01 -9.542576243706216488e+00 -1.181387419959500917e+01
4.227894994616508695e-02 7.583489375000000621e+01 1.606197499999999991e+03 -3.469283000000000357e+02 7.245327500000000498e+01 5.976503750000000537e+01 5.482121000000000777e+02 -1.213297124999999994e+02 4.223212500000000347e+01 1.957895625000000095e+01 2.805841000000000349e+02 -5.029409687500000103e+01 1.792943750000000058e+00 2.815384960937500125e+00 -1.075419921875000018e+00
4.633325468672155889e-02 4.849120156035665019e+01 1.421613683127571903e+03 -3.527801997599451056e+02 4.304272762345678416e+01 -1.543734996570644569e+01 4.780158179012345272e+02 -1.150564557613168688e+02 -2.082817992326817347e+01 -3.278926075960219322e+01 2.400118312757201409e+02 -4.600215942215363185e+01 -4.083934810099451340e+01 -9.470942911951302889e+00 -1.147520415380658321e+01
5.038752484052157893e-02 7.212708448180815424e+01 1.280533351708930468e+03 -3.455126447078280307e+02 4.763028872657111634e+01 3.579305919239250500e+01 4.185605016538037830e+02 -1.095853776185225996e+02 1.046310596402976856e+01 3.112032283627343077e+00 2.091988699007717685e+02 -4.535623966372656923e+01 -1.081873944838754120e+01 -8.537936815221885967e-01 -3.564769135026185420e+00
5.464179025701254577e-02 4.329537563131312794e+01 1.178258264462809848e+03 -3.592799012855830938e+02 4.612102559687787107e+01 1.769112466999540834e+00 3.984744318181818130e+02 -1.226390467171717091e+02 -2.243837164256198236e+01 -2.754486627640036644e+01 1.880938647842056923e+02 -4.534456066345271097e+01 -4.613636363636363313e+01 -9.229413273358586522e+00 -1.225088599058769567e+01
5.886817576171304162e-02 8.458210943755003086e+01 1.080610788630904608e+03 -3.538052441953562379e+02 6.203956290032024867e+01 4.244887785228182508e+01 3.615952512009607176e+02 -1.176410003002401794e+02 8.644869020216171762e+00 -8.696701892764210129e+00 1.695778873098478812e+02 -4.410724829863890761e+01 -2.763528948158526788e+01 -5.654163565227181110e+00 -9.091369970976780124e+00
6.290140616743733482e-02 1.212621448321891791e+02 9.822849923722350240e+02 -3.562308114035087669e+02 7.864030320366133253e+01 9.900312857551487866e+01 3.427561737223493878e+02 -1.252348398169336434e+02 5.343688620327993988e+01 2.931943947845156373e+01 1.614993564073226651e+02 -4.866642233981693266e+01 3.081062881388253238e+00 2.208389573202707901e+00 -2.021779727426582962e+00
6.703999982739437813e-02 1.148747097813061799e+02 1.007312462552426609e+03 -3.884044337926902699e+02 6.423865338526063340e+01 7.521444352905932362e+01 3.329597438585979603e+02 -1.309839256291192271e+02 1.211063066394547683e+01 2.918430993484122382e+00 1.464299730377471462e+02 -4.622023386009586687e+01 -2.806953780332534620e+01 -4.649093417652785831e+00 -9.354328939484721772e+00
7.134254604642074893e-02 1.251466869290703983e+02 8.944759537882858922e+02 -3.514286337990328093e+02 8.929177861364858870e+01 9.430590912144009508e+01 3.028230118216013125e+02 -1.201094253761418713e+02 5.602965475550779217e+01 2.155008647904352515e+01 1.339742997716281536e+02 -4.282917870096722623e+01 -3.591687726692638361e-01 5.993568383513568909e-01 -2.966141198028613868e+00
7.561818311969153994e-02 9.956859262589928505e+01 8.407516786570743079e+02 -3.518536570743405605e+02 7.469887589928057992e+01 8.471670413669065169e+01 2.795688549160671528e+02 -1.175151004196642646e+02 4.300079061750599863e+01 1.878895196342925544e+01 1.211373800959232625e+02 -4.197671987410072347e+01 -3.100072129796163090e+00 2.278914563661570691e-01 -3.084126761091127378e+00
7.973924982214039558e-02 1.440991710647085711e+02 7.650345915557595617e+02 -3.438652478201009899e+02 8.083572596374483510e+01 1.026212282010096430e+02 2.523868173474070602e+02 -1.130847364043139152e+02 4.963720815167508249e+01 1.915289589547957760e+01 1.048317820674621430e+02 -3.748216283272143556e+01 -2.044193374612781167e+00 -5.587213664166476024e-01 -3.372592206502409429e+00
8.385356877962653332e-02 1.208552964839094130e+02 6.898719705999205871e+02 -3.194254568931267499e+02 6.726671136273341745e+01 7.807710692292411636e+01 2.288141885180770885e+02 -1.070924463647199048e+02 3.311368941199840776e+01 1.155023729265991328e+01 9.356839739769566222e+01 -3.581617500993245784e+01 -8.397784130413191050e+00 -7.246282893511620804e-01 -3.463795021975565991e+00
8.809929214337092196e-02 1.523412561253062734e+02 6.549431659082954411e+02 -3.204534476723836178e+02 8.044070484774238139e+01 1.302592754637731787e+02 2.224282245362267929e+02 -1.097632897269863435e+02 6.200439709485473827e+01 3.959429143332166490e+01 8.902720839166957489e+01 -3.509295425708785388e+01 1.066602382853517739e+01 5.125690464210710395e+00 1.139572554799614945e+00
9.230415729057904473e-02 1.688904003677699563e+02 6.094866265463055015e+02 -3.138835046807087679e+02 8.575988381812102546e+01 1.428308884988298075e+02 2.029437479103978603e+02 -1.051834566198595695e+02 7.484241265463055015e+01 4.713919362253426470e+01 7.959670678702774183e+01 -3.362705303410230329e+01 2.040852244232697998e+01 6.547517552657973638e+00 3.212742393848210920e+00
9.643309047658384092e-02 1.777572705240836228e+02 5.431666161769161363e+02 -2.855360875492274886e+02 8.710278135413510370e+01 1.499437765071190540e+02 1.794478756437443110e+02 -9.463247879430475962e+01 7.918248258103605508e+01 4.803548640563465710e+01 6.805823992729476402e+01 -2.880141671084519928e+01 2.259571436685852674e+01 6.303665674227507232e+00 3.220903703423204867e+00
1.005689403076158450e-01 1.994131486676016891e+02 5.255254908835904644e+02 -2.889819424964937298e+02 9.843171458625526782e+01 1.796849929873772851e+02 1.767558204768583607e+02 -9.829979838709678575e+01 9.801555049088359794e+01 6.378785063113604537e+01 6.677617461430575929e+01 -3.066395073632538626e+01 3.257347256311360439e+01 9.210461956521738713e+00 5.100192847124825235e+00
1.047818677762802908e-01 1.888687920089619183e+02 4.637363704256908363e+02 -2.577520382125964602e+02 8.684315098332088212e+01 1.654829007966143877e+02 1.541660754294249500e+02 -8.498582586507343706e+01 8.795827109783419928e+01 6.006471713965645876e+01 5.867773680607418640e+01 -2.642194112521782401e+01 3.136157074620363616e+01 9.142877147124719883e+00 5.360691669778441693e+00
1.090277847809041356e-01 1.760285556588426630e+02 4.280738438298861297e+02 -2.482531082965373059e+02 8.489152916569834417e+01 1.569141296769695657e+02 1.437026347896816105e+02 -8.376851905647222907e+01 8.735206541947478343e+01 5.677573059493376917e+01 5.287294111666279406e+01 -2.557364048338368434e+01 3.140963063560306878e+01 8.605240892981640854e+00 5.280969944660701465e+00
1.132170039508717807e-01 1.825385506287227031e+02 4.262627399073460879e+02 -2.460643337745422343e+02 7.961044699977939842e+01 1.537140414736377636e+02 1.416155002206044458e+02 -8.206220356276196526e+01 7.781335484226781318e+01 5.306702928524155993e+01 5.193403237370394976e+01 -2.479189588848444714e+01 2.503287695786454847e+01 7.423576067174056270e+00 3.620957595687182895e+00
1.174008294871188018e-01 1.725510188717125004e+02 3.782593354748042884e+02 -2.236462557719333404e+02 8.246176094157799241e+01 1.602470387472395146e+02 1.265175918490263030e+02 -7.471692431238707854e+01 9.274483035535033082e+01 6.482252559726963170e+01 4.649302035233888830e+01 -2.272751926069062378e+01 3.974053591146356013e+01 1.121671649141738669e+01 7.826127566000803171e+00
1.215998224695146873e-01 1.845188033175355429e+02 3.602154739336492639e+02 -2.170853791469194221e+02 7.867010663507109314e+01 1.541899763033175361e+02 1.192130687203791410e+02 -7.238921208530805984e+01 8.156816943127961395e+01 5.406659360189573249e+01 4.255305094786729825e+01 -2.180922245260663317e+01 2.909657582938388387e+01 7.924252073459715717e+00 4.713294209123223055e+00
1.257670529567683493e-01 1.721059482451452141e+02 3.388037591305896967e+02 -2.078645554961696007e+02 7.888769374665953649e+01 1.556637716016390414e+02 1.127760110457865750e+02 -6.901330059682878471e+01 8.577577164617851224e+01 5.809265321574915220e+01 3.963198712809549562e+01 -2.014170229823623615e+01 3.295851427489755991e+01 9.022676153572065871e+00 5.772921120612863000e+00
1.299386816717305049e-01 1.803777992754816353e+02 3.310677589329820876e+02 -2.077661369998353393e+02 7.790719681376585015e+01 1.546493084142927898e+02 1.094848921455623270e+02 -6.891994792524288016e+01 8.299365017289642310e+01 5.536341182282232865e+01 3.737987557632142455e+01 -1.966792822739996893e+01 3.113740634776881322e+01 8.344000854190680272e+00 5.432455901119710440e+00
1.340949335765710126e-01 1.614346640488656419e+02 2.979414762811359765e+02 -1.866470529906393949e+02 7.777324290020625597e+01 1.547647251308900707e+02 1.006764834205933710e+02 -6.281147866095510324e+01 9.115641361256545849e+01 6.418405422021260165e+01 3.512396378708551481e+01 -1.814219543273044621e+01 3.984137018086625659e+01 1.115156225210217400e+01 7.768200658416627213e+00
1.382635144665005922e-01 1.752281553398058236e+02 2.831729278365454547e+02 -1.793425047094624176e+02 7.381921098391538294e+01 1.550755506448340952e+02 9.330380560788292144e+01 -5.914264689900014815e+01 8.443664867410520003e+01 6.074047239530503361e+01 3.190894888421967934e+01 -1.693890831038979883e+01 3.640867944863063599e+01 1.033273257498913189e+01 7.167484218772641746e+00
1.424925284902303357e-01 1.680926867290226312e+02 2.650205537481360807e+02 -1.687525077944963812e+02 7.083010963128641890e+01 1.510190117934119485e+02 8.832742815507658918e+01 -5.626825352446793715e+01 8.274486579910532669e+01 5.971819506574487946e+01 3.065647875152500745e+01 -1.653908897587094984e+01 3.601538565812660408e+01 1.001114104649586523e+01 6.936112664362206637e+00
1.466886314558672189e-01 1.708762175858891510e+02 2.507108233513228583e+02 -1.626361392654995370e+02 7.250361984994076181e+01 1.540508259839410243e+02 8.368917006713175510e+01 -5.413155686455178994e+01 8.586530867447676485e+01 6.031827941950769656e+01 2.828101553244701449e+01 -1.532555408384888729e+01 3.741689976306436449e+01 9.993346469000920607e+00 7.132781134822955948e+00
1.508619291163366127e-01 1.688070833839795739e+02 2.300419198978971735e+02 -1.497242767716057017e+02 6.754743527409748083e+01 1.496815212106478725e+02 7.592486629391029851e+01 -4.948186611158381254e+01 8.035641789230582788e+01 5.877862525829585394e+01 2.528072581135286256e+01 -1.387670646195454083e+01 3.579154005105141323e+01 9.902631958794215095e+00 7.038708292816336254e+00
1.550655720814744509e-01 1.626488428354902567e+02 2.179380027981811736e+02 -1.441104115658155536e+02 6.685416666666665719e+01 1.472573160778827059e+02 7.251482161594962861e+01 -4.810230485601025663e+01 8.286957852395941870e+01 6.002398128716333758e+01 2.419582167424507446e+01 -1.358777198466829894e+01 3.855159875247755252e+01 1.041201942695581195e+01 7.762525322082312940e+00
1.592593054631499527e-01 1.591028139713128269e+02 1.986983603416182973e+02 -1.307919768969670429e+02 6.433766287090769254e+01 1.449963867294426905e+02 6.635718000656957827e+01 -4.368149156903536579e+01 8.002704478265630428e+01 5.857797957954669954e+01 2.250955840085404702e+01 -1.257537398718931421e+01 3.707821909558742846e+01 9.903586239461294127e+00 7.206575741815394842e+00
1.634144798183441161e-01 1.498037199999999984e+02 1.844380133333333447e+02 -1.226813733333333261e+02 6.325947333333333233e+01 1.418134933333333265e+02 6.172610000000000241e+01 -4.082594000000000278e+01 8.149725333333333310e+01 5.996909333333333336e+01 2.053044166666666825e+01 -1.137043583333333352e+01 3.958833333333333115e+01 1.070291166666666705e+01 8.120366666666667399e+00
1.675823816150099899e-01 1.505141964020954788e+02 1.748623233171888955e+02 -1.161393323119501844e+02 6.092471211821685984e+01 1.397981985766531636e+02 5.834617475536226294e+01 -3.885679116833053115e+01 7.800641865177423995e+01 5.794546308194128414e+01 1.922843666600770973e+01 -1.082377742907976703e+01 3.756854489967381738e+01 1.012283779776613635e+01 7.588557625778392435e+00
1.718045808093531246e-01 1.388658508158508198e+02 1.600659790209790287e+02 -1.070920745920745958e+02 5.753626456876456530e+01 1.306908158508158522e+02 5.338647435897436111e+01 -3.568058275058275086e+01 7.521336829836829452e+01 5.549397435897435571e+01 1.771804050116550044e+01 -9.988535839160839203e+00 3.686449300699300835e+01 9.846542832167832771e+00 7.482128496503496429e+00
1.760135070798979073e-01 1.332112057189691257e+02 1.485041890538202267e+02 -9.818624214552409057e+01 5.354425257262544591e+01 1.229104589745924727e+02 4.961826108733266949e+01 -3.279233733266551098e+01 7.019209316091431106e+01 5.266407317184227566e+01 1.681350742191057179e+01 -9.370500039841545004e+00 3.503093126764411380e+01 9.545437147117748822e+00 7.239524519624806587e+00
1.801930856696074279e-01 1.328679353848776827e+02 1.414427478475833198e+02 -9.341933765237405396e+01 5.219162368937004715e+01 1.223051317023271736e+02 4.674924345750575583e+01 -3.094498284459977810e+01 6.897205054982525496e+01 5.193795285994374211e+01 1.553405506776915956e+01 -8.664417462279430993e+00 3.450949141164436185e+01 9.295220729264343618e+00 7.082200739493649699e+00
1.843742315857553882e-01 1.281855606854670953e+02 1.329056234922219346e+02 -8.822194492970635338e+01 5.133490350220447596e+01 1.206159221362615455e+02 4.427881415855586056e+01 -2.938797469012561336e+01 6.825806921221196433e+01 5.154291968222278086e+01 1.474413266367190722e+01 -8.255317517261460125e+00 3.415806973213543074e+01 9.192471768155726863e+00 6.973482603360785070e+00
1.885797910080431738e-01 1.184826273799429543e+02 1.207190125645571470e+02 -8.017258440607415082e+01 4.688756455715716953e+01 1.094469667771525394e+02 3.986235595082093397e+01 -2.652438237107839214e+01 6.264399136668465218e+01 4.679118650273645130e+01 1.317962185886070969e+01 -7.392760444769906236e+00 3.162214792260849450e+01 8.434987570338394747e+00 6.497602592885223238e+00
1.927656394953895236e-01 1.146794260663144343e+02 1.149882073665671243e+02 -7.662408587947010119e+01 4.560147695076192775e+01 1.074041178497587907e+02 3.846330595757715543e+01 -2.561752909870587658e+01 6.178954169538250341e+01 4.632227773949001204e+01 1.289485340569722105e+01 -7.241088521326289218e+00 3.149363944406156790e+01 8.404366720269546676e+00 6.510556656328969183e+00
1.969014248243030341e-01 1.108902512179160880e+02 1.071065585690394784e+02 -7.101825965243946825e+01 4.396918399621900164e+01 1.038283556314985816e+02 3.560364329600814415e+01 -2.365993555951428817e+01 5.996281720351922928e+01 4.524536010325019930e+01 1.190526725987057333e+01 -6.657741719988365503e+00 3.085174598269468405e+01 8.234730604231803142e+00 6.383736730167963280e+00
2.010715633173454087e-01 1.036918650657125198e+02 9.786100598637584369e+01 -6.473044106516205431e+01 4.082552208766256285e+01 9.739676942131700343e+01 3.255832200853230773e+01 -2.150003870501616987e+01 5.584179969724076642e+01 4.240646287758893607e+01 1.091222884985894304e+01 -6.028720734707218476e+00 2.876726673776921572e+01 7.709051168031376911e+00 5.964358055804032333e+00
2.052920281681521186e-01 1.007908866995073822e+02 9.208152709359606547e+01 -6.068792282430213447e+01 3.972699507389162221e+01 9.575440886699507814e+01 3.074543103448275971e+01 -2.026192323481116730e+01 5.499950738916255943e+01 4.221393267651887982e+01 1.034537356321839141e+01 -5.714701867816091685e+00 2.883211001642036209e+01 7.767507183908046287e+00 6.057010467980295410e+00
2.095172134954577381e-01 9.580222575767122350e+01 8.573251527944049144e+01 -5.677955862894587113e+01 3.645947404070317077e+01 8.882512916640412470e+01 2.831245668199861143e+01 -1.878038167097221134e+01 4.998609098355490943e+01 3.823818599962194753e+01 9.407360516035536691e+00 -5.264330382458571655e+00 2.569275329216810277e+01 6.856417561905361779e+00 5.266299382521579808e+00
2.136973926115405542e-01 9.013675968992248499e+01 7.863544186046512152e+01 -5.171489922480620294e+01 3.456062790697674814e+01 8.443418604651162696e+01 2.614059302325581413e+01 -1.723148449612403255e+01 4.819060465116279346e+01 3.694919379844961327e+01 8.704206395348837333e+00 -4.799401647286821948e+00 2.534808139534883864e+01 6.777482558139534596e+00 5.304123546511627652e+00
2.178750580088065492e-01 8.496640145985401205e+01 7.231064233576643119e+01 -4.723963868613138573e+01 3.223559124087591243e+01 7.966278832116788067e+01 2.400041605839416192e+01 -1.568771532846715466e+01 4.505781751824817860e+01 3.499012043795620741e+01 8.050770072992701643e+00 -4.409314781021898000e+00 2.374672810218978114e+01 6.406823905109489736e+00 4.971485857664233343e+00
2.220823861956562617e-01 8.050163592260393841e+01 6.792282958199356813e+01 -4.434128730185592815e+01 3.135100411801207088e+01 7.675574688328538286e+01 2.271907612681220812e+01 -1.483729797766119418e+01 4.475777768375923671e+01 3.454579525582445143e+01 7.750766838720595686e+00 -4.211597245726857786e+00 2.412568398488181742e+01 6.479957303830315318e+00 5.133099403452360932e+00
2.262696194198526023e-01 7.679716748092441492e+01 6.273582368117692454e+01 -4.062806032826480873e+01 2.965911991546357740e+01 7.310797606631169288e+01 2.093346016083877714e+01 -1.353151589174946423e+01 4.225507081297688927e+01 3.273255063951254584e+01 7.105954431300433249e+00 -3.812211807652193141e+00 2.273912416973156780e+01 6.113422558599110879e+00 4.820267469945655137e+00
2.304259489101245229e-01 7.203927604691895681e+01 5.768326389257470765e+01 -3.711393702563558605e+01 2.747325480335438641e+01 6.843356907807441303e+01 1.921806001539196629e+01 -1.234235759115758135e+01 3.968049731967517602e+01 3.094400509527095267e+01 6.612489053128815186e+00 -3.512974115625497440e+00 2.168590441059391694e+01 5.844857126744864573e+00 4.650590799320630353e+00
2.345870463846415066e-01 6.769997964065760243e+01 5.358788873619382542e+01 -3.431191785005344741e+01 2.524501196111365786e+01 6.339483127194991852e+01 1.763767687178704335e+01 -1.128454646383671900e+01 3.612114444953427750e+01 2.831140250419911553e+01 5.985564351427698604e+00 -3.159519622906805214e+00 1.955030825316842424e+01 5.285302781595154542e+00 4.150529501959586476e+00
2.388019837064606632e-01 6.272150340365953980e+01 4.897496137691305051e+01 -3.125697327765171707e+01 2.360604149567904386e+01 5.919510090281465864e+01 1.624200683145850377e+01 -1.035614257953942108e+01 3.395553517114855424e+01 2.658900207599092624e+01 5.546969294645874626e+00 -2.926056024598078675e+00 1.844686609858543136e+01 4.982875715130594685e+00 3.919590052141167735e+00
2.430077036534963875e-01 6.042188465744306569e+01 4.631116875861741278e+01 -2.939974979793657539e+01 2.297889328673988629e+01 5.770264584224789672e+01 1.546820324014643688e+01 -9.801726007939903340e+00 3.343229092378643230e+01 2.624249690961821813e+01 5.339735475205629633e+00 -2.784492672229353705e+00 1.833686498597442238e+01 4.949134990253411637e+00 3.914675004754433640e+00
2.471758823520590620e-01 5.627431018624971415e+01 4.237920498965279847e+01 -2.666970855369050497e+01 2.158982812140721919e+01 5.429182570705909683e+01 1.421829012416647586e+01 -8.929125948493906506e+00 3.192641411818809161e+01 2.507478443320303541e+01 5.005859105541503595e+00 -2.596530811680846096e+00 1.779098355943895271e+01 4.791593613474361746e+00 3.831908197286732598e+00
2.513692271335918882e-01 5.177377904686884591e+01 3.850935681151809575e+01 -2.408458327863113269e+01 1.941516372368824150e+01 4.908350838037723207e+01 1.277913439236795057e+01 -8.014589077064462330e+00 2.849712813443613157e+01 2.240468688460023827e+01 4.459696785698656463e+00 -2.320201728042536438e+00 1.576192781497527484e+01 4.238152186994004644e+00 3.365377199028489308e+00
2.555723892733414715e-01 4.854262984088862254e+01 3.541085366899687159e+01 -2.196842700604709009e+01 1.817006636788609342e+01 4.617326950293777088e+01 1.173213481579963258e+01 -7.292428137196037774e+00 2.682018216322854798e+01 2.118944064416520234e+01 4.102630993481151123e+00 -2.098148614744606899e+00 1.499963277865934863e+01 4.049318228116824514e+00 3.243371922845992295e+00
2.597674079539822323e-01 4.516358590435391562e+01 3.262436153560983598e+01 -2.015877940025538706e+01 1.662799022737570454e+01 4.259470640935865049e+01 1.074508794332083816e+01 -6.641244799604564264e+00 2.436168492812126729e+01 1.931677616674218356e+01 3.727082861350249132e+00 -1.903676190427153303e+00 1.344876838159574994e+01 3.632658354615479812e+00 2.862443104584586173e+00
2.639178238801485610e-01 4.338302639656230753e+01 3.104910988336402511e+01 -1.907081798649478088e+01 1.610378299570288263e+01 4.123690147329649847e+01 1.028750959177409463e+01 -6.328846940863515513e+00 2.390434827092285630e+01 1.898268876611417966e+01 3.623954496623695398e+00 -1.831331849805606593e+00 1.339172038060159586e+01 3.628146101903007903e+00 2.886401741866175374e+00
2.680749044740857179e-01 3.926793507778251779e+01 2.766445862590681415e+01 -1.684780036466617403e+01 1.490259363967878237e+01 3.811850680839507532e+01 9.279546688908716590e+00 -5.629821400861232839e+00 2.233797329014237221e+01 1.779352717538890971e+01 3.322729868196454106e+00 -1.646977107741397273e+00 1.263589755402102632e+01 3.430460960837180107e+00 2.740660581623152403e+00
2.723023151079725368e-01 3.719635098909225235e+01 2.578848678129044103e+01 -1.554485810685893910e+01 1.408611804400073986e+01 3.614129691255315180e+01 8.681667128859308136e+00 -5.222979062673322126e+00 2.118254067295248788e+01 1.693910727491218182e+01 3.144094911259012637e+00 -1.548357194028471051e+00 1.204964873359216071e+01 3.283992535588833306e+00 2.629344610833795670e+00
2.765128983200950685e-01 3.361190945244320005e+01 2.316752816953271576e+01 -1.390898295098869397e+01 1.257289211805427520e+01 3.245759150495268130e+01 7.754867529550391936e+00 -4.640301936425230700e+00 1.898222143462090727e+01 1.519223289575431579e+01 2.796161843631475907e+00 -1.366714699478955630e+00 1.082417056375888187e+01 2.943651728836027104e+00 2.359907206245166922e+00
2.807027537381580062e-01 3.190289931470743312e+01 2.162713934282200157e+01 -1.282774336671938187e+01 1.196034088912317728e+01 3.083216262519768236e+01 7.232867685819715398e+00 -4.295114544895448638e+00 1.810680680021085820e+01 1.449632863292918650e+01 2.628801232208750616e+00 -1.280050326172904596e+00 1.031510059743454555e+01 2.799469008082938082e+00 2.234835019109119525e+00
2.848857026249724811e-01 2.885280174663373032e+01 1.943063480741797378e+01 -1.148583360878187953e+01 1.057015891931387230e+01 2.745489457569325964e+01 6.422556191503427492e+00 -3.802365849309349066e+00 1.590388295466406809e+01 1.276952785219720887e+01 2.315538994815768525e+00 -1.126197045923071682e+00 9.007487126404788214e+00 2.448382754601440503e+00 1.943420875230506883e+00
2.890807262117984777e-01 2.697814881404017839e+01 1.796373255698874871e+01 -1.052553566126744222e+01 9.935045401312967428e+00 2.582243179493946172e+01 5.950192574143106761e+00 -3.488064114406359995e+00 1.507994301124929848e+01 1.213491942400949952e+01 2.168821442120542287e+00 -1.040317505072081206e+00 8.645173378583445256e+00 2.356153661382904829e+00 1.884172529112921657e+00
2.932785946948970324e-01 2.465179680096722592e+01 1.626655270725092350e+01 -9.428236202333104998e+00 9.114587417900207100e+00 2.373179304316570537e+01 5.408779368035814272e+00 -3.129407502940888541e+00 1.388647354834493441e+01 1.120870809234388865e+01 1.992758318220436031e+00 -9.413524485957259769e-01 7.983099083423194742e+00 2.179988992092278810e+00 1.740397183282684779e+00
2.974321087309398370e-01 2.335848849288796458e+01 1.525417432475627422e+01 -8.766076993766981573e+00 8.611173485696021146e+00 2.248751797986255596e+01 5.065611515103084272e+00 -2.910724488572798752e+00 1.317355361994566110e+01 1.067286938628735804e+01 1.876056566645357249e+00 -8.789442074876139266e-01 7.615728384209685231e+00 2.086564297986255312e+00 1.667856500719194557e+00
3.016123743882810904e-01 2.124450212992545417e+01 1.375863095238095291e+01 -7.868889300928039177e+00 7.801912178609462956e+00 2.046958200212992551e+01 4.570474859272782631e+00 -2.613120673588924525e+00 1.195793777574927752e+01 9.710698121101476232e+00 1.689747950897611428e+00 -7.854046620645063204e-01 6.911342803894720888e+00 1.895347562946904096e+00 1.511772116993762349e+00
3.058101292111336522e-01 1.965336802327325216e+01 1.261783114146897411e+01 -7.147016427735956690e+00 7.251080155504904035e+00 1.899790248327984798e+01 4.210585336502414400e+00 -2.383876722625438482e+00 1.113337694568575209e+01 9.033592133281349135e+00 1.576239414007437833e+00 -7.295598729493446566e-01 6.465253201571544039e+00 1.770891285277269578e+00 1.420535935203790956e+00
3.100168993294901143e-01 1.824854909753507926e+01 1.162745523544434612e+01 -6.505222531493012994e+00 6.720009451490716934e+00 1.763932788602255641e+01 3.874053954202416161e+00 -2.164368283523200098e+00 1.029868593790352627e+01 8.382319973313437700e+00 1.452270308150879652e+00 -6.614099848632672973e-01 5.956746427444116421e+00 1.635397088151740341e+00 1.301247211182530394e+00
3.142092030053749707e-01 1.613254898180675667e+01 1.021891511724216706e+01 -5.702681861023048526e+00 5.791046361351497751e+00 1.529198083568960165e+01 3.348075402350555674e+00 -1.874769058992374227e+00 8.866052430525805050e+00 7.216201839316825684e+00 1.244324764194727706e+00 -5.704043185745294453e-01 5.131296768343187154e+00 1.406051524612286885e+00 1.120679506540427806e+00
3.183867557675504334e-01 1.518571811508536662e+01 9.529643382454018763e+00 -5.248299734693317120e+00 5.580287919610700698e+00 1.474004584444505639e+01 3.183000182140598877e+00 -1.746211991037307953e+00 8.636509223874853092e+00 7.067446148241828041e+00 1.209981476644764076e+00 -5.389562334183323200e-01 5.052380027767849668e+00 1.392265554119814119e+00 1.112897637842630516e+00
3.225872781332082551e-01 1.386606928313976894e+01 8.627830062741956851e+00 -4.681845714857829854e+00 5.064457765985849846e+00 1.339788162461620580e+01 2.871973451475103634e+00 -1.560393931050594096e+00 7.894082065144840676e+00 6.473567447603791436e+00 1.103785792951541778e+00 -4.874564060205580085e-01 4.656021392337471809e+00 1.286434346215458602e+00 1.033156350120144173e+00
3.267666109043823597e-01 1.255534554026570859e+01 7.796390910171417055e+00 -4.240182427167797918e+00 4.619068764691899531e+00 1.222383108607802349e+01 2.610062547872480820e+00 -1.417659435996143857e+00 7.168218945616861681e+00 5.876149764929611052e+00 9.989452578180714193e-01 -4.427555523823987760e-01 4.197369159557328366e+00 1.157005848696547989e+00 9.227715772826919904e-01
3.309328770241455886e-01 1.155969149506239013e+01 7.118095160631810359e+00 -3.823466087422491277e+00 4.220304565694455334e+00 1.119381793998315899e+01 2.371126145091734916e+00 -1.273783778611345063e+00 6.560846155809028524e+00 5.388029804281813995e+00 9.120029695833015149e-01 -4.000363971315292755e-01 3.848603083773507905e+00 1.062247816670494283e+00 8.469245196356121053e-01
3.351106074107195187e-01 1.062534049731350727e+01 6.490565256778707770e+00 -3.442807384730725673e+00 3.852162079845057985e+00 1.025386105210546006e+01 2.152235880294889547e+00 -1.141579720104960671e+00 5.992380591653129862e+00 4.939386792452830299e+00 8.288892641821816731e-01 -3.576893528208172079e-01 3.531089903786079898e+00 9.783972611833062771e-01 7.815983556947394550e-01
3.393095620710060434e-01 9.643705070564758230e+00 5.871785441660856364e+00 -3.102874507128603465e+00 3.543289661120861744e+00 9.426779295794965208e+00 1.969234606784795671e+00 -1.039037893996586082e+00 5.564793054119683724e+00 4.590379541028538846e+00 7.699888089642488165e-01 -3.307542265976246010e-01 3.298094405909648419e+00 9.137463785973601871e-01 7.310400882510278420e-01
3.435164896197421824e-01 8.802092929865588999e+00 5.320016668438333873e+00 -2.771855733116008746e+00 3.231423328136441953e+00 8.610324687595964477e+00 1.785750773628138610e+00 -9.294691788911723096e-01 5.106113655422483077e+00 4.220435298703138827e+00 7.056447356376821523e-01 -2.987045696472019340e-01 3.045908887569980461e+00 8.458184217985967868e-01 6.780803576701390778e-01
3.477107812306902690e-01 7.972094319783699312e+00 4.804250051995470727e+00 -2.491792659395003717e+00 2.871886049037505995e+00 7.685204255540406315e+00 1.591049124165183848e+00 -8.252961214267556800e-01 4.488020460217687635e+00 3.716912104545559536e+00 6.201570190996695819e-01 -2.621447788603748497e-01 2.659328565156101831e+00 7.387978647193400583e-01 5.898572002172255413e-01
3.518857617074659383e-01 7.230865074772505174e+00 4.327545981119658158e+00 -2.215395732634397596e+00 2.608841543842330690e+00 6.990491751197040138e+00 1.436953601901649780e+00 -7.364808133070097629e-01 4.073975423786506234e+00 3.379975023827353375e+00 5.611689302652778100e-01 -2.341878737206980199e-01 2.406333324823564102e+00 6.695189019702951772e-01 5.324215558836543627e-01
3.560773577310688554e-01 6.592414489064649885e+00 3.932567963577967340e+00 -1.993697460344337813e+00 2.373666708088443933e+00 6.365979156197425937e+00 1.304099800083025507e+00 -6.628056363887128155e-01 3.725608490462976707e+00 3.095349404072625266e+00 5.140091239430618630e-01 -2.131920495108588498e-01 2.214749953571194308e+00 6.169469919596233254e-01 4.920475308068779641e-01
3.602869550449780967e-01 6.079330536408339647e+00 3.608221469754557376e+00 -1.816945520356889610e+00 2.205017521044041917e+00 5.915080981983722452e+00 1.203806532376688221e+00 -6.060950048583821914e-01 3.485200388133737004e+00 2.899666019777104697e+00 4.804358686841031512e-01 -1.974233211068521787e-01 2.085517592175051949e+00 5.819607480969098967e-01 4.656331951647018075e-01
3.644651285618699665e-01 5.511191097398336680e+00 3.258756006689388141e+00 -1.623618891435043121e+00 1.986036100997057741e+00 5.341356254895320177e+00 1.083271204671987231e+00 -5.409039918684773740e-01 3.139627082495395793e+00 2.617359332331336663e+00 4.326043496898749341e-01 -1.761815581405195008e-01 1.882210673384280053e+00 5.259375859988568713e-01 4.208373493696945800e-01
3.686396944457170921e-01 4.978342748319181332e+00 2.923263153566215244e+00 -1.436434870828793064e+00 1.795524915445031677e+00 4.838646182433127052e+00 9.733085633108539136e-01 -4.790161039949010213e-01 2.851367014824105262e+00 2.384804778255237956e+00 3.932182706838415753e-01 -1.581396565693299339e-01 1.717408910654440124e+00 4.813068304480128679e-01 3.852108075513498431e-01
3.728293470315630076e-01 4.519346850235731239e+00 2.644949656434948615e+00 -1.288925747943625355e+00 1.610028588624736745e+00 4.349327289597753499e+00 8.730086706289498233e-01 -4.262010278739091773e-01 2.540203693951248898e+00 2.126350749824455821e+00 3.497469891037215395e-01 -1.391142424327916627e-01 1.521217022770589011e+00 4.263877786763968780e-01 3.396009661199719254e-01
3.770363921861874523e-01 4.040405680378205133e+00 2.357229627644020109e+00 -1.136456556438249388e+00 1.449960552929135504e+00 3.922591444097865310e+00 7.835371685836827194e-01 -3.770188447338921889e-01 2.310621466517204681e+00 1.942051034457549674e+00 3.192015661553270767e-01 -1.245960006914660356e-01 1.397231394385417769e+00 3.934970970611170737e-01 3.143850254959060786e-01
3.812363453093803867e-01 3.692973643634962055e+00 2.149300134913751492e+00 -1.029941818444637169e+00 1.340388900934759597e+00 3.620500566155921973e+00 7.199039944107160638e-01 -3.443784180158042108e-01 2.143151320227425938e+00 1.801473209983617707e+00 2.953285360653368219e-01 -1.151340366616074029e-01 1.298110304037775942e+00 3.655148932133565065e-01 2.920241655223089761e-01
3.854150971210312249e-01 3.349065491414815465e+00 1.936512656799503462e+00 -9.145510291877456677e-01 1.193470561304609490e+00 3.237400501664378538e+00 6.408083637372350427e-01 -3.032908942273334074e-01 1.901874541590656831e+00 1.601289364433076789e+00 2.622095198103360780e-01 -1.017177457603012786e-01 1.151305423452692045e+00 3.243347481334512006e-01 2.589165943300641426e-01
3.896036578152083374e-01 2.994007724835553219e+00 1.728130095765850305e+00 -8.109987643487552855e-01 1.065547455111196973e+00 2.893328922760856958e+00 5.714952142985462169e-01 -2.689027722117811603e-01 1.690845931678735203e+00 1.425024298454111493e+00 2.328467740635306593e-01 -8.972606335965857549e-02 1.019071551462052971e+00 2.872967595535533269e-01 2.282712189705285999e-01
3.937795161075864914e-01 2.688282054350378480e+00 1.547606535502050074e+00 -7.191564086122500532e-01 9.534899210664161684e-01 2.591289252298466295e+00 5.106224345456351621e-01 -2.379987748473709752e-01 1.515711926286509081e+00 1.280000011289128103e+00 2.093013701897024903e-01 -7.980747697300091814e-02 9.166594228094575580e-01 2.591133074266658287e-01 2.060449682662608417e-01
3.979440095093054186e-01 2.434631294403589941e+00 1.395974714437064890e+00 -6.414920663360695885e-01 8.634919305656951760e-01 2.351486129164366723e+00 4.614494906385214201e-01 -2.127201469324798422e-01 1.380427754580580979e+00 1.168521221354676731e+00 1.908475013521394037e-01 -7.204983217891419711e-02 8.406812556756468879e-01 2.380777683245490772e-01 1.899539347534321132e-01
4.021139069446590386e-01 2.167588607731469441e+00 1.240087852705151539e+00 -5.653250455712313105e-01 7.754056918198292125e-01 2.110606232202951293e+00 4.125759071101907094e-01 -1.879369040685132386e-01 1.246124962248684076e+00 1.056151779165588112e+00 1.724326745728708421e-01 -6.437173636503365493e-02 7.602381568728967531e-01 2.155853274117697782e-01 1.718233278863577629e-01
4.063125452039867413e-01 1.959351003233248401e+00 1.117031205269184646e+00 -5.018145581437447600e-01 7.028032012528837580e-01 1.918503085900004956e+00 3.730524663519020345e-01 -1.672350659595338573e-01 1.133002737525891090e+00 9.639966930771431963e-01 1.570209323112254085e-01 -5.759297612400644806e-02 6.944770204646110168e-01 1.976387819588518446e-01 1.575549557533300615e-01
4.105412315868290918e-01 1.778113067057515151e+00 1.012134294918968447e+00 -4.518423683850104067e-01 6.386137114875141130e-01 1.742718860897152888e+00 3.383709450992657408e-01 -1.506466754106771944e-01 1.030760864343652328e+00 8.771002745343341456e-01 1.431690707585160927e-01 -5.237404309683110076e-02 6.330294393612323489e-01 1.801353047474202329e-01 1.438313873949287891e-01
4.147348487769681458e-01 1.587886753624375480e+00 9.009608690310426660e-01 -3.968431011446474366e-01 5.651617147186501766e-01 1.547114065443525366e+00 2.995333872553034849e-01 -1.316680205816405935e-01 9.074900560037677533e-01 7.743598472438365521e-01 1.260693315382095114e-01 -4.537973315663650087e-02 5.549595841182733968e-01 1.582996534318945048e-01 1.256781626259317053e-01
4.189107045044477284e-01 1.422454246482791618e+00 8.061089142357523718e-01 -3.527857607702090670e-01 5.090619349117717629e-01 1.391767968563707214e+00 2.690642759915746196e-01 -1.177983308784079225e-01 8.222162884508386060e-01 7.015817502583260312e-01 1.144391840871154947e-01 -4.125925720083856857e-02 5.048903107861060224e-01 1.440173767735076771e-01 1.145036258793021289e-01
4.230974437456921922e-01 1.263257054957484860e+00 7.140905955027693208e-01 -3.094947258463998652e-01 4.484969210741867052e-01 1.227051398315001096e+00 2.367526047761135677e-01 -1.029653325264256181e-01 7.190500307161244997e-01 6.136189445354551797e-01 9.993750883698025722e-02 -3.591559038341524124e-02 4.390610373274045908e-01 1.251907340300530413e-01 9.922239144531554145e-02
4.272931011032126136e-01 1.131385669381803627e+00 6.369031573010976999e-01 -2.718618970620791941e-01 3.977480003855138335e-01 1.091646730957142930e+00 2.098545842271401785e-01 -9.005784317888605728e-02 6.399003723452982850e-01 5.476456698398399769e-01 8.908494854726170531e-02 -3.158350764157136920e-02 3.927557929657083391e-01 1.123133949598836556e-01 8.913909433590469500e-02
4.314914587673138180e-01 1.018431779176201424e+00 5.723903882681982136e-01 -2.419591957802380844e-01 3.618768087898774910e-01 9.926109531341140713e-01 1.902110377546327447e-01 -8.058268448254587990e-02 5.865403715357233594e-01 5.029818158193865019e-01 8.186145686106249819e-02 -2.858490133097956951e-02 3.627890324703489378e-01 1.040293277517910231e-01 8.291392602283094437e-02
4.356511643511531418e-01 9.079547502166022133e-01 5.095052880809046725e-01 -2.135669378939918928e-01 3.215657525338720957e-01 8.841378462834053042e-01 1.691796098919976787e-01 -7.090768919080411847e-02 5.213281961892953786e-01 4.480361907705062707e-01 7.299505269408303187e-02 -2.522204641448695314e-02 3.228665618511270541e-01 9.276386779144196737e-02 7.386133013813990511e-02
4.398424702607344750e-01 8.140926519873628031e-01 4.560277958630405970e-01 -1.888300450767763927e-01 2.885350625809389724e-01 7.935493869985341675e-01 1.514767413884501035e-01 -6.282830033069347619e-02 4.672142165286257143e-01 4.020651887745663178e-01 6.545022798549146592e-02 -2.242062436516280288e-02 2.886360139250593870e-01 8.299727820500504838e-02 6.580826198919509373e-02
4.440501074980069407e-01 7.193886963526181511e-01 4.028144926614933841e-01 -1.660723041612728879e-01 2.545740360986243900e-01 7.008273823918517165e-01 1.337290770543195229e-01 -5.516775864812865221e-02 4.134822887623227361e-01 3.560895535193536188e-01 5.803333826590217209e-02 -1.981820214589527160e-02 2.564842627530335428e-01 7.381975926693173928e-02 5.872027789237094231e-02
4.482267968899237842e-01 6.443530675028203980e-01 3.595629485302310746e-01 -1.456686800110032487e-01 2.290286545747036717e-01 6.308494457463403871e-01 1.198278109635500105e-01 -4.862665296230169604e-02 3.734544096549994863e-01 3.224151078735880138e-01 5.252209979830285702e-02 -1.768184149516170700e-02 2.325044102208309593e-01 6.707352304936139986e-02 5.333548929621014650e-02
4.524052929840755577e-01 5.681310231699815416e-01 3.166987315033148453e-01 -1.275962372274622170e-01 1.996021530696807933e-01 5.512728752306745861e-01 1.047170151348164741e-01 -4.223238009192809700e-02 3.244683804934727633e-01 2.804864510713553361e-01 4.568570092504783964e-02 -1.525199597600984149e-02 2.015606044101564964e-01 5.820873167418494365e-02 4.615376811222746123e-02
4.566090347930675253e-01 5.068617241951542951e-01 2.820479744025887747e-01 -1.123972291943245994e-01 1.783713154455691952e-01 4.931623382011284251e-01 9.343622946398938423e-02 -3.724248957641885377e-02 2.901148149684699695e-01 2.514009085628940987e-01 4.091031312230335171e-02 -1.347330675147278417e-02 1.807620363840026501e-01 5.234006479733654266e-02 4.157806406613009931e-02
4.608167319022857811e-01 4.589202710908804050e-01 2.551128588790368412e-01 -1.005413180421982217e-01 1.625918128431217691e-01 4.494787141079821802e-01 8.504306018742512074e-02 -3.350344654294535457e-02 2.663330486327790680e-01 2.310612418868570606e-01 3.770575606305212601e-02 -1.231385020626390644e-02 1.665392559688376461e-01 4.828096612227971568e-02 3.829677584850639527e-02
4.649806979855051203e-01 4.021869122723242818e-01 2.232310415553006022e-01 -8.733432089238452045e-02 1.422750683679057104e-01 3.935167067448728240e-01 7.435985047881980836e-02 -2.910940947934458067e-02 2.336382013618169828e-01 2.028511514980638752e-01 3.309533885097915018e-02 -1.073639425709592074e-02 1.467190331686201998e-01 4.258350571307970012e-02 3.390253812284873408e-02
4.691538386770017222e-01 3.579821306123547875e-01 1.983290887326910334e-01 -7.666602678458313280e-02 1.266228780460960657e-01 3.506901224772908665e-01 6.608050646988584964e-02 -2.554622818957216768e-02 2.071621957071186904e-01 1.801720387068779794e-01 2.935877233302294428e-02 -9.441602730420895970e-03 1.295638859657874398e-01 3.763759939204768673e-02 2.980596911997358475e-02
4.733478629909182445e-01 3.157038408062468049e-01 1.746256629960848683e-01 -6.663551953139588979e-02 1.109998607290019895e-01 3.079919767456336110e-01 5.795289187668837411e-02 -2.212450826007341873e-02 1.815098639267885838e-01 1.582066019121363409e-01 2.579081029267139141e-02 -8.193145897457643559e-03 1.136239203579964968e-01 3.307667359585268058e-02 2.619053969651371355e-02
4.775500538217637980e-01 2.793572176146543184e-01 1.543322712398386420e-01 -5.851753025557274862e-02 9.921255387274377502e-02 2.748345207934699275e-01 5.161754270019560525e-02 -1.959249715877929565e-02 1.630117767836467557e-01 1.420917421024728566e-01 2.319928651939799635e-02 -7.354000270220655174e-03 1.024579272723671886e-01 2.983690569546684421e-02 2.366981906641905595e-02
4.817339644282710998e-01 2.484799399902420936e-01 1.370747880415348618e-01 -5.130915745421045504e-02 8.710368824017843126e-02 2.421381610846455035e-01 4.543512756524480112e-02 -1.701234773830790845e-02 1.434825849727869029e-01 1.254297978259815427e-01 2.048201699522027991e-02 -6.385244915629507967e-03 9.063267546850188594e-02 2.647523771224256917e-02 2.105574613224571803e-02
4.859144464692263798e-01 2.211547183176331977e-01 1.219011719899911611e-01 -4.517440135597585588e-02 7.813840797026787299e-02 2.171079261112746350e-01 4.068245246265086296e-02 -1.508539675402928958e-02 1.287886370326758734e-01 1.126636439321460070e-01 1.841380175752502235e-02 -5.710673451528922202e-03 8.131758030983220198e-02 2.376034633040182212e-02 1.886422647740653227e-02
4.901252990058800885e-01 1.932341164891956398e-01 1.064069355684853085e-01 -3.908987418960204602e-02 6.792890754165076261e-02 1.890446968974367759e-01 3.538202355429052176e-02 -1.298859004937538350e-02 1.114620998953672476e-01 9.766966329645172806e-02 1.594941717194599609e-02 -4.888011140307235713e-03 7.012343800582128417e-02 2.052266535478304565e-02 1.622596056138574799e-02
4.943123444065962158e-01 1.710251085970476426e-01 9.407728046611729678e-02 -3.422485296807969285e-02 5.996744289984128756e-02 1.669762272562595740e-01 3.122927190019494578e-02 -1.138786275466304246e-02 9.851115074053734544e-02 8.638010754755770515e-02 1.411735505448002796e-02 -4.312330659679891078e-03 6.201384715688867955e-02 1.815638619557747788e-02 1.434161276499620538e-02
4.984736335014697817e-01 1.509135487023272049e-01 8.291526505878842046e-02 -2.986573544484466200e-02 5.360684994032062500e-02 1.492416623003145204e-01 2.784117109011726571e-02 -1.001869278222544679e-02 8.906109905502947177e-02 7.826000115611105035e-02 1.280619900692888877e-02 -3.858721588438252838e-03 5.669240914098473694e-02 1.664664851095017453e-02 1.322964235819431775e-02
5.026590164608074618e-01 1.331132865356266792e-01 7.308613259548850383e-02 -2.612503704235927260e-02 4.680489024460677411e-02 1.304805502689739549e-01 2.433309679795877048e-02 -8.695738154094152100e-03 7.710307994755283278e-02 6.779306092617243262e-02 1.109323449025244497e-02 -3.330556154605182097e-03 4.868881328485110543e-02 1.429434885720454185e-02 1.128233664749287747e-02
5.068609875937976073e-01 1.166513675581521553e-01 6.397475604734859100e-02 -2.266911427692756137e-02 4.117350957595700828e-02 1.148459315526215996e-01 2.138595361807325498e-02 -7.580562434977024776e-03 6.820910732561134837e-02 6.004915271037792462e-02 9.824196643247100000e-03 -2.925214522871143717e-03 4.335738142096594999e-02 1.274954155624762921e-02 1.011483756540421976e-02
5.110594965365916620e-01 1.039197227051088940e-01 5.694005785293897864e-02 -1.992246800347277982e-02 3.627607734075421336e-02 1.013329132553059675e-01 1.885503176328962027e-02 -6.604990159167347524e-03 5.995804393512139258e-02 5.285679344778414918e-02 8.655417667210080906e-03 -2.550210424179087058e-03 3.804526173848549186e-02 1.120020184231836427e-02 8.858255365633111236e-03
5.152492140965455603e-01 9.028809748685939773e-02 4.943474868593955573e-02 -1.715404535561761146e-02 3.142969519957293512e-02 8.787188937253614940e-02 1.634692607383377363e-02 -5.690244256118594766e-03 5.168594981931669274e-02 4.560893355781866360e-02 7.468415068577529889e-03 -2.190381244353646617e-03 3.267662050344941060e-02 9.626144028211236839e-03 7.588176792460579224e-03
5.194329442812991582e-01 7.964266545119956520e-02 4.352304823408370549e-02 -1.489567029400023362e-02 2.791068568410188383e-02 7.807844631173080363e-02 1.448322515432699797e-02 -4.957342774299605334e-03 4.623246782014332062e-02 4.088869266695227545e-02 6.698685892832800977e-03 -1.928010476912616136e-03 2.948230371585656984e-02 8.710004270971270085e-03 6.902656212473061784e-03
5.236343964239100757e-01 6.945256601852925482e-02 3.794209631725589671e-02 -1.287497420843337383e-02 2.423196743902392841e-02 6.784173096759713029e-02 1.258350881712979284e-02 -4.275860981209710955e-03 3.998727987124471583e-02 3.538973362454225086e-02 5.802998433157401624e-03 -1.663489548918306842e-03 2.537652731785991836e-02 7.498065533986703751e-03 5.911019090212240451e-03
5.278273205415198177e-01 6.165636308115906433e-02 3.364241887659410318e-02 -1.130173364421251624e-02 2.163894702469152873e-02 6.064539700913547382e-02 1.121936573420792213e-02 -3.757382014088642662e-03 3.608777922013994832e-02 3.202252732880135622e-02 5.250937623060068608e-03 -1.480546727485687261e-03 2.315802890823000573e-02 6.864601596775384874e-03 5.446509333120134327e-03
5.319960279023402405e-01 5.371163832436278568e-02 2.928225435381093950e-02 -9.751079269518684450e-03 1.872046750301596327e-02 5.249678587447414307e-02 9.708047445326033892e-03 -3.232264189518374402e-03 3.102532537583518879e-02 2.753638970087849552e-02 4.514786064905036006e-03 -1.269488052636259540e-03 1.978428142786439053e-02 5.862788497973892878e-03 4.626211096997958142e-03
5.361714592099571242e-01 4.732587760703058782e-02 2.577026413520306161e-02 -8.471059065498753524e-03 1.654977667872453706e-02 4.641616740652158846e-02 8.570990018687468792e-03 -2.821932242637845232e-03 2.750752577833792331e-02 2.444602500827242411e-02 4.010115083657945015e-03 -1.117240186340947910e-03 1.759515765243464813e-02 5.221859344738737259e-03 4.125469812280567125e-03
5.403746330902056139e-01 4.124721474840505747e-02 2.244272887829550089e-02 -7.311214743880716481e-03 1.435621878945819371e-02 4.034987922232348423e-02 7.443870440205111079e-03 -2.421700910186325769e-03 2.387993983960392044e-02 2.126415636896793887e-02 3.489391118338685312e-03 -9.590983260658310448e-04 1.531262108177161921e-02 4.553383569381597683e-03 3.599979928332199854e-03
5.445761264886261888e-01 3.606094234359848161e-02 1.960682089365826247e-02 -6.324106573987824630e-03 1.257131941314269460e-02 3.531785728839102051e-02 6.512306877600905833e-03 -2.105268399900141630e-03 2.091539928904654136e-02 1.862645651824047094e-02 3.058886041584039841e-03 -8.388980191236081099e-04 1.340878016418070411e-02 3.987517385649885608e-03 3.150596517011365442e-03
5.487504490749764985e-01 3.137814078802975831e-02 1.704698749382064712e-02 -5.446128433996905854e-03 1.100383423971159486e-02 3.093467537429646017e-02 5.695856772513299866e-03 -1.817927098708675780e-03 1.841783302882120735e-02 1.643314132781019052e-02 2.701767906905332833e-03 -7.314154788347273107e-04 1.187840727266113727e-02 3.540142919103348145e-03 2.804852718736706475e-03
5.529407179677009454e-01 2.743953305505466081e-02 1.490184909219820393e-02 -4.725419824569614645e-03 9.551428317553303793e-03 2.686372335759115368e-02 4.946270348226365285e-03 -1.571121684643799529e-03 1.589966897432735712e-02 1.418650647755142526e-02 2.333419698859188172e-03 -6.320113457018345943e-04 1.019892340473610090e-02 3.037850256963989509e-03 2.395528937313484708e-03
5.571409157079509900e-01 2.389924254842634016e-02 1.296540330221151831e-02 -4.063724626620747807e-03 8.246220963839088688e-03 2.324449927659555382e-02 4.275395017992711030e-03 -1.340894898595004206e-03 1.375209395645522747e-02 1.229703139318555176e-02 2.021560243945860844e-03 -5.378491013550396700e-04 8.852334379457796679e-03 2.643190754614666016e-03 2.087392039063134652e-03
5.613298693710127019e-01 2.086458528374846369e-02 1.130822105673698862e-02 -3.507410602290953958e-03 7.332009622830447382e-03 2.063855719749440806e-02 3.789274985214817308e-03 -1.174374967248560057e-03 1.228128079239463634e-02 1.099176728047093765e-02 1.809862396874820306e-03 -4.780303109053198290e-04 7.924139151487258684e-03 2.368284021660723576e-03 1.870533468441868807e-03
5.655062246218995892e-01 1.804914302208813007e-02 9.775993463105602660e-03 -3.003668197477028356e-03 6.312645366862411518e-03 1.778942231241530808e-02 3.264166300206175226e-03 -1.002599192604244037e-03 1.057620830908976781e-02 9.476348853591052765e-03 1.560406973251053609e-03 -4.085349880538290774e-04 6.826836496385187483e-03 2.042432558781248110e-03 1.611711289819366469e-03
5.696867424029971039e-01 1.584349643799203358e-02 8.578223162636235480e-03 -2.618720554981874855e-03 5.513029661556928182e-03 1.554619888215406399e-02 2.851882491665754579e-03 -8.710334479090876478e-04 9.220801828396369554e-03 8.266447697377951945e-03 1.361514286916294409e-03 -3.551122876787073915e-04 5.955125699316036851e-03 1.782637005730146069e-03 1.407681683416313594e-03
5.738956954203543459e-01 1.379465878975729559e-02 7.463285733306300289e-03 -2.254732111731056008e-03 4.814879199245852663e-03 1.359492211481048637e-02 2.489760502910839425e-03 -7.489583144783708421e-04 8.048261116924235181e-03 7.229468970231437905e-03 1.190801626787278125e-03 -3.057800554234882439e-04 5.190461840172948087e-03 1.556334375923106375e-03 1.224933429184160965e-03
5.780928920821047923e-01 1.187942844496126145e-02 6.426521297237182927e-03 -1.927212235339510879e-03 4.133097868375573344e-03 1.167446124921612226e-02 2.138284406035613396e-03 -6.405363759024102540e-04 6.921668035831885814e-03 6.221304735968055145e-03 1.025407164027566367e-03 -2.625202914410558865e-04 4.477956050812349070e-03 1.343744145286650347e-03 1.059788435647301096e-03
5.822632071880226023e-01 1.034432053857313981e-02 5.587602730436681299e-03 -1.652755694957436542e-03 3.616666350204184380e-03 1.021550500422244850e-02 1.868060875774849288e-03 -5.526770082533847455e-04 6.082348067103789113e-03 5.472643216653792254e-03 9.026025834778139863e-04 -2.289070230711909900e-04 3.946508962799999062e-03 1.185592703068756928e-03 9.354619645899759891e-04
5.864430803127811398e-01 8.963952563224722794e-03 4.842009962173544381e-03 -1.424749445314968822e-03 3.125525833432934303e-03 8.836440923195430786e-03 1.615284685271004255e-03 -4.744569792522349092e-04 5.269149722037087986e-03 4.745993430160330533e-03 7.831344837561228338e-04 -1.969923033890989459e-04 3.433807553319905611e-03 1.032922056347250137e-03 8.178379076859010203e-04
5.906376733072625784e-01 7.795002209893420013e-03 4.206513778086810526e-03 -1.226184678251522608e-03 2.720082809730208634e-03 7.689760979034366943e-03 1.403957209199721513e-03 -4.091804021241674427e-04 4.568512194178761011e-03 4.116835527814707851e-03 6.791759023658520316e-04 -1.702993993954617482e-04 2.962902869838434251e-03 8.912578424409452454e-04 7.021452321932421118e-04
5.948356627105599870e-01 6.745308073871621700e-03 3.637199462662493634e-03 -1.049238217641658031e-03 2.340574663141877561e-03 6.622567266569117685e-03 1.208916267297788054e-03 -3.492321782999102567e-04 3.940300735869147614e-03 3.554620287568903674e-03 5.868221194024965436e-04 -1.457151691283311960e-04 2.563299233638722738e-03 7.721012445963198415e-04 6.092918428286720660e-04
5.990145239901687457e-01 5.837851073946221346e-03 3.145358102702785954e-03 -8.975135305367912134e-04 2.018468060174962928e-03 5.717406811053806111e-03 1.042693995116734376e-03 -2.977009429978421111e-04 3.382473464098697397e-03 3.055146415437021493e-03 5.042394706988105168e-04 -1.237004104385272117e-04 2.193044325369568857e-03 6.612935999700786903e-04 5.199375786376589934e-04
6.031829950841108845e-01 5.015168725202032510e-03 2.701970436540849195e-03 -7.661491708239670994e-04 1.746986644866220604e-03 4.948992488052325264e-03 9.019380579992769542e-04 -2.552146961144730031e-04 2.941206053074612008e-03 2.659648767879502738e-03 4.393801465009540119e-04 -1.068364171232290423e-04 1.913985034483698224e-03 5.778685114035842386e-04 4.550700549330190898e-04
6.073740526175752663e-01 4.323868177573554628e-03 2.327719996378182447e-03 -6.534209852421546134e-04 1.503581151771022761e-03 4.260822118691362341e-03 7.758891017336547961e-04 -2.182167097736623421e-04 2.535280390643869682e-03 2.293202956351378125e-03 3.789116994770300672e-04 -9.212987552349622973e-05 1.651928180040777632e-03 4.987595960181470407e-04 3.927773971584682462e-04
6.115768023320514724e-01 3.766587238696613316e-03 2.026669408304051199e-03 -5.638835807413772371e-04 1.311432054432648021e-03 3.719552905235824769e-03 6.767589399793862799e-04 -1.879591352037593150e-04 2.213314717149600635e-03 2.005254113902448388e-03 3.313696326493725374e-04 -7.926697944343969252e-05 1.444946600686536657e-03 4.370744024246595917e-04 3.445574108378762529e-04
6.157710000000914397e-01 3.225047967220077885e-03 1.734192207840946562e-03 -4.786177023779618106e-04 1.119809423879549121e-03 3.177305997485150961e-03 5.777368996378474258e-04 -1.594176599246327844e-04 1.892968189728542637e-03 1.715762113313442413e-03 2.837728406994189951e-04 -6.777281075699117998e-05 1.238230599913935472e-03 3.746411091367516039e-04 2.955811213051427982e-04
6.199632023912512446e-01 2.802218313812997706e-03 1.505683570645823845e-03 -4.105431275699498051e-04 9.742823135929551317e-04 2.765464468498490466e-03 5.024547606941718756e-04 -1.371366129013351220e-04 1.645957834545352938e-03 1.493488321816964634e-03 2.470494102191273834e-04 -5.836030995062070148e-05 1.075620991000200526e-03 3.258059258448644537e-04 2.565592581244063516e-04
6.241630060990407403e-01 2.412109200732092361e-03 1.295180109542018411e-03 -3.498108297902344493e-04 8.408849680720281066e-04 2.387987472646909293e-03 4.333714473221575002e-04 -1.169229014118349348e-04 1.417638059218744419e-03 1.287778406923649997e-03 2.129991269221401815e-04 -4.977187421448741000e-05 9.252354821240163290e-04 2.805414059938261600e-04 2.206483444278673227e-04
6.283593402461892241e-01 2.076787689717621201e-03 1.114235908087871270e-03 -2.980058217500978763e-04 7.197987410597956768e-04 2.046769253550116598e-03 3.711298757498462746e-04 -9.914230733714318256e-05 1.221686518817685467e-03 1.111428369451029474e-03 1.838512414315215428e-04 -4.244141024443044967e-05 8.038105043437028313e-04 2.441802779765195525e-04 1.930530383306564620e-04
6.325410955997395890e-01 1.781612508205083828e-03 9.553733462098814308e-04 -2.530607321229168087e-04 6.193556231946076079e-04 1.761865493780299897e-03 3.192303796618300147e-04 -8.444945424378167190e-05 1.047859254766071680e-03 9.539338822292405245e-04 1.578373431942048800e-04 -3.620027580305374093e-05 6.868568632033085399e-04 2.087094888540990843e-04 1.643316790152721328e-04
6.367142920629192959e-01 1.519869948101635259e-03 8.149284844476039139e-04 -2.146576837936938831e-04 5.309393891114200801e-04 1.510262289461956637e-03 2.734767610391185873e-04 -7.179661586282449831e-05 9.004698393627688386e-04 8.203072699672241857e-04 1.358468378450386417e-04 -3.099317830886504137e-05 5.906813018502585656e-04 1.796047524174238950e-04 1.413072241930677503e-04
6.409035099394975177e-01 1.306767495648756324e-03 7.001267630350005520e-04 -1.827700566538503801e-04 4.507949972013127566e-04 1.283334351601552684e-03 2.323399538211300152e-04 -6.067933469311024197e-05 7.594460477954441359e-04 6.920411707446741606e-04 1.145152236918889701e-04 -2.602950143627221532e-05 4.960356791964762183e-04 1.508428720160114999e-04 1.182868868549568481e-04
6.451032402190634008e-01 1.124980306401514004e-03 6.022255789531566440e-04 -1.554267448766287062e-04 3.891135138706972550e-04 1.108385154367944351e-03 2.004818301475380258e-04 -5.177884933942132183e-05 6.598077933807675434e-04 6.020327412160045473e-04 9.968828975536186011e-05 -2.238663352804956557e-05 4.336426004605518653e-04 1.320774574677942802e-04 1.039789357754801886e-04
6.492879941711476866e-01 9.604397390699801265e-04 5.140080166236293824e-04 -1.316712151387392144e-04 3.321494672340064838e-04 9.467750045553251529e-04 1.711700514536878843e-04 -4.384841948449768619e-05 5.629196901042708701e-04 5.140954108575199926e-04 8.517284720275876994e-05 -1.899143023883206733e-05 3.703015268654538433e-04 1.128841891014155960e-04 8.889939990565149839e-05
6.534659541563927476e-01 8.305639788763801096e-04 4.440071744479617789e-04 -1.121387020595226752e-04 2.872249851541478069e-04 8.190616921738907378e-04 1.478767473593878821e-04 -3.735125772252833161e-05 4.860811183819115024e-04 4.444665974105017881e-04 7.361931194042532799e-05 -1.619314562613439378e-05 3.189399365578884970e-04 9.732874089477069229e-05 7.636843504112879734e-05
6.576591076962554627e-01 7.078642749937960697e-04 3.783090636685040756e-04 -9.497844283858188281e-05 2.452337016993168988e-04 6.994949523752569398e-04 1.262438044349839614e-04 -3.168549576904926632e-05 4.178751605609090842e-04 3.823726784182081848e-04 6.338166381385823317e-05 -1.385226412601989258e-05 2.763992017251831420e-04 8.444313920233023629e-05 6.667313726439126316e-05
6.618529307405217610e-01 6.023590746624735886e-04 3.218100847263306711e-04 -8.015863492160324943e-05 2.094944079271764234e-04 5.978449232243619130e-04 1.077945559190563449e-04 -2.676244095516042232e-05 3.570627650953488966e-04 3.270467674752540834e-04 5.421683662206880697e-05 -1.174016666877186010e-05 2.358572726186001275e-04 7.210427500994023495e-05 5.678255383579870747e-05
6.660240791386257131e-01 5.166436447499187174e-04 2.757683115804592075e-04 -6.795414268571044907e-05 1.772852569742492876e-04 5.064529814167676326e-04 9.129615486719410268e-05 -2.253273210955026031e-05 3.001128215105060000e-04 2.749866055828799165e-04 4.556404862548378624e-05 -9.826779396469103673e-06 1.972170338925457447e-04 6.030068043537001749e-05 4.729664678839089420e-05
6.702067828716186115e-01 4.416725628410443291e-04 2.356877186171561192e-04 -5.764832169387080894e-05 1.525594063018985663e-04 4.357921483681564154e-04 7.850074042343626452e-05 -1.919837013642746359e-05 2.590543820124302510e-04 2.375764447062285781e-04 3.940599512786483583e-05 -8.440580638500994986e-06 1.708295778919837512e-04 5.227977855754755901e-05 4.107087776762718344e-05
6.744172070879622671e-01 3.763406293436198798e-04 2.007320585939402350e-04 -4.867174786184612925e-05 1.298164019692428224e-04 3.710284379876243850e-04 6.678860795952800149e-05 -1.618339558822549416e-05 2.203013503774473014e-04 2.022242119548831496e-04 3.352924447492085453e-05 -7.108329457474653343e-06 1.451764559058024565e-04 4.447207978931321507e-05 3.490224151822170771e-05
6.786118453466847278e-01 3.213943681025193517e-04 1.713463524397656947e-04 -4.121595528246502698e-05 1.108651582945912104e-04 3.170338268414362327e-04 5.704526832334231857e-05 -1.372781016920473636e-05 1.885410198231558354e-04 1.731608545581372546e-04 2.872747104158270373e-05 -6.068296201919876165e-06 1.244882762553855562e-04 3.815254367972704220e-05 2.997224587282577529e-05
6.827984616056306244e-01 2.731965938840289951e-04 1.455759231447508828e-04 -3.464964156455424229e-05 9.465526349367846270e-05 2.707315732423564358e-04 4.867444122101647111e-05 -1.158359797532317558e-05 1.616539206124725314e-04 1.486319634777881460e-04 2.466921550595929348e-05 -5.149989785992824610e-06 1.071835247432571678e-04 3.288956430749782114e-05 2.589164529226837389e-05
6.869817177358829019e-01 2.337163518744465689e-04 1.244423690819969515e-04 -2.931099007249385728e-05 8.089718025426203218e-05 2.314954093976024534e-04 4.157802301222863865e-05 -9.779277669463401460e-06 1.381386730413115913e-04 1.271260325091223766e-04 2.109906991138328151e-05 -4.354313654172497147e-06 9.148467114685822929e-05 2.809686561700513427e-05 2.206376355599231395e-05
6.911718524128840357e-01 1.963962737802417446e-04 1.045443315930562296e-04 -2.447719915124955118e-05 6.786084070198093547e-05 1.942989253594786339e-04 3.488842141170714741e-05 -8.163226359461505527e-06 1.157853629875086661e-04 1.066035625328731973e-04 1.769772022627358600e-05 -3.643423604875681925e-06 7.672676387596012271e-05 2.357248828022679549e-05 1.852180286843926036e-05
6.953555746427921846e-01 1.664887540937333486e-04 8.857021241113718262e-05 -2.055009473420951925e-05 5.757876315777315824e-05 1.649417128836584278e-04 2.958846719696195979e-05 -6.854105822830901517e-06 9.811219398898474566e-05 9.042357319679406372e-05 1.500381315592895776e-05 -3.053507603630058911e-06 6.496854465169359723e-05 1.998404361581307618e-05 1.569102756435718175e-05
6.995344561305086861e-01 1.418134854953888920e-04 7.540473594826364607e-05 -1.734166496164899217e-05 4.898766056286071435e-05 1.403212086741403050e-04 2.516497663490078416e-05 -5.794613058663676685e-06 8.350724787974434416e-05 7.697177692026952486e-05 1.278033684479284707e-05 -2.594369243352267044e-06 5.525147252397851264e-05 1.699104317981233305e-05 1.331175758497214527e-05
7.037287066792784485e-01 1.201515668486287407e-04 6.384694278759809726e-05 -1.454483015308608445e-05 4.145504069886992864e-05 1.188463122670794565e-04 2.129358437850047578e-05 -4.844236686270076900e-06 7.070362699400497761e-05 6.523759967393770302e-05 1.082841199367306947e-05 -2.170382054581519799e-06 4.683439579139907758e-05 1.441952617602581232e-05 1.130544690467696577e-05
7.079143033440539190e-01 1.023176265187231891e-04 5.430575285715737594e-05 -1.222606585166391928e-05 3.523534113038823704e-05 1.011262876452606992e-04 1.809866215879331347e-05 -4.068988873179657491e-06 6.014172922590600435e-05 5.556649367506610063e-05 9.224651843691899573e-06 -1.827763733681083250e-06 3.989707777110415322e-05 1.229819530795308006e-05 9.640707776864617477e-06
7.121186686741065586e-01 8.585755958577757842e-05 4.557552153539272258e-05 -1.022282189360298358e-05 2.946370239047761398e-05 8.456591256477092938e-05 1.513999849443102429e-05 -3.391565207462530340e-06 5.028855155224523844e-05 4.646558665375394661e-05 7.718104877409721339e-06 -1.524472119287093720e-06 3.338175288132908919e-05 1.029335660169314401e-05 8.070902797025414347e-06
7.163134555705721329e-01 7.280798816866006749e-05 3.864267421770485269e-05 -8.578661678820284311e-06 2.506042119239933498e-05 7.195134195620944521e-05 1.287138490418002711e-05 -2.855036251593377583e-06 4.280035376030621530e-05 3.959211473216516425e-05 6.577731423685488404e-06 -1.286694188880664802e-06 2.842956033661146270e-05 8.776636239148251752e-06 6.883572777371940927e-06
7.204913713645887396e-01 6.195525890647431578e-05 3.287057116823450322e-05 -7.247241669396728318e-06 2.131717002609112308e-05 6.124191374101026978e-05 1.094818356461712930e-05 -2.408581830240741222e-06 3.648747228182509626e-05 3.378757379679276111e-05 5.612777613141522974e-06 -1.090426799945123266e-06 2.433072820652027376e-05 7.515713582045372407e-06 5.909783640358521616e-06
7.246803275165087932e-01 5.217374617478433123e-05 2.764549873659145465e-05 -6.021204506253965132e-06 1.798812649820265430e-05 5.168582213984374289e-05 9.231274472145458180e-06 -2.005030491189582950e-06 3.078491110615342907e-05 2.852612547506080311e-05 4.738518054810761393e-06 -9.092217840640601996e-07 2.050598638918190998e-05 6.337443651235856045e-06 4.973560602583666828e-06
7.288763115175647123e-01 4.384452851166682655e-05 2.321586206625160200e-05 -5.021457922659217526e-06 1.503273902815408863e-05 4.324313750006132380e-05 7.720820448426476328e-06 -1.670532112771389043e-06 2.564930493482837250e-05 2.377391762981379350e-05 3.951266873908148257e-06 -7.577627062076993603e-07 1.703507454119488072e-05 5.268850964616749323e-06 4.124167288828548325e-06
7.330585840505703388e-01 3.653185722098064756e-05 1.935731095250978176e-05 -4.152830744724568926e-06 1.256376456036430725e-05 3.614469069546980381e-05 6.454210573255586364e-06 -1.385620740108786533e-06 2.154780982540504367e-05 1.998126254847951266e-05 3.323696788219580413e-06 -6.330054393856010029e-07 1.436208273557720451e-05 4.445297791268746357e-06 3.486600248457291753e-06
7.372316440474646626e-01 3.100486331613761632e-05 1.641202619353903842e-05 -3.486859326397200080e-06 1.067882601626695225e-05 3.073020587678634797e-05 5.478326803096150579e-06 -1.162786903644359920e-06 1.830746778975515316e-05 1.700193858353155605e-05 2.826278588525392713e-06 -5.301168017848665267e-07 1.222597577607156722e-05 3.789131959639233169e-06 2.972721185102413924e-06
7.414228560306842519e-01 2.618247531562030252e-05 1.384910979715024412e-05 -2.917690494723525447e-06 8.973077478782775699e-06 2.583007669484460936e-05 4.598944253621476162e-06 -9.682810863871227578e-07 1.534448332422941154e-05 1.425377061731852869e-05 2.367920619724941790e-06 -4.423906232922045189e-07 1.022730546634479538e-05 3.170536589912331592e-06 2.484639884961094135e-06
7.456189213758863676e-01 2.197126123230962188e-05 1.162939026437524431e-05 -2.427987650231013596e-06 7.559910440999543768e-06 2.176932602333999579e-05 3.880111997213683250e-06 -8.103447658435547809e-07 1.291660277725023422e-05 1.201827126115994653e-05 1.998562131411420603e-06 -3.710042140583996528e-07 8.596668789936559636e-06 2.667825700179945108e-06 2.082048444337909083e-06
7.498104337627916616e-01 1.847930290525316385e-05 9.782207213653496857e-06 -2.030755211319673993e-06 6.347521974689632294e-06 1.830508192297876493e-05 3.260634377001637147e-06 -6.759807662106129107e-07 1.088048616642012099e-05 1.013334146551198652e-05 1.686388132088024724e-06 -3.109998990393633910e-07 7.260682168389981916e-06 2.256069487977591479e-06 1.765807199390184733e-06
7.539974189770904944e-01 1.548264315740236475e-05 8.190105494348282552e-06 -1.685093332513828741e-06 5.324142760501506696e-06 1.532897841599293210e-05 2.732528493389635590e-06 -5.612080322222052653e-07 9.152694976559304366e-06 8.512868947831530087e-06 1.416063000059843426e-06 -2.600492703851423357e-07 6.132136494569147429e-06 1.904566451896099135e-06 1.495859182950642123e-06
7.581896411468850294e-01 1.303381117844121792e-05 6.867455548877577806e-06 -1.399234202843890309e-06 4.455580384196256847e-06 1.286426592071600018e-05 2.286174856231161726e-06 -4.675172640716544030e-07 7.635745360657811520e-06 7.110959642552678101e-06 1.183435580803908457e-06 -2.156190538833033219e-07 5.093027344271880919e-06 1.582925749716972982e-06 1.236181840911344453e-06
7.623808615479977790e-01 1.100042404243357025e-05 5.797391142777671981e-06 -1.172497939932139892e-06 3.765588362976854219e-06 1.087442577084122792e-05 1.928752696828752277e-06 -3.920657219842029239e-07 6.497133307016051093e-06 6.047712683882599947e-06 1.004566424661237170e-06 -1.827304284368352328e-07 4.354550780344787683e-06 1.353652528938046227e-06 1.064813402310941424e-06
7.665651159623174671e-01 9.067823063680730884e-06 4.799730738987312916e-06 -9.628222938781522972e-07 3.118585456424162610e-06 8.978123579741642297e-06 1.598822966991883342e-06 -3.226178419394645339e-07 5.345370333615357105e-06 4.980033720975366162e-06 8.293363600820013833e-07 -1.492407819211281130e-07 3.565649020302257091e-06 1.108697027801682152e-06 8.659395913736168982e-07
7.707536355579491794e-01 7.616160897146068243e-06 4.020184621375652413e-06 -7.978327923051622089e-07 2.609741531322598179e-06 7.527406187541133585e-06 1.339072986700776474e-06 -2.670456177941198395e-07 4.482592176337903960e-06 4.178158288625601134e-06 6.959225624341563490e-07 -1.236687815579958913e-07 2.994645574137528535e-06 9.322838866981999895e-07 7.317064835101009551e-07
7.749462413082437440e-01 6.363682631664482040e-06 3.361042072466076734e-06 -6.608093915044207862e-07 2.174858931492110811e-06 6.278737116499472545e-06 1.119129332659783293e-06 -2.204022748222928141e-07 3.750370291905656556e-06 3.500119208276457965e-06 5.833815425420511728e-07 -1.025901527461500689e-07 2.517364923505937599e-06 7.849668406780568548e-07 6.157040855364500889e-07
7.791369682448587852e-01 5.333336157801643006e-06 2.809392539854764543e-06 -5.537365452192314971e-07 1.829529513779946487e-06 5.276958036264435501e-06 9.345488577237107704e-07 -1.835331739480660035e-07 3.145489396584431416e-06 2.927612494007599516e-06 4.873007179032732181e-07 -8.551718784821794712e-08 2.108770047327213395e-06 6.543906847209982745e-07 5.131241899164345721e-07
7.833258353347896108e-01 4.431463770661843085e-06 2.334132503265336542e-06 -4.535056666064774338e-07 1.518348970597514097e-06 4.400339067437121919e-06 7.772573753417376859e-07 -1.510306464889482441e-07 2.606558687020551895e-06 2.432744060168089634e-06 4.054726678444355508e-07 -7.108336068223003242e-08 1.742380572378019872e-06 5.435649075087581015e-07 4.244939451504460497e-07
7.875159900600451346e-01 3.717633491621340842e-06 1.959887105389567594e-06 -3.829309408528397522e-07 1.276434771898361871e-06 3.683443157247732068e-06 6.514501751566311353e-07 -1.260281410313952536e-07 2.197103775829523435e-06 2.057079942511104811e-06 3.422441615021941669e-07 -6.021455344634274761e-08 1.476609657397765784e-06 4.602317741568027016e-07 3.602473942707019721e-07
7.917084457625156446e-01 3.103577247006605554e-06 1.631408776468110034e-06 -3.140904604346346312e-07 1.057132875095331802e-06 3.057879334726558792e-06 5.417568746666492258e-07 -1.044184987228633789e-07 1.832963852513691621e-06 1.710008011846590461e-06 2.842538153526922797e-07 -4.878228684266850231e-08 1.229543137387304473e-06 3.848125379011344843e-07 3.006237820569241171e-07
7.958821468706197555e-01 2.575300595581184324e-06 1.354046505455153689e-06 -2.579502912320671227e-07 8.807498354801520932e-07 2.530248903034683862e-06 4.494175705704166398e-07 -8.403571987257495975e-08 1.506213227912578572e-06 1.407274528090878365e-06 2.349157060394067814e-07 -3.917820425316189616e-08 1.005039999774313106e-06 3.143272075505184391e-07 2.446829013699089557e-07
8.000624692379799674e-01 2.125656412757383931e-06 1.119645380643130008e-06 -2.100003940902838399e-07 7.211931928126970370e-07 2.108530035183983619e-06 3.735617097525824971e-07 -7.020365395655095535e-08 1.251211161276801812e-06 1.177002046501468414e-06 1.959075461671743968e-07 -3.375825766415107886e-08 8.455412386924428473e-07 2.638506726283078373e-07 2.060248942182955638e-07
8.042564613727184453e-01 1.760129384356988773e-06 9.229547688023152462e-07 -1.723217166862776627e-07 6.095415573270693060e-07 1.773008377027024171e-06 3.097983028895570347e-07 -5.896357092255613168e-08 1.034689120095024332e-06 9.897768105942575454e-07 1.633089798543218775e-07 -2.734809496760307256e-08 6.910558700405016703e-07 2.208536164632181886e-07 1.684779200918987429e-07
8.084384822996342201e-01 1.471506240901829195e-06 7.775021740073187009e-07 -1.433443924262120854e-07 5.034316541971501676e-07 1.454718978725946455e-06 2.583149952591970076e-07 -4.824603212650631386e-08 8.629334692279269271e-07 8.177705352498602984e-07 1.352024828598489495e-07 -2.209926260033356477e-08 5.831308575001799364e-07 1.839612653932935146e-07 1.440120821272286491e-07
8.126333810499198895e-01 1.220225316975005773e-06 6.384089200006692192e-07 -1.197729799425775753e-07 4.129272726639744992e-07 1.194855649067404274e-06 2.133287287830090983e-07 -3.900773200248661897e-08 7.108594777792716973e-07 6.681434724727571932e-07 1.110794802684388815e-07 -1.762882578151021304e-08 4.828930904117797639e-07 1.496812163546300284e-07 1.175784190816753839e-07
8.168271958201180905e-01 1.000127457483384481e-06 5.290207944973927583e-07 -9.642872866053028361e-08 3.390607955952986120e-07 9.947734993014436671e-07 1.761805795707599854e-07 -3.320316254553265655e-08 5.883719996826669639e-07 5.578798069863404337e-07 9.262921922138218758e-08 -1.590446919171702232e-08 3.937609970852153959e-07 1.245238234495132684e-07 9.673394287366450937e-08
8.210214995694952167e-01 8.283184938621454256e-07 4.436238666457054905e-07 -8.316460980648258329e-08 2.918544930203786092e-07 8.257041881724282077e-07 1.478183384363914165e-07 -2.684466463797314095e-08 4.921399101030490252e-07 4.618285433637608492e-07 7.672483904276574599e-08 -1.231756491821880366e-08 3.297863985117882126e-07 1.053649633996794203e-07 7.959057703950278633e-08
8.252154145000215602e-01 7.037739399186821438e-07 3.620651413955198263e-07 -6.437376751963068496e-08 2.336985878732811130e-07 6.857694231977463039e-07 1.198369383564725219e-07 -2.177487675192586277e-08 4.136605305935171275e-07 3.813305703211299802e-07 6.256971608241019050e-08 -1.038474104359948919e-08 2.720377846216118583e-07 8.526936377522608715e-08 6.578097277158967104e-08
8.294030907808404018e-01 5.722145095730422581e-07 3.014968810911617173e-07 -5.476599777133464298e-08 1.993967080702321288e-07 5.593263526407407943e-07 9.957224298214714734e-08 -1.810519561985468900e-08 3.334704280267388168e-07 3.144280517095536381e-07 5.300285197742814758e-08 -8.471932870551016738e-09 2.281345323459087680e-07 7.023440195050050089e-08 5.610734362664038172e-08
8.335906150371191758e-01 4.603627527289133075e-07 2.478693935430825630e-07 -4.306595968811321478e-08 1.582024106915538371e-07 4.588187810420753031e-07 8.310878852693423855e-08 -1.413921059595281806e-08 2.672340998441173914e-07 2.599502979723595323e-07 4.326595154824135318e-08 -6.500092917566195395e-09 1.853974156680968921e-07 5.809329326585105807e-08 4.790542494251962717e-08
8.377685032221774408e-01 4.144603204103874791e-07 2.067507082704362813e-07 -3.913010173137409506e-08 1.429017443869268366e-07 4.106555942005420426e-07 6.917489002394118148e-08 -1.263353806127063362e-08 2.386503674180467492e-07 2.285630610656269906e-07 3.657828804959534494e-08 -5.514208203501380230e-09 1.535831939329590050e-07 5.012193644582498206e-08 3.796367544165473191e-08
8.419567297582307708e-01 3.241211033283359612e-07 1.694315518877990719e-07 -3.407472408997224043e-08 1.070086015949072749e-07 3.159077407513203240e-07 5.658268924425750924e-08 -1.023161486195261332e-08 1.835083998850915100e-07 1.787907575679706583e-07 2.987982058857377628e-08 -4.703521269199744508e-09 1.190870035832049851e-07 4.049305626699091472e-08 2.854824111343602806e-08
8.461556544987137718e-01 2.583576716296115151e-07 1.382271181256020048e-07 -2.583378876216831277e-08 8.616514991666771327e-08 2.450599206074347224e-07 4.695788251354590304e-08 -7.728639721170804564e-09 1.439745933779841346e-07 1.424659522988504138e-07 2.408597199436267720e-08 -3.375220980307690587e-09 1.010335599205321716e-07 3.246009485666907631e-08 2.573468399451396316e-08
8.503430790983292908e-01 2.195100593366610407e-07 1.111875499321055959e-07 -1.759358087523546547e-08 7.947128872511867115e-08 2.117640439444279322e-07 3.816662967241769191e-08 -6.554521518306941585e-09 1.156375626993265931e-07 1.165224308336233180e-07 2.030972757791558168e-08 -3.605765654243955503e-09 8.180654005176793879e-08 2.736236723453872632e-08 2.067191559601801306e-08
8.545245840949285965e-01 1.643898166135081070e-07 9.899947455876260564e-08 -1.828016512890796420e-08 6.325105274572754712e-08 1.710612257159415437e-07 3.158853379724433658e-08 -5.188593216038160596e-09 1.004343687714494936e-07 9.574896805433336087e-08 1.611519415464037791e-08 -2.139599837792491565e-09 6.607972484463962735e-08 2.056221926235258290e-08 1.837343068652638104e-08
8.587196449246210506e-01 1.424330302733188629e-07 7.805729880884906376e-08 -1.308472432201391398e-08 5.237531072340972974e-08 1.362766254300858357e-07 2.649625869982058377e-08 -5.032870120617947685e-09 8.551836046592011506e-08 8.089530734370259654e-08 1.410973058562112316e-08 -2.206790109802535714e-09 5.676530241506625728e-08 1.771257746089296579e-08 1.438370360243326735e-08
8.629074348139629258e-01 1.180516032402963316e-07 6.611599948260201547e-08 -9.666304327477126493e-09 4.483782939575221854e-08 1.298569701961301809e-07 2.163774105351746241e-08 -3.664298774752373428e-09 7.606000043846916690e-08 7.375122035601505530e-08 1.104068080752062544e-08 -1.347076614642035296e-09 4.652153421384179389e-08 1.600218540890202792e-08 1.241503795975930717e-08
8.670852844200982457e-01 1.012836415403660619e-07 4.940007807651094825e-08 -8.183319775200378048e-09 3.103454581218033753e-08 1.060306805576709635e-07 1.725901746055343065e-08 -2.889371695792900722e-09 5.865290450902208559e-08 5.834017888795103978e-08 9.483563286292072586e-09 -1.426453327889644003e-09 3.704942082856512559e-08 1.240430596873459914e-08 8.865092495901351508e-09
8.712764316473343706e-01 9.713556328651987281e-08 4.383729351065714684e-08 -9.441133906564227047e-09 2.506117966330934638e-08 7.905377794932844072e-08 1.323941628875071324e-08 -3.470123308688451855e-09 4.410337589437008994e-08 4.109746994046036498e-08 7.040053612879649035e-09 -4.614464120984114515e-10 3.165015893803340876e-08 9.469359588989353309e-09 7.859068232195371268e-09
8.754762476624626810e-01 7.309102222729484887e-08 3.105355610700919147e-08 -7.097261512595711229e-09 1.443158437231350024e-08 6.580507319892413859e-08 1.172551422365854267e-08 -1.577847385766551706e-09 3.245245802303124151e-08 3.708680456940717544e-08 6.500840900649715979e-09 -8.970649243456171283e-10 2.743887077838717042e-08 8.951855059400355741e-09 6.293636558201263262e-09
8.796707865602606535e-01 4.819988971790440482e-08 2.882002421620576564e-08 -3.674454236398891672e-09 1.964979307195437101e-08 5.033388132149378147e-08 9.785754499765228182e-09 -1.013135679944974774e-09 4.058344762148860110e-08 3.201564373422030398e-08 4.938294570021477955e-09 -8.893896320398069929e-10 2.344482723994723880e-08 6.070309390908015464e-09 5.281100079344227172e-09
8.838562222970675064e-01 4.574221884213342770e-08 1.946310729485490658e-08 -2.318433566741632383e-09 2.762399565195905734e-08 4.679747374140001169e-08 7.258197376001077149e-09 -1.050546501947490229e-09 3.109603598566262490e-08 2.348796327297386021e-08 3.484116002724726451e-09 3.484767948296470250e-10 1.463656336176199504e-08 4.144435673270362937e-09 4.905197399585103551e-09
8.880381764417510926e-01 4.168595726367302814e-08 1.990583102257201400e-08 -6.215145764831684092e-09 1.420187988903173908e-08 3.591652026906574885e-08 6.796044911921401792e-09 -1.432662096043224699e-09 2.578936017133574582e-08 1.789865374769104606e-08 3.319369847252274170e-09 -9.486190229269605864e-11 1.103987918445620373e-08 4.392880346374670800e-09 4.881339855883155816e-09
8.922270316229049536e-01 2.741608724102078667e-08 1.415321069823534457e-08 -1.421529285689204582e-09 6.180332215297354412e-09 2.778880629205508012e-08 4.817396673090227432e-09 4.648127014929589037e-10 1.195800398255883050e-08 1.247773397055851668e-08 3.110988854723780606e-09 -2.270248658102313382e-10 9.736303677005060065e-09 3.677387491476688663e-09 3.040020267051315952e-09
8.964225585562245469e-01 2.157756926350088682e-08 1.404058536739108606e-08 -3.107449143683604376e-09 1.283745305325562645e-08 2.535150370384505304e-08 5.873693743515403787e-09 -2.107351422477292078e-09 1.401830352460824205e-08 1.236851222230762659e-08 2.395240775768674884e-09 -5.371085312940426800e-10 5.333052658490438979e-09 2.935059956454450595e-09 1.030675105844835969e-09
9.006049913569987853e-01 3.162396727153299974e-08 8.586968118496343300e-09 -3.468062596352491789e-09 8.009133513171360995e-09 1.876981712804125229e-08 2.731232574481503630e-09 6.289800949458329489e-10 9.846538437741024213e-09 8.191362910051961902e-09 1.557049141224074702e-09 -5.932684300247829470e-11 6.750161543965713566e-09 1.288326152378915038e-09 2.151679625420606910e-09
9.047836582182254839e-01 5.098003426510001075e-09 1.144365241354397723e-08 -4.921517332693518115e-10 -2.672801597978759572e-10 1.496186526060818385e-08 3.248717099745604978e-09 -1.589353335456944202e-10 -7.639065499765866922e-10 1.094382978306593759e-08 2.222143493147917274e-09 -7.480934618046624811e-10 3.473868696446402019e-09 2.100722240526144576e-09 1.089321669004789550e-09
9.089780964569278421e-01 1.833421994469594956e-08 8.382058275509872653e-09 4.223086993832899747e-10 1.492661391208817554e-08 1.611262660661326616e-08 1.311901696372379481e-09 1.449044157134590281e-10 1.728466741013325577e-08 9.158786059260945343e-09 9.661377366954376464e-10 1.008927950327619401e-10 1.008722824347354371e-08 1.160452069355557417e-09 2.247369189595211904e-09
9.131704587403689510e-01 1.805653527272643569e-08 9.218626684974292115e-09 -6.300775065911712339e-09 -3.529182552715551123e-10 2.509961471881550122e-09 3.136009140607440604e-09 -1.791271458136239294e-09 8.603912324076286826e-09 5.028951022866291338e-09 1.084201463452410887e-09 -1.415374891418636734e-10 9.421865443680676836e-09 9.335135882239239889e-10 2.178353918907973648e-09
9.173547920329833127e-01 1.110274441154674302e-08 3.326737572085351030e-09 3.775975314576085899e-10 1.877503584561266634e-09 1.666017119723462265e-08 1.735386491895291454e-09 -1.240827714492126200e-09 -2.552375476800256069e-09 2.660607990077259411e-09 4.945524106598989429e-10 2.910515686158082357e-11 -7.272958492241835001e-09 7.979301389377078332e-10 -1.152965499829402077e-09
9.215425617950214754e-01 7.839772729533785362e-09 1.888754464241788108e-09 -2.629782467921102628e-10 4.150445366530990757e-09 5.225270848335685674e-10 5.230997869907265250e-10 -3.022985959390369145e-10 -4.467531077542639166e-10 3.056021894241224147e-09 8.984803675776583180e-10 -6.273483265315443619e-11 -1.237026596923167884e-10 1.511874086339006238e-09 1.297998772416209216e-09
9.257400405750663142e-01 1.945436422010424130e-08 2.994123361529593926e-09 -2.784994455518909019e-09 5.672453488312989363e-09 9.544423960246011239e-09 7.923154993243964323e-10 -1.572009197419322413e-09 -1.574140582134348082e-09 2.807105272441773537e-09 2.787841160226927343e-10 4.790583840904456170e-11 2.560067095443403773e-09 1.507331723061816084e-09 5.324392977633628270e-10
9.299303352268617484e-01 -4.977099755458400285e-09 3.251915654741041448e-09 -1.496813466738136374e-09 -5.265479173621591650e-09 -3.537377791136470391e-09 9.878727491260210958e-10 -2.148796214097680789e-10 -4.137612289804161072e-09 -2.005259193962314735e-09 5.164842956252679583e-10 -2.281381442136012096e-10 -7.169939072352200102e-10 -1.229425651908418037e-10 -4.962985970425648200e-10
9.341108300097852313e-01 5.271233060395499233e-09 -1.564091183618578111e-09 3.314443229891477314e-09 -4.282148364388997043e-09 1.568993422747156885e-09 8.293850511850194273e-11 5.634141213026550627e-10 -1.793899388521286805e-09 7.682016297514122877e-10 1.550942457009565917e-10 -8.302483888261398148e-11 1.323502170752380095e-09 7.456325652974201197e-10 -9.837329110402439447e-10
9.382896253999645220e-01 -5.510807530538006415e-10 3.288931636367890049e-09 -1.231373649591649246e-09 5.651447453184933191e-09 6.630830722390854145e-09 1.210261183009159612e-09 -8.864637615225816669e-11 6.018488376100947892e-09 7.194886609974696703e-09 1.466384501758625474e-10 3.289495768622317703e-10 1.211047835641914947e-09 1.453952693225229030e-09 1.071453415863757163e-09
9.424819561228944265e-01 -2.657655051553949125e-09 2.315820751715833466e-10 2.766396986737387402e-09 -1.009505055410736489e-09 -2.856579580244792795e-09 3.017098987210385189e-10 -5.457111360645836821e-10 -7.215945307315174060e-09 -3.993176535714354758e-10 -5.957122732767362634e-11 8.378570552865112744e-11 2.036914012078093000e-10 -1.417157771832405015e-10 4.966778658717644967e-10
9.466849863120379016e-01 7.041326296802401595e-09 5.387255837963925056e-09 -1.525589808255115524e-09 2.784068635459206941e-09 1.187018461147275921e-08 1.781273527338500057e-09 -9.125083859124361822e-10 5.246233662354411784e-09 4.683944004074528218e-09 8.024608764847266520e-10 -9.075494037984571090e-11 -7.950221656682811176e-10 9.138205510708764206e-10 7.882406238103783265e-12
9.508714331057195324e-01 4.539175001525475415e-09 2.897160093664858073e-10 -3.573468426486349036e-10 1.328334804117601674e-09 -5.590730609172335709e-09 4.663669259133384686e-10 -4.446391409371104570e-10 -4.683541938147057213e-09 -4.642428014273481284e-10 5.119596860646967378e-10 -5.649742104282061633e-11 -4.489149360362438279e-09 -4.631006779021316082e-11 -1.356913933565472439e-09
9.550563230073290111e-01 -3.066347760403263177e-09 -1.045441976584870681e-09 6.302882539830861621e-10 -3.034282553181177379e-09 -4.106214186111243078e-09 -1.534149508079488098e-10 -3.466247992173098858e-12 -1.453009258850426718e-09 -3.777528175828972824e-09 -9.897316495876775416e-11 2.582332207819100715e-10 -2.852041954904743255e-09 -6.811808769426162862e-10 -1.362581138219851099e-10
9.592513211539739348e-01 1.322522145165467680e-08 9.902396553261693598e-11 -7.659957837938387133e-10 2.426863548697988276e-09 8.605944867679284140e-09 3.904079944255721381e-10 -5.649200229582750127e-10 2.064017654209939190e-09 4.571991327504809246e-09 -3.559883606515714222e-10 -3.020041833266151424e-10 5.204475591631461767e-09 7.872526543054995551e-10 1.262299460698819085e-09
9.634451052878124644e-01 1.899766210391438997e-10 2.269904442401878470e-10 6.703481626774661200e-10 -4.366137337907645110e-09 6.343997654619977934e-09 7.727321265899570805e-10 -6.325787256634128702e-11 -5.092171514961155631e-09 5.727919124515380869e-09 2.575825133769602677e-10 -4.177169209087289488e-11 -4.429313939076388279e-10 3.890734167274507949e-10 -5.369395652417973366e-11
9.676230540453005791e-01 2.127282896361147755e-08 2.784706740106186569e-10 -2.051467420202104816e-10 5.171371352804954274e-09 1.427927598430669168e-08 1.042221475581666582e-09 -5.717122103773789291e-10 -9.396693450598533424e-10 7.692187967353865290e-09 -4.065279859773867477e-10 3.672817133237654168e-10 2.386091555664537856e-09 9.559273469012011098e-10 1.051536062114751028e-09
9.718094297475188270e-01 3.113293878044457377e-09 3.316921340282733158e-09 2.642709146390197254e-10 3.762451157369237848e-09 3.927419695681171711e-09 7.511124505492840743e-10 -1.031480599289072203e-09 1.251613950381029583e-09 4.155905299298192386e-09 1.477279966927894281e-10 -1.769619949070979982e-10 -2.319274842901495577e-11 8.013634626263338258e-10 8.581533793563761845e-10
9.760091362076940280e-01 6.177498069375618538e-09 1.799456532722259418e-10 -3.294327443228127666e-10 -6.366881125282934427e-09 -2.780019990977891926e-09 -4.547427362854303551e-10 -1.345018935598024168e-10 -1.286199674859792332e-09 -5.051331138458999618e-09 -8.070436315942188623e-10 3.358269614494081724e-10 -2.406872395710548974e-09 -1.211877017183516517e-09 -4.747688258984969642e-10
9.802075838006468755e-01 5.146119800507393774e-09 2.168740995019379690e-10 1.366545337156451381e-09 6.626471447894076554e-09 2.493980483397975003e-09 5.710324558103278609e-10 -1.100931653973674231e-10 2.819135427102294699e-11 1.893175376338646285e-09 -4.207089618875004339e-11 -8.382446564749568371e-11 -1.165269393227044384e-09 -3.206062886541591092e-10 1.802419363154445727e-09
9.843901124947946890e-01 -3.697794316832565498e-09 -4.173272602795328052e-11 -6.991893050652800058e-10 5.898407413009564253e-09 -1.071248110346149914e-08 -2.772750454863020803e-11 -2.463649421371402247e-10 -2.109419555629695092e-09 -1.011608000758645067e-08 -5.023126074955676347e-10 4.539101110099098360e-10 -3.295659161208569762e-09 -2.205745093338462493e-09 8.948142372514513968e-10
9.885650797815361823e-01 -1.803580119952050291e-08 -1.195820233629967454e-09 -1.326118663892276685e-11 3.161604401894161585e-10 -9.105013504723491280e-09 -8.218341891862289117e-10 -3.049909929953633906e-10 3.238869048965781572e-09 -2.227092650844368212e-09 2.342058607512518165e-10 1.671969121578878953e-10 -3.317034186971846794e-10 -8.956679674587265444e-10 -1.334399908090835378e-09
9.927561705083151056e-01 1.992359489031793217e-08 1.410790139508028177e-09 -9.560160938948207849e-10 -3.826055272217911561e-10 1.315202684819539998e-08 4.517089671931521158e-10 -3.264270573521754850e-10 -1.100839537675443512e-08 3.284090248160797053e-09 1.499466206743858490e-10 2.610541410005305576e-11 -1.160397768229430525e-08 1.552619748547199409e-10 -1.847400965190869763e-09
9.969400597939003239e-01 5.413602485970199113e-09 1.734993439336091030e-09 -2.434087053245732345e-09 6.237232338095833187e-09 1.432458826225125244e-08 3.995737930501948270e-10 -1.277047957091909308e-09 4.441841570965097058e-09 6.634310950321074196e-09 2.160474191822539800e-10 -3.610898156041027131e-10 -9.536297649809010786e-11 8.181667512984371706e-10 -9.551247093846162931e-10
1.001125867816581083e+00 1.649429257530271555e-08 1.151290199501654828e-09 -1.235000832335977645e-09 1.125424381735391525e-09 1.789414488620234564e-08 1.876341993093316894e-10 -1.004371626145691282e-09 -2.456436588160994853e-09 2.373040642957041095e-09 4.586535790451378942e-10 -1.357707357217735342e-10 9.546788232800887370e-10 -2.428314861538340564e-10 3.220118878402123440e-10
1.005315482813002204e+00 9.208379907152485968e-09 -1.480391712626522880e-09 4.562230228825851721e-10 -3.162235042222769821e-09 -4.205417871867219679e-10 -1.123482705564255812e-10 -6.957232691644177559e-10 -5.657047384046855761e-09 -3.062374954324314922e-09 3.310613401553939591e-10 -8.920154791530356967e-11 -3.211330796513601802e-09 -9.049576674625096378e-10 2.110018641499344137e-11
1.009503724426713545e+00 1.036763017870925463e-08 -5.054235387790540666e-10 1.076994425428617473e-09 -2.379838967571904045e-09 2.942053309517811864e-09 -4.979619597502681235e-10 -5.755654372116699404e-11 -1.081851973333804871e-09 -2.975890157812707852e-09 -1.524000750622312368e-10 -2.821071116037985382e-10 4.572863816915317065e-10 -5.881940591588664059e-10 -1.772683315875171001e-10
1.013699103815393299e+00 -4.625860999817958120e-09 2.455418584452933337e-10 1.403285406622797847e-10 -6.767343198642728661e-09 -1.481144936619261550e-09 2.330234988856854204e-10 -3.618650207639096783e-10 -4.176999300138077676e-09 5.697716233389226154e-09 3.009099088480293087e-11 -2.262806792847828048e-10 5.931569325927836926e-10 2.171701665181946369e-09 4.201154417923001550e-10
1.017885842421875964e+00 2.180177006546288020e-09 1.525571405621176336e-10 8.876165874677823796e-10 7.371905059099987737e-09 3.546026560138208217e-09 -3.437726167463964514e-11 6.140265359556028532e-11 1.164612281465968521e-08 2.730369495748394013e-09 -4.474452021110722611e-10 3.561969248613797519e-10 7.842215429739326175e-10 3.888688419263597944e-10 7.127275096002318311e-10
1.022076284359184406e+00 3.519423213600707137e-09 -4.012963977720276286e-10 -3.307471993541015061e-10 -5.135316215330885478e-10 6.573137962821864125e-09 -6.382378093706151518e-10 -1.676636081081065425e-10 2.417706211681334541e-10 5.382748705867250243e-09 7.571194037992504873e-11 -1.600859364370118927e-10 -3.140258759641884797e-11 1.569448028065070801e-09 1.255464595946738219e-09
1.026273875264014812e+00 -1.067725591037804199e-08 -1.128744263436139207e-09 7.633034401023791738e-10 -3.288740783933220361e-09 4.997705543490799055e-10 -6.751863813419882810e-10 -4.108588778078997641e-10 -6.985985277224204635e-09 1.203422835735335110e-09 4.657350333126012642e-12 -1.633853894558728766e-12 -4.134746161177969166e-09 -5.143828659264815299e-11 -1.958369102127676301e-09
1.030463237552156075e+00 1.343207696867788016e-08 -9.237338035938143279e-10 6.393413351053838836e-10 4.397579884378885207e-09 2.531690579909575584e-09 -1.340035353871546813e-10 -6.579147817954994335e-11 -1.144235066019688712e-09 9.864026752482212375e-10 -4.503790852237056797e-10 1.006341197187820688e-10 3.360424586964625833e-09 8.822515516414741713e-10 8.861424875699743817e-10
1.034646639530784062e+00 -7.483641686521946543e-09 -7.882973267653854406e-10 -2.042841991238854624e-10 -6.778156614403570939e-09 1.296309507209391776e-09 -4.429060758905261697e-10 3.339466407688392861e-11 -4.137528473083997629e-09 -2.839259801481331496e-09 -3.335496806634125229e-10 5.588299591261418055e-11 3.162688008902940536e-09 -5.993024150261664039e-10 1.812367624452980690e-10
1.038830480088573260e+00 -1.118352634995568113e-08 1.471609349810347387e-09 -1.589003078386599324e-10 7.333622196355392623e-09 3.560174503318910739e-09 7.085713069228021032e-10 -1.234973920563496955e-09 9.932839777377188174e-09 5.275493973654756142e-09 1.042854005116017899e-10 -3.590914490117073462e-11 4.317551815340928450e-09 1.118334747997683253e-09 4.855604596266744762e-10
1.043023229532383578e+00 -2.149320607781543169e-09 -1.636587734061735414e-09 -1.970312980471347966e-11 7.802195438038655254e-09 3.334045389306083167e-09 -2.788892505595420595e-10 -1.923363040436615821e-10 9.425850807245220310e-09 1.473717306819384009e-09 1.754431346354696183e-10 -3.278515815008489806e-10 -2.326428177653280701e-09 5.552726753290484268e-10 -1.031597262355939456e-09
1.047211320931656031e+00 1.198476526980260119e-08 5.987237178430483876e-10 -1.201261479691004017e-09 -3.226791956546233316e-09 9.270511896863836377e-09 -7.830026321951895035e-10 -2.306285252847730277e-11 9.767446682601602048e-10 2.614685688052249212e-09 -8.575097799669575687e-10 4.340848071947652372e-11 -2.066408550295745818e-10 6.153744630737654480e-10 -4.009807650535960208e-10
1.051395396220772938e+00 2.714614731188364659e-09 2.445093067195809858e-09 -2.681214884046492193e-09 -1.062602901218255399e-09 1.431457621291834932e-09 1.269982119320803028e-11 -1.073424920682931608e-10 -5.929211219116062076e-09 9.724358331037609897e-10 -1.463438028625789212e-10 6.949897450455855847e-11 -4.848812562521799641e-09 -1.094220421841891529e-09 -4.990627894513310494e-10
1.055587561333155788e+00 2.686190450410753019e-09 1.475691452278224509e-09 -1.127846111687023102e-09 -1.341601477727334270e-09 4.154591110260568514e-09 3.340076443083333074e-10 -1.896755137916463026e-10 -3.243858893745613837e-09 3.038468178661380141e-09 4.174024534873760724e-10 4.702826777812887270e-11 -1.793607163821545827e-09 6.183545193464251731e-10 -2.688999563551610310e-10
1.059780855230085139e+00 -6.954298176045732589e-09 6.648004694970348392e-11 1.187253133164869843e-09 2.445394829774942952e-09 -3.437208793413997055e-09 2.195346812661223023e-10 -2.614692970181985205e-10 -2.389968071711025945e-10 -4.593425438241097499e-09 3.218623068354605747e-10 -4.349277461841202668e-10 -4.226004809243269129e-10 -1.236542525593887277e-09 -1.589156306697520926e-09
1.063968553353427993e+00 -7.827300607116290472e-09 5.901958066911437917e-10 -1.995960861024800039e-11 -1.176639230690975052e-09 3.677097475740026041e-09 -2.684978723133017555e-10 -4.344409085978375840e-11 1.831897727988205215e-09 4.637908768229778341e-09 -8.779131540719500250e-11 8.400719729949601133e-11 4.156013040378119458e-09 3.052819431652715735e-11 -2.027707961365211279e-10
1.068144877931138659e+00 -6.427329963568777489e-09 -1.891068483761303690e-11 -8.938900750887226943e-10 -2.759654128204373771e-09 1.966938341310531073e-09 -2.085279946033190640e-10 9.027972014740881311e-10 4.283812446285922934e-09 2.758562472489025420e-09 -7.114790633384263851e-11 7.639908445475421631e-12 -2.674074931879588847e-10 1.266055300793069980e-09 -6.512647265562271432e-10
