# Columns: ('k', 'P')
5.345493089407682419e-03 8.545186631944443434e+03
9.344366739594166943e-03 7.726126008064516100e+03
1.312833575873958818e-02 1.120783163265306030e+04
1.700891779646987109e-02 1.355149880952381136e+04
2.135270783943789275e-02 1.494428000000000065e+04
2.564347439342075027e-02 1.375255666666666730e+04
2.962205054058980949e-02 1.116190531561461830e+04
3.361537140302770649e-02 1.105237007874015762e+04
3.793950633336700545e-02 8.989482486865148530e+03
4.227894994616508695e-02 8.536707200000000739e+03
4.633325468672155889e-02 7.192405349794237736e+03
5.038752484052157893e-02 7.067905733186328689e+03
5.464179025701254577e-02 6.486141414141414316e+03
5.886817576171304162e-02 6.191926741393113844e+03
6.290140616743733482e-02 5.974252860411899746e+03
6.703999982739437813e-02 5.726013181545836233e+03
7.134254604642074893e-02 5.265813003761419168e+03
7.561818311969153994e-02 4.847685851318944515e+03
7.973924982214039558e-02 4.670289582377237821e+03
8.385356877962653332e-02 4.248839094159713568e+03
8.809929214337092196e-02 3.854986349317465738e+03
9.230415729057904473e-02 3.591979939819458195e+03
9.643309047658384092e-02 3.243238109663738214e+03
1.005689403076158450e-01 3.049907433380084512e+03
1.047818677762802908e-01 2.923176001991535941e+03
1.090277847809041356e-01 2.825135254473623263e+03
1.132170039508717807e-01 2.663290315464372270e+03
1.174008294871188018e-01 2.501264605500903599e+03
1.215998224695146873e-01 2.433456303317535458e+03
1.257670529567683493e-01 2.368537502226973174e+03
1.299386816717305049e-01 2.251484603984851219e+03
1.340949335765710126e-01 2.138705061082024713e+03
1.382635144665005922e-01 2.089207361251992552e+03
1.424925284902303357e-01 1.957242781618543859e+03
1.466886314558672189e-01 1.866844807160721075e+03
1.508619291163366127e-01 1.792649325392002083e+03
1.550655720814744509e-01 1.674024134312696560e+03
1.592593054631499527e-01 1.587183510347093033e+03
1.634144798183441161e-01 1.526283413333333328e+03
1.675823816150099899e-01 1.454846693683898366e+03
1.718045808093531246e-01 1.400138368298368277e+03
1.760135070798979073e-01 1.378478371732993310e+03
1.801930856696074279e-01 1.315532861648623339e+03
1.843742315857553882e-01 1.292947758090009074e+03
1.885797910080431738e-01 1.258727433901179438e+03
1.927656394953895236e-01 1.211344053909181412e+03
1.969014248243030341e-01 1.178747109721515244e+03
2.010715633173454087e-01 1.138742379412371974e+03
2.052920281681521186e-01 1.082890377668308702e+03
2.095172134954577381e-01 1.049801335769642719e+03
2.136973926115405542e-01 1.015964031007751942e+03
2.178750580088065492e-01 9.836713576642335966e+02
2.220823861956562617e-01 9.566056298302024743e+02
2.262696194198526023e-01 9.293928747872865870e+02
2.304259489101245229e-01 8.978919377952338436e+02
2.345870463846415066e-01 8.779172392731715036e+02
2.388019837064606632e-01 8.499678462801140313e+02
2.430077036534963875e-01 8.272781819046260807e+02
2.471758823520590620e-01 8.006954242354564713e+02
2.513692271335918882e-01 7.762438405321430537e+02
2.555723892733414715e-01 7.557908821889609499e+02
2.597674079539822323e-01 7.428183053919348140e+02
2.639178238801485610e-01 7.273833435645590271e+02
2.680749044740857179e-01 7.026351398533576003e+02
2.723023151079725368e-01 6.879180624884452300e+02
2.765128983200950685e-01 6.688936922340463980e+02
2.807027537381580062e-01 6.553559655596556013e+02
2.848857026249724811e-01 6.304065272607076622e+02
2.890807262117984777e-01 6.171672879622603887e+02
2.932785946948970324e-01 6.066220305198837650e+02
2.974321087309398370e-01 5.868510787917532525e+02
3.016123743882810904e-01 5.751916020082154546e+02
3.058101292111336522e-01 5.620061182257145447e+02
3.100168993294901143e-01 5.457675112628769512e+02
3.142092030053749707e-01 5.330302459086625504e+02
3.183867557675504334e-01 5.283407472575811425e+02
3.225872781332082551e-01 5.119794953944733606e+02
3.267666109043823597e-01 5.032824806529146144e+02
3.309328770241455886e-01 4.910550409553701456e+02
3.351106074107195187e-01 4.730855429214044534e+02
3.393095620710060434e-01 4.727379607145433624e+02
3.435164896197421824e-01 4.622019700942526583e+02
3.477107812306902690e-01 4.504356064982783892e+02
3.518857617074659383e-01 4.442517530124582663e+02
3.560773577310688554e-01 4.309844217701937623e+02
3.602869550449780967e-01 4.243780197126843632e+02
3.644651285618699665e-01 4.180279430131882918e+02
3.686396944457170921e-01 4.072185373275490292e+02
3.728293470315630076e-01 3.960661249874611372e+02
3.770363921861874523e-01 3.904767716151671948e+02
3.812363453093803867e-01 3.845802833188782870e+02
3.854150971210312249e-01 3.757011265115754099e+02
3.896036578152083374e-01 3.731865200007370049e+02
3.937795161075864914e-01 3.622985026100463983e+02
3.979440095093054186e-01 3.555303858549527831e+02
4.021139069446590386e-01 3.492091466045387733e+02
4.063125452039867413e-01 3.405408281831500403e+02
4.105412315868290918e-01 3.346326186855059177e+02
4.147348487769681458e-01 3.269445163404046184e+02
4.189107045044477284e-01 3.206814720610444169e+02
4.230974437456921922e-01 3.170996489585771201e+02
4.272931011032126136e-01 3.092450035879505776e+02
4.314914587673138180e-01 3.058069128490450339e+02
4.356511643511531418e-01 3.020987407197167727e+02
4.398424702607344750e-01 2.945480652919495128e+02
4.440501074980069407e-01 2.904487815980767209e+02
4.482267968899237842e-01 2.835494797832778318e+02
4.524052929840755577e-01 2.807543981956120547e+02
4.566090347930675253e-01 2.753501228011948001e+02
4.608167319022857811e-01 2.699240886290928074e+02
4.649806979855051203e-01 2.651716710778497941e+02
4.691538386770017222e-01 2.610347509913470958e+02
4.733478629909182445e-01 2.563779954935328647e+02
4.775500538217637980e-01 2.521462992529036740e+02
4.817339644282710998e-01 2.480710328860443497e+02
4.859144464692263798e-01 2.422539181630850464e+02
4.901252990058800885e-01 2.402702183991767981e+02
4.943123444065962158e-01 2.352058610417840896e+02
4.984736335014697817e-01 2.305964316826754441e+02
5.026590164608074618e-01 2.275638111791949711e+02
5.068609875937976073e-01 2.248806810171880954e+02
5.110594965365916620e-01 2.194816974824024669e+02
5.152492140965455603e-01 2.172869382391590136e+02
5.194329442812991582e-01 2.127411330944591441e+02
5.236343964239100757e-01 2.083989427703854744e+02
5.278273205415198177e-01 2.067774266183345730e+02
5.319960279023402405e-01 2.021007671368473098e+02
5.361714592099571242e-01 1.993309262196961527e+02
5.403746330902056139e-01 1.954871123009882865e+02
5.445761264886261888e-01 1.924294389575664184e+02
5.487504490749764985e-01 1.905916098692022160e+02
5.529407179677009454e-01 1.871157768989203021e+02
5.571409157079509900e-01 1.832754308827114187e+02
5.613298693710127019e-01 1.811059501400708598e+02
5.655062246218995892e-01 1.779063767631349435e+02
5.696867424029971039e-01 1.755687021917737809e+02
5.738956954203543459e-01 1.733923756822444204e+02
5.780928920821047923e-01 1.702724519501002476e+02
5.822632071880226023e-01 1.677602829946400220e+02
5.864430803127811398e-01 1.650784140540803264e+02
5.906376733072625784e-01 1.617867678247020820e+02
5.948356627105599870e-01 1.597106265361088617e+02
5.990145239901687457e-01 1.562555007900384112e+02
6.031829950841108845e-01 1.546688278267282328e+02
6.073740526175752663e-01 1.522307396197362834e+02
6.115768023320514724e-01 1.500729527169342248e+02
6.157710000000914397e-01 1.478190468474970771e+02
6.199632023912512446e-01 1.441512413547858102e+02
6.241630060990407403e-01 1.430583818123416222e+02
6.283593402461892241e-01 1.402894701485677160e+02
6.325410955997395890e-01 1.384985096609040340e+02
6.367142920629192959e-01 1.362705891281400170e+02
6.409035099394975177e-01 1.343466655799832949e+02
6.451032402190634008e-01 1.319203200021369184e+02
6.492879941711476866e-01 1.301076017309089821e+02
6.534659541563927476e-01 1.278987111666198047e+02
6.576591076962554627e-01 1.257244348346493155e+02
6.618529307405217610e-01 1.242364492369411124e+02
6.660240791386257131e-01 1.221875296634034243e+02
6.702067828716186115e-01 1.200779099864067092e+02
6.744172070879622671e-01 1.181193442942275738e+02
6.786118453466847278e-01 1.162397268209396657e+02
6.827984616056306244e-01 1.150553623516920112e+02
6.869817177358829019e-01 1.131013007113730424e+02
6.911718524128840357e-01 1.116463120447821069e+02
6.953555746427921846e-01 1.090171477781204317e+02
6.995344561305086861e-01 1.077103824203836240e+02
7.037287066792784485e-01 1.064848642152243627e+02
7.079143033440539190e-01 1.043580038263527570e+02
7.121186686741065586e-01 1.026830837808162187e+02
7.163134555705721329e-01 1.016859899948060360e+02
7.204913713645887396e-01 9.995809720630103357e+01
7.246803275165087932e-01 9.835433234216166909e+01
7.288763115175647123e-01 9.663974670957949797e+01
7.330585840505703388e-01 9.493612139815303408e+01
7.372316440474646626e-01 9.380558250807291643e+01
7.414228560306842519e-01 9.243299178558183371e+01
7.456189213758863676e-01 9.101384375829248086e+01
7.498104337627916616e-01 8.959175778550154234e+01
7.539974189770904944e-01 8.825806419903568667e+01
7.581896411468850294e-01 8.664957538234966705e+01
7.623808615479977790e-01 8.578210937387142110e+01
7.665651159623174671e-01 8.461935220403530877e+01
7.707536355579491794e-01 8.309914403625258217e+01
7.749462413082437440e-01 8.197859618034132723e+01
7.791369682448587852e-01 8.032690120677190748e+01
7.833258353347896108e-01 7.909411759352374816e+01
7.875159900600451346e-01 7.810019382198058224e+01
7.917084457625156446e-01 7.699476509768103938e+01
7.958821468706197555e-01 7.576968518789752238e+01
8.000624692379799674e-01 7.438564347171387681e+01
8.042564613727184453e-01 7.331413542471918277e+01
8.084384822996342201e-01 7.220805234064235378e+01
8.126333810499198895e-01 7.131760356088584274e+01
8.168271958201180905e-01 7.029018873143805024e+01
8.210214995694952167e-01 6.904154579404543313e+01
8.252154145000215602e-01 6.790181721114556979e+01
8.294030907808404018e-01 6.687245446105320923e+01
8.335906150371191758e-01 6.612440310927179610e+01
8.377685032221774408e-01 6.503087490183415298e+01
8.419567297582307708e-01 6.377901612782709151e+01
8.461556544987137718e-01 6.301267107704155279e+01
8.503430790983292908e-01 6.213711305452981293e+01
8.545245840949285965e-01 6.125374950727321988e+01
8.587196449246210506e-01 6.034396918542639554e+01
8.629074348139629258e-01 5.947583021722807217e+01
8.670852844200982457e-01 5.839722534599668080e+01
8.712764316473343706e-01 5.770905114586587814e+01
8.754762476624626810e-01 5.652881659789586877e+01
8.796707865602606535e-01 5.599902162886159118e+01
8.838562222970675064e-01 5.511844683846790360e+01
8.880381764417510926e-01 5.430616814218858934e+01
8.922270316229049536e-01 5.343680389276661913e+01
8.964225585562245469e-01 5.286275794868593891e+01
9.006049913569987853e-01 5.211508143761867728e+01
9.047836582182254839e-01 5.112375995874781864e+01
9.089780964569278421e-01 5.047861706530113679e+01
9.131704587403689510e-01 4.995680806383872152e+01
9.173547920329833127e-01 4.915633358855290425e+01
9.215425617950214754e-01 4.826452216232947023e+01
9.257400405750663142e-01 4.747751900293350502e+01
9.299303352268617484e-01 4.695689859236224351e+01
9.341108300097852313e-01 4.640273967340327488e+01
9.382896253999645220e-01 4.548016597087548263e+01
9.424819561228944265e-01 4.515655995370732256e+01
9.466849863120379016e-01 4.430378534078643327e+01
9.508714331057195324e-01 4.381938282345728908e+01
9.550563230073290111e-01 4.326733997459792391e+01
9.592513211539739348e-01 4.264557939056763303e+01
9.634451052878124644e-01 4.196558468718686186e+01
9.676230540453005791e-01 4.152275322573393623e+01
9.718094297475188270e-01 4.090743026122403592e+01
9.760091362076940280e-01 4.032132551756058803e+01
9.802075838006468755e-01 3.967288546057942256e+01
9.843901124947946890e-01 3.921330463751194628e+01
9.885650797815361823e-01 3.875976633287007189e+01
9.927561705083151056e-01 3.814781864405338752e+01
9.969400597939003239e-01 3.772759765773530205e+01
1.001125867816581083e+00 3.718690642720277140e+01
1.005315482813002204e+00 3.669547109726548939e+01
1.009503724426713545e+00 3.630137660455769577e+01
1.013699103815393299e+00 3.582610443184935178e+01
1.017885842421875964e+00 3.532349122281339504e+01
1.022076284359184406e+00 3.488095841142799003e+01
1.026273875264014812e+00 3.450086505419505301e+01
1.030463237552156075e+00 3.406124659251918274e+01
1.034646639530784062e+00 3.360081095867461443e+01
1.038830480088573260e+00 3.324739030763226566e+01
1.043023229532383578e+00 3.277313219975529535e+01
1.047211320931656031e+00 3.254408310957091288e+01
1.051395396220772938e+00 3.214823932004114226e+01
1.055587561333155788e+00 3.175036587287887713e+01
1.059780855230085139e+00 3.139115138354356915e+01
1.063968553353427993e+00 3.105168056327589099e+01
1.068144877931138659e+00 3.077415674810500335e+01
