# Columns: ('k', 'S1', 'S2', 'S3', 'S4', 'S5', 'S6', 'S7', 'S8', 'S9', 'S10', 'S11', 'S12', 'S13', 'S14')
5.345493089407682419e-03 -1.891103447808159643e+01 1.808557834201388687e+03 3.493014526367187500e+01 -8.227706909179687500e+00 -1.602793545193142322e+01 4.320442165798610858e+02 1.396142493353949554e+01 -4.376305898030598662e+00 -3.639907413058810715e+00 2.455508355034722001e+02 4.854119618733723662e+00 3.158598158094617858e+00 1.715848445892333984e-01 1.372616132100423103e+00
9.344366739594166943e-03 -7.741646551316784475e+00 2.123086441532258050e+03 -5.044213867187500000e+01 -5.413424584173386761e-02 -2.225193737399193594e+01 6.626982106854839003e+02 -1.188861083984375000e+01 -2.039139089276713790e+01 -1.647105358492943594e+01 4.283704637096773808e+02 -7.804490120180191504e+00 -1.723879118888608986e+01 -4.599586732925907029e+00 -4.953846593056955072e+00
1.312833575873958818e-02 -9.920807507573341510e+00 2.309953284438775427e+03 -4.137812400350765074e+01 2.336942711654974136e+00 -1.286912194076849403e+01 8.020330038265306030e+02 -1.384084024234693722e+01 -1.302003447863520336e+01 -1.299700055803571352e+01 5.348268096301020478e+02 -1.017469631895727034e+01 -1.614167007134885168e+01 -4.360265303631218003e+00 -5.042406043227837920e+00
1.700891779646987109e-02 -4.771685267857143486e+01 2.616533333333333758e+03 -5.769376860119048445e+01 -7.195724051339285943e+00 -4.534423363095238813e+01 8.017126488095238983e+02 -1.583111514136904852e+01 -2.676757114955357508e+01 -2.044110863095238173e+01 4.460858630952381532e+02 -6.509629022507440688e+00 -1.921112932477678825e+01 -3.796969459170387307e+00 -4.088526843843006020e+00
2.135270783943789275e-02 -2.605843750000000014e+01 2.779056607142857047e+03 -1.882805803571428669e+02 1.930304966517856968e+01 -5.092516183035714050e+01 9.130304464285713948e+02 -5.379083705357142975e+01 -2.794098493303571473e+01 -3.379157924107143174e+01 5.173612946428571604e+02 -2.660495256696428612e+01 -3.568445591517857451e+01 -9.504552176339284841e+00 -1.114731654575892783e+01
2.564347439342075027e-02 -6.667872395833333599e+01 2.590711111111111222e+03 -1.526998958333333292e+02 -2.711252821180555728e+01 -9.259630208333332746e+01 8.351396527777777692e+02 -3.313034288194444343e+01 -6.685016059027778113e+01 -3.930088107638889028e+01 4.825386111111110949e+02 -2.722063802083333428e+01 -3.816728732638888744e+01 -7.439615885416666963e+00 -9.770808376736111356e+00
2.962205054058980949e-02 -6.541681942353613444e+00 2.284461171096345424e+03 -2.847769154900332182e+02 3.034273450477574841e+01 -3.018293189368770868e+01 7.500085132890366140e+02 -8.567892831187707259e+01 -3.228742732558139750e+01 -3.282919889431062899e+01 4.199193573504983306e+02 -3.970351432724252305e+01 -4.188022347383721211e+01 -1.000411551339285765e+01 -1.250812233959717723e+01
3.361537140302770649e-02 5.678432194266732402e+00 2.123222276902887188e+03 -3.360790067257217970e+02 3.306264609990157766e+01 -4.483195948162729394e+01 6.978125000000000000e+02 -1.035172756725721825e+02 -3.746701474327427661e+01 -4.442358206200787407e+01 3.749259760498687797e+02 -4.602811782316273082e+01 -4.826985420767716306e+01 -1.217832261934055182e+01 -1.356403404896653520e+01
3.793950633336700545e-02 1.789797273492228502e+00 1.604146672504378330e+03 -2.551998412872154063e+02 2.210383886547723264e+01 -2.943965151598073504e+01 5.643512478108581263e+02 -8.926234812828371901e+01 -2.641794309599386992e+01 -2.290366065564798603e+01 3.109078644921190744e+02 -4.430296697132224182e+01 -3.029210677539404628e+01 -5.631543909396891756e+00 -7.844808655319615021e+00
4.227894994616508695e-02 6.820030624999999702e+01 1.598001800000000003e+03 -3.522225999999999999e+02 3.065402187500000153e+01 1.905854375000000189e+01 5.204685000000000628e+02 -1.110700750000000028e+02 -1.494960000000000022e+01 -9.819517187500000688e+00 2.672506500000000074e+02 -4.581336875000000219e+01 -2.562085937500000199e+01 -3.781872656250000020e+00 -6.398360937500000567e+00
4.633325468672155889e-02 9.510669581618654433e+01 1.419582561728394921e+03 -3.868091563786007896e+02 7.748872599451303245e+01 5.556914973422496473e+01 4.674511316872427642e+02 -1.266977773491083639e+02 2.963875492969821579e+01 -9.895285775141460238e-01 2.266038022976680111e+02 -4.564931627229080391e+01 -1.654026009516460860e+01 -4.782692070687585506e+00 -6.990358957047324573e+00
5.038752484052157893e-02 8.630350744211686731e+01 1.438557331863285526e+03 -4.401631753031973631e+02 6.392972626102535827e+01 3.688866110804850962e+01 4.796245865490628262e+02 -1.418862751515986815e+02 1.755799080071664964e+00 -1.093222204038037582e+01 2.283077453142227284e+02 -5.048656715132304384e+01 -3.206009681642778730e+01 -4.940738160660143485e+00 -8.422348745865491537e+00
5.464179025701254577e-02 5.917211532943066743e+01 1.233897268135904596e+03 -3.688467917814508610e+02 6.106584308999081401e+01 2.004038251836547246e+01 4.122204143709825530e+02 -1.182499784779614345e+02 1.338036616161616088e+01 -1.400170382805325886e+01 2.001754620064279209e+02 -4.296668388429751673e+01 -2.246882174012855771e+01 -5.583081794507576134e+00 -7.462790188820018322e+00
5.886817576171304162e-02 9.191106635308246098e+01 1.172251401120896617e+03 -3.861608536829463105e+02 5.557171362089671618e+01 4.062165357285828549e+01 3.912220026020816590e+02 -1.308343800040032079e+02 1.103765825160128111e+00 -1.268011049464571549e+01 1.836627301841473070e+02 -4.997806057345876241e+01 -3.180748974179343236e+01 -7.054743795036028331e+00 -9.688811987089671618e+00
6.290140616743733482e-02 1.171856645690312746e+02 1.070005053394355400e+03 -3.919671052631579187e+02 7.224077517162471906e+01 7.253003432494278968e+01 3.663653699466056537e+02 -1.342464483218917053e+02 1.797435461956521863e+01 4.551440485554920090e-01 1.693649170480549344e+02 -5.054890708428680313e+01 -2.379176946271929793e+01 -4.741972969107552061e+00 -8.002444758295194305e+00
6.703999982739437813e-02 8.663571936788495975e+01 1.006275014979029379e+03 -3.615111219292990086e+02 6.302159320701018430e+01 6.283058249700419395e+01 3.337800329538645769e+02 -1.180455549730377527e+02 2.634235273741761674e+01 1.356218520633612989e+01 1.542954239065308570e+02 -4.495937874475733764e+01 -6.338224142450568976e+00 9.732121124176154048e-01 -2.459171612866986489e+00
7.134254604642074893e-02 9.806099711176787537e+01 9.421771896829661728e+02 -3.787882186996238829e+02 6.329489773643202710e+01 6.441263517598065391e+01 3.200764709833422899e+02 -1.285462956743686220e+02 1.783924133530360123e+01 5.558622086579796395e+00 1.411153109887157484e+02 -4.512837100349275232e+01 -1.763890801316496493e+01 -1.780346902706878121e+00 -5.227972507220580489e+00
7.561818311969153994e-02 1.009945068944844166e+02 8.256413069544364589e+02 -3.336341426858513159e+02 6.771024430455635468e+01 6.358235161870504015e+01 2.740955035971223310e+02 -1.088116531774580409e+02 2.784893397781774738e+01 5.716842775779376495e+00 1.210438249400479691e+02 -3.830709682254196480e+01 -1.324552607913669178e+01 -2.271767039493405527e+00 -5.626587792266187549e+00
7.973924982214039558e-02 1.621649552547039832e+02 8.661558627810923099e+02 -3.872730036714089010e+02 1.041564220972923351e+02 1.423203017439192308e+02 3.005744033960532420e+02 -1.356164668425883519e+02 8.168629531895365403e+01 4.480454050022946433e+01 1.291099271454795883e+02 -4.729660609798072812e+01 1.343559438102340486e+01 5.100865595600046376e+00 1.461953053292794867e-02
8.385356877962653332e-02 1.676807459276917029e+02 7.586740663488279779e+02 -3.596298420738975210e+02 8.976553809098132319e+01 1.293979936432260729e+02 2.537061233611442219e+02 -1.190386496821613065e+02 6.423003575685339683e+01 3.432710071513707106e+01 1.041251179479539104e+02 -3.937906920441000835e+01 7.997026470003972598e+00 3.172954766959674267e+00 -2.554496610548271929e-01
8.809929214337092196e-02 1.808815956422821216e+02 6.768640182009099817e+02 -3.320345204760237721e+02 8.987827047602380048e+01 1.423252647007350333e+02 2.287429340217010747e+02 -1.128730202135106708e+02 6.830820681659082538e+01 4.120967142107105019e+01 9.159995734161708469e+01 -3.639733822628631543e+01 1.134712165295764841e+01 4.642314586432446433e+00 3.721889219460973175e-01
9.230415729057904473e-02 1.618916227850217240e+02 6.176948345035104921e+02 -3.140318455366098078e+02 8.552764543630891581e+01 1.414713724506853794e+02 2.106401078234704016e+02 -1.066428660982948742e+02 7.087165663657638959e+01 4.637133274824473261e+01 8.335680478936809834e+01 -3.338627862754931641e+01 1.800973101596455805e+01 6.815179261743563366e+00 3.087440707539284457e+00
9.643309047658384092e-02 1.891598189942441763e+02 5.756958876098152587e+02 -3.086474174492577731e+02 9.378206414722811246e+01 1.630546993335352965e+02 1.978853377764313848e+02 -1.064687310663435369e+02 8.560002650711905403e+01 5.420342320508936496e+01 7.733162299303241127e+01 -3.428642362162980817e+01 2.395216885034837873e+01 7.118398662337170890e+00 3.079539107467434089e+00
1.005689403076158450e-01 1.961344845722300363e+02 5.417625525946704101e+02 -2.975556451612903288e+02 9.814815918653576432e+01 1.677214235624123546e+02 1.829571879382889392e+02 -1.005404891304347927e+02 9.506288569424965829e+01 5.827355364656381909e+01 6.874661640953716812e+01 -3.041390252454418075e+01 2.996122896213183751e+01 8.356174395161291457e+00 4.581449421458625437e+00
1.047818677762802908e-01 1.874764438635797887e+02 4.994150485436892950e+02 -2.786824744834453327e+02 8.444968259895443907e+01 1.538445201643017128e+02 1.680078416728902084e+02 -9.436242842917600626e+01 7.664028659447349412e+01 4.809940565098332144e+01 6.387867578416729231e+01 -3.002767145880009991e+01 1.952604555638536254e+01 5.480985596371670709e+00 1.761648370402352448e+00
1.090277847809041356e-01 2.045257523820590393e+02 4.841368231466418592e+02 -2.826553857773646428e+02 1.054069907622588858e+02 1.967918022310016397e+02 1.625859574715314864e+02 -9.430691523355798722e+01 1.161603169300488076e+02 7.713279979084359184e+01 5.965963426679061143e+01 -2.848912277771322366e+01 4.625423396467580517e+01 1.234756274692075273e+01 8.240072333255868742e+00
1.132170039508717807e-01 1.895360688285903166e+02 4.401536510037502694e+02 -2.558050683873814251e+02 9.024574647032869734e+01 1.692626571806750349e+02 1.459945951908228494e+02 -8.535583498786675705e+01 9.189477167438782601e+01 6.264748097286565098e+01 5.266411248069710638e+01 -2.552277913357599815e+01 3.321271439995587826e+01 9.798456285848223146e+00 5.783523690850429944e+00
1.174008294871188018e-01 1.911217501505721827e+02 4.129985444689821179e+02 -2.475232132101987474e+02 8.931763827544669709e+01 1.711806364183898950e+02 1.387722093957036691e+02 -8.323930310178678837e+01 9.548400170648464780e+01 6.433186734591447475e+01 5.039560642943184376e+01 -2.497732634009235042e+01 3.648523137924111381e+01 1.010061671853041609e+01 6.397582689219032837e+00
1.215998224695146873e-01 1.885165402843601896e+02 3.780655213270142099e+02 -2.279191706161137461e+02 8.447248815165876579e+01 1.713834597156398161e+02 1.260500118483412280e+02 -7.534171800947866871e+01 9.266639810426539725e+01 6.618573459715639729e+01 4.566636255924170484e+01 -2.263076421800947813e+01 3.812596563981042408e+01 1.094470749407582844e+01 7.344614188388625564e+00
1.257670529567683493e-01 1.839281133083912323e+02 3.609025921966862711e+02 -2.206108141813647023e+02 7.732544984856582460e+01 1.588172657224300792e+02 1.211193880277926240e+02 -7.384225236059148756e+01 8.113526634598254361e+01 5.844488241582041610e+01 4.368096940138963191e+01 -2.219541688936397605e+01 3.047666967308034813e+01 9.229612061286299962e+00 5.483812689292713038e+00
1.299386816717305049e-01 1.883579985180306267e+02 3.432149267248477145e+02 -2.146591058784785275e+02 8.509740861188869587e+01 1.716840832372797649e+02 1.156441935616663983e+02 -7.228941626873044868e+01 9.754247283056150764e+01 6.789881442450189297e+01 4.069275378725506442e+01 -2.115434608101432801e+01 4.180255330973160000e+01 1.162156522723530472e+01 8.207177903219166737e+00
1.340949335765710126e-01 1.786001705537046007e+02 3.124029033793431722e+02 -1.969456409646200257e+02 7.574504204347137204e+01 1.570626983182611696e+02 1.042553545930509387e+02 -6.559183127082341969e+01 8.409006623829922944e+01 5.991525860701253947e+01 3.623235463271458201e+01 -1.888070784745359632e+01 3.416275731794383574e+01 9.707095083690306936e+00 6.352803848365858208e+00
1.382635144665005922e-01 1.845230763657441173e+02 2.997726778727720784e+02 -1.900928488624837200e+02 8.071698847993044978e+01 1.667024525431097004e+02 1.008909125489059591e+02 -6.355866450514418631e+01 9.350905665845530734e+01 6.527303108245182273e+01 3.609374094334154393e+01 -1.916962894870308887e+01 3.958084879003043000e+01 1.064205142370670920e+01 7.206057659216056344e+00
1.424925284902303357e-01 1.733671546699200121e+02 2.757384946455198360e+02 -1.771948115765216016e+02 7.635786905246034451e+01 1.604064999322217488e+02 9.370497831096650998e+01 -6.001751220008132748e+01 9.048308085942794321e+01 6.439394401518231348e+01 3.281868264538429969e+01 -1.766580884844787747e+01 3.998196675477836237e+01 1.100775107597939417e+01 7.794196700894672425e+00
1.466886314558672189e-01 1.765778432275898240e+02 2.602712419376069306e+02 -1.696284224035803447e+02 7.092496215611424759e+01 1.540728906147163286e+02 8.582604975648281709e+01 -5.554447479268131360e+01 8.131897459523494831e+01 5.819194254310911418e+01 2.873039110833223475e+01 -1.539185081282084866e+01 3.399674213505331011e+01 9.391365423851519623e+00 6.372000255034881988e+00
1.508619291163366127e-01 1.730951592317977372e+02 2.402845660629634210e+02 -1.549966269600097348e+02 7.641928254527773845e+01 1.643945241278716480e+02 8.164698553543210835e+01 -5.234163425306916650e+01 9.613535462501519646e+01 6.897720159231798220e+01 2.834860064422025161e+01 -1.516702245654552073e+01 4.517155402941533993e+01 1.201230703780235842e+01 8.964391257444997763e+00
1.550655720814744509e-01 1.680394805876180442e+02 2.223214410633088391e+02 -1.456114608837588946e+02 6.884338201002681501e+01 1.555213652792351695e+02 7.413332896117523774e+01 -4.858908636469627851e+01 8.698527311414247265e+01 6.487961991372274895e+01 2.516599262562667505e+01 -1.384873517109712004e+01 4.137776903346158264e+01 1.137140025649994080e+01 8.324907820333448782e+00
1.592593054631499527e-01 1.674130898937917493e+02 2.086760785065148411e+02 -1.371558770393079953e+02 6.957372303733713181e+01 1.563045549107631587e+02 7.023811316106427682e+01 -4.606144612942077998e+01 8.826311179240117610e+01 6.544304992882952376e+01 2.385408511715755964e+01 -1.319154867650279250e+01 4.222737257746633333e+01 1.154157057511222995e+01 8.539812698456147544e+00
1.634144798183441161e-01 1.616612000000000080e+02 1.952052933333333442e+02 -1.299076399999999865e+02 6.722969999999999402e+01 1.499916000000000054e+02 6.579081333333333248e+01 -4.369823999999999842e+01 8.581721333333332780e+01 6.283747999999999934e+01 2.219066000000000116e+01 -1.242605750000000064e+01 4.128170666666666477e+01 1.108192249999999923e+01 8.352515833333333362e+00
1.675823816150099899e-01 1.556012157754275052e+02 1.814166501927448678e+02 -1.206848621132746757e+02 6.338861569635267301e+01 1.438120243155085518e+02 6.104391123850943757e+01 -4.066053733814371896e+01 8.194096570129484292e+01 6.050015444301670442e+01 2.046377384600177862e+01 -1.142789673322130994e+01 3.977959128200059524e+01 1.071212825565879179e+01 8.074557366314124351e+00
1.718045808093531246e-01 1.484400699300699387e+02 1.681973776223776156e+02 -1.113752913752913685e+02 6.152513986013985914e+01 1.410323426573426673e+02 5.706700466200466337e+01 -3.775397435897436083e+01 8.260416666666667140e+01 6.176212121212121531e+01 1.961986596736596766e+01 -1.087581148018647959e+01 4.220960081585081269e+01 1.146062062937062898e+01 8.930832604895105220e+00
1.760135070798979073e-01 1.462687482925052507e+02 1.579761178399052994e+02 -1.050748224205445780e+02 6.002882251161096860e+01 1.387935297331754896e+02 5.324279437209725785e+01 -3.515210647937346522e+01 8.034213072579910886e+01 5.988036153355796642e+01 1.791821526955650867e+01 -9.858605915900191974e+00 4.061237592204717117e+01 1.089767624191785877e+01 8.428138659958110068e+00
1.801930856696074279e-01 1.366603124200835566e+02 1.452764257096581844e+02 -9.663334327849288741e+01 5.517506499872133929e+01 1.277263553831728018e+02 4.866674835904867535e+01 -3.240788295967948329e+01 7.262677947319069460e+01 5.373468800613758845e+01 1.610692556048077861e+01 -9.073378628207313668e+00 3.577923077742732971e+01 9.491856512658767286e+00 7.231499339357259082e+00
1.843742315857553882e-01 1.311814012977289678e+02 1.375187588386989432e+02 -9.127481074785791293e+01 5.216294401464104880e+01 1.225841132185342275e+02 4.606626944513767796e+01 -3.051560030363530629e+01 6.866226811413359599e+01 5.138403107062640629e+01 1.536782765576907117e+01 -8.610364154396473069e+00 3.356222963979702456e+01 8.927382289327011833e+00 6.658752781590550285e+00
1.885797910080431738e-01 1.250587373776304645e+02 1.260610498728127595e+02 -8.306900871039852063e+01 5.007165844446156910e+01 1.188717336005549896e+02 4.250679295459801210e+01 -2.789651824944114722e+01 6.707568604023741443e+01 5.119919737146381067e+01 1.428277961920912631e+01 -7.850760955445926115e+00 3.376445791258768026e+01 9.181444153241347550e+00 6.928933530216603742e+00
1.927656394953895236e-01 1.193251493223064585e+02 1.188201910559767356e+02 -7.903323857110039796e+01 4.993664809709779462e+01 1.175223026265410908e+02 4.064600562830232633e+01 -2.668190280649360702e+01 7.021642162493300532e+01 5.344568401102688426e+01 1.414657037292288955e+01 -7.732978692855502878e+00 3.740347413661076814e+01 1.011813093460448876e+01 7.989452317367333301e+00
1.969014248243030341e-01 1.148880244310332301e+02 1.111911037591798106e+02 -7.350094979277248797e+01 4.662970806369519039e+01 1.114124009307060277e+02 3.768709554279066509e+01 -2.474351505126154294e+01 6.530867810659492534e+01 5.017434377953900793e+01 1.285837749036573818e+01 -6.984855008907147500e+00 3.460004408129135101e+01 9.383137997164254784e+00 7.347726405147967377e+00
2.010715633173454087e-01 1.092321440858735286e+02 1.019335907933668324e+02 -6.687986823092272459e+01 4.288874458129773615e+01 1.033990573178283938e+02 3.405876926649693814e+01 -2.225210942338127040e+01 5.945483554668685144e+01 4.574194935663662420e+01 1.152755367095575600e+01 -6.235975882474368959e+00 3.127772139269249507e+01 8.489122815316864745e+00 6.625477361866098036e+00
2.052920281681521186e-01 1.019570443349753646e+02 9.306334975369458107e+01 -6.135421182266009765e+01 4.072929392446634012e+01 9.839326765188833690e+01 3.149628078817734078e+01 -2.064622126436781713e+01 5.776532019704433196e+01 4.428964696223317077e+01 1.084677750410508956e+01 -5.944251847290640711e+00 3.104532430213464522e+01 8.325493123973727094e+00 6.627776067323480902e+00
2.095172134954577381e-01 9.827156448869006056e+01 8.745181463045805970e+01 -5.721166750677335955e+01 3.836442646966164460e+01 9.372722260727111632e+01 2.939435920861949469e+01 -1.914946088778274813e+01 5.448937133765988250e+01 4.222857727931447158e+01 1.012656633955012175e+01 -5.475153188204902044e+00 2.924875952996030293e+01 7.937847528511120743e+00 6.235813354546027476e+00
2.136973926115405542e-01 9.308008527131782728e+01 8.133858139534883946e+01 -5.292424031007752205e+01 3.705891472868216852e+01 8.996600775193797972e+01 2.741826744186046483e+01 -1.770307364341085332e+01 5.318287209302325635e+01 4.106083333333333485e+01 9.502394379844961492e+00 -5.055739341085271121e+00 2.898331782945736634e+01 7.823718507751937778e+00 6.240621124031007660e+00
2.178750580088065492e-01 9.114377372262774202e+01 7.744594890510948915e+01 -5.042379562043795715e+01 3.612525547445255825e+01 8.847316788321168701e+01 2.616463138686131629e+01 -1.691706934306569465e+01 5.202973722627737629e+01 4.034152554744525787e+01 9.018233576642336047e+00 -4.825544251824817721e+00 2.826576277372262780e+01 7.627812043795620944e+00 6.028861770072992954e+00
2.220823861956562617e-01 8.557336971850848784e+01 7.107596463022508715e+01 -4.618462303266203861e+01 3.324184154115191348e+01 8.239382016133581033e+01 2.383175382185367042e+01 -1.538182045749421789e+01 4.803010943758108908e+01 3.759032831274327435e+01 8.242273438822135034e+00 -4.379267854120832304e+00 2.628692108083714274e+01 7.150865381903311224e+00 5.650185804140576806e+00
2.262696194198526023e-01 8.171218504693418083e+01 6.661301257067574966e+01 -4.312069426908931291e+01 3.175359211176373719e+01 7.892444557281659456e+01 2.250102068123181809e+01 -1.448179413459955001e+01 4.588206071252127316e+01 3.584536422023384716e+01 7.761249794148323389e+00 -4.126349615057364417e+00 2.498792679914365777e+01 6.757333465993302646e+00 5.332066630756985504e+00
2.304259489101245229e-01 7.501228703359694805e+01 6.022905498646568390e+01 -3.876724961520088897e+01 2.951043601719653964e+01 7.322425163207897469e+01 2.047854910832758435e+01 -1.308771926914707251e+01 4.315604599012791454e+01 3.369657926861631836e+01 7.155855249190595124e+00 -3.776559431558834667e+00 2.375050256090441181e+01 6.405796368292553389e+00 5.087240758186933220e+00
2.345870463846415066e-01 7.228950348653738445e+01 5.665641701023056953e+01 -3.619262164707080132e+01 2.804480964014862465e+01 7.033470758894488029e+01 1.911105703160787783e+01 -1.213232618211431735e+01 4.117675726574032069e+01 3.237973036595918330e+01 6.660344136509390722e+00 -3.478017477222985931e+00 2.283177775232860185e+01 6.169549979004428586e+00 4.917688610220389833e+00
2.388019837064606632e-01 6.669582508569497747e+01 5.169560783083088040e+01 -3.283777398252305346e+01 2.544336889875923546e+01 6.408048689228986916e+01 1.738222070680249232e+01 -1.102648774320475056e+01 3.724293016463091277e+01 2.925159018490803220e+01 6.046572502776034419e+00 -3.168819099116497284e+00 2.053675228117607432e+01 5.545526963742577919e+00 4.404414271834114381e+00
2.430077036534963875e-01 6.161886083773118372e+01 4.711953834450625322e+01 -2.992729282555983517e+01 2.404925295963485965e+01 6.014279941045024458e+01 1.598967099320116070e+01 -1.009229098321685036e+01 3.561259092854086106e+01 2.792717990776398906e+01 5.641930983454571447e+00 -2.926220663659487631e+00 1.986325357771121602e+01 5.359489774996434086e+00 4.289488541815242861e+00
2.471758823520590620e-01 5.886007128075419814e+01 4.413983961830305702e+01 -2.777582777650034629e+01 2.261232179811451104e+01 5.706375603587031975e+01 1.487894630949643648e+01 -9.330976948723844089e+00 3.356084157277535240e+01 2.647892618992872116e+01 5.250172453437571995e+00 -2.710504570016095904e+00 1.879482927109680546e+01 5.083351776270407463e+00 4.068660180501264989e+00
2.513692271335918882e-01 5.382933460242440304e+01 4.003771990284889171e+01 -2.502183438361559809e+01 2.094135650518576952e+01 5.271467878867446188e+01 1.362241532099251806e+01 -8.487251652006477798e+00 3.146517657870552753e+01 2.477397597479322755e+01 4.886718920944379541e+00 -2.499290922716730368e+00 1.781347916940177711e+01 4.812944455384885245e+00 3.886341133867226905e+00
2.555723892733414715e-01 5.088484796500407725e+01 3.714952609683921736e+01 -2.303345198782004744e+01 1.973517846421066224e+01 5.007525625080413789e+01 1.262893489728524266e+01 -7.777702427413475839e+00 2.959199296650512778e+01 2.348226883818673372e+01 4.527602580735086590e+00 -2.285897058744692956e+00 1.669555474546468332e+01 4.526095834048120103e+00 3.617929984024531809e+00
2.597674079539822323e-01 4.720846377229476332e+01 3.397652098694237566e+01 -2.089485804465131480e+01 1.777443542241627839e+01 4.537113317131441192e+01 1.136452454998558359e+01 -6.985125453103760762e+00 2.657478786505746271e+01 2.109453906990155403e+01 4.043515338592083452e+00 -2.041825210075379982e+00 1.494368641100630235e+01 4.050033532252749424e+00 3.227340306668863512e+00
2.639178238801485610e-01 4.421863617761407284e+01 3.159185594434212874e+01 -1.939465290566809941e+01 1.653422600777572882e+01 4.236790976058931335e+01 1.052045989359525180e+01 -6.445807115817474120e+00 2.456185031716799472e+01 1.955161141804788016e+01 3.701323664825046045e+00 -1.850926885103335362e+00 1.377932397176181567e+01 3.743295989359525233e+00 2.978593078575813013e+00
2.680749044740857179e-01 4.097603483725801965e+01 2.875394974201807585e+01 -1.742120155565038431e+01 1.583624209566667851e+01 4.059081739535244537e+01 9.799123855568916852e+00 -5.896872090429452484e+00 2.411552692322613112e+01 1.932744306940295331e+01 3.586928269387438029e+00 -1.759663259640376953e+00 1.380080231407844060e+01 3.763721049773053107e+00 3.008203170462039555e+00
2.723023151079725368e-01 3.771054954705120821e+01 2.623274865964133795e+01 -1.581313898132741791e+01 1.424307288777962732e+01 3.655916990201515659e+01 8.814048345350341762e+00 -5.308053706784988002e+00 2.156528008874098745e+01 1.722445923460898598e+01 3.200696177666851661e+00 -1.577150640136808946e+00 1.230434345535219087e+01 3.344260722869291769e+00 2.677700071639859569e+00
2.765128983200950685e-01 3.590854107596567957e+01 2.460485786353426363e+01 -1.466958104724380263e+01 1.374856965975623169e+01 3.540401876127701541e+01 8.348420757079205501e+00 -4.948786799904260292e+00 2.103329712413005836e+01 1.688365338586736186e+01 3.084617340832934040e+00 -1.492847723423058381e+00 1.215743293625952681e+01 3.316558576057738073e+00 2.672543566115550107e+00
2.807027537381580062e-01 3.343149051133368488e+01 2.275810709892813222e+01 -1.355523633807766615e+01 1.261771327534703957e+01 3.260698031980319911e+01 7.661117334387629541e+00 -4.547112765770514820e+00 1.918284572131435439e+01 1.540439509752240355e+01 2.788611403971182678e+00 -1.346803340801265181e+00 1.097317694605517424e+01 2.991669961342470430e+00 2.391979660868037261e+00
2.848857026249724811e-01 3.043117193208308890e+01 2.038154335270171558e+01 -1.196768336174802627e+01 1.146924689468007408e+01 2.977164373195087066e+01 6.881371016144184338e+00 -4.030150199192791050e+00 1.758149507671966916e+01 1.417935397167808986e+01 2.541140324362409331e+00 -1.212441503427159839e+00 1.016113848683066045e+01 2.776178575467102672e+00 2.229230590663163980e+00
2.890807262117984777e-01 2.792076213175865007e+01 1.855277026358328030e+01 -1.083105948767855331e+01 1.041533438623692653e+01 2.711886401873783470e+01 6.232984816745290146e+00 -3.629397865602216555e+00 1.586507851416883774e+01 1.280710318180318552e+01 2.290879222610760824e+00 -1.085932474309702078e+00 9.129218487117737979e+00 2.497280714957278658e+00 1.999772426434202943e+00
2.932785946948970324e-01 2.598194621442342367e+01 1.712643572525569624e+01 -9.972515970656472106e+00 9.761351011338758710e+00 2.541669934320164970e+01 5.783520508610267008e+00 -3.357597958125020821e+00 1.504194033264712793e+01 1.215385031696239082e+01 2.155231411136163455e+00 -1.016317270263536354e+00 8.741367267914910144e+00 2.392362983204260996e+00 1.925179925170735107e+00
2.974321087309398370e-01 2.366978983538437120e+01 1.549454411059613257e+01 -8.956897275051941776e+00 8.962246284161739851e+00 2.336900071919450284e+01 5.265426722071280707e+00 -3.029013504874540796e+00 1.386782403707847244e+01 1.122740730381972263e+01 1.971747392919929842e+00 -9.236297846412019341e-01 8.071959405465879200e+00 2.210274742288636851e+00 1.776374335743966748e+00
3.016123743882810904e-01 2.212057469952837607e+01 1.427850011410314934e+01 -8.134824281150159209e+00 8.227588239768751421e+00 2.153952723261828694e+01 4.799212212840408220e+00 -2.730457220827628095e+00 1.263926859881332732e+01 1.024658261068005594e+01 1.791513340559866219e+00 -8.311286465464780004e-01 7.312766240681576768e+00 2.001257987220447454e+00 1.601088377643389737e+00
3.058101292111336522e-01 2.044949089763968431e+01 1.306768662087994493e+01 -7.369015797918603283e+00 7.521665435773625674e+00 1.984423454698137590e+01 4.374592774345440027e+00 -2.462679807230903073e+00 1.156784501244639074e+01 9.437026699757071313e+00 1.633883048915814484e+00 -7.487949588369372522e-01 6.708259136100530817e+00 1.844696600485859150e+00 1.468897613442101902e+00
3.100168993294901143e-01 1.844382550431863166e+01 1.172239429395391497e+01 -6.572551400327125926e+00 6.808810869752360162e+00 1.787441174782633624e+01 3.923003977875979320e+00 -2.199953280581939286e+00 1.049687222014978971e+01 8.536000853683033185e+00 1.472895451627019403e+00 -6.704485333151597448e-01 6.106841301041637138e+00 1.676300678462796734e+00 1.342813594005566991e+00
3.142092030053749707e-01 1.685643189672407516e+01 1.064325214920172513e+01 -5.914816014765944097e+00 6.193260806700368271e+00 1.633139833776026251e+01 3.557960614628852269e+00 -1.978314974081055722e+00 9.597342415674178895e+00 7.825017672007540170e+00 1.344317646302801927e+00 -6.084228982806386687e-01 5.613883593236797864e+00 1.542855733941678853e+00 1.237674890397852279e+00
3.183867557675504334e-01 1.569412751216561830e+01 9.848062951914881680e+00 -5.422685182003134763e+00 5.828488851620708289e+00 1.539632075990432547e+01 3.321717860775850184e+00 -1.823348105050449641e+00 9.082955592060045547e+00 7.443166978253100474e+00 1.272731812573887344e+00 -5.671248247326313718e-01 5.347291431831303399e+00 1.477167559041046907e+00 1.185290686085832990e+00
3.225872781332082551e-01 1.432335135495928569e+01 8.889810272326792884e+00 -4.834827209317848151e+00 5.320804965959150756e+00 1.405341242824723125e+01 3.002751218128421051e+00 -1.632620185889734454e+00 8.317267387531705580e+00 6.811467093845948284e+00 1.157746900447203409e+00 -5.126502845080763704e-01 4.907350487251368243e+00 1.353133656220798287e+00 1.087976092143906115e+00
3.267666109043823597e-01 1.316333100023771152e+01 8.152283187184702129e+00 -4.402390900266765605e+00 4.947271763820290325e+00 1.307722326404479674e+01 2.775759521671377072e+00 -1.489938112437600770e+00 7.787700404109770602e+00 6.399933308681757360e+00 1.086324400438446025e+00 -4.738848394456036672e-01 4.612156143524999585e+00 1.275328050302422023e+00 1.020695046518845350e+00
3.309328770241455886e-01 1.195668985557171737e+01 7.338578746587052670e+00 -3.913935909949220804e+00 4.435061098139784441e+00 1.178709028681517879e+01 2.483774544515042759e+00 -1.316646671419275938e+00 6.967177492408584527e+00 5.751363584169027376e+00 9.717536729056623912e-01 -4.164451839164051150e-01 4.132361759677460888e+00 1.147858973500216928e+00 9.186875223276940172e-01
3.351106074107195187e-01 1.082792780832187951e+01 6.600273334999375408e+00 -3.492447363488691447e+00 3.994277146070223772e+00 1.062749828189428847e+01 2.222608904473322600e+00 -1.168716516462576571e+00 6.278840747219792462e+00 5.186826814944395458e+00 8.710175090591028013e-01 -3.703675574784455748e-01 3.729252311633137307e+00 1.036439850680994645e+00 8.299206157066100209e-01
3.393095620710060434e-01 1.010803725987546109e+01 6.130717984396413023e+00 -3.209085663452984960e+00 3.722365016348904820e+00 9.939294172096266422e+00 2.065831953393599818e+00 -1.074487068136465329e+00 5.887758306686221133e+00 4.879834046594378805e+00 8.164599699769192753e-01 -3.429832928993460373e-01 3.521581906811242391e+00 9.816382864905153216e-01 7.874480832111172557e-01
3.435164896197421824e-01 9.203230192757422046e+00 5.550042962936715618e+00 -2.881639139382987214e+00 3.314001488200694290e+00 8.875427414782793178e+00 1.841612926086032109e+00 -9.567014614780430248e-01 5.183424426570288013e+00 4.293009442987739455e+00 7.181479098752745482e-01 -3.032359783590815594e-01 3.068374738679044533e+00 8.533186654028771523e-01 6.798898115093425787e-01
3.477107812306902690e-01 8.414469617313336869e+00 5.043827848774062872e+00 -2.586442830980057117e+00 3.065704220876759312e+00 8.210376562752756513e+00 1.689756567316802682e+00 -8.650697678113373756e-01 4.836264096549811597e+00 4.016039880525963390e+00 6.689000195705174789e-01 -2.779075758845007127e-01 2.887336467023317255e+00 8.051675554040625959e-01 6.445326491836711469e-01
3.518857617074659383e-01 7.576570903397099599e+00 4.524789666870900895e+00 -2.307258336737240789e+00 2.811541587242153639e+00 7.529553719336464113e+00 1.537734798715592044e+00 -7.795698524406017293e-01 4.468264234007306435e+00 3.718146870106882496e+00 6.161853417097827856e-01 -2.531409912746499513e-01 2.680224856468559125e+00 7.484323409524132886e-01 5.996909269549776100e-01
3.560773577310688554e-01 6.796030064017129391e+00 4.044278742161725226e+00 -2.048433778867792654e+00 2.492495090836592375e+00 6.672872195153924935e+00 1.360641038421201987e+00 -6.879925806085996909e-01 3.964070932290414628e+00 3.294497913434857317e+00 5.468179028108545170e-01 -2.252020250469750073e-01 2.381994362996787906e+00 6.645539284231685162e-01 5.333396376368283454e-01
3.602869550449780967e-01 6.217833349438467216e+00 3.684093428568360640e+00 -1.846048840161910176e+00 2.277094707584444322e+00 6.116948103888852906e+00 1.240314942612037896e+00 -6.181364866515277612e-01 3.620028881874207904e+00 3.021377552663789157e+00 4.996878372012497072e-01 -2.020772435794197797e-01 2.180311741716592255e+00 6.105548688505227917e-01 4.895552332291867592e-01
3.644651285618699665e-01 5.707013140625330827e+00 3.364364256758187288e+00 -1.664668957323398146e+00 2.089767922161773317e+00 5.622158068545058285e+00 1.134665279218442402e+00 -5.596875066152967593e-01 3.331458447998476124e+00 2.786722834945702054e+00 4.597639463684667915e-01 -1.839250936726010421e-01 2.010525267787210080e+00 5.640961057071487428e-01 4.520887137746353868e-01
3.686396944457170921e-01 5.104167737524930359e+00 2.993248131566502934e+00 -1.465714277453379122e+00 1.850634708401011741e+00 4.991427886691202964e+00 1.002796225096120208e+00 -4.903675763821782052e-01 2.947806582437239253e+00 2.468451069915907681e+00 4.066619324022863746e-01 -1.619779806911404996e-01 1.779621867097066046e+00 4.993604566739314188e-01 3.999775681965376251e-01
3.728293470315630076e-01 4.648154278262614625e+00 2.715589891162604186e+00 -1.317140949443274200e+00 1.683868899839502609e+00 4.553736269936804248e+00 9.109321709800382028e-01 -4.402776732871903076e-01 2.690344129300832776e+00 2.260302406209248716e+00 3.716713217223392984e-01 -1.455163546055271429e-01 1.628953505868191431e+00 4.587975066456014273e-01 3.670972985003511102e-01
3.770363921861874523e-01 4.153354067160542229e+00 2.416832933278097340e+00 -1.163001693634857281e+00 1.508764864996588351e+00 4.078589835753972714e+00 8.115374305487864648e-01 -3.884777619041817065e-01 2.422619163661175801e+00 2.036906161662930259e+00 3.343754949922019826e-01 -1.298258503204503533e-01 1.476036437518276623e+00 4.161877299809923492e-01 3.341014596939272940e-01
3.812363453093803867e-01 3.783829623205165582e+00 2.194429838826250645e+00 -1.045744871470559945e+00 1.372201894815457290e+00 3.713367302688638460e+00 7.372887455430279235e-01 -3.510083146622338113e-01 2.193849679579840117e+00 1.845609430712151999e+00 3.030267885106485704e-01 -1.178290555435096976e-01 1.328600811891683664e+00 3.743642791750987908e-01 2.989672924496482587e-01
3.854150971210312249e-01 3.398271032760987520e+00 1.963941109679724573e+00 -9.253373128749553533e-01 1.241944337351663430e+00 3.365042232429992453e+00 6.645662360361461740e-01 -3.118213484757301757e-01 2.010832859251876048e+00 1.697052398538732021e+00 2.784423162366238547e-01 -1.064023917213623438e-01 1.233138764034378276e+00 3.487602525012694077e-01 2.799247268350478768e-01
3.896036578152083374e-01 3.092242574576677061e+00 1.782557769286753802e+00 -8.328822716866581821e-01 1.120260361966355145e+00 3.044087875186556769e+00 5.990304513754537430e-01 -2.784410670360952800e-01 1.805026210086046357e+00 1.526636172682549253e+00 2.496053840364914345e-01 -9.436042128740348978e-02 1.104009475245518068e+00 3.126209884519005611e-01 2.503634871678827034e-01
3.937795161075864914e-01 2.780709250763144791e+00 1.595627664234235743e+00 -7.365252261212361651e-01 1.006816093329479855e+00 2.736230368206202801e+00 5.367334823121940879e-01 -2.470221396736087260e-01 1.625900872423820864e+00 1.376725543232844906e+00 2.251238064569297259e-01 -8.428919027881888459e-02 9.956867063742932400e-01 2.823904488896013532e-01 2.257932164758051363e-01
3.979440095093054186e-01 2.496349501878527999e+00 1.430434793495486412e+00 -6.557055969667563433e-01 9.035992086367764520e-01 2.459292257972614859e+00 4.812352405361371988e-01 -2.193899535209042073e-01 1.456501175192749464e+00 1.235244709406883912e+00 2.021335702266697787e-01 -7.528482913520949393e-02 8.928989451087053775e-01 2.535737621247395879e-01 2.029739624138637288e-01
4.021139069446590386e-01 2.238900843472258373e+00 1.277722678833376424e+00 -5.775416747562344133e-01 8.138795409439986139e-01 2.214473315212701632e+00 4.312189899905082280e-01 -1.941468607084304021e-01 1.317714535335231751e+00 1.119085851885408545e+00 1.828690595607904146e-01 -6.741284080674561641e-02 8.093816064802830113e-01 2.301224659429200181e-01 1.838055618474415398e-01
4.063125452039867413e-01 1.985047409401680341e+00 1.131314807057575367e+00 -5.090507871044742672e-01 7.185644328974621908e-01 1.959114719279928529e+00 3.809514020742468254e-01 -1.705187682606974786e-01 1.167075646649714527e+00 9.930117310509740669e-01 1.620828325236178535e-01 -5.915673335592677717e-02 7.208619522843237037e-01 2.054625139981139104e-01 1.648282520881396984e-01
4.105412315868290918e-01 1.793412785777363405e+00 1.019137935616281521e+00 -4.529366792588594981e-01 6.434190205481692404e-01 1.757008495641793067e+00 3.411792430170567103e-01 -1.515333096463147289e-01 1.040026142598407199e+00 8.854534620353562424e-01 1.445641805773602295e-01 -5.257607426506361731e-02 6.396630821845001869e-01 1.822851827605520836e-01 1.456484621580074745e-01
4.147348487769681458e-01 1.607415124088787062e+00 9.107264620362028884e-01 -3.998466487324924268e-01 5.811294434433614819e-01 1.589814122778278493e+00 3.071027264722745453e-01 -1.342284156411253926e-01 9.446699156360062188e-01 8.072248187812269826e-01 1.315405291434597612e-01 -4.698717390859202120e-02 5.834494532721763438e-01 1.668286458759931368e-01 1.332277930215415018e-01
4.189107045044477284e-01 1.425936431921150938e+00 8.062672631348859476e-01 -3.514486750854463049e-01 5.102283453223114273e-01 1.397049370081869579e+00 2.695785683769175711e-01 -1.172690341586519330e-01 8.292530651379064199e-01 7.086955279786980588e-01 1.155205518241793211e-01 -4.115897344582107598e-02 5.129931791987918377e-01 1.467186226999046272e-01 1.172038471951752647e-01
4.230974437456921922e-01 1.288108715578438090e+00 7.274522315508229475e-01 -3.139788534109524964e-01 4.621157437202589868e-01 1.266489683282627343e+00 2.437555154945783564e-01 -1.047406666252242713e-01 7.483288965597939546e-01 6.409442282939386004e-01 1.044072610724315342e-01 -3.670698386550237668e-02 4.618001111631171995e-01 1.323447799652859025e-01 1.054496819296551896e-01
4.272931011032126136e-01 1.146497406369757277e+00 6.456570172107118921e-01 -2.754280790055269601e-01 4.119731867490113997e-01 1.129983768340534711e+00 2.169052411274562109e-01 -9.220688602626837815e-02 6.730848001626028587e-01 5.773854623112508744e-01 9.411241819758919824e-02 -3.278691139956791539e-02 4.189417490018626511e-01 1.202632163734598525e-01 9.624464252656610153e-02
4.314914587673138180e-01 1.029315950255006662e+00 5.786208982067273521e-01 -2.446986565411824466e-01 3.706360315150087348e-01 1.017497471433272072e+00 1.948032082183559777e-01 -8.199253716432225447e-02 6.044812769215237580e-01 5.194471786617010922e-01 8.466432166640493195e-02 -2.926246724197402102e-02 3.752636650102451066e-01 1.078606131680837771e-01 8.588613118540704139e-02
4.356511643511531418e-01 9.274141690505355307e-01 5.202290217983956966e-01 -2.172859512943847715e-01 3.309300624691902115e-01 9.097296977465904044e-01 1.739844934543193500e-01 -7.244836121075018398e-02 5.389193628347997977e-01 4.636205778610160699e-01 7.563371747932942646e-02 -2.590735279220755111e-02 3.345052238938350797e-01 9.623535980470325490e-02 7.657368605567423103e-02
4.398424702607344750e-01 8.258638233075751289e-01 4.617377172899856386e-01 -1.903248031671149476e-01 2.933171877890677348e-01 8.075928530006118988e-01 1.539254229727902712e-01 -6.346454117391737981e-02 4.761852666182811444e-01 4.101371548531357880e-01 6.675559807445316518e-02 -2.271008122024826062e-02 2.953047507613599243e-01 8.504080635664375276e-02 6.766779436433562056e-02
4.440501074980069407e-01 7.286168417571162736e-01 4.071401128871075525e-01 -1.670455187010114195e-01 2.588922380222484776e-01 7.135411850790218669e-01 1.358330825373059991e-01 -5.560912330562648581e-02 4.227654185100360174e-01 3.647841924264193514e-01 5.940292837887818644e-02 -2.004815561563793799e-02 2.637125228494814899e-01 7.608459187003001334e-02 6.069976286994822195e-02
4.482267968899237842e-01 6.506447866902517196e-01 3.628360929948326596e-01 -1.470532668278270727e-01 2.320618375419585822e-01 6.392001929049960784e-01 1.214420899811273491e-01 -4.920655538031707549e-02 3.785755106411131110e-01 3.267234790450854742e-01 5.325211756976266225e-02 -1.786608015698775559e-02 2.356446931104363707e-01 6.798681036028664249e-02 5.406185500656364440e-02
4.524052929840755577e-01 5.862967543230127587e-01 3.263223207572961138e-01 -1.305161797937598178e-01 2.085285523887635828e-01 5.766710024947030444e-01 1.092564121663761878e-01 -4.348047248778278556e-02 3.424546980725856060e-01 2.968892302730503641e-01 4.839904088493609396e-02 -1.587673967090424271e-02 2.148446844456974869e-01 6.225922004220490330e-02 4.963981790590184934e-02
4.566090347930675253e-01 5.137127136574842767e-01 2.856201512197145687e-01 -1.133953778418519687e-01 1.837824116329239976e-01 5.074101808828410665e-01 9.596309222535678862e-02 -3.793916142030368671e-02 3.025033967391304590e-01 2.623440352223697092e-01 4.278032821315964213e-02 -1.395432779569780873e-02 1.902862854712910612e-01 5.520884759790906093e-02 4.407184427377199010e-02
4.608167319022857811e-01 4.564404552082099165e-01 2.536483944040707206e-01 -1.000290331824255918e-01 1.629679893928472900e-01 4.507523582421633646e-01 8.519522661670418662e-02 -3.341846322178996381e-02 2.667387572080255898e-01 2.316331629244177681e-01 3.778944084934568459e-02 -1.227223441387890503e-02 1.666103539667180278e-01 4.834925491355306776e-02 3.828836108546612021e-02
4.649806979855051203e-01 4.062128977806099273e-01 2.251613755557438923e-01 -8.744665250891471564e-02 1.431275281457385362e-01 3.962012827742213417e-01 7.482316985472431403e-02 -2.909929358596591992e-02 2.347383827527086408e-01 2.039408413897182692e-01 3.331619509584544947e-02 -1.076011233467230772e-02 1.473842247780283998e-01 4.280015389908929657e-02 3.408329685075750515e-02
4.691538386770017222e-01 3.614587737780776133e-01 2.000346615167293840e-01 -7.695669557171905262e-02 1.286397809297125383e-01 3.564375057406281577e-01 6.707940669420585367e-02 -2.569886827475517319e-02 2.112341321120443927e-01 1.839653566949184804e-01 3.001371428636470315e-02 -9.542894196066600138e-03 1.326137307510800445e-01 3.859844011792437635e-02 3.061589256770774065e-02
4.733478629909182445e-01 3.178510650341097588e-01 1.756725174750090324e-01 -6.704124843222870889e-02 1.129460075906584260e-01 3.134314234274048205e-01 5.891947952910842057e-02 -2.237611026557578819e-02 1.862299301933299511e-01 1.625022782284417933e-01 2.650885951252038644e-02 -8.328371641935042660e-03 1.174435271664031749e-01 3.425999079761045396e-02 2.724508653961365406e-02
4.775500538217637980e-01 2.826075779088615403e-01 1.560387413392280431e-01 -5.888385872429952039e-02 9.985736291300532919e-02 2.771902869480566967e-01 5.208736410890787288e-02 -1.963315106134446916e-02 1.642600714799332118e-01 1.433755044499762377e-01 2.342353014912219172e-02 -7.337408282796294319e-03 1.035669221734043383e-01 3.022120602772970441e-02 2.402308222839301052e-02
4.817339644282710998e-01 2.477346003869837776e-01 1.365795403923779072e-01 -5.105273832874226286e-02 8.725651103221936100e-02 2.424867296310775078e-01 4.547912182602095038e-02 -1.697707923280543721e-02 1.436764840691176770e-01 1.256000218189752271e-01 2.052596834487163333e-02 -6.381536062722356975e-03 9.060541950578505921e-02 2.646662293401578353e-02 2.098943364749248502e-02
4.859144464692263798e-01 2.182354375183985784e-01 1.202539349977921612e-01 -4.457718609710773633e-02 7.684089936892846140e-02 2.138284009788048168e-01 4.005623930582131315e-02 -1.480828528619002049e-02 1.265929726596997373e-01 1.108587770459228683e-01 1.810377119287238587e-02 -5.567521664336178705e-03 8.001284451354136185e-02 2.341315780698042387e-02 1.860120142773034890e-02
4.901252990058800885e-01 1.955903629845767711e-01 1.076097288942457764e-01 -3.938651917640734190e-02 6.913522919665464339e-02 1.924545646034939161e-01 3.597384856559923683e-02 -1.312063847697573712e-02 1.141884201431040691e-01 1.001558200519117175e-01 1.636490334432771920e-02 -4.978286266663197769e-03 7.225907077559744207e-02 2.117600749211641376e-02 1.679414717809533594e-02
4.943123444065962158e-01 1.708764570657987092e-01 9.390670465916017839e-02 -3.403522539233671401e-02 6.019098178164571794e-02 1.677618845747984588e-01 3.133705128016205099e-02 -1.132097588343150205e-02 9.914518012769273081e-02 8.709704933393332127e-02 1.423417595183703969e-02 -4.278142071058733953e-03 6.264490014390951267e-02 1.838908733553199296e-02 1.455086352219239938e-02
4.984736335014697817e-01 1.509631783932389726e-01 8.286183469697869231e-02 -2.974496470767714132e-02 5.293014269663080112e-02 1.475488280145153819e-01 2.753203236368496204e-02 -9.880371563309630484e-03 8.734533921076151342e-02 7.673989852385477983e-02 1.256123250940091585e-02 -3.772725539876462322e-03 5.530178343388317264e-02 1.623381444523639902e-02 1.285483019309529434e-02
5.026590164608074618e-01 1.335369101756306298e-01 7.325184021456035421e-02 -2.608379142814023013e-02 4.689227497497277380e-02 1.308596543217346309e-01 2.438624581533069269e-02 -8.667684448818289977e-03 7.746793322027535622e-02 6.817454458524933869e-02 1.115079759676736344e-02 -3.315280747242364216e-03 4.914909790252582761e-02 1.445188765843128872e-02 1.146564422163260169e-02
5.068609875937976073e-01 1.178013423114460806e-01 6.452029246360407866e-02 -2.267151822083582000e-02 4.139886343226427401e-02 1.156071557467602956e-01 2.151063305691861688e-02 -7.546221513794190879e-03 6.838586074323592390e-02 6.027957126348750666e-02 9.865996938836890315e-03 -2.900503938655587741e-03 4.338044657441170182e-02 1.277464794400314657e-02 1.010675801053414688e-02
5.110594965365916620e-01 1.029322910825295617e-01 5.632910259517095314e-02 -1.961210213795849810e-02 3.597911663949594774e-02 1.005989136885688112e-01 1.870757234871850416e-02 -6.506323143353588169e-03 5.951317137381036126e-02 5.253682191695773634e-02 8.607607740125412105e-03 -2.506836451227722855e-03 3.785829092497943610e-02 1.116661135096893263e-02 8.847253899490700041e-03
5.152492140965455603e-01 9.140990473061762212e-02 4.995648714684625818e-02 -1.716667522174770283e-02 3.193005707950066080e-02 8.936528827201052627e-02 1.658532410068988203e-02 -5.690883962302891765e-03 5.282133910972405116e-02 4.670541947273324640e-02 7.649437161218792039e-03 -2.200635631826954736e-03 3.361915859067017565e-02 9.931118337302891411e-03 7.852870785767082987e-03
5.194329442812991582e-01 7.964312185990808646e-02 4.351272832606324636e-02 -1.486181617804564585e-02 2.776781961591888448e-02 7.775484239497325312e-02 1.443007509241769210e-02 -4.929178870528411714e-03 4.591917366899049557e-02 4.061512128706444569e-02 6.657134317228799968e-03 -1.914963843809231684e-03 2.923674061704834709e-02 8.637648910947967607e-03 6.832348986529249157e-03
5.236343964239100757e-01 6.963118099130408134e-02 3.802140439946987555e-02 -1.286965802274166008e-02 2.418150000283727022e-02 6.779495542965084665e-02 1.256952812309272520e-02 -4.245991763466153320e-03 4.002719128617833466e-02 3.547501918309340502e-02 5.819190202341440604e-03 -1.652559473599050878e-03 2.552411458280791356e-02 7.556087322993798767e-03 5.973817688183466999e-03
5.278273205415198177e-01 6.159015913086775956e-02 3.357180971111175388e-02 -1.122510829088812709e-02 2.147483981681088880e-02 6.022001641431989905e-02 1.114096670862278760e-02 -3.718221635482509349e-03 3.569358518233715916e-02 3.166919307935418121e-02 5.196014179044195803e-03 -1.460405255343331238e-03 2.284143272369165006e-02 6.770641955863086585e-03 5.359759626807720709e-03
5.319960279023402405e-01 5.334018691227419146e-02 2.907336761089458071e-02 -9.643288253410356795e-03 1.867647264948342142e-02 5.242064734904726409e-02 9.690273693663388130e-03 -3.201117984023137998e-03 3.108966588560999750e-02 2.763297296461272173e-02 4.531588933161656042e-03 -1.256891338874195846e-03 1.989607862186030737e-02 5.907476925962014576e-03 4.666350812376268350e-03
5.361714592099571242e-01 4.669951984196017009e-02 2.543291616003128669e-02 -8.373621767709376468e-03 1.635165641065841266e-02 4.588053165236834208e-02 8.475736302900944985e-03 -2.786713369691961630e-03 2.716692737859607160e-02 2.414237880364302966e-02 3.964360249345200843e-03 -1.103517805017940803e-03 1.736949906509425642e-02 5.154931011924457698e-03 4.071893346840906730e-03
5.403746330902056139e-01 4.101537931340368259e-02 2.231158786301538910e-02 -7.248947677952006542e-03 1.435628832340054770e-02 4.030813104333399316e-02 7.437678442638465462e-03 -2.414755917968935441e-03 2.397053561309727202e-02 2.133916726818162191e-02 3.506670303013716041e-03 -9.625563359365357959e-04 1.540176475476880483e-02 4.580260466174833171e-03 3.624078074954103883e-03
5.445761264886261888e-01 3.593014081962660200e-02 1.952800898165714394e-02 -6.268765036486235835e-03 1.254286511096805619e-02 3.526081536555671081e-02 6.499943312060729901e-03 -2.084400609101816869e-03 2.090914251462862306e-02 1.864261219017152027e-02 3.064754066195404889e-03 -8.317596618572468004e-04 1.342791596397098323e-02 3.999110922009311946e-03 3.160493115929930048e-03
5.487504490749764985e-01 3.143840500872413513e-02 1.708123164089160248e-02 -5.452670258726474879e-03 1.092702372192557413e-02 3.074039504915435095e-02 5.663860379071946304e-03 -1.806774354642827615e-03 1.813153689439411451e-02 1.617347927637576011e-02 2.657133534374152891e-03 -7.186476789907157497e-04 1.160041852522052802e-02 3.455168245140953758e-03 2.719973056447155205e-03
5.529407179677009454e-01 2.730272442351375922e-02 1.481546404929262595e-02 -4.678269024342854646e-03 9.434955716062991965e-03 2.656707892097748963e-02 4.890172269241471921e-03 -1.547325474882095021e-03 1.569599271855231376e-02 1.401666615878145901e-02 2.303144887064241531e-03 -6.179319342512904281e-04 1.008286728973693813e-02 3.007504189522679054e-03 2.374996263773705013e-03
5.571409157079509900e-01 2.359549564701812763e-02 1.280792233848387571e-02 -4.022638682878421600e-03 8.202668507882399096e-03 2.311061990315860237e-02 4.252087965409473598e-03 -1.331812997834300790e-03 1.369601551990321485e-02 1.224752481201077034e-02 2.014901597756797117e-03 -5.350126605256405512e-04 8.822842035017966836e-03 2.634999079609615623e-03 2.081518367549977950e-03
5.613298693710127019e-01 2.054745296151033393e-02 1.114104739432823267e-02 -3.464069422247684476e-03 7.101586629914631750e-03 2.002351406673913078e-02 3.682197949651120662e-03 -1.145523548509689345e-03 1.183996484834124244e-02 1.059355572657071434e-02 1.743209413966877825e-03 -4.609897992813979852e-04 7.618781058203424536e-03 2.276360460293828502e-03 1.794854961089735815e-03
5.655062246218995892e-01 1.799550585502696781e-02 9.744813959632126973e-03 -2.985229078651987968e-03 6.205094447300356884e-03 1.751804527190004707e-02 3.216072388710353776e-03 -9.845798526031399652e-04 1.033428681231686637e-02 9.264592892698993165e-03 1.525294048883274337e-03 -3.972555048730251181e-04 6.655566199160007843e-03 1.992429133633091994e-03 1.571173665683954284e-03
5.696867424029971039e-01 1.567964192523887967e-02 8.485670388806704559e-03 -2.576962292351461965e-03 5.376470959789042894e-03 1.519337699791167666e-02 2.787360166136269250e-03 -8.463585813024563287e-04 8.932799897354504887e-03 8.016970210002060879e-03 1.319271200337595370e-03 -3.407310221027195444e-04 5.744552026088214046e-03 1.721426312033319831e-03 1.354558026094384530e-03
5.738956954203543459e-01 1.369018929391383442e-02 7.405425807497751159e-03 -2.231474036375768501e-03 4.733581288888719964e-03 1.337219915314705014e-02 2.450430710718779805e-03 -7.371179925733649949e-04 7.930158045950579798e-03 7.124531351180314782e-03 1.173948036402180494e-03 -3.006323041797916563e-04 5.131949005680026994e-03 1.539848559965958930e-03 1.215558261029377196e-03
5.780928920821047923e-01 1.180094128634153784e-02 6.381490594411708302e-03 -1.908030931705134280e-03 4.018030016293000495e-03 1.136642365294853602e-02 2.084256958656060393e-03 -6.246598695216349891e-04 6.670069999145336603e-03 5.992973475553485876e-03 9.874465754590602915e-04 -2.527866512818276916e-04 4.292082983177029389e-03 1.287411090898610277e-03 1.012241355620708324e-03
5.822632071880226023e-01 1.028087803590401438e-02 5.553497392068684063e-03 -1.642552788450038145e-03 3.543045085281286248e-03 1.002172903946681702e-02 1.833670609932125124e-03 -5.418262520086401107e-04 5.921721783347503633e-03 5.329140897155039067e-03 8.786221568293246104e-04 -2.220074865733072573e-04 3.828528762710061220e-03 1.150404159939917700e-03 9.059644495782471227e-04
5.864430803127811398e-01 8.941302950833203769e-03 4.827794357994807245e-03 -1.415014207077684672e-03 3.065212511170300417e-03 8.681669231288336938e-03 1.587424217866884512e-03 -4.642765605984533039e-04 5.114077327790618292e-03 4.608543281068944696e-03 7.595116690154155893e-04 -1.896495466860797737e-04 3.300861015252128973e-03 9.930291060041898914e-04 7.796189741902117241e-04
5.906376733072625784e-01 7.676601245818427156e-03 4.140304801480356942e-03 -1.199419487586707517e-03 2.628794579105493429e-03 7.447790603641969015e-03 1.360502027277881538e-03 -3.940215041363365049e-04 4.404385052686059752e-03 3.972956478120148217e-03 6.552876479212434071e-04 -1.622139770745206300e-04 2.862055380870082068e-03 8.622230606168857121e-04 6.807632912162473252e-04
5.948356627105599870e-01 6.669784191120897536e-03 3.597045498728660903e-03 -1.035891345227400425e-03 2.280580235600696871e-03 6.463529637699153875e-03 1.180558506776423948e-03 -3.405703224189137791e-04 3.804612046090258964e-03 3.432645349240239386e-03 5.660640388464386729e-04 -1.401902068857674671e-04 2.461710883883420214e-03 7.414545039629030993e-04 5.834384331140533364e-04
5.990145239901687457e-01 5.712876998617923141e-03 3.078963316136608310e-03 -8.788525841255212349e-04 1.960107201357915146e-03 5.556389515728053265e-03 1.014035530511058414e-03 -2.893701676339017711e-04 3.276239502542321793e-03 2.959118566075316561e-03 4.884890043464397034e-04 -1.197310519370819369e-04 2.121968348777896873e-03 6.398228120083754300e-04 5.030026606144341475e-04
6.031829950841108845e-01 4.980930017249350986e-03 2.680891067126393336e-03 -7.547085661943690434e-04 1.697839740030040968e-03 4.819961438020445646e-03 8.784809679726329886e-04 -2.473151779869307626e-04 2.835248914923887368e-03 2.565094608116497230e-03 4.232156902799590124e-04 -1.022075249062934585e-04 1.836079255987160949e-03 5.545186737486508836e-04 4.351932893662781234e-04
6.073740526175752663e-01 4.285006390072705097e-03 2.305370414511777495e-03 -6.434496838310079176e-04 1.446969635795929566e-03 4.113700520204341057e-03 7.495610768503466583e-04 -2.093107778970767097e-04 2.418592064398299418e-03 2.190315687517926241e-03 3.615852855860976186e-04 -8.676815953614936685e-05 1.572077609059049138e-03 4.752775281504624072e-04 3.740277744157799586e-04
6.115768023320514724e-01 3.718409526664057194e-03 1.999407301984602175e-03 -5.532933603823724390e-04 1.264176722292810950e-03 3.592485478719643650e-03 6.540013000555058072e-04 -1.813158166773102316e-04 2.111785243846335623e-03 1.913494235852944772e-03 3.158838259304399643e-04 -7.535877509283962132e-05 1.368680024686292880e-03 4.139553967265077955e-04 3.246932807258175136e-04
6.157710000000914397e-01 3.209438446607036297e-03 1.724946537588561762e-03 -4.733707763623327958e-04 1.097577583643997469e-03 3.119343029357131425e-03 5.672275394508781822e-04 -1.554832942002180494e-04 1.838030885255369923e-03 1.667397120279508075e-03 2.754427697126657663e-04 -6.497775365851508336e-05 1.194094501137746680e-03 3.616090046706357721e-04 2.838921860716314628e-04
6.199632023912512446e-01 2.729639042534023029e-03 1.466328512243002171e-03 -3.989534996172077537e-04 9.254491611313029166e-04 2.632938143132384015e-03 4.786705483348153750e-04 -1.303989283911005626e-04 1.550561528221340146e-03 1.407573653137087887e-03 2.326019084017642152e-04 -5.468370177486919163e-05 1.009952264752143978e-03 3.060431844905605616e-04 2.406829716381637637e-04
6.241630060990407403e-01 2.363158216857310940e-03 1.269524714953468997e-03 -3.434930190977411829e-04 8.043491022205356313e-04 2.289347044639351847e-03 4.160787339443491537e-04 -1.124586205210359485e-04 1.346642729633518859e-03 1.223381840573026279e-03 2.022756465374221484e-04 -4.721716114938537924e-05 8.748082312378988685e-04 2.652358641192695244e-04 2.078460385123013685e-04
6.283593402461892241e-01 2.030646083549117811e-03 1.089531833968036476e-03 -2.907825869926269316e-04 6.900659142224877668e-04 1.965691378931634647e-03 3.567286699727274736e-04 -9.499110601108445850e-05 1.157858282431125686e-03 1.053637528025493618e-03 1.741690905328136191e-04 -3.997226390499954087e-05 7.551619668651156012e-04 2.294024228720926994e-04 1.801507825030124611e-04
6.325410955997395890e-01 1.751435346028520261e-03 9.388515615411421314e-04 -2.479637497274103869e-04 5.939617278043579597e-04 1.692987928869731313e-03 3.069095910546505474e-04 -8.089734598585108843e-05 9.965294310466125873e-04 9.077137222287364393e-04 1.500856300747553066e-04 -3.414335978893552349e-05 6.498416852879149164e-04 1.975753671278453411e-04 1.549737451872183638e-04
6.367142920629192959e-01 1.492208780590688951e-03 7.996412186567251282e-04 -2.097934269615092271e-04 5.099777272527227781e-04 1.453765723651387820e-03 2.633629430277386924e-04 -6.887289542175697836e-05 8.585302507487587061e-04 7.825952385431255440e-04 1.294213351679760621e-04 -2.924936031540705523e-05 5.611456708008708862e-04 1.707406995851521055e-04 1.340843073248918253e-04
6.409035099394975177e-01 1.280351448353143993e-03 6.858662822444638396e-04 -1.783358341261266828e-04 4.326032565759731869e-04 1.234403670194832593e-03 2.236393702650610750e-04 -5.812515318585997594e-05 7.241405695183934527e-04 6.604532067599240422e-04 1.092438958940745812e-04 -2.456405875830784788e-05 4.713028586166563387e-04 1.434504241343317313e-04 1.121942839114722435e-04
6.451032402190634008e-01 1.096121489451202472e-03 5.867204059284723610e-04 -1.510502962530543272e-04 3.679912093756416828e-04 1.050589468310566751e-03 1.902037952858368953e-04 -4.905488893244122145e-05 6.136070303278840388e-04 5.599065351059836007e-04 9.257937242834649949e-05 -2.071580725781825024e-05 3.983340872098373587e-04 1.212752453118556882e-04 9.465174125419346864e-05
6.492879941711476866e-01 9.426537407294312450e-04 5.042698165243133385e-04 -1.285733108307363570e-04 3.167883791002875423e-04 9.049217126400299323e-04 1.637219312835958398e-04 -4.183895300395765827e-05 5.312083515097061354e-04 4.852892946679201319e-04 8.028956085101914030e-05 -1.780054708961337733e-05 3.469227553836703786e-04 1.057727503847608958e-04 8.285171764867393625e-05
6.534659541563927476e-01 8.069621905420315241e-04 4.315830485119166835e-04 -1.092379491763487907e-04 2.704110975058278713e-04 7.725630396512127426e-04 1.397738114272876304e-04 -3.553848828345786734e-05 4.520986859193798957e-04 4.130403007207644143e-04 6.837976242402775103e-05 -1.515503194844742399e-05 2.943709354223406223e-04 8.972462111196208442e-05 7.011792676737193066e-05
6.576591076962554627e-01 6.874093948213336582e-04 3.674275401144930383e-04 -9.217585658274087240e-05 2.308290383706480440e-04 6.599741712299535224e-04 1.192600120114793152e-04 -2.993092822021479517e-05 3.874564620834308705e-04 3.545311105355104298e-04 5.870514499277895384e-05 -1.280198392757146118e-05 2.535860370497118035e-04 7.743789789798592737e-05 6.069623324763926428e-05
6.618529307405217610e-01 5.915070686416118309e-04 3.158613735669314206e-04 -7.827095181215754051e-05 1.988335863717100699e-04 5.687016410792789791e-04 1.026353899357212133e-04 -2.545882632657594691e-05 3.340625586875752484e-04 3.059827743997079862e-04 5.066798335989989834e-05 -1.094673088091714519e-05 2.186776712285414654e-04 6.683859962604083631e-05 5.232401781367693443e-05
6.660240791386257131e-01 5.027821352424765178e-04 2.684179287816538151e-04 -6.612017404197032650e-05 1.685214207269150393e-04 4.822373798316987518e-04 8.701826867474086124e-05 -2.147763299699709822e-05 2.824685521420092172e-04 2.588269547941844488e-04 4.286562762096253590e-05 -9.235810676185035961e-06 1.845819521027867614e-04 5.643002029132836433e-05 4.409402276001567558e-05
6.702067828716186115e-01 4.246440046630890969e-04 2.265427592038813623e-04 -5.526906383281817711e-05 1.428927078532623738e-04 4.090489916703811380e-04 7.374379335170961919e-05 -1.799362296791257208e-05 2.400533969289740373e-04 2.202220808043535308e-04 3.646997885167769100e-05 -7.746353695422783281e-06 1.573119552331297228e-04 4.816175462389999079e-05 3.769649770356062874e-05
6.744172070879622671e-01 3.619776663706284164e-04 1.930428362828198621e-04 -4.672357167461598410e-05 1.216437043215492852e-04 3.484753967757369406e-04 6.277563030876307697e-05 -1.518263432446105836e-05 2.046244983035807284e-04 1.878914705442829886e-04 3.111445688479921358e-05 -6.556861410661654120e-06 1.343031139305162576e-04 4.115150448827247946e-05 3.223306685826704537e-05
6.786118453466847278e-01 3.088862457131172487e-04 1.646240694013513257e-04 -3.948452421875893378e-05 1.040143811698003372e-04 2.979461512677120572e-04 5.364646133538691919e-05 -1.289003989133803244e-05 1.753584779382148264e-04 1.610687794585486732e-04 2.670030178952942059e-05 -5.616959705851151659e-06 1.152417264248838585e-04 3.531738702740377857e-05 2.766948832422899319e-05
6.827984616056306244e-01 2.643008976238775442e-04 1.407774066685550836e-04 -3.341321735672322338e-05 8.826711726353208263e-05 2.530600093785325029e-04 4.555123904225235330e-05 -1.084684857008545277e-05 1.487813624607187038e-04 1.368051185634988783e-04 2.268669805656949723e-05 -4.722848112813656410e-06 9.788094352174997882e-05 3.003354749280724655e-05 2.352857344250424161e-05
6.869817177358829019e-01 2.228984031719256876e-04 1.186686725663575292e-04 -2.800169972382468385e-05 7.458103871520801054e-05 2.138454545007971289e-04 3.847189239402943884e-05 -9.102378107413765191e-06 1.253335778300285230e-04 1.152849951027993587e-04 1.911469100823617959e-05 -3.964210062554667203e-06 8.227984195671418990e-05 2.525306427113679008e-05 1.975477006132589749e-05
6.911718524128840357e-01 1.910904046945662309e-04 1.016970400284075216e-04 -2.372216425252843928e-05 6.356400941179969849e-05 1.824759981331536610e-04 3.280462143821459429e-05 -7.664754786761947606e-06 1.065986509435598898e-04 9.817839074888612264e-05 1.627020504288750668e-05 -3.327672093612778165e-06 6.988723162476400948e-05 2.147277137579086924e-05 1.676339291517595597e-05
6.953555746427921846e-01 1.612826475597875899e-04 8.579462998845300517e-05 -1.983657866080484821e-05 5.370841329484898869e-05 1.542460150629874514e-04 2.770735225182837424e-05 -6.418188916802345864e-06 9.022009633591401834e-05 8.315283798563951701e-05 1.378733167081800938e-05 -2.801417437385992935e-06 5.917513646376887566e-05 1.819495050944827547e-05 1.418573967517450447e-05
6.995344561305086861e-01 1.378464707880628119e-04 7.328745296616252184e-05 -1.676498987930985886e-05 4.569755498503236328e-05 1.313057742604954432e-04 2.357472719484518130e-05 -5.413487769208835891e-06 7.673115660258691734e-05 7.075973226922754563e-05 1.173109920577178655e-05 -2.362353070432645206e-06 5.041427321018607818e-05 1.551155353531361180e-05 1.211272168388340970e-05
7.037287066792784485e-01 1.166299634483757507e-04 6.197749812019060943e-05 -1.409908995911856421e-05 3.882919829479725279e-05 1.115864975416141488e-04 2.001993123261733049e-05 -4.562341414027471836e-06 6.532762428228890183e-05 6.029986021695998713e-05 1.000015532855610777e-05 -2.003026011700048318e-06 4.297853903807064317e-05 1.323341563905562538e-05 1.033418133317351643e-05
7.079143033440539190e-01 9.753604691737255720e-05 5.182603898923997260e-05 -1.170717500891218279e-05 3.268307890504538543e-05 9.391645385335702317e-05 1.683845593852518907e-05 -3.815231863265595207e-06 5.514304978867863620e-05 5.090653636679574889e-05 8.446783684961034966e-06 -1.685249577581519809e-06 3.632967313944561612e-05 1.119112471481793732e-05 8.743646951643934965e-06
7.121186686741065586e-01 8.267892825261019074e-05 4.388449627191860156e-05 -9.812329623872679881e-06 2.755872933459455867e-05 7.920600669851212013e-05 1.419690617503779422e-05 -3.182104832986932454e-06 4.651298358117521097e-05 4.297730199359242424e-05 7.133070869747331706e-06 -1.407660873059416539e-06 3.068708283235388365e-05 9.461648103659589504e-06 7.393841231339654711e-06
7.163134555705721329e-01 7.041250094203136214e-05 3.734713864331039431e-05 -8.260109794722857567e-06 2.327171808086741324e-05 6.700404010154423445e-05 1.199776959267391418e-05 -2.659990516310754210e-06 3.922382871030747611e-05 3.629968978503505237e-05 6.022790526259229248e-06 -1.173922774510224401e-06 2.588858830850917790e-05 7.990614222950998954e-06 6.240639058683487859e-06
7.204913713645887396e-01 5.917272209449439622e-05 3.138112066949603227e-05 -6.887630090827904842e-06 1.956184209170991182e-05 5.634069775078175347e-05 1.008444213587979832e-05 -2.213527554097528926e-06 3.296318963472307483e-05 3.052153271359159015e-05 5.064832923051906476e-06 -9.775544595328570357e-07 2.177165516182007161e-05 6.726975250075794980e-06 5.258893579941190250e-06
7.246803275165087932e-01 4.981249761239759364e-05 2.640139694973994090e-05 -5.748033222988786752e-06 1.658269683110149287e-05 4.773824468695674094e-05 8.536161416124543822e-06 -1.863964823009855065e-06 2.787436626688155093e-05 2.582289077294433639e-05 4.283696755304043686e-06 -8.256625514819220280e-07 1.834099406122309723e-05 5.667459961391384569e-06 4.411210422443123712e-06
7.288763115175647123e-01 4.183451833719236096e-05 2.215232442866864671e-05 -4.795057281930139997e-06 1.381808005774960284e-05 3.981136229491343898e-05 7.119224812455000865e-06 -1.546025984259250869e-06 2.323543114281244437e-05 2.151952108146662970e-05 3.573606092670253830e-06 -6.842457880376038391e-07 1.530655887027916872e-05 4.730055045647339970e-06 3.686707220125676115e-06
7.330585840505703388e-01 3.536244486863771431e-05 1.873462819811570911e-05 -4.017520529962997162e-06 1.170769987851692677e-05 3.376354462925255343e-05 6.033146245689554097e-06 -1.296192854543739769e-06 1.972044192195261225e-05 1.830703358255842539e-05 3.037501827899168346e-06 -5.748882647078546184e-07 1.300985104325501803e-05 4.026696527479870131e-06 3.137242329523455699e-06
7.372316440474646626e-01 2.967265343724461048e-05 1.572131770324714737e-05 -3.331789697471240657e-06 9.753481707626083247e-06 2.813249147266293879e-05 5.028068113866319075e-06 -1.068287193623707444e-06 1.637343114029508309e-05 1.519528935530593691e-05 2.522611823428581311e-06 -4.730205463011928509e-07 1.079566748485805966e-05 3.338174062488381202e-06 2.603043072279489818e-06
7.414228560306842519e-01 2.498166559394728782e-05 1.320841035667081316e-05 -2.784953592078518068e-06 8.265777344182844447e-06 2.385538431207551824e-05 4.260020862623121855e-06 -9.008780645560754052e-07 1.400798688330372519e-05 1.300422563772757385e-05 2.160891456395294034e-06 -4.044114695240214737e-07 9.287751633174201249e-06 2.877176086825914751e-06 2.245571207701386050e-06
7.456189213758863676e-01 2.098459037377115862e-05 1.111487005711525767e-05 -2.324280928081408955e-06 6.965117389137354757e-06 2.007541041781046832e-05 3.583537042446848826e-06 -7.499191467590898642e-07 1.175069153135481944e-05 1.091277130982451875e-05 1.813160258750108980e-06 -3.371953520173139913e-07 7.769875142793583226e-06 2.407266031865007341e-06 1.877113739628365849e-06
7.498104337627916616e-01 1.768551085909545132e-05 9.334409652013375298e-06 -1.933018869150906656e-06 5.823265113164596056e-06 1.682628591739780119e-05 2.996464206116213334e-06 -6.221906647704311667e-07 9.839614224082633700e-06 9.140384175836698785e-06 1.517484150511104524e-06 -2.784093373366347094e-07 6.508007668205729544e-06 2.019104340950746561e-06 1.572583570782461399e-06
7.539974189770904944e-01 1.483403203429520340e-05 7.824313007170077497e-06 -1.607733205789222886e-06 4.870004823750042789e-06 1.408240434228306139e-05 2.505148115272497382e-06 -5.167854545821400532e-07 8.206316378121049064e-06 7.633842739635242312e-06 1.268333206864097444e-06 -2.319109064810577190e-07 5.422151579529163665e-06 1.682427600677586482e-06 1.310643039321845152e-06
7.581896411468850294e-01 1.231239807611460807e-05 6.489048450169538975e-06 -1.316274508528745773e-06 4.052490406129794124e-06 1.171212601966951655e-05 2.083523655164588648e-06 -4.246769219332427592e-07 6.836883555862141777e-06 6.365497473296039625e-06 1.055432540844249568e-06 -1.904926141073078644e-07 4.514889923594964138e-06 1.404032263990335103e-06 1.091141157681435177e-06
7.623808615479977790e-01 1.033087324535997872e-05 5.467290595830160922e-06 -1.108013804005629925e-06 3.396012758447867909e-06 9.810565248397453133e-06 1.746672852861465891e-06 -3.546805064638113987e-07 5.727786138601160392e-06 5.339666688223470332e-06 8.872733707830898203e-07 -1.598507280570110737e-07 3.794160982415489299e-06 1.178731051466852501e-06 9.183041763188104613e-07
7.665651159623174671e-01 8.662397925525895071e-06 4.573084155771130016e-06 -9.218872103787627425e-07 2.827022225673000542e-06 8.181893764565244779e-06 1.460951333560154992e-06 -2.960484172244414259e-07 4.758242887937332443e-06 4.432719690694843141e-06 7.391581222710104939e-07 -1.325181394954273710e-07 3.143302911720138214e-06 9.767930479390365962e-07 7.576210679239030234e-07
7.707536355579491794e-01 7.269136876803105750e-06 3.841387796364056840e-06 -7.587835865903839832e-07 2.373420946860885718e-06 6.869684306986968811e-06 1.223647520236746376e-06 -2.448322931630764035e-07 3.997521230615067455e-06 3.732741404959900633e-06 6.213074391639980430e-07 -1.103626432275396739e-07 2.642823653218460028e-06 8.246605481615379214e-07 6.380158067700402180e-07
7.749462413082437440e-01 6.094431632600383746e-06 3.207487994279240994e-06 -6.302281710175912153e-07 1.984128851646116660e-06 5.741447290634891865e-06 1.019573740778690919e-06 -2.024923017465191648e-07 3.332303027550948262e-06 3.115486773862648689e-06 5.155317623063627086e-07 -9.067158785878496386e-08 2.204135352500837998e-06 6.880478064200723374e-07 5.332103920014763129e-07
7.791369682448587852e-01 5.005040368484461600e-06 2.657557960212828615e-06 -5.185059823772999061e-07 1.638391561502162894e-06 4.751639875916971902e-06 8.463277208670117247e-07 -1.654771340021172413e-07 2.786828831925854679e-06 2.596549858786926068e-06 4.309181368098338126e-07 -7.474962363015717552e-08 1.848381910403967779e-06 5.739152481709500562e-07 4.465412658533753280e-07
7.833258353347896108e-01 4.197211552351494744e-06 2.216963946648159340e-06 -4.290315856192897727e-07 1.373493955177841607e-06 3.967261852186516031e-06 7.037732919882472444e-07 -1.367022971820037635e-07 2.321940724242808007e-06 2.155765555631692458e-06 3.591911015421400490e-07 -6.173221362117897532e-08 1.540877452499643864e-06 4.790965023467882177e-07 3.716481432984624447e-07
7.875159900600451346e-01 3.502755864394359203e-06 1.842221480420007332e-06 -3.587393795226644516e-07 1.157333504022564435e-06 3.324660287609022779e-06 5.910483009350352394e-07 -1.158728806328094040e-07 1.947755440352920454e-06 1.812949080740607270e-06 3.021006065363231170e-07 -5.191348643907388719e-08 1.287996709713723321e-06 4.020107382736136267e-07 3.134883493491283228e-07
7.917084457625156446e-01 2.918924073037894658e-06 1.535994076436181622e-06 -2.932715555635341508e-07 9.645498305328789720e-07 2.769311913532379919e-06 4.904211113185286723e-07 -9.414598022777986006e-08 1.613468031993603382e-06 1.509257693440588263e-06 2.501953792960790661e-07 -4.351246285530418543e-08 1.072308219514015534e-06 3.333018416722770879e-07 2.583496747073522537e-07
7.958821468706197555e-01 2.402716195695140748e-06 1.274499175993086530e-06 -2.390677755308166071e-07 7.920359132826481591e-07 2.287970594551370383e-06 4.056347409103723791e-07 -7.721726420650451558e-08 1.333692715939193919e-06 1.243701895263734764e-06 2.062213197643817717e-07 -3.374562770798477974e-08 8.827953068701246103e-07 2.744594470350795946e-07 2.141538870439967840e-07
8.000624692379799674e-01 2.049097892829529833e-06 1.059752734645415668e-06 -2.012911781132284092e-07 6.607668917691592313e-07 1.906006745559105964e-06 3.359803388123070615e-07 -6.297261268364148242e-08 1.105340131007925286e-06 1.035276132676745537e-06 1.722419001285105907e-07 -2.942212802470823707e-08 7.287150765719592708e-07 2.299863559686525810e-07 1.756015306899600596e-07
8.042564613727184453e-01 1.675483519445938414e-06 8.833426477555372828e-07 -1.650619270428265144e-07 5.543902781178196682e-07 1.567310148812782724e-06 2.803651422539811039e-07 -5.061250094625507234e-08 9.210268132664055361e-07 8.541937670885811778e-07 1.423370496939226414e-07 -2.339589753035125045e-08 6.096621550998353297e-07 1.892790087703073922e-07 1.483008798403601376e-07
8.084384822996342201e-01 1.379751042605059746e-06 7.244021243679357370e-07 -1.311710783911438758e-07 4.544728151828973492e-07 1.316987476967027385e-06 2.298220841703012334e-07 -4.253062886249559923e-08 7.595413704978352806e-07 7.206003174901055642e-07 1.187900992848237310e-07 -1.998565359838409591e-08 5.062154731460073362e-07 1.580244100185667681e-07 1.209950113720981784e-07
8.126333810499198895e-01 1.150092615810017614e-06 6.046538545352548454e-07 -1.068602461163264999e-07 3.800364932472800896e-07 1.099855530369371045e-06 1.908343564198529447e-07 -3.481266833590016195e-08 6.465608250992460718e-07 5.928036572920958100e-07 9.830922013976783563e-08 -1.600672167258150508e-08 4.261457005783001047e-07 1.303878430053264365e-07 1.024732186731641523e-07
8.168271958201180905e-01 9.456284525532409203e-07 5.036804578357381710e-07 -9.285706815796229167e-08 3.095032628757800142e-07 8.946165215695135929e-07 1.600783439270785792e-07 -2.882087437418630048e-08 5.232623197493643671e-07 4.823779172263761957e-07 8.065127104260114064e-08 -1.355734937012929786e-08 3.460588947160290065e-07 1.065892720309109816e-07 8.356447575448485250e-08
8.210214995694952167e-01 7.822216485596270136e-07 4.062794666513417915e-07 -7.363732225577590828e-08 2.534035510644167990e-07 7.257941267657492050e-07 1.291137025032954148e-07 -2.329894606031175186e-08 4.166763370479363969e-07 3.968774725109044715e-07 6.617107710022814352e-08 -1.087653985764722863e-08 2.781308331626218230e-07 8.752210109188157163e-08 6.857370372002225976e-08
8.252154145000215602e-01 6.537343591114463495e-07 3.385608016248870981e-07 -5.899072648054256377e-08 2.037309639037912597e-07 5.948494225835284392e-07 1.070928824872922315e-07 -1.967108711560221542e-08 3.356794290641884666e-07 3.259362279726263247e-07 5.451174970108959537e-08 -8.478434590981879546e-09 2.369950884693332671e-07 7.287442239901679021e-08 5.684816631819737027e-08
8.294030907808404018e-01 5.371801039022681243e-07 2.784916272929691883e-07 -4.755480540403006249e-08 1.772096053918456005e-07 4.982398199258045482e-07 8.832995611605112056e-08 -1.561084548076025740e-08 2.854549812349495966e-07 2.732370403609174960e-07 4.487578752738680631e-08 -6.398004510346742597e-09 1.914112504743987746e-07 6.029804789881813301e-08 4.554426672684282288e-08
8.335906150371191758e-01 4.251056101361362303e-07 2.272801921374764278e-07 -4.260992270415129778e-08 1.382126969897733023e-07 3.993788433929242428e-07 7.213059020157419508e-08 -1.265296033536178569e-08 2.392714473726317163e-07 2.237552614830100045e-07 3.806919927826393744e-08 -6.533292917390244410e-09 1.608688887648014007e-07 5.033431463744121568e-08 3.701952160338835314e-08
8.377685032221774408e-01 3.674975244687311388e-07 1.872617185150742855e-07 -3.020008854369689701e-08 1.151676812653181255e-07 3.420251943566199119e-07 6.082870256877453681e-08 -1.018835361359596591e-08 1.905394708390634995e-07 1.809750841560468462e-07 3.047969582347429848e-08 -5.057002946183589163e-09 1.284653181736057500e-07 3.934447770796357203e-08 2.991986310728996949e-08
8.419567297582307708e-01 2.889837021668883801e-07 1.549308710113906159e-07 -2.518663509871092534e-08 9.924391878822722712e-08 2.871453545230156952e-07 4.845708190215047739e-08 -7.380801267396360577e-09 1.588054770618038200e-07 1.531991335251856268e-07 2.503324290366894263e-08 -3.855323522325345163e-09 1.093312218877817261e-07 3.412904003879086008e-08 2.603803301822728732e-08
8.461556544987137718e-01 2.485776635506612667e-07 1.204591810161524700e-07 -1.758153386741113877e-08 7.652381824334647017e-08 2.353849249704213504e-07 3.943963351015598634e-08 -5.914285100446251475e-09 1.222918277849984531e-07 1.225830460635485820e-07 2.036790057686034256e-08 -3.326491949153934811e-09 8.755218200968153417e-08 2.712385132602535114e-08 2.142392180415797094e-08
8.503430790983292908e-01 2.163790307809111577e-07 1.067702100851553886e-07 -1.670103168165043109e-08 6.275899257244709751e-08 1.900805561160760689e-07 3.312013582893412441e-08 -4.809930028190631005e-09 9.594397624512612801e-08 1.036203009551999815e-07 1.671367466554360019e-08 -2.417655136272231538e-09 6.844965970715889074e-08 2.334257859126569799e-08 1.689848380287168873e-08
8.545245840949285965e-01 1.937049732621180855e-07 8.292459479113750051e-08 -9.588989554638388663e-09 5.307001446493826666e-08 1.644709800138362545e-07 2.629079706807059358e-08 -3.522038523006302316e-09 9.572871641017981934e-08 8.398019659489586687e-08 1.366037018685945192e-08 -1.773295617862067332e-09 6.224157849892714217e-08 1.872012158382651526e-08 1.304359499444401392e-08
8.587196449246210506e-01 1.473518416433611624e-07 7.123619257242142311e-08 -1.071539573211267081e-08 4.531309798279167366e-08 1.265423811841258001e-07 2.458891811208171207e-08 -3.484703503570917664e-09 7.770643952881027781e-08 7.055242449512778712e-08 1.215585967183516990e-08 -1.716359376370336419e-09 5.198621277316202058e-08 1.566019212836725182e-08 1.169139794993443492e-08
8.629074348139629258e-01 1.023424203241261627e-07 5.659672176636720802e-08 -8.708767099773826292e-09 3.613160917353131563e-08 9.948768246778898833e-08 1.692437998842442647e-08 -2.509441571697526958e-09 6.350079286843411530e-08 5.727799174470036131e-08 9.342526698257237342e-09 -1.398004831249257110e-09 4.103472886924371533e-08 1.400880786642600275e-08 1.061894547080566927e-08
8.670852844200982457e-01 8.255509813276641763e-08 4.636325146655278194e-08 -4.246284498247387223e-09 2.947896103993996550e-08 7.627435068842261097e-08 1.376986483580882752e-08 -2.563842242882296948e-09 4.550008119061601632e-08 4.563718770171759313e-08 7.260546914576976242e-09 -5.483916411833098571e-10 3.405556919093907582e-08 9.928837990569582252e-09 6.282251896745270606e-09
8.712764316473343706e-01 5.429781596951073322e-08 3.993765472425920638e-08 -6.682951918461198634e-09 2.633115052169101096e-08 7.430320954832400319e-08 1.204322227398640597e-08 -2.129192227187934960e-09 4.719989979323862926e-08 4.156644998334522885e-08 6.715095409816718002e-09 -1.001281522843863726e-09 2.414093957572938413e-08 8.902501074504027208e-09 5.255530583553527013e-09
8.754762476624626810e-01 5.333851243700035339e-08 3.115554250777065307e-08 -4.629237931802581768e-09 1.527387205860224962e-08 5.806101511564011538e-08 1.022834203107179943e-08 -1.707433909043938870e-09 3.232839118627393928e-08 3.550885948540045781e-08 5.142096024307774971e-09 -2.427465925518484395e-10 1.929889253079498802e-08 7.359879451908600826e-09 6.630489105843056656e-09
8.796707865602606535e-01 4.469934460919602770e-08 2.354083391451634195e-08 -5.048392999649537121e-09 1.594752937959970824e-08 4.613875882167345186e-08 7.548992145555603514e-09 -1.119317258152712766e-09 2.429504478535644599e-08 2.182019149323073371e-08 3.980559988988570604e-09 -5.218685990248959673e-10 2.024264790467122452e-08 4.270389342098151618e-09 6.130833455770525563e-09
8.838562222970675064e-01 2.053927617013078752e-08 2.250687157484934822e-08 -1.592849895478898266e-09 8.595740901992969069e-09 3.535264404286222095e-08 6.954385004741321588e-09 -3.519151104177554637e-10 1.567172509518174873e-08 1.624715472689818423e-08 3.507053225735077770e-09 -2.140464781601211214e-10 1.258832669520862401e-08 4.212597117177803372e-09 3.221581457160242888e-09
8.880381764417510926e-01 3.100295259651744176e-08 1.255865345151000302e-08 -9.248158080013724756e-10 1.139299737100183930e-08 3.753906379185733993e-08 5.036138378270502820e-09 -6.555131228471002325e-10 1.905060837669044133e-08 2.362048250810514150e-08 2.738633194048970543e-09 -7.034242802879320341e-10 1.183173911274096955e-08 4.363795590390644074e-09 3.260051330290438889e-09
8.922270316229049536e-01 1.994514629823774753e-08 9.791365744475017249e-09 -8.077574301044458604e-10 2.098309989922576848e-09 2.504936191581542470e-08 4.235125390186814578e-09 -4.024508778466812914e-10 1.111682801462379651e-08 1.417016894653437355e-08 2.467385539761030087e-09 -4.148870422336157477e-10 1.009309294493366314e-08 3.385300927842253557e-09 2.587184593698265922e-09
8.964225585562245469e-01 1.434474002993325455e-08 1.138317164011083678e-08 -2.422874079687304126e-09 1.840231058971924813e-08 2.088220589768108098e-08 2.650291700117114795e-09 -5.812610628472249277e-10 2.092230320328174747e-08 1.290481206997323961e-08 1.279822125006322231e-09 -2.586313653103229032e-10 1.256062388419071568e-08 2.013697118507179060e-09 2.189473633491801227e-09
9.006049913569987853e-01 1.457238274575180234e-08 6.444035033821263822e-09 -6.124512791048262828e-10 6.819810132762112616e-09 7.908865186576744555e-09 4.532870783208581942e-09 -1.067489965759580105e-10 8.232305997985243260e-09 5.278801483684673129e-09 1.575736406179637920e-09 2.704501407285198120e-11 8.909713136588929422e-09 1.920912403553426130e-09 2.760886939319708862e-09
9.047836582182254839e-01 8.987719389744322641e-09 7.322569182708501940e-09 -1.703803053233446109e-09 2.645196127843320788e-09 1.805770905763404924e-08 1.901625972946509795e-09 -1.967698012957460115e-10 1.146426450851306416e-08 1.276435864350995616e-08 7.941153168137922846e-10 1.932843568812721866e-10 7.419979996339826140e-10 3.530346822581999422e-09 -2.950924793906440594e-10
9.089780964569278421e-01 1.316754218093935540e-08 7.730926323601115127e-09 -1.986605535040198591e-09 -6.770517054384236532e-09 5.249314104195821137e-09 2.809626566369790256e-09 6.485924915876432497e-11 -8.441486596838158487e-10 5.116880772317732089e-09 8.342286640713942968e-10 -2.478859123927751610e-10 8.090975123961147600e-10 7.635161372077560300e-10 9.856096497477069802e-10
9.131704587403689510e-01 1.591246251246850101e-08 5.530918635825357489e-09 -8.580238503200173476e-10 4.991589380832641096e-09 2.259138231515784124e-08 9.986574705635383432e-10 1.892215667737601573e-10 5.133433603078865124e-09 9.655423621979143906e-09 7.748562261362077272e-10 1.384528864844725983e-10 5.116127274933606092e-09 1.749324587677166917e-09 4.249540615650046335e-10
9.173547920329833127e-01 1.459472250904592993e-08 5.993997458354451183e-09 -6.519012613295181148e-10 -1.523335740672490684e-09 7.935910104702042203e-09 1.655908506387646330e-09 -2.508020788110080167e-10 2.099375712532772245e-10 2.384738354875746709e-09 6.514195110890452109e-10 -1.877611312751304498e-10 1.247494948747290101e-09 1.370396028529851214e-10 5.603443097904715519e-10
9.215425617950214754e-01 4.824247471161792400e-09 3.428077812305377575e-09 -4.531410943154543965e-10 8.630626875056474351e-09 6.126507009626737116e-09 1.365077758411354505e-09 4.375117208620329703e-10 2.444812417040442050e-09 1.501845473564918921e-09 5.265811376036909217e-10 -1.809401841391377507e-10 -3.326564246607864914e-09 3.530599308882727783e-10 -2.240913294860948680e-10
9.257400405750663142e-01 -7.708742011605518129e-10 7.884880067090722315e-10 5.922884447141623931e-10 4.491803524045008842e-09 -3.107092128707799175e-09 1.234898341991747098e-09 -3.129548318066449679e-10 5.678828491787630793e-09 -2.068415801221127585e-10 6.820723536743865865e-11 5.972285158111692048e-11 6.347889898835765266e-09 3.503927415882648118e-10 9.439188101716088096e-10
9.299303352268617484e-01 8.381666104646170585e-09 2.043863536785730888e-09 -1.369218062681007131e-09 4.874387126551757816e-09 9.075035427741768219e-09 2.209515349597189256e-10 -7.996852366546385655e-10 7.978479493580819729e-09 3.018035574840487202e-09 4.389504923642417642e-10 -7.046920040819732547e-10 1.832864564518380069e-09 2.773745880112430194e-10 2.492052465576273894e-10
9.341108300097852313e-01 -1.308677667698665740e-08 -2.270966934820152490e-09 1.481527455315012800e-09 8.797447132289878184e-09 1.658207168494129081e-09 5.261288826955643744e-10 2.199492920018901389e-10 1.003333389073474844e-08 3.609246539080714082e-09 3.852971891171972783e-10 2.721621310609719379e-10 5.982393891838855813e-09 -4.404710212321136718e-10 1.290563551252519398e-09
9.382896253999645220e-01 -1.350682107049677356e-09 6.022006626247584334e-10 8.697412415604516992e-10 3.846899677799467385e-09 6.041921875734182284e-09 2.030583600343971986e-11 -2.096701045138754543e-10 5.976432117275225851e-09 1.386107888813051442e-09 7.522125764162115062e-10 -5.903585191921990298e-10 4.525185535056573185e-09 -1.289150055631958312e-10 1.162630144592781332e-09
9.424819561228944265e-01 -3.837983082840148710e-09 4.320351000238379271e-10 3.625567314482992115e-10 4.281489027437457627e-09 9.688069208948637747e-09 3.391092607777094654e-10 -8.494212887405750281e-10 3.473684199860388081e-09 2.915388789809855152e-09 1.889385639050400475e-10 -4.140996101803380571e-10 3.824802176005749609e-09 7.189725323670466507e-10 -3.161728515674787579e-10
9.466849863120379016e-01 1.229314105186327968e-08 9.442436081516471280e-10 -4.554174545488161551e-09 2.839839004362495625e-09 3.203411053969988549e-09 1.752431355868187165e-10 3.824285788129870215e-12 -5.952335318344159755e-09 3.432261203785973264e-09 1.894203744298640764e-10 -2.885838115512178151e-10 -2.932986797048356567e-09 -9.092700702150850599e-10 9.947435888347234637e-10
9.508714331057195324e-01 -1.438671163344380628e-08 -2.770548379589960917e-10 3.498890508594841512e-09 4.901088761378590310e-09 -3.836943573420159155e-09 -4.382827166597280838e-10 9.776754213519320216e-11 6.847568210286290364e-09 -3.464816210621384286e-10 7.194586381607276991e-11 -1.385166059757090100e-10 4.551260876077205804e-10 -7.793394987750916808e-10 5.689543081697646191e-10
9.550563230073290111e-01 1.698987820341504153e-09 2.303952370452053482e-09 -2.409428760027870589e-10 5.148588166747432585e-09 -7.207791703732665448e-09 9.350750888798490620e-10 4.773559509380981347e-10 1.211161714178136413e-08 9.497354492675328780e-10 1.693626354015265230e-10 -1.018902061363992000e-10 7.571124227780766889e-09 -7.088705112642551459e-10 1.754052486682763054e-09
9.592513211539739348e-01 3.682480562092924009e-09 1.628566744244929032e-09 1.191605024703068061e-09 2.795471838290467888e-09 -7.400930196691186419e-10 -6.785598158095215315e-10 9.116968498836995370e-10 1.737947243356469683e-09 3.205076011821187910e-09 2.547422717270432809e-10 6.388032141701000133e-11 -1.633261441852482570e-09 6.697664636029845114e-10 -8.247562336341130843e-10
9.634451052878124644e-01 -3.311496276977905520e-09 -3.988863249488093817e-10 -4.988727169494663763e-11 2.901661608818671131e-09 1.934153294730580534e-09 -8.828411207556740010e-10 7.667352958243320204e-10 8.953231988649438516e-10 -2.321176272630494496e-09 6.792489133108091016e-11 -1.186371049318421200e-10 -3.603813379980286993e-09 -9.049126983198459012e-10 3.122698660454018870e-10
9.676230540453005791e-01 3.650914918686081662e-09 1.675363184388194176e-09 9.427271903045321303e-10 3.809427056479381050e-09 4.130221409700413077e-09 1.203048346834181674e-09 -6.474303204870107389e-10 1.202137840810391784e-09 3.796983183387814931e-09 1.632736272128806453e-10 3.106804570191894583e-10 -1.846343968573573934e-09 1.040747987580722001e-09 9.097889065240047994e-10
9.718094297475188270e-01 -1.812551692859157679e-08 -2.544615504345379791e-10 1.837907017638583633e-10 2.814240462730484712e-09 -3.769115815134091745e-09 -1.066301867411087002e-09 -2.205156251221879659e-11 6.682666090512352980e-09 9.685698405689892195e-10 -5.184165178806163031e-10 3.461976740463352382e-10 -5.938643132371678359e-10 8.904203248967536811e-11 4.524114354008631239e-10
9.760091362076940280e-01 -8.588278531269697330e-10 6.106828726328345875e-10 4.975233703093700840e-11 1.149938968212233566e-10 2.170517688885729311e-09 7.405868757695916109e-11 -6.352846642177867614e-11 6.769301277019864808e-09 1.030529207262782171e-09 2.061936744684443771e-10 -4.841042170760928215e-10 3.711055927465418999e-09 1.031172672346416787e-10 1.039899085389442893e-09
9.802075838006468755e-01 -2.123599191426625889e-09 9.318195693042996852e-10 -2.810763483360751194e-10 -4.384818923680342345e-09 -2.476957025876446227e-09 5.245872305951997986e-11 1.206424713328866798e-12 -1.045348919939219038e-09 -3.028625004028584829e-09 2.223177576104064869e-10 1.311140955333267344e-10 -2.057943683639646687e-09 -6.064580637613358647e-10 -1.205432408108082663e-09
9.843901124947946890e-01 -1.212009074893961101e-08 4.531761353320702909e-10 1.635636100064339087e-09 -1.186383391439522151e-09 -1.907873131172548737e-08 -5.779869538001637349e-10 2.261104086701176626e-10 -3.089322985440982598e-09 -9.422774849352265899e-09 -5.139866922561185021e-11 2.443301735630168013e-10 -7.093013140987048178e-10 -1.549321980457679149e-09 9.799034298112872992e-10
9.885650797815361823e-01 -2.312924835441518862e-09 -1.714892720044969677e-11 6.031168846327663029e-10 -2.458769981722392791e-09 -1.886222530113158335e-09 -1.702794034229265421e-10 1.174147529777297215e-10 -1.618426227125929861e-09 1.685970854454128112e-09 5.444926989050353608e-10 2.265174065288850135e-10 1.801855283636442398e-09 -9.016333669122983604e-11 7.125833433320128824e-10
9.927561705083151056e-01 -1.615803133303750090e-08 4.384798896095348157e-10 9.315218622471874237e-10 1.383794914071730586e-09 -2.350164561342723954e-09 3.899585891876880530e-10 3.957792150518105302e-10 3.845108357616354477e-09 5.317088048719255255e-10 -1.468022520076500062e-10 -7.273363926075170918e-11 -2.452985348693539144e-10 1.180449436438083954e-09 4.546967969099394927e-10
9.969400597939003239e-01 3.731436973417673341e-09 1.131638566861022323e-09 -3.008659020160736090e-10 3.873402671462341159e-09 -7.553277875428235066e-09 -4.490548789286176172e-10 9.792772793857487413e-10 3.888515242075322147e-09 1.465622442696528006e-09 -3.781028518120683745e-10 5.291535934928364604e-10 5.213289936597109693e-09 6.261162760850485401e-10 1.098512231779914392e-09
1.001125867816581083e+00 -1.618575624635021712e-08 4.867685877991400766e-10 2.177141927379868503e-09 1.180878283068599104e-09 -1.307312132387071322e-08 5.413208985493768759e-11 8.212641371736248162e-10 6.733153665190849332e-09 -1.163271234959643178e-09 3.641410079913205708e-11 2.275933972993451888e-10 1.270055188968679498e-08 1.112101391310448172e-09 1.823007134159979736e-09
1.005315482813002204e+00 7.108913837068424920e-09 9.205246807774608585e-10 1.605787978876045535e-10 8.395164605396434921e-10 -4.986686939576704269e-09 -2.355592914619384410e-10 1.542533336993205026e-10 -4.026683884927169057e-09 -2.639975841068486873e-09 -3.349751555778320746e-10 -1.104049526919653047e-10 1.344276935780242176e-09 -2.713307601136344481e-11 1.726503293431312642e-09
1.009503724426713545e+00 -3.555463513670356473e-10 -1.282374663713750884e-09 -1.941309638777798705e-09 1.006612768820312559e-08 1.629925587988312442e-09 1.257052648270119236e-10 -6.805924645161717654e-10 5.542338823330553637e-09 -3.113208388500328900e-09 -8.784705023033712916e-11 6.343679977504389342e-11 3.881950873361980648e-09 -1.168322787286676338e-09 1.870901214172978161e-09
1.013699103815393299e+00 -1.628967965956251583e-08 3.711588250397522593e-10 1.850973455754632173e-09 9.865948050148454140e-10 -5.902048564590845885e-09 -3.231567824054202585e-10 6.510327876606926905e-10 4.950152130614039009e-09 -1.460689319645964133e-09 -1.095704331993985951e-10 7.181913025012942688e-10 3.280387821844376078e-09 -3.765796773538784072e-10 1.657805703616497290e-09
1.017885842421875964e+00 5.894302308580817759e-09 2.797383357666305310e-09 5.899361179979498607e-10 1.422079924230788299e-09 -3.799850985863694855e-09 3.772865153202293593e-10 -2.040644601805140291e-10 -9.333033216912573853e-10 -7.332676650807196262e-10 -2.947185211638392087e-10 1.111869296840541171e-10 1.335264719520816271e-09 -6.307957436290878263e-10 6.382240951089004338e-10
1.022076284359184406e+00 -1.877524301079303186e-08 -1.882725200795868405e-09 1.929649471784289552e-09 6.045268740324127748e-09 -6.756314117644003457e-09 -5.165249601831580123e-10 7.693170531745332585e-10 -3.410177565187112508e-09 -8.555951494092488312e-10 -4.258999002691985031e-10 3.081272677043540165e-10 -3.923442069829233285e-09 -1.175474008438823102e-09 -1.207716743642200312e-09
1.026273875264014812e+00 -9.654361289686689939e-09 -3.914200053952348069e-10 9.352481638054058658e-10 7.846839867014529606e-09 -4.378142715243761996e-09 7.631902812869198003e-11 8.593938964743134199e-10 8.110502760101978087e-09 -4.302414599750551229e-10 1.732540887905272612e-10 6.111041104040465251e-11 8.505961320727785708e-09 2.981220849700530459e-10 1.651992245428457401e-09
1.030463237552156075e+00 -5.952924792688536126e-09 1.531756769106313421e-09 2.907837312592618929e-10 -6.913440786143544673e-09 -8.588339287383734925e-09 -3.683701779845436418e-10 1.175958993270306310e-09 -5.138492794412317382e-09 -3.363527971387994716e-09 4.684299967690719266e-10 2.018710866274379141e-10 -4.104365905661272812e-09 -6.540368136132708139e-10 -9.682313051984029898e-10
1.034646639530784062e+00 -6.594393150033979529e-09 -1.236554536106649449e-09 8.313613082015842944e-10 6.030574344024865324e-09 -1.483871781890645444e-08 -8.613121595684292712e-10 -1.503671432766260041e-10 1.350309947153261901e-09 -3.080050521837131505e-09 -2.813748534258741162e-11 1.367290628941652823e-12 -1.419425116408377752e-09 -5.196790211665756988e-10 3.042839578308930361e-11
1.038830480088573260e+00 -1.435961691305716295e-08 -1.454547049338461269e-09 2.563139701856514871e-09 -4.019743379858425742e-09 -1.407826421475409988e-08 -3.174171133277990187e-11 6.855364942303304553e-10 -5.453658702326223750e-09 -3.728551779657407827e-09 6.313986142569778292e-12 -1.116884024463384636e-10 6.426905150537650848e-10 -5.329875562093824164e-10 9.972050965137474283e-10
1.043023229532383578e+00 -1.139554536575286540e-08 1.117279759801711012e-09 -4.254571036086158021e-10 -6.398331594442945496e-09 -1.136369678392728944e-08 2.748403746265486275e-11 -1.287657698294884904e-10 -1.265166040849055305e-08 -6.490632043009228827e-09 -1.359539360108718710e-10 -1.241745242475576542e-10 -1.626103227269076768e-09 -8.482297751321498646e-10 8.040753128936304727e-10
1.047211320931656031e+00 -1.162657197506370915e-09 -2.626262890896846010e-09 -5.520336653366012930e-10 3.050334830679716603e-09 -8.640853841960282539e-09 -1.706826623525101500e-10 2.830558597196402797e-10 -5.920172284955339881e-10 -3.191123461113354235e-09 -2.085439343738760151e-11 -5.424821167590486056e-11 2.421153085988326201e-09 -4.837798888069623494e-10 -1.793176588701973127e-11
1.051395396220772938e+00 5.868956210742374994e-09 -5.733930725582274242e-10 3.160512649964930225e-10 -2.723277525076595855e-09 -6.703410725615368132e-09 -3.873152712513213327e-10 1.358978696663777718e-09 2.222990365353327991e-09 1.652193365269808176e-09 -3.371860782857251136e-10 5.743540401120839990e-10 1.127040429936953659e-09 8.412782708507399168e-10 3.978381767385962122e-10
1.055587561333155788e+00 -1.864205152811798062e-09 -4.361195841013006295e-10 -6.374257924702540299e-10 4.216263164452462902e-10 -2.511911271315862308e-09 3.418920477324762847e-11 2.943562973416952119e-10 3.444678374590161411e-09 1.542940814147687014e-09 6.464383152579013529e-11 6.953401427132548533e-11 2.174265948537167204e-09 4.425738750296497696e-10 -2.036863314464149574e-10
1.059780855230085139e+00 1.286844272957409280e-08 2.452723701012220631e-09 1.322502595437591793e-09 6.977953150689630042e-09 7.799957590057583594e-09 1.538694534943280666e-10 3.979985928613343155e-10 4.158247314988354041e-09 -1.069538743023765534e-09 1.565057884436777435e-10 1.198230079641934556e-11 -2.205062346812128387e-10 -1.417998958375494395e-10 6.625825444576692323e-10
1.063968553353427993e+00 8.994393723896452913e-09 1.716444876359513339e-09 -5.037650697429790280e-10 5.112895935904537076e-09 -2.558630314841336978e-09 3.441096094596449070e-11 -6.463826468847008240e-10 3.820638552599829187e-09 -3.636831622569602268e-10 1.779466541993058962e-10 -2.196748350921160562e-10 7.482828309751559785e-11 2.545455056990130082e-10 7.680284434754741394e-11
1.068144877931138659e+00 -2.890788913231456136e-10 -3.891538673290575767e-11 3.433778866758376205e-10 -1.418805813520982716e-09 -1.055511320907767417e-08 -3.494257137212970892e-11 -8.848252933248279843e-11 4.706550970034949027e-10 -1.580105816604809700e-09 -5.571792506512954561e-11 2.380068849336761599e-10 1.730387796370734495e-09 -7.169243545323460005e-10 -5.179625512702271558e-10
