# Columns: ('k', 'S1', 'S2', 'S3', 'S4', 'S5', 'S6', 'S7', 'S8', 'S9', 'S10', 'S11', 'S12', 'S13', 'S14')
5.345493089407682419e-03 -5.985506693522134825e+00 -1.174633789062500000e+02 3.020158979627820983e+00 -8.420120239257812500e+00 -1.217485978868272589e+01 -2.206042751736110858e+02 6.920360141330294645e+00 -1.600362989637586608e+00 1.321112738715277679e+00 -6.945875379774305713e+01 4.044921875000000000e+00 8.735906812879774108e+00 1.815286636352539062e+00 3.296971215142143752e+00
9.344366739594166943e-03 -1.604294610792590703e+01 3.197786038306451246e+02 -1.593889790196572598e+01 -1.391655706590221797e+01 -6.772590095766129537e+01 4.646715599798387188e+02 1.343568863407258007e+00 -6.592577731224798754e+01 -5.223565870715725623e+01 4.317844947076612812e+02 4.836199360509072648e-02 -5.432828644783266014e+01 -1.419791043189264101e+01 -1.543667602539062500e+01
1.312833575873958818e-02 -1.379238829320790671e+01 -3.756688456632653015e+02 2.464056521045918213e+00 -9.225549814652422853e+00 -8.848559072066325371e+01 1.482044403698979522e+02 -2.992167570153061007e+00 -6.359425322863519625e+01 -7.043083844866070820e+01 1.516079001913265074e+02 8.124268200932716510e+00 -5.824457409917091155e+01 -1.765384347098214235e+01 -1.663402946627869738e+01
1.700891779646987109e-02 6.115854724702381162e+01 5.965092261904762836e+02 -1.080967168898809661e+02 1.958295665922619122e+01 -9.163279506138394481e+00 3.889927083333333826e+02 -5.375816592261904958e+01 -3.468948800223214590e+01 -3.019462193080357437e+01 2.407694196428571729e+02 -2.643467726934524009e+01 -3.596296502976191078e+01 -8.109116327194941576e+00 -7.203676060267858006e+00
2.135270783943789275e-02 1.743513671875000171e+01 1.482000892857142844e+02 -2.865475446428571260e+01 4.064369698660713937e+01 -5.856329799107142975e+01 4.487260267857142821e+02 -3.105363281249999829e+01 -5.586043526785714164e+01 -7.389337053571428271e+01 3.858768749999999841e+02 -2.560995814732142861e+01 -8.868099330357142662e+01 -2.453054687499999886e+01 -3.059508091517857054e+01
2.564347439342075027e-02 -6.364871961805555856e+01 -7.901333333333333258e+02 2.357107118055555475e+02 -8.077064236111111484e+01 -1.086824218750000028e+02 7.528319444444444741e+01 5.277210937499999943e+01 -1.301011805555555441e+02 -5.477860243055555856e+01 1.759064930555555577e+02 1.561781005859375071e+00 -7.256136718749999659e+01 -1.261724609374999950e+01 -1.835287760416666814e+01
2.962205054058980949e-02 -1.261061598058554800e+01 -2.792867524916943580e+02 9.099700866901993379e+01 9.058153323556894065e+00 -1.593993459302325562e+02 7.495621366279070230e+01 3.705224771594684796e+01 -9.817977834302325846e+01 -1.198211690199335635e+02 1.043921433762458548e+02 1.560012361139950166e+01 -1.040548886524086356e+02 -3.231746067794850319e+01 -3.328020530523255616e+01
3.361537140302770649e-02 -6.207062520505249381e+01 -2.333677001312335904e+02 9.760297736220472586e+01 1.231546044537401485e+01 -2.320693077427821436e+02 1.497885908792650866e+02 3.661899196194225681e+01 -1.337687110400262327e+02 -1.796480889107611461e+02 1.386478838582677042e+02 2.482358308727033958e+01 -1.448838275098425186e+02 -4.498652805118110365e+01 -4.268643372703412098e+01
3.793950633336700545e-02 -3.725511027802101438e+01 2.095160354640980813e+02 1.726908658056041901e+01 4.727517855188266083e+01 -7.361868569395797124e+01 2.105053770796847630e+02 1.694123864382661893e+01 -1.015573007880910694e+01 -3.490607555275831686e+01 1.591914404553415068e+02 5.879161079794220868e+00 -2.136039089864273066e+01 -4.699991790718038409e+00 -6.254597197898424277e+00
4.227894994616508695e-02 -1.047376812500000085e+02 -3.290969000000000051e+02 1.567057625000000201e+02 7.335203750000000866e+01 -1.087807999999999993e+02 8.296692500000000337e+01 3.235299062500000389e+01 -1.125114843750000126e+01 -5.554643750000000324e+01 8.327436250000000939e+01 1.681394062500000075e+01 -4.928160000000000451e+01 -9.357248437500000904e+00 -1.305638593749999998e+01
4.633325468672155889e-02 2.250236036093964032e+01 1.245754458161865443e+02 -5.792790852194787021e+01 1.687838863168724117e+02 4.333150077160493652e+01 2.050693158436213821e+02 -4.647468171296296191e+01 1.248886316872427926e+02 -1.724446614583333259e+00 1.238969157235939491e+02 -7.067515432098764983e+00 -1.520722817001028737e+00 -9.584821619941699566e+00 -1.190824465234910789e+01
5.038752484052157893e-02 -2.347014539691290125e+01 2.756354740904079677e+02 -2.296923235942668029e+01 1.014356911521499427e+02 -5.464289467337376038e+01 3.043910556780595584e+02 -4.976689980705622673e+01 2.270505443770672471e+01 -3.936243281422271423e+01 1.793729844266813700e+02 -9.201118040242558749e+00 -4.273263936742007019e+01 -6.564831583344818533e+00 -1.136058412865214962e+01
5.464179025701254577e-02 2.613154269972451615e+01 1.643545110192837342e+02 -6.568830348943984632e+01 1.611755050505050519e+02 1.941125746097337057e+01 3.041393480257116835e+02 -7.731445850550963428e+01 1.261231921487603245e+02 -4.712357954545454142e+00 1.921002926997245197e+02 -2.708938820018365590e+01 1.060000573921028533e+01 -5.028392052628558595e+00 -6.441586497073002349e+00
5.886817576171304162e-02 -7.117275070056044228e+01 -1.445777121697357757e+02 6.056825460368294500e+01 1.032486113891112751e+02 -8.941173563851080530e+01 9.955778372698158307e+01 -9.026433646917533693e+00 3.860092136208967162e+01 -7.079525495396316614e+01 5.889462820256204623e+01 7.490329763811048203e+00 -4.586655887209767712e+01 -2.009090710068054264e+01 -1.999572001351080885e+01
6.290140616743733482e-02 -3.857862557208238030e+01 6.191885964912280826e+00 3.247258771929824661e+01 1.084667000381388249e+02 -5.650614988558352536e+01 1.123782537185354755e+02 -2.170739774027460101e+00 4.882369732074752022e+01 -4.325718380530129537e+01 7.149095990655987976e+01 5.170476079805491842e+00 -2.558012132913806269e+01 -1.217128801964149609e+01 -1.283331098636537071e+01
6.703999982739437813e-02 2.465105414919113258e+01 -1.639949071300179639e+01 2.238766664170161746e+01 1.506459238316357130e+02 7.385724048831636424e+01 1.354985208208508141e+02 -2.198995000748951512e+01 1.608781455961653819e+02 5.759614664469742706e+01 9.028216746554824113e+01 -7.562430956036548579e+00 6.511820326542840576e+01 1.545764211354104312e+01 1.172459767263331365e+01
7.134254604642074893e-02 -4.152400423159591902e+00 -6.630373455131649507e+01 5.037447944653412435e+01 1.294548126007522910e+02 1.604538050779150993e+01 9.011616738312736175e+01 3.246998421547555136e+00 1.013913638500806087e+02 1.408885931622783616e+01 5.771823784255776957e+01 1.402922970681085602e+01 1.350030015784524551e+01 4.462085131481730471e+00 -4.213638920607200578e-01
7.561818311969153994e-02 -2.187599670263789164e+01 3.503809952038369602e+01 -9.564598321342926424e-01 1.169565797362110402e+02 7.194079736211031140e+00 1.527728417266187080e+02 -3.443556279976019141e+01 8.604135191846522446e+01 -6.111453649580336211e+00 9.871025179856115983e+01 -1.332990107913669142e+01 -4.037648943345323538e+00 -5.294911102368105915e+00 -9.736969799160672068e+00
7.973924982214039558e-02 6.599297986461679955e+01 1.267223210188159754e+02 -8.430656264341440931e+01 2.301452501147315388e+02 1.952225648233134621e+02 1.947488813675998074e+02 -7.541909993116108524e+01 2.661788664525011541e+02 1.110823413836622393e+02 1.123379202042221294e+02 -2.700028682882055975e+01 9.867101451353832431e+01 2.177454537631941278e+01 1.434786420089490555e+01
8.385356877962653332e-02 -8.053958085021850621e+00 6.525141537544696746e+01 -2.121912246722288486e+01 1.839635230433055142e+02 1.121942292411601159e+02 1.484004643424711958e+02 -4.986036824592768824e+01 2.010802046086610915e+02 7.481994313667064489e+01 7.818272000397298882e+01 -1.208994617848629360e+01 6.956396503774334406e+01 1.549137583184346489e+01 1.107079981128327439e+01
8.809929214337092196e-02 -1.566250109380468913e+01 2.633846692334616790e+01 -1.530449334966748332e+01 1.701528920196009835e+02 1.363828753937696945e+02 1.224977030101505022e+02 -4.157758630119005971e+01 2.085936734336716825e+02 9.560491774588729186e+01 7.470954016450822621e+01 -1.546415875481273972e+01 8.398512972523626274e+01 1.965833096342317177e+01 1.329190365768288373e+01
9.230415729057904473e-02 1.505932902875292534e+01 3.585504429956536399e+01 -1.498537278502173109e+00 1.634855817452356916e+02 1.528732238381811896e+02 1.228600802407221551e+02 -3.520910909812771195e+01 2.152758274824473403e+02 1.137510343530591683e+02 7.623594742561016346e+01 -1.228625067912069468e+01 1.033193956870611743e+02 2.751253761283851418e+01 2.199688910481444282e+01
9.643309047658384092e-02 1.431744168433808007e+01 3.887172447743107995e+01 -2.574334481975159150e+01 1.962815813389881896e+02 2.035434148742805291e+02 1.222265980006058754e+02 -5.335518592850651487e+01 2.694951719176007146e+02 1.371364548621629922e+02 7.154950204483489529e+01 -2.178565680854286413e+01 1.244491820660405921e+02 2.758731729021508627e+01 2.207639493714026102e+01
1.005689403076158450e-01 8.431434081346424136e+00 3.979207573632538697e+01 -2.603483520336606105e+01 1.999033309957924303e+02 2.196091690042075868e+02 1.229791111500701390e+02 -5.441022966339411226e+01 2.789513323983169926e+02 1.509801367461430743e+02 6.858970021037868037e+01 -1.964706346423562522e+01 1.330818197755960739e+02 3.144240226157083029e+01 2.503306889901823240e+01
1.047818677762802908e-01 -2.052851941747572795e+01 -2.263635797859098986e+01 6.381254667662434876e+00 1.669385113268608336e+02 1.596866909385113331e+02 9.380146875777943194e+01 -4.114677464525765771e+01 2.258076611899427348e+02 1.060910194174757208e+02 5.809691623101817015e+01 -1.841655775454319155e+01 9.707423917102315158e+01 1.905474779063978019e+01 1.451608009708737868e+01
1.090277847809041356e-01 5.770776928886822787e+01 3.325364571229374633e+01 -1.083917470369509672e+01 2.229468248896118894e+02 2.938302347199627889e+02 1.130466607599349231e+02 -4.862416482686497687e+01 3.405941203811294713e+02 2.025465082500581104e+02 6.597575819195910185e+01 -2.041692206019056499e+01 1.818314547989774610e+02 4.332407259470137006e+01 3.647771540204508511e+01
1.132170039508717807e-01 5.829410710346349056e+00 5.087690271343481285e-01 -1.845273549525700441e+00 1.734154533421574911e+02 2.139214372380322118e+02 8.990516765938671995e+01 -3.923788054268695902e+01 2.618574895212883007e+02 1.556109088903595818e+02 5.326354649238914618e+01 -1.677130211780277946e+01 1.371398080741230956e+02 3.426204362453121632e+01 2.785989893558349806e+01
1.174008294871188018e-01 9.055109415779963200e+00 2.338398413973097778e+00 -1.322048785384460912e+00 1.832173634812286593e+02 2.329318159004216113e+02 9.276120507930134806e+01 -4.150428189620558328e+01 2.822417687211403177e+02 1.671983286488656972e+02 5.695129617546677281e+01 -1.872080154587432332e+01 1.484756324031318968e+02 3.556361046978518203e+01 2.921383758281469767e+01
1.215998224695146873e-01 1.542582345971563917e+01 -2.911753554502369390e+00 6.312760663507108738e+00 1.713465165876777121e+02 2.440674407582938272e+02 8.898519549763032899e+01 -4.067793246445497601e+01 2.830155450236966885e+02 1.810086966824644605e+02 5.616460900473933293e+01 -2.027442535545023716e+01 1.613600355450236918e+02 4.060648992890995146e+01 3.452920912322274916e+01
1.257670529567683493e-01 -2.001717553001959615e+01 -2.284140611081418015e+01 1.959780865847140774e+01 1.473514386246214087e+02 1.928806342419383668e+02 7.578472407803313615e+01 -3.242180819080705589e+01 2.337934259754142090e+02 1.469512404240156798e+02 4.926064493140923162e+01 -1.624868051843933614e+01 1.266285854266880477e+02 3.285823367628719183e+01 2.647647202921788789e+01
1.299386816717305049e-01 3.145119792524287750e+00 2.091408694220319386e+00 4.325868598715627122e+00 1.709282273999670849e+02 2.402015890004940104e+02 8.593319302651079283e+01 -3.943965863247159831e+01 2.875545447060760580e+02 1.831428453811954569e+02 5.504343508150832065e+01 -2.037518010044459160e+01 1.665310287337395039e+02 4.190635291453976663e+01 3.609292668368187407e+01
1.340949335765710126e-01 -1.357655580675868734e+01 -1.917862525781374217e+01 1.583898540377598074e+01 1.452771200222116477e+02 1.983825955894018875e+02 6.798390647310804979e+01 -2.982594349912740128e+01 2.351996271616690706e+02 1.478139774710455470e+02 4.377437827225131173e+01 -1.454457326868158162e+01 1.294868614151991153e+02 3.270826640092020199e+01 2.707456518721243910e+01
1.382635144665005922e-01 9.371793942906824881e+00 2.251901898275612268e+01 -1.281032187364150232e+01 1.660048181422982339e+02 2.332516120852050392e+02 8.561810788291552399e+01 -4.266549231995362845e+01 2.693005361541805769e+02 1.675289813070569664e+02 5.283362918417621046e+01 -2.108681486378785763e+01 1.485601090421677952e+02 3.612480528184321571e+01 3.011793807056948324e+01
1.424925284902303357e-01 1.030401924901721422e+01 1.240480547648095389e+01 -4.383946726311508613e+00 1.573910634404229256e+02 2.309089230039311076e+02 7.538109156838822855e+01 -3.656145790971939391e+01 2.673709671953368456e+02 1.731679883421444970e+02 4.738525992951063870e+01 -1.849521316253219183e+01 1.558803544801409657e+02 3.920357614884098751e+01 3.369610148095431157e+01
1.466886314558672189e-01 -2.327249654468869267e+01 -1.861995689087797601e+01 1.599739617612215170e+01 1.312637718836382703e+02 1.854820981966565512e+02 6.021826461103066208e+01 -2.803540048703435161e+01 2.205731867842569329e+02 1.430168981176780107e+02 3.914570718704751329e+01 -1.428329130742398156e+01 1.256984911807292207e+02 3.178896686191917453e+01 2.667169195077003963e+01
1.508619291163366127e-01 2.091571958186459312e+01 1.927237297921477932e+01 -1.111488467849762962e+01 1.552369788501276275e+02 2.509102953689072706e+02 7.410189011790446045e+01 -3.765000531785584315e+01 2.716386289048255662e+02 1.828579676674364975e+02 4.612940622341071872e+01 -1.910066701106114095e+01 1.621167041448887858e+02 4.094420809529597705e+01 3.547967059681536739e+01
1.550655720814744509e-01 -8.511134429287629810e-03 -1.206403025533403195e+01 9.993966421825811963e+00 1.395785385332866895e+02 2.250430366095371255e+02 5.740928500641249599e+01 -2.740412039466013638e+01 2.479748455170805528e+02 1.700109303952430935e+02 3.755193030779992824e+01 -1.449819466305234883e+01 1.494783578174186687e+02 3.840515696047568639e+01 3.283917016439314551e+01
1.592593054631499527e-01 6.196238913828971739e+00 9.081989762400088040e+00 -6.042117184933756491e+00 1.401192926749151297e+02 2.280500383225665075e+02 6.182326453520201426e+01 -3.219997536406437888e+01 2.506176502792072824e+02 1.719629092302638753e+02 3.840046397678747070e+01 -1.613037542428555682e+01 1.523723858534983151e+02 3.911691120113872699e+01 3.369775812985875518e+01
1.634144798183441161e-01 9.173573333333333579e+00 1.729131333333333487e+01 -1.259148000000000067e+01 1.391568933333333291e+02 2.282936799999999948e+02 6.297616666666666418e+01 -3.430159333333333649e+01 2.491705333333333385e+02 1.702778133333333415e+02 3.872398666666666855e+01 -1.724009999999999820e+01 1.515194266666666749e+02 3.850485333333333671e+01 3.359025333333333663e+01
1.675823816150099899e-01 -1.717159236927942922e+00 3.201010675101314540e+00 -1.918253311258278027e+00 1.266596323020658303e+02 2.109358999703469237e+02 5.415975585647919388e+01 -2.778629719778590257e+01 2.301123356726302234e+02 1.598272709301176064e+02 3.464830854008105376e+01 -1.462156518730849086e+01 1.411927695957299420e+02 3.620699070870811198e+01 3.134876939804289719e+01
1.718045808093531246e-01 8.931008158508157990e+00 7.538747086247086671e+00 -4.038572261072260972e+00 1.289684498834498925e+02 2.237876456876456928e+02 5.532238927738927714e+01 -2.824837412587412544e+01 2.424253613053612924e+02 1.725803030303030425e+02 3.628451631701631896e+01 -1.528261655011655051e+01 1.548445687645687769e+02 4.055978438228438421e+01 3.570272144522144231e+01
1.760135070798979073e-01 3.733198251525362110e+00 2.068407931882342066e+00 1.331242600856024083e+00 1.192100446225298214e+02 2.068228303433202768e+02 4.939288885347418301e+01 -2.465753346689736958e+01 2.249077042163737303e+02 1.601982970585556814e+02 3.315612762954193471e+01 -1.404992714689008260e+01 1.432805983061651887e+02 3.717214108460067479e+01 3.263540433476003955e+01
1.801930856696074279e-01 -2.060107833944250455e+00 -1.164063165970505631e+00 8.941106896257778880e-01 1.071872815616741974e+02 1.828784204245162357e+02 4.375283437047140467e+01 -2.294723382490836272e+01 1.998657829682039164e+02 1.406237852697979918e+02 2.883488193674878630e+01 -1.283681857897877521e+01 1.246556559543090970e+02 3.191156710851590006e+01 2.775312739749382018e+01
1.843742315857553882e-01 -1.237906580151401759e+00 2.867533899010065723e-01 8.550713334997088744e-01 1.018989996672489866e+02 1.742173176108476866e+02 4.305775829797853760e+01 -2.246747358788786286e+01 1.870547167456950319e+02 1.312630188836203331e+02 2.793038744696780640e+01 -1.243220717910323536e+01 1.143310560685467152e+02 2.917912143332501529e+01 2.490382975625987783e+01
1.885797910080431738e-01 5.385276150466353329e+00 6.131263007785400454e+00 -4.115706659986124727e+00 9.834804979572959382e+01 1.765285400447082225e+02 4.204049757188005998e+01 -2.223634182532952863e+01 1.846319471209434937e+02 1.336458028212441320e+02 2.715920565790487728e+01 -1.201004128767440093e+01 1.163462576119633098e+02 3.046466700069374767e+01 2.624310105603946397e+01
1.927656394953895236e-01 1.654658185925415737e+01 1.009254154223141242e+01 -4.024262481813309478e+00 1.058957423998774914e+02 1.955157745616050420e+02 4.414187054904663654e+01 -2.264184661918983110e+01 2.042108698981545558e+02 1.495685829695995324e+02 2.925323053066850676e+01 -1.276906850639405810e+01 1.332646067845930133e+02 3.518151274982771071e+01 3.099559690634811560e+01
1.969014248243030341e-01 1.239740420271940557e+01 9.004317239874936263e+00 -5.159956009597905791e+00 9.874449211081218891e+01 1.837912455464262393e+02 4.134715153057514669e+01 -2.159855349741874520e+01 1.901457863738820606e+02 1.397067276230640402e+02 2.693079691703628242e+01 -1.171850687122809553e+01 1.232171253544681093e+02 3.246075856176833696e+01 2.844076292445284437e+01
2.010715633173454087e-01 1.211471306681346061e+00 -2.891479735773756499e-01 1.363831452556251378e+00 8.536050712172297494e+01 1.591494873735636304e+02 3.437177028142847490e+01 -1.710592272758549726e+01 1.666499002270694234e+02 1.236922177114154096e+02 2.358770986719878948e+01 -1.000799903667515345e+01 1.091705773068189700e+02 2.895390877657744610e+01 2.537875223628982368e+01
2.052920281681521186e-01 6.570344827586207082e+00 3.898316912972085380e+00 -1.586730295566502358e+00 8.445500821018062254e+01 1.583171100164203722e+02 3.395409277504104750e+01 -1.747798440065681547e+01 1.660040722495894840e+02 1.226046715927750341e+02 2.315749178981937462e+01 -1.032587541050903113e+01 1.091583825944170769e+02 2.867065065681444835e+01 2.534129105090311995e+01
2.095172134954577381e-01 2.383439134270052051e+00 1.793290435385293868e+00 -7.935916923949341006e-01 7.884800107113602508e+01 1.488428265389704563e+02 3.165913852309243026e+01 -1.612652203704870502e+01 1.545786969945183102e+02 1.151967346102955077e+02 2.149771989792703764e+01 -9.325259120408292191e+00 1.015492171255749412e+02 2.692168892949404579e+01 2.357485547539537407e+01
2.136973926115405542e-01 5.712197674418605153e+00 3.163244186046511697e+00 -1.177350775193798382e+00 7.619406976744186011e+01 1.468036899224806291e+02 3.073759108527131900e+01 -1.548818798449612366e+01 1.523215968992248008e+02 1.143072480620155034e+02 2.124543023255813878e+01 -9.207034883720929486e+00 1.015823255813953523e+02 2.697797286821705498e+01 2.380749224806201525e+01
2.178750580088065492e-01 6.006740875912409017e+00 3.393299270072992702e+00 -1.279403284671532859e+00 7.415153284671532674e+01 1.435097518248175277e+02 2.923060218978102398e+01 -1.478906295620438094e+01 1.473693430656934424e+02 1.109346131386861316e+02 1.994956934306569352e+01 -8.746622262773723122e+00 9.759049635036497250e+01 2.592978102189780998e+01 2.267622627737226537e+01
2.220823861956562617e-01 2.962373780109437416e+00 6.142043210921194207e-01 4.985897218931573116e-01 6.753736531844079138e+01 1.319643763750211463e+02 2.629027754273142747e+01 -1.306897493935804100e+01 1.355260337338523300e+02 1.030527444011959233e+02 1.831055029051729122e+01 -7.910101822079314005e+00 9.051102837479551511e+01 2.424073270999041085e+01 2.117473698313307295e+01
2.262696194198526023e-01 3.830934017675797332e+00 2.998044409068452598e+00 -1.406081887797112628e+00 6.453454191140143337e+01 1.262134270187187752e+02 2.566755983422078202e+01 -1.309375171543064198e+01 1.292996925948289970e+02 9.801895893945216187e+01 1.745403160509414420e+01 -7.638219108525004408e+00 8.596529340725696500e+01 2.290178473403963366e+01 1.999348136356150718e+01
2.304259489101245229e-01 5.422967199193248433e+00 4.018377474656334769e+00 -1.941349649700122137e+00 6.088714107531447439e+01 1.198976168993153237e+02 2.408854028448596196e+01 -1.221293323072023718e+01 1.221908868956000163e+02 9.276097340905472777e+01 1.646322017143463867e+01 -7.247681253648956989e+00 8.153530200095536884e+01 2.170053506979459712e+01 1.899796985298020147e+01
2.345870463846415066e-01 4.297752201353896240e+00 1.771421845574387977e+00 -4.329382348450145357e-01 5.752117371608897400e+01 1.146067338524965606e+02 2.211204636840230009e+01 -1.098335226115946561e+01 1.169188552959739411e+02 8.930866035527053270e+01 1.540709459459459474e+01 -6.673223011146740546e+00 7.871439659998982563e+01 2.099664548022598964e+01 1.845155430854583400e+01
2.388019837064606632e-01 1.050427267899386896e+00 5.557545382127166977e-01 -8.478371071307874707e-02 5.136442089509004205e+01 1.014887751653550936e+02 1.976237296625307849e+01 -9.831310650316227751e+00 1.041234973205233558e+02 7.937102302901560336e+01 1.386975118283203834e+01 -6.045488868705644059e+00 6.994775020518515873e+01 1.865425698836479640e+01 1.637529118186646215e+01
2.430077036534963875e-01 3.667073765035895772e+00 2.456660367042267090e+00 -1.107285277896638664e+00 4.921489445157609310e+01 9.874885893595778441e+01 1.912373710359910461e+01 -9.536591308895545183e+00 1.003963295773308602e+02 7.704435886464128203e+01 1.326149681452954887e+01 -5.741506650263871414e+00 6.790735986307231542e+01 1.818873169543098811e+01 1.599233496172680979e+01
2.471758823520590620e-01 2.551862497125775953e+00 1.928186077259140152e+00 -1.182746033570935884e+00 4.655708496206024449e+01 9.378907220050587057e+01 1.808628564037709907e+01 -9.126139629799954633e+00 9.524694757415498714e+01 7.329603931938376604e+01 1.257049896527937527e+01 -5.503694814899977139e+00 6.454933318004138698e+01 1.730548258220280644e+01 1.523412853529547029e+01
2.513692271335918882e-01 3.733257023762636351e+00 2.591955767800096400e+00 -1.455094963021312138e+00 4.374533937245634974e+01 8.886723228742725667e+01 1.710818727845608578e+01 -8.538893265064986693e+00 9.022122117193995905e+01 6.964167870115093706e+01 1.201553542514550799e+01 -5.237488922804254265e+00 6.169329569821889692e+01 1.657587742330751368e+01 1.465941862500547188e+01
2.555723892733414715e-01 4.175456748295235165e+00 2.472719743105888490e+00 -1.143631792254578228e+00 4.051263563065575113e+01 8.370628725822362526e+01 1.580280482051722046e+01 -7.744757044216666664e+00 8.367211691040871813e+01 6.519884633529184725e+01 1.107620914997641215e+01 -4.762726765878972479e+00 5.713338980143243617e+01 1.540913416177038364e+01 1.351704496719132109e+01
2.597674079539822323e-01 1.032124026856695714e-01 -6.373702475594184014e-02 1.316047596490505511e-01 3.593569015941014300e+01 7.342510400790871472e+01 1.363638680644231194e+01 -6.649637516991391273e+00 7.410635581002594563e+01 5.759816389998764663e+01 9.694547565597067873e+00 -4.171672583618240004e+00 5.041461053672200165e+01 1.357510967170573046e+01 1.188658246488445869e+01
2.639178238801485610e-01 -3.868822897483118473e-01 -6.075365766318804317e-01 5.571816809903825662e-01 3.275037343973807680e+01 6.716968487824840395e+01 1.233279107837118893e+01 -5.912881113157355983e+00 6.799606097810517724e+01 5.304344689993860840e+01 8.875887558829546720e+00 -3.773070454777982086e+00 4.648039697155719097e+01 1.255287241661550901e+01 1.099949739103744584e+01
2.680749044740857179e-01 3.784148659657834202e+00 2.038980971408619780e+00 -9.632309083679247985e-01 3.281196900337509703e+01 6.889852872715987075e+01 1.263426092058812067e+01 -6.059995344687123975e+00 6.814208402839740586e+01 5.356719653179190033e+01 8.888413726383985747e+00 -3.748408828606897281e+00 4.674851611902082738e+01 1.268699809908057397e+01 1.108815513830158572e+01
2.723023151079725368e-01 1.024984978739138519e+00 6.544809576631539505e-01 -3.959627472730634090e-01 2.910476982806433810e+01 6.062356720281012912e+01 1.120975919763357354e+01 -5.414215312442226313e+00 6.081289979663523582e+01 4.768468755777408319e+01 8.000102837862820948e+00 -3.399213694767979188e+00 4.179126455906821747e+01 1.131615247735255991e+01 9.914457385838417736e+00
2.765128983200950685e-01 2.576248757226497599e+00 1.396252577604300882e+00 -6.547241503111536076e-01 2.835036086460212701e+01 5.996049821408844593e+01 1.092257175866259011e+01 -5.170227749751444613e+00 5.985120779172957128e+01 4.732348013403542097e+01 7.890127315241005412e+00 -3.314874502890599040e+00 4.160760117096880606e+01 1.132804042235887465e+01 9.959034503074713385e+00
2.807027537381580062e-01 1.288160033386048120e+00 6.414426287120014170e-01 -2.690937445088736890e-01 2.556171367070813716e+01 5.396720260059743168e+01 9.756243410648393066e+00 -4.615062708662801327e+00 5.357774556316991976e+01 4.235410736250219799e+01 7.004857450360217896e+00 -2.939855144087155203e+00 3.699165788086452267e+01 1.006046498857845783e+01 8.807229616939027395e+00
2.848857026249724811e-01 1.343683674889530666e+00 7.184874178003548550e-01 -3.240106685571135237e-01 2.339534115027312922e+01 4.987713110191016597e+01 8.963203154900664771e+00 -4.191107922914999229e+00 4.950785898194217083e+01 3.934455133781009550e+01 6.487678751609199601e+00 -2.702749610747712250e+00 3.443126543961587771e+01 9.396750287046380379e+00 8.237682013499878053e+00
2.890807262117984777e-01 4.841445914294196795e-01 1.858928100155048946e-01 2.060120657803582445e-02 2.078801999142282142e+01 4.424982680698050075e+01 7.918625569062777814e+00 -3.648554508379243000e+00 4.408436149506811574e+01 3.510648071784383006e+01 5.794063706165671235e+00 -2.382074625573186388e+00 3.070224821033879792e+01 8.405405168574539232e+00 7.365901696466861992e+00
2.932785946948970324e-01 1.008647028069143525e+00 5.703367521158057007e-01 -2.311471710289841053e-01 1.994039391562918695e+01 4.264412802666405611e+01 7.623387617227069590e+00 -3.519524229650687897e+00 4.235214276378133036e+01 3.375932506616998552e+01 5.552242631441361986e+00 -2.282388573015717625e+00 2.957293402607587751e+01 8.098261404110708384e+00 7.100449710812665849e+00
2.974321087309398370e-01 1.554276210644078615e+00 8.729278208406584527e-01 -4.073407783282723682e-01 1.843691265782323896e+01 3.975966917052900840e+01 7.087233298705450046e+00 -3.289435831868307680e+00 3.915777129614831864e+01 3.131920249320760874e+01 5.130841957008151155e+00 -2.120591187869586225e+00 2.734561690906185305e+01 7.497714060252517854e+00 6.568688069362314863e+00
3.016123743882810904e-01 4.516782671535067850e-01 2.322631408793549568e-01 -8.452238323444394297e-02 1.645838277803133920e+01 3.550728738779856997e+01 6.311552468431462337e+00 -2.894023372128404326e+00 3.507274456108321914e+01 2.808172447892895107e+01 4.621447588620112512e+00 -1.900713857827476039e+00 2.449840445762969665e+01 6.714737372584816733e+00 5.875131694051423104e+00
3.058101292111336522e-01 1.908749587619590349e-01 4.176851213148186776e-02 3.432340558737966008e-02 1.499461749842545721e+01 3.253845259874636042e+01 5.714579803107098677e+00 -2.580089898929310621e+00 3.203662312929250788e+01 2.579700386887802566e+01 4.204543963500585235e+00 -1.705233997765647880e+00 2.238099638604804653e+01 6.162103927361065381e+00 5.361439245118915231e+00
3.100168993294901143e-01 1.146186045510631663e-01 7.082699647048695812e-02 -2.764381689575023601e-02 1.357560475192975424e+01 2.951632937817441160e+01 5.196955077620591723e+00 -2.343073196146230774e+00 2.911109357513845453e+01 2.343122650578208876e+01 3.829525685815948766e+00 -1.549846749548050129e+00 2.043591458865390820e+01 5.626740544922379961e+00 4.923229504433412451e+00
3.142092030053749707e-01 5.813421086453603170e-02 1.672236026618684548e-02 5.734477194185017002e-04 1.246697208893839459e+01 2.716090095107531610e+01 4.768252149201725132e+00 -2.140950102461942617e+00 2.681767843372461613e+01 2.162161197269585600e+01 3.531998382743552600e+00 -1.428795085932367925e+00 1.886225473395596097e+01 5.196252106360494949e+00 4.546026208122697199e+00
3.183867557675504334e-01 6.245897540758255095e-01 3.629950444010667243e-01 -1.662703103950732841e-01 1.181490047562752643e+01 2.602728672366865581e+01 4.578256020949605265e+00 -2.034992044236109354e+00 2.549177618013361624e+01 2.068457372226651714e+01 3.381613980493773042e+00 -1.348100969469111732e+00 1.802139292882083055e+01 4.996153139004206878e+00 4.367429996150991478e+00
3.225872781332082551e-01 5.366581564544119498e-01 3.329591342944867027e-01 -1.711520491256174059e-01 1.077100520624749791e+01 2.382946702709918796e+01 4.178286443732479150e+00 -1.847944199706314405e+00 2.332519022827392874e+01 1.894316346282205288e+01 3.094316930316379555e+00 -1.232662632659190960e+00 1.652621979708984057e+01 4.577486734080896902e+00 4.006955012681885364e+00
3.267666109043823597e-01 9.476836322336970042e-01 5.092967532553287491e-01 -2.053411657114180833e-01 1.013242023454214191e+01 2.257550315628219195e+01 3.950143699981511602e+00 -1.725288617409735714e+00 2.186828794802039155e+01 1.780839452206756235e+01 2.911522576001690510e+00 -1.151287872910118582e+00 1.544075367792715525e+01 4.283368769974380541e+00 3.727499521275190908e+00
3.309328770241455886e-01 5.468191807650105707e-01 3.044022238383219947e-01 -1.009819799561101350e-01 8.978287912424404382e+00 2.007610553981984935e+01 3.494753789328638227e+00 -1.492256576303299553e+00 1.947036477072647997e+01 1.594499891551200754e+01 2.599872572660695713e+00 -1.002738431862257418e+00 1.383167470463650517e+01 3.860726224195565326e+00 3.364249215341039712e+00
3.351106074107195187e-01 3.531089903786079898e-01 1.780896616893664908e-01 -2.923005435461701815e-02 8.045304104710734094e+00 1.806817755841559503e+01 3.134894141259527700e+00 -1.330369177964513261e+00 1.754168749219042667e+01 1.439491284518305569e+01 2.343806814632012792e+00 -9.018214849119080556e-01 1.249798981631887962e+01 3.491078345620392209e+00 3.044312093902286520e+00
3.393095620710060434e-01 3.079724953718173674e-01 1.170327263602048418e-01 7.994978872646840012e-03 7.551373578486765048e+00 1.701613853292621314e+01 2.931255146599187622e+00 -1.223539530389729180e+00 1.654158151612050176e+01 1.362051456975933483e+01 2.212568821676724529e+00 -8.400875560490947969e-01 1.183223889837232257e+01 3.315917041329070170e+00 2.890256849109225090e+00
3.435164896197421824e-01 -1.990885508941015181e-01 -1.260450992724352071e-01 7.521346747809037891e-02 6.555265691068433043e+00 1.467767167458011457e+01 2.531242802600807806e+00 -1.067255450830321362e+00 1.432322301750407334e+01 1.176408992393640851e+01 1.915376855821699253e+00 -7.374416457019346005e-01 1.018684153024826955e+01 2.845718027307301501e+00 2.471519706848085196e+00
3.477107812306902690e-01 7.076908522635361187e-02 1.611029105908996437e-02 1.880277179187946415e-02 6.126431319760589744e+00 1.387804895662422311e+01 2.388446064809465419e+00 -9.893359636782751432e-01 1.346211552238116127e+01 1.111932166131305877e+01 1.809304806114667485e+00 -6.842743400186028779e-01 9.645528822822544868e+00 2.707627663323550760e+00 2.359235262172717285e+00
3.518857617074659383e-01 4.661658667483604135e-01 2.390732790410057262e-01 -8.490418354437560822e-02 5.708767331563301184e+00 1.301139174438922552e+01 2.242766696167199925e+00 -9.281514866566817901e-01 1.251944624095127878e+01 1.035456804411464304e+01 1.683440308223840942e+00 -6.342960807548732038e-01 8.977223602695893589e+00 2.522220425715387737e+00 2.198665703644450353e+00
3.560773577310688554e-01 1.962514884528829551e-01 1.046363600362690827e-01 -4.328897220280102098e-02 5.063763136620856642e+00 1.151459230046537918e+01 1.987756280178723411e+00 -8.266579692313573702e-01 1.112955275404749855e+01 9.198808828027702944e+00 1.499602111964430051e+00 -5.695313609511896136e-01 7.986751403788590054e+00 2.242562173632808076e+00 1.956189642552819352e+00
3.602869550449780967e-01 1.894961978462066932e-01 9.394644908630203628e-02 -2.165410801713586048e-02 4.595816154523395092e+00 1.051161515707874194e+01 1.809579266786918161e+00 -7.386970476604607372e-01 1.015652982670875382e+01 8.430047349094891729e+00 1.372565943814554545e+00 -5.109199101736132675e-01 7.318393137065429599e+00 2.062645281732482960e+00 1.798759132953251960e+00
3.644651285618699665e-01 2.038528480175278990e-01 1.080479714854251927e-01 -3.778951019020301144e-02 4.228238650797011111e+00 9.722453243083046814e+00 1.673846854558733277e+00 -6.783907778133534405e-01 9.350077531277124265e+00 7.781951221448379918e+00 1.267288829806939354e+00 -4.681932814385360020e-01 6.746196204407375774e+00 1.905923535108702715e+00 1.661178230646288112e+00
3.686396944457170921e-01 7.431601070172913492e-02 3.630434391512634557e-02 -8.085207442379258730e-03 3.723491760388182303e+00 8.568860898081707589e+00 1.471127787229886907e+00 -5.928481499424307355e-01 8.255325806484774986e+00 6.878328227481135926e+00 1.120896899479820075e+00 -4.142316822198121029e-01 5.961404769003022963e+00 1.684167596171638914e+00 1.467424812899644326e+00
3.728293470315630076e-01 6.459195380680109178e-02 2.633938647306650893e-02 5.482542757548400716e-03 3.389617815227204733e+00 7.835912578994884470e+00 1.341123263366436058e+00 -5.292221511686228119e-01 7.530923989367038551e+00 6.299885269334938975e+00 1.025856483222991278e+00 -3.714479339076136588e-01 5.452702126592437359e+00 1.546736758952753643e+00 1.346002137877420068e+00
3.770363921861874523e-01 7.790537576761867589e-02 3.370531362705916911e-02 2.878950799298177470e-03 3.058834925431328955e+00 7.089849156837899180e+00 1.212947777561165896e+00 -4.760321348937518460e-01 6.830401354907886358e+00 5.721004727556292302e+00 9.321773107759041554e-01 -3.367704576469441879e-01 4.965504983429184449e+00 1.409990008772785020e+00 1.229393550784676936e+00
3.812363453093803867e-01 7.288504625614339316e-02 4.161449298930326723e-02 -1.385463344415534433e-02 2.755275489062349425e+00 6.395991736532717020e+00 1.098420108774212256e+00 -4.339424026693649572e-01 6.126267827888599804e+00 5.132417244868459072e+00 8.393251752674183441e-01 -3.053879297364363588e-01 4.436852835597957068e+00 1.259330881998650842e+00 1.094645384624650664e+00
3.854150971210312249e-01 1.406433657589377939e-01 7.260983605401237495e-02 -2.036905919122486766e-02 2.550882849378443673e+00 5.962421600248245745e+00 1.021192763479585430e+00 -3.953194716420928012e-01 5.703610149888101333e+00 4.798038360634156341e+00 7.841061693669719723e-01 -2.798252578846406879e-01 4.153162495533447185e+00 1.183242302836966076e+00 1.029020103012807219e+00
3.896036578152083374e-01 7.712182507876844118e-02 3.181629217106111268e-02 4.546963384187349146e-04 2.269445816750502054e+00 5.316238046542479445e+00 9.071211744329592541e-01 -3.471105424198035472e-01 5.085235176791406353e+00 4.285993956479280165e+00 6.992211251450997089e-01 -2.473513533432830092e-01 3.707474250548154604e+00 1.057590359156486581e+00 9.197612648093894672e-01
3.937795161075864914e-01 6.188925816881310493e-02 3.213591432906453410e-02 -6.953714856944168132e-03 2.041051221032097018e+00 4.794603345194444088e+00 8.201121885329551997e-01 -3.124792209485576788e-01 4.572606591947690369e+00 3.861032526235933737e+00 6.311823498997525261e-01 -2.217228860543142555e-01 3.332235653775987405e+00 9.523717329263226006e-01 8.264222466945432277e-01
3.979440095093054186e-01 6.317029666939691368e-02 3.188447610441409730e-02 -4.523737418982924641e-03 1.819623910498388675e+00 4.282645819607913573e+00 7.336391134417122872e-01 -2.783941967624330438e-01 4.094421061768843906e+00 3.461851863392745976e+00 5.681346096490447195e-01 -1.993577720471056691e-01 2.996273548369865480e+00 8.575150432462029793e-01 7.460823430628016339e-01
4.021139069446590386e-01 8.306543381655018266e-02 4.457230455604452302e-02 -1.441882860363275475e-02 1.650705949607386369e+00 3.903303779446026578e+00 6.683327805462075943e-01 -2.521234778130123644e-01 3.706226270601432393e+00 3.140093515402536894e+00 5.141423170679092491e-01 -1.791167809992234017e-01 2.707581812494606943e+00 7.759485018120632072e-01 6.728066485460350021e-01
4.063125452039867413e-01 5.776044122476128861e-02 2.883512800380580096e-02 -4.581981322516544448e-03 1.464060894953100878e+00 3.471256241264334630e+00 5.936700765581057748e-01 -2.209391129405721965e-01 3.308237942677196841e+00 2.810328187360018770e+00 4.609947620215381070e-01 -1.587192067805600904e-01 2.432210712661872609e+00 6.990168035254196166e-01 6.080911598226764747e-01
4.105412315868290918e-01 1.038402355312433543e-02 3.854506512780258090e-03 1.399198193142978542e-03 1.291764276603051487e+00 3.062782353350014031e+00 5.234370847744852506e-01 -1.942279788661711581e-01 2.920095790609821940e+00 2.481413228343881450e+00 4.073210263046002089e-01 -1.402320050205236313e-01 2.142696400390848410e+00 6.155850489173985141e-01 5.343635844923874112e-01
4.147348487769681458e-01 5.153357666475551213e-02 2.497677174625276622e-02 -4.656560989843558374e-03 1.176645558604308306e+00 2.808745085592595725e+00 4.794486585203538431e-01 -1.747333869993447641e-01 2.658356540257187373e+00 2.267650657301990336e+00 3.717828548611680217e-01 -1.257316260033581878e-01 1.954927973216479709e+00 5.637106847407650223e-01 4.891208265930870880e-01
4.189107045044477284e-01 7.664893986964470100e-03 2.730555997138542270e-03 1.631971698394404230e-03 1.031521428642397264e+00 2.460606768142437062e+00 4.201813498529528568e-01 -1.532998668627295058e-01 2.339103111835307391e+00 1.995987997774421707e+00 3.277992980486447716e-01 -1.110763968235831817e-01 1.720571695413719127e+00 4.960905830220173063e-01 4.299213906386614714e-01
4.230974437456921922e-01 1.899615560886184357e-02 7.365226909275293839e-03 1.092372649972696633e-03 9.225121767493563718e-01 2.210396676807863336e+00 3.770789148432014959e-01 -1.353249449059988896e-01 2.092204686402995506e+00 1.790392069389187713e+00 2.940947336473203610e-01 -9.807110051486074564e-02 1.541306117871908743e+00 4.456415708616116578e-01 3.860168499882986048e-01
4.272931011032126136e-01 2.333438220452845047e-02 1.107052135975693588e-02 -1.550270790074354541e-03 8.371764641891994430e-01 2.012789230804464147e+00 3.438068370497885384e-01 -1.226390408387025288e-01 1.907253862772340769e+00 1.634953819449745716e+00 2.690589597615157813e-01 -8.924833270035267829e-02 1.411086695764691479e+00 4.085767704532268785e-01 3.546535289784265021e-01
4.314914587673138180e-01 2.980477922480967781e-02 1.483213541900360415e-02 -2.705377983334829057e-03 7.487360671766799536e-01 1.804350630412348000e+00 3.083313703055592936e-01 -1.093314818359170520e-01 1.700991609458428533e+00 1.459708387550290754e+00 2.402586937592542660e-01 -7.931484459129761744e-02 1.254228338455900982e+00 3.634142509740356797e-01 3.140953398188031653e-01
4.356511643511531418e-01 5.474515165887396811e-03 2.455636815088956156e-03 1.214565236469832563e-03 6.638087860194493706e-01 1.601779102183947590e+00 2.741179412896045942e-01 -9.647800880973365911e-02 1.512080006498065510e+00 1.299231132269244027e+00 2.145522823521503475e-01 -7.049948860411095475e-02 1.116545279192746154e+00 3.238321687853845665e-01 2.798887089576206910e-01
4.398424702607344750e-01 -2.227489184419872200e-03 -1.782602836955129652e-03 1.278700811791116986e-03 5.825628566651012141e-01 1.407757821727931180e+00 2.403333529009947511e-01 -8.407729359674963321e-02 1.330664348788228146e+00 1.145022387183537438e+00 1.889085102872532784e-01 -6.173373427026854210e-02 9.852846738960281403e-01 2.861827183751013970e-01 2.477840457296247301e-01
4.440501074980069407e-01 3.841124532341351570e-04 -6.786496045350442303e-04 1.692581453511529622e-03 5.203111441455539055e-01 1.261292489366544922e+00 2.153958439282615267e-01 -7.473386355392122593e-02 1.191837622871530833e+00 1.027600973370129678e+00 1.696143349822894220e-01 -5.495723654525620089e-02 8.852208642438511577e-01 2.576049264637893521e-01 2.232582577092550313e-01
4.482267968899237842e-01 6.014543391436967708e-03 3.306727104718860076e-03 -1.111613951488223725e-03 4.640666022779503241e-01 1.127124914690028845e+00 1.930396258287254418e-01 -6.697445494110129682e-02 1.061238631140576816e+00 9.153133139267657370e-01 1.514307211217042481e-01 -4.905415493835919155e-02 7.863061935909578803e-01 2.287895907907015747e-01 1.977613395885273739e-01
4.524052929840755577e-01 5.011458974096097072e-03 1.600959115063905341e-03 1.733910713980589026e-03 4.214119955061171319e-01 1.028490555156858610e+00 1.755187642035745954e-01 -5.908679692305720405e-02 9.683394846558676106e-01 8.387031388831931444e-01 1.387439741601735887e-01 -4.388529772507859805e-02 7.216892855922356631e-01 2.108285169332239639e-01 1.825424852410976462e-01
4.566090347930675253e-01 1.087150991536674390e-02 5.300689200962495698e-03 -6.817138752904082109e-04 3.724065248506471804e-01 9.122479671423829872e-01 1.559567136159973333e-01 -5.231153931920013572e-02 8.572892465980750387e-01 7.439501223863259627e-01 1.231911845544308021e-01 -3.866727254812479114e-02 6.402126203119814507e-01 1.874079120685363531e-01 1.622814807708264084e-01
4.608167319022857811e-01 9.148910938096554979e-03 4.159483583228010435e-03 2.976634035128428082e-04 3.255691234020564595e-01 7.981122337309267678e-01 1.365196498923733348e-01 -4.557102350569236515e-02 7.458672135221243726e-01 6.474755042326579835e-01 1.073217463910502018e-01 -3.368326147935674086e-02 5.535967821431863056e-01 1.620082564189278262e-01 1.394036829637163299e-01
4.649806979855051203e-01 -5.511754960951251517e-03 -2.760683962225713491e-03 9.860163084753387382e-04 2.866952408929712148e-01 7.028638329704429699e-01 1.204569771118267490e-01 -4.017107841000208679e-02 6.612900449321373886e-01 5.744931077980156564e-01 9.548145388140653889e-02 -2.983604129454099987e-02 4.939579150314867273e-01 1.447113370937039567e-01 1.252405787355441447e-01
4.691538386770017222e-01 4.819838799203121985e-03 2.062623769921959060e-03 3.306119291836114244e-04 2.572149303048154589e-01 6.336495924549935266e-01 1.083341028744314871e-01 -3.550695412763039960e-02 5.925183383375774993e-01 5.160620795484778256e-01 8.566799977908479136e-02 -2.642379578447861047e-02 4.418917784703482732e-01 1.296998176063876851e-01 1.117715390346876447e-01
4.733478629909182445e-01 3.808252137304087188e-03 1.676473422969911422e-03 5.339278788248951390e-04 2.274446631197948598e-01 5.620374004873707197e-01 9.603363224403703435e-02 -3.098659959160141725e-02 5.254465230489612226e-01 4.588451283160502880e-01 7.615279453287418510e-02 -2.310956700821776774e-02 3.935600973807715786e-01 1.158307505306302859e-01 1.000245134462647428e-01
4.775500538217637980e-01 -4.590680453315620479e-04 -2.340983999280934840e-04 4.420721372987532097e-04 1.998903502090163264e-01 4.939638342311489239e-01 8.461421145461359150e-02 -2.739700503535910658e-02 4.630784131211075905e-01 4.044635729607195529e-01 6.733256269347723255e-02 -2.048099455197834387e-02 3.469869825626744064e-01 1.021286732108688533e-01 8.815778091712775377e-02
4.817339644282710998e-01 -1.798277986623756037e-03 -1.071410882744221107e-03 7.772062923500248433e-04 1.747622735523716164e-01 4.323995304374704807e-01 7.402070776058523871e-02 -2.379883534590651953e-02 4.043539083239390819e-01 3.534375208340909680e-01 5.881482811496176188e-02 -1.781085126580360736e-02 3.025712772131107786e-01 8.910003806009612892e-02 7.674046220051941591e-02
4.859144464692263798e-01 -1.297727084559905774e-03 -9.712614071239328295e-04 8.868650762621430039e-04 1.536507396231969191e-01 3.813731325434206454e-01 6.523731877391815426e-02 -2.069549821073741330e-02 3.568832333676773549e-01 3.126468207241683839e-01 5.204989006844273902e-02 -1.557853206873711926e-02 2.681958805563732784e-01 7.915356150647630262e-02 6.835854131402707701e-02
4.901252990058800885e-01 1.176604654784202267e-03 4.338179597987698371e-04 3.372264184312603300e-04 1.387156037013110854e-01 3.455704372391407153e-01 5.918072849825997683e-02 -1.862294655754295064e-02 3.218416157954979151e-01 2.824384090331009123e-01 4.705619523129761506e-02 -1.396918613536644524e-02 2.417014825260425659e-01 7.142863755954238780e-02 6.152540207372272918e-02
4.943123444065962158e-01 -2.893004772303817162e-04 -2.913418384547483133e-04 5.612971187727868426e-04 1.196216337251429090e-01 2.986043221732779807e-01 5.110763193022761081e-02 -1.584227159397391671e-02 2.778488619503835522e-01 2.443184677159649099e-01 4.072080133497274490e-02 -1.191746963577667955e-02 2.087794414269612542e-01 6.181955000244401810e-02 5.320513480015124502e-02
4.984736335014697817e-01 -2.091821866620846484e-03 -1.192532309238140574e-03 5.735298010605109241e-04 1.055257821603932666e-01 2.632519229626990032e-01 4.512743715811639439e-02 -1.405456886161598161e-02 2.453872671514555071e-01 2.156552816244102777e-01 3.602592415522576363e-02 -1.059524295656133659e-02 1.843820798543936434e-01 5.456708833784464086e-02 4.695136696874045723e-02
5.026590164608074618e-01 -1.029101843970363361e-03 -7.153563913282032401e-04 4.836496121982981899e-04 9.348753425773644044e-02 2.339521068937635562e-01 4.004201686450094277e-02 -1.229919667928570763e-02 2.178806863029559837e-01 1.919212548198039880e-01 3.203445360543338838e-02 -9.296229525072263050e-03 1.644436774794831857e-01 4.877997423020648954e-02 4.210305674236257401e-02
5.068609875937976073e-01 -4.108149518109852397e-04 -2.474870843612753005e-04 2.577064934866887575e-04 8.236485811012309033e-02 2.067314241853277779e-01 3.544142711242070226e-02 -1.079052980593924599e-02 1.919726488369571382e-01 1.693883688933470744e-01 2.830852576180665006e-02 -8.142592871660319157e-03 1.447171691156536599e-01 4.298243765419129669e-02 3.697936876033590392e-02
5.110594965365916620e-01 -1.576617342129436753e-03 -8.556409035499513982e-04 4.355478815934058574e-04 7.166231567970861305e-02 1.801357835047692202e-01 3.089185093688915848e-02 -9.302712641970351318e-03 1.675350699228805584e-01 1.480608567388727037e-01 2.478354225831410837e-02 -7.054345451215872885e-03 1.266488625849168381e-01 3.768099227453643174e-02 3.246828052066309811e-02
5.152492140965455603e-01 -1.423350751478318034e-03 -8.345169287943495808e-04 4.350149628367280504e-04 6.340237968134034008e-02 1.598025829500657191e-01 2.737171998193167061e-02 -8.141409714807819331e-03 1.483845782687253645e-01 1.313682654402102690e-01 2.197421669678055467e-02 -6.186893658631734821e-03 1.121273098718791189e-01 3.340423527841655804e-02 2.870718010840998813e-02
5.194329442812991582e-01 -1.538951846244222908e-03 -8.530938019291685499e-04 3.586187054139403693e-04 5.509365810971335320e-02 1.388863972354208720e-01 2.382103545139429776e-02 -7.105350489432413728e-03 1.291395458469647428e-01 1.143188495579529479e-01 1.916074248163005672e-02 -5.426123328327037143e-03 9.766646341265514120e-02 2.908864613354883791e-02 2.501313442838967727e-02
5.236343964239100757e-01 -1.879769765048876782e-03 -1.075761022633843532e-03 5.183250263077920266e-04 4.793976906676536420e-02 1.211759618500761609e-01 2.076463217245931928e-02 -6.085201445336537764e-03 1.124726479352245179e-01 9.978873377081926010e-02 1.672267351005528313e-02 -4.656906010171926388e-03 8.519194836548064920e-02 2.543070635554641953e-02 2.186749502847357488e-02
5.278273205415198177e-01 -1.011998968030887501e-03 -5.860082496787817228e-04 2.990985810543029546e-04 4.289120637993881074e-02 1.086580962165655251e-01 1.862964271717893264e-02 -5.425389814460126157e-03 1.007466649932600988e-01 8.948664900807273836e-02 1.500628296589910822e-02 -4.149623348431331384e-03 7.644863196646202452e-02 2.284517481471571437e-02 1.966015985897316340e-02
5.319960279023402405e-01 -1.838938961581291728e-04 -1.644025206477357152e-04 2.060801225910975166e-04 3.733562527066320441e-02 9.494858365812917922e-02 1.627627970528643803e-02 -4.661586415027221472e-03 8.753794118101955457e-02 7.794467064154912694e-02 1.306261454853377933e-02 -3.546716831191227496e-03 6.637741953569660514e-02 1.987932529463622838e-02 1.706181198380660874e-02
5.361714592099571242e-01 -1.414350495220240990e-04 -9.069943852432092106e-05 8.320956217123189774e-05 3.256728682993352553e-02 8.275683600402915230e-02 1.421247192849704570e-02 -4.113173501276751361e-03 7.640418531510641265e-02 6.796299427742795440e-02 1.141180347393212606e-02 -3.136041642367683353e-03 5.796954017631214540e-02 1.734359071018773402e-02 1.491146052562748736e-02
5.403746330902056139e-01 -1.190873063730027529e-04 -6.089956506240921111e-05 4.554473224203241276e-05 2.883284255349700259e-02 7.352550586592046522e-02 1.263433470925244204e-02 -3.603190368395647360e-03 6.782600330618133999e-02 6.047084658742986341e-02 1.016094632246660606e-02 -2.747127872697480936e-03 5.158949400354114617e-02 1.546794716110157751e-02 1.330008859922222723e-02
5.445761264886261888e-01 -2.850992816321919351e-04 -1.553683280810140913e-04 8.706214255935008147e-05 2.503166038188004566e-02 6.395185669068287337e-02 1.098530869830847100e-02 -3.092620502808919418e-03 5.895333294005913188e-02 5.264569522151243269e-02 8.850713679594600716e-03 -2.366904202816510518e-03 4.489620429584890993e-02 1.348185478413659391e-02 1.159057232172909686e-02
5.487504490749764985e-01 -5.590806388867463434e-04 -3.120057795218261223e-04 1.279372119679766235e-04 2.155919284053936513e-02 5.509567242909666623e-02 9.459044872042091101e-03 -2.657368638333380308e-03 5.075811394436186008e-02 4.534044678480773222e-02 7.620244878623175927e-03 -2.036979220991659394e-03 3.855136116701259746e-02 1.157509235066123479e-02 9.915900939919151252e-03
5.529407179677009454e-01 -8.497616963724127347e-04 -4.643951421263133646e-04 1.468349638274964218e-04 1.869232247609097994e-02 4.783630826798464936e-02 8.205089888257712655e-03 -2.281049560628625392e-03 4.417561958695710722e-02 3.951794399678271175e-02 6.644762467391648192e-03 -1.758967725262054575e-03 3.369399133856575135e-02 1.013329308784967006e-02 8.706692077542262792e-03
5.571409157079509900e-01 -3.434535600583688963e-04 -2.030116991413380965e-04 1.114283813374066705e-04 1.635942329867349360e-02 4.196352393893157395e-02 7.205607395759506921e-03 -1.982600950619816966e-03 3.867226646789032052e-02 3.463397981492808558e-02 5.829298539620218420e-03 -1.530072280093441655e-03 2.951702719566228275e-02 8.885482407997287099e-03 7.629714692911426267e-03
5.613298693710127019e-01 -5.908091148733064790e-04 -3.228325399113620938e-04 1.143095103674402510e-04 1.409526611118843559e-02 3.616377749774649097e-02 6.209526296981185238e-03 -1.702996125888698795e-03 3.332558474826457368e-02 2.986114045363963063e-02 5.028634618446328579e-03 -1.315528441290018903e-03 2.540991339742569924e-02 7.652460239838233293e-03 6.560342115931846844e-03
5.655062246218995892e-01 -5.807569204491208744e-04 -3.209526980852717170e-04 1.235080197274785049e-04 1.224833968821768121e-02 3.151153059886094288e-02 5.409748042114507875e-03 -1.459218995715282118e-03 2.904367096552262426e-02 2.608014014888206111e-02 4.394660681244610088e-03 -1.132346697895951753e-03 2.221608151227045039e-02 6.703967039935061246e-03 5.755839671375508580e-03
5.696867424029971039e-01 -6.897018243586937498e-04 -3.768052774064278745e-04 1.304101096985170818e-04 1.054426090682171469e-02 2.716001731237283404e-02 4.661198307355384277e-03 -1.247251984849594673e-03 2.501000532007366037e-02 2.248214032760707803e-02 3.789200582471605183e-03 -9.691578981991631628e-04 1.911848024369317695e-02 5.774595129114405354e-03 4.949222246077150493e-03
5.738956954203543459e-01 -3.151044075721770956e-04 -1.763443734744111102e-04 7.303755041686947071e-05 9.445307588812663566e-03 2.439965744550454813e-02 4.191632946875999306e-03 -1.112168220345692614e-03 2.240915855625415579e-02 2.017109024482482624e-02 3.401374244252038711e-03 -8.607893942351005530e-04 1.717340784891177585e-02 5.194438320973129158e-03 4.459737938386707824e-03
5.780928920821047923e-01 -7.157051680973099085e-04 -3.862280252750914435e-04 1.168908574352946547e-04 7.844665592373362834e-03 2.023125128461648187e-02 3.475287233445356876e-03 -9.233989991920024372e-04 1.865707995400548574e-02 1.678745912166838480e-02 2.834783180332888820e-03 -7.213446948731086624e-04 1.426859901823840718e-02 4.312829989955085583e-03 3.692856604947398601e-03
5.822632071880226023e-01 -3.031097410339639287e-04 -1.669654776350044489e-04 6.067368769898708465e-05 7.011529681532653949e-03 1.814609088282563912e-02 3.117530804487704185e-03 -8.179345008579518798e-04 1.665976253938966992e-02 1.501501957639343569e-02 2.534649334948227938e-03 -6.363634563102496013e-04 1.276668443063483371e-02 3.865296542281567143e-03 3.312355464154754896e-03
5.864430803127811398e-01 -3.668388020063112704e-04 -2.067570925552937643e-04 7.756828275525260222e-05 6.026960172513248087e-03 1.562372597166738174e-02 2.681172348368787706e-03 -6.933063366465877552e-04 1.431453524839152586e-02 1.292094014807975734e-02 2.180024698107512360e-03 -5.404886535471923768e-04 1.095412527841871202e-02 3.320517205095834673e-03 2.837644146018650140e-03
5.906376733072625784e-01 -3.321060730553438193e-04 -1.822653090999715880e-04 5.986467220268570726e-05 5.210210992458164103e-03 1.352960666335542052e-02 2.322630633336884680e-03 -5.961220911250129538e-04 1.245521636447804309e-02 1.125714284195857701e-02 1.900716256226403587e-03 -4.666395067475058033e-04 9.589534375862823756e-03 2.911274082414362814e-03 2.499046086641077118e-03
5.948356627105599870e-01 -3.029431150330827395e-04 -1.647752958834613481e-04 4.883499050253457314e-05 4.476920156018111309e-03 1.162770073581086833e-02 1.997100640527950041e-03 -5.140474929939570789e-04 1.068123046430240024e-02 9.652890812412641408e-03 1.630382398704539968e-03 -4.019380002380078688e-04 8.206938816612158530e-03 2.490752079421490375e-03 2.134522360475427961e-03
5.990145239901687457e-01 -2.093302567188887718e-04 -1.129330796246850576e-04 3.678481425084039684e-05 3.855918750712410050e-03 1.003719495635627124e-02 1.725948141129644148e-03 -4.396850253914387236e-04 9.194263122720286452e-03 8.318787266427688301e-03 1.406675411809993684e-03 -3.433264123979164607e-04 7.063358458232366598e-03 2.145808040081307981e-03 1.837134740798115591e-03
6.031829950841108845e-01 -2.541510807910816018e-04 -1.376097159645497080e-04 4.297198140260472356e-05 3.324208375003361200e-03 8.668692284111248827e-03 1.488087390224583683e-03 -3.726623141780337992e-04 7.933759179809029075e-03 7.191632313149836676e-03 1.214805533928684693e-03 -2.916851911243922152e-04 6.096732117616784040e-03 1.855352096928604899e-03 1.586668378378573111e-03
6.073740526175752663e-01 -3.098797501049041806e-04 -1.684108495926428149e-04 5.141648262431231740e-05 2.836645822370190227e-03 7.398363701485805889e-03 1.269292567605099847e-03 -3.154490635718917098e-04 6.807035784643021906e-03 6.175917333516685141e-03 1.043990161387296604e-03 -2.491797442936028589e-04 5.248797700434760030e-03 1.598750286068751063e-03 1.369003623793041890e-03
6.115768023320514724e-01 -2.043599542463959170e-04 -1.097114213149416546e-04 3.081283451795530467e-05 2.472583190062592820e-03 6.461544841619546245e-03 1.109565773873068782e-03 -2.747725636952989933e-04 5.906046377767963478e-03 5.361779552846436710e-03 9.062196766190699004e-04 -2.150812151248185356e-04 4.543508435588173092e-03 1.384644056193238409e-03 1.183425667444538542e-03
6.157710000000914397e-01 -1.291793409803746503e-04 -7.099835964887852267e-05 2.369703786368450183e-05 2.153796714053213615e-03 5.642786748801839440e-03 9.691188100144948643e-04 -2.370261180950534747e-04 5.150786238501705444e-03 4.681826801982604501e-03 7.918918313025662516e-04 -1.861986715467485432e-04 3.970666833218565624e-03 1.211380138724939054e-03 1.036607718977100665e-03
6.199632023912512446e-01 -1.633653731205390554e-04 -8.849517394156225666e-05 2.551407720003210307e-05 1.817367589257527609e-03 4.761710472184725942e-03 8.176070080551080472e-04 -1.991951593559879521e-04 4.362798443589296568e-03 3.968029309164154000e-03 6.714518321299884967e-04 -1.572570902659327515e-04 3.369561159986129463e-03 1.028619539930366623e-03 8.806951736729584168e-04
6.241630060990407403e-01 -1.161826712454049016e-04 -6.348389264385885598e-05 2.014256548186331175e-05 1.575664197731896235e-03 4.132479369468040030e-03 7.101337175952311198e-04 -1.721567062508086183e-04 3.768156624745708227e-03 3.428816491571567635e-03 5.806312600517729398e-04 -1.354908474320717731e-04 2.902818002683446932e-03 8.863945419849031220e-04 7.571356238421640510e-04
6.283593402461892241e-01 -1.059242139071361151e-04 -5.799757639971678871e-05 1.896430576862637453e-05 1.354052146712492969e-03 3.562606623455034406e-03 6.116249355677435672e-04 -1.452045603466830224e-04 3.252854618966535914e-03 2.966859009433868259e-03 5.021320077234736308e-04 -1.146931324792656569e-04 2.515201356446603899e-03 7.697400195225489279e-04 6.581172143177126121e-04
6.325410955997395890e-01 -9.801496557974190922e-05 -5.352077650673556870e-05 1.694951179665720196e-05 1.163767942285522626e-03 3.064980205748983090e-03 5.260534012606515094e-04 -1.239266549236255912e-04 2.794448944037219214e-03 2.550516142920231707e-03 4.317423720202122036e-04 -9.795668901264966463e-05 2.160284959547156304e-03 6.615456907077905870e-04 5.653003315799019074e-04
6.367142920629192959e-01 -5.439218295686170729e-05 -3.036053502126967579e-05 1.108439545052300762e-05 1.005661926524295362e-03 2.653780531802803298e-03 4.555671739110104678e-04 -1.066057974979853337e-04 2.415130177924468702e-03 2.206343226976509569e-03 3.734191027912292472e-04 -8.416460247688153744e-05 1.870124548286869600e-03 5.731779570548044571e-04 4.904664309647262027e-04
6.409035099394975177e-01 -8.153068519525493232e-05 -4.433655130465412667e-05 1.312377551837197955e-05 8.412653024273524785e-04 2.219167262803762013e-03 3.808794261454852563e-04 -8.866601662071742424e-05 2.019615046128860492e-03 1.845767427949920837e-03 3.125438621398344912e-04 -7.013600100438621113e-05 1.560065549677666901e-03 4.782683206300683489e-04 4.079558046704012133e-04
6.451032402190634008e-01 -8.587581556392905383e-05 -4.622873344065006330e-05 1.225639847492916746e-05 7.086386389977196876e-04 1.869843144951093168e-03 3.209016605038368013e-04 -7.455131118542397131e-05 1.702087152495331815e-03 1.556110564855608339e-03 2.634633228978156580e-04 -5.896883748525918339e-05 1.313967912035305654e-03 4.029196004712990494e-04 3.433176336440085666e-04
6.492879941711476866e-01 -7.021203407116319284e-05 -3.767347700487964310e-05 9.797806731191063936e-06 6.171802162654333465e-04 1.631998804539666831e-03 2.800614864401328717e-04 -6.429834274088410870e-05 1.487314343799798523e-03 1.361808084772493004e-03 2.306249642935036823e-04 -5.097759902715318802e-05 1.151998743202954688e-03 3.537867636267254148e-04 3.019377943624997757e-04
6.534659541563927476e-01 -6.561569148912393707e-05 -3.487137024709230176e-05 8.396127379261973173e-06 5.230648913645180630e-04 1.382851343565427021e-03 2.375889212969386436e-04 -5.474297862783814809e-05 1.258966188136631309e-03 1.152263122242899555e-03 1.953932744292158200e-04 -4.344544669720290362e-05 9.738768038586839747e-04 2.989195669819614100e-04 2.549655259944463587e-04
6.576591076962554627e-01 -5.164055871626885465e-05 -2.782162257147343591e-05 7.607964061466859799e-06 4.493532066821693096e-04 1.191138994121709220e-03 2.044736355178942966e-04 -4.612687688142733821e-05 1.085803202782128097e-03 9.957856068474012223e-04 1.688353288742653778e-04 -3.678785005327647213e-05 8.430706553843743921e-04 2.592867874927805771e-04 2.214781855071958907e-04
6.618529307405217610e-01 -4.216198045728385455e-05 -2.270177538929622567e-05 5.910379228474887984e-06 3.875873370310134501e-04 1.028748999270009522e-03 1.765638554638653511e-04 -3.959338164734810202e-05 9.353436604979386160e-04 8.584353320688050196e-04 1.454921579636023448e-04 -3.147072242265379794e-05 7.259333732481626326e-04 2.234126028918117862e-04 1.906672401990408018e-04
6.660240791386257131e-01 -3.891380832789174808e-05 -2.087470283758633847e-05 5.287426826718113778e-06 3.264894483844173342e-04 8.670012215513129422e-04 1.488238876523438213e-04 -3.326495231492798433e-05 7.880247273760188076e-04 7.235337653144736317e-04 1.226667670669874912e-04 -2.648377891815676758e-05 6.110053740384607628e-04 1.880869313785117375e-04 1.602824876730636963e-04
6.702067828716186115e-01 -2.847695932379485761e-05 -1.528772918212652592e-05 4.074411013545631879e-06 2.776791041046938551e-04 7.392399280388199873e-04 1.268505407111193998e-04 -2.791339947739610052e-05 6.717006856031378570e-04 6.177120252425666877e-04 1.047055777473199369e-04 -2.222423308283783005e-05 5.222828657296845530e-04 1.610286148098092273e-04 1.374400081039854854e-04
6.744172070879622671e-01 -2.506793264793226786e-05 -1.365503767708320649e-05 3.753082953709703501e-06 2.368777438308589697e-04 6.311951291043671475e-04 1.082310777090717902e-04 -2.358536357425560718e-05 5.735341528244669498e-04 5.278660863415333060e-04 8.944903846889474001e-05 -1.883396041843831477e-05 4.464998413065874878e-04 1.377770029969729013e-04 1.176490360844959036e-04
6.786118453466847278e-01 -1.968672924017905693e-05 -1.050372280585024018e-05 2.575593771173145728e-06 2.034721303565490747e-04 5.425341329420771668e-04 9.316683666034204976e-05 -2.033921646531745855e-05 4.923951077371832878e-04 4.531914782439060976e-04 7.687202913484405165e-05 -1.620540074006192449e-05 3.834353092549149205e-04 1.183058591204309780e-04 1.010440719531452550e-04
6.827984616056306244e-01 -2.198698835805102362e-05 -1.163051342015709057e-05 2.753308569419094141e-06 1.723248831969420255e-04 4.599235003517095489e-04 7.896056526713777449e-05 -1.700673497650945557e-05 4.179120193912792109e-04 3.850982183788339013e-04 6.534183138638123111e-05 -1.360165044667914399e-05 3.257952301858957692e-04 1.006441818727814909e-04 8.595166057967795769e-05
6.869817177358829019e-01 -1.745239043443704084e-05 -9.233640674239422272e-06 2.174968289722944725e-06 1.445479480575251145e-04 3.859632961962284237e-04 6.625247036420429351e-05 -1.425151970853662731e-05 3.504989991447920528e-04 3.230990563616403756e-04 5.481546363770388848e-05 -1.138771354156856508e-05 2.732098966559281692e-04 8.442368887611686361e-05 7.206907470187186250e-05
6.911718524128840357e-01 -1.728441497475797882e-05 -9.245903347439552746e-06 2.239084637089607981e-06 1.223035852746093873e-04 3.271768852479089258e-04 5.610943087264348705e-05 -1.188910618030043686e-05 2.967919754699134744e-04 2.739260991395909791e-04 4.647056434703502627e-05 -9.531127543323923785e-06 2.312986483187001372e-04 7.155129027993198832e-05 6.101669621341613490e-05
6.953555746427921846e-01 -1.402004848067788313e-05 -7.506155852705912774e-06 1.813496956177585171e-06 1.036910047850704455e-04 2.776687372846117384e-04 4.763747461049157815e-05 -1.003010782296169718e-05 2.512050699225318534e-04 2.320216212982576670e-04 3.936705693812996265e-05 -8.029652489203525383e-06 1.954817318405936135e-04 6.050380129917889223e-05 5.148613832821232324e-05
6.995344561305086861e-01 -1.335628615378579203e-05 -7.142638018453730638e-06 1.606656665729397476e-06 8.795075517250731468e-05 2.358085190793559986e-04 4.043690829960242553e-05 -8.429630866172080345e-06 2.139754118694532127e-04 1.978327149796082595e-04 3.356100758660855970e-05 -6.767247695019474228e-06 1.669557935833461079e-04 5.172472413772179938e-05 4.406289092936139932e-05
7.037287066792784485e-01 -1.002412444779247359e-05 -5.366018213162827532e-06 1.256399886644405260e-06 7.508221300788698780e-05 2.014550345395293464e-04 3.455249398576984161e-05 -7.179290323094023801e-06 1.824747691507394522e-04 1.687639943937072388e-04 2.863823774601105210e-05 -5.760194700643470781e-06 1.424236334306036795e-04 4.413860270613921815e-05 3.761852336230266493e-05
7.079143033440539190e-01 -6.759019038255694498e-06 -3.616428033208038230e-06 7.922235017179665438e-07 6.353548803289200606e-05 1.707471990295686881e-04 2.931361902365380365e-05 -6.072199373958089362e-06 1.543510202405805061e-04 1.428293612517138702e-04 2.424337797389980001e-05 -4.858793054604955557e-06 1.205425547889076298e-04 3.736616487541829829e-05 3.185539143260606755e-05
7.121186686741065586e-01 -6.848345471716800386e-06 -3.619199266408240757e-06 8.301312920787524756e-07 5.357693870723184921e-05 1.440648832387901926e-04 2.470982130675612867e-05 -5.042625035817698588e-06 1.303396020186267765e-04 1.207292159697514572e-04 2.049162240142757786e-05 -4.053122682324632267e-06 1.018855458711561969e-04 3.161819437752893245e-05 2.693770351309158286e-05
7.163134555705721329e-01 -7.117151422167693450e-06 -3.773931279769925897e-06 8.479156253251892861e-07 4.500752543905134996e-05 1.211516817585674529e-04 2.077291200884493668e-05 -4.187481050295023915e-06 1.097296766427798849e-04 1.017429325423589015e-04 1.726492293135652541e-05 -3.370826864368994255e-06 8.585559595426661846e-05 2.667804116421434511e-05 2.273740393282309204e-05
7.204913713645887396e-01 -5.881941129700246346e-06 -3.118093020782117123e-06 7.240499493616558595e-07 3.774569354600407277e-05 1.017129013649748648e-04 1.743640854800183269e-05 -3.482791544993815032e-06 9.223521270621383526e-05 8.559252010666773883e-05 1.452736339481531581e-05 -2.809668471866053970e-06 7.232408241118285235e-05 2.248502085727031323e-05 1.917891293975348654e-05
7.246803275165087932e-01 -4.130422142874444990e-06 -2.201424170168687049e-06 4.900216892672595171e-07 3.184468310433761031e-05 8.589031563244085767e-05 1.472962088224037325e-05 -2.940615868135065991e-06 7.742732291032829400e-05 7.189027135368217735e-05 1.219866650460882889e-05 -2.359713210047420183e-06 6.048339453175388209e-05 1.881040699425794112e-05 1.597787358965488242e-05
7.288763115175647123e-01 -4.226966702395638137e-06 -2.203726439722186273e-06 4.876688367222418445e-07 2.652259182043494840e-05 7.148318155084421618e-05 1.225397507405796915e-05 -2.431612946559998780e-06 6.466174882407227191e-05 6.002720656822797666e-05 1.018702380276707027e-05 -1.964677455371174146e-06 5.056561045486087009e-05 1.572155704783267669e-05 1.338351280363524911e-05
7.330585840505703388e-01 -3.335364885504391036e-06 -1.777261774242056761e-06 4.051677470430535209e-07 2.250169894570008792e-05 6.084974552589723511e-05 1.042821302176607022e-05 -2.038213843264860587e-06 5.487931140042660448e-05 5.106177172985455867e-05 8.667085891949906110e-06 -1.649144679820438430e-06 4.297672819608313449e-05 1.339052474656916859e-05 1.138047987315680345e-05
7.372316440474646626e-01 -3.293961477947230646e-06 -1.789820502263068783e-06 3.843184097924088401e-07 1.860293316723744106e-05 5.028844861956786253e-05 8.609206677939709428e-06 -1.670119319174852158e-06 4.544196158980004881e-05 4.228220519281607984e-05 7.174958954439456672e-06 -1.351011380989829628e-06 3.559029885009912345e-05 1.108616098912339628e-05 9.430589631692571560e-06
7.414228560306842519e-01 -2.322539408056547933e-06 -1.190844174127192203e-06 2.507058733414324274e-07 1.608454634700244327e-05 4.350399949086033579e-05 7.464959363219054336e-06 -1.445188644134620896e-06 3.930810186398326240e-05 3.657646146836623582e-05 6.215388948954002158e-06 -1.169320838157760271e-06 3.084764994661918678e-05 9.611192877491544104e-06 8.190660273352517730e-06
7.456189213758863676e-01 -1.848282649842954277e-06 -1.009789148905990117e-06 2.309758695324110469e-07 1.342477363903589934e-05 3.634253140727854495e-05 6.229298796946278198e-06 -1.195619265163638231e-06 3.278704596174349486e-05 3.051614089771083043e-05 5.185474279455913924e-06 -9.683276334838903145e-07 2.572923815584814817e-05 8.017464401836205151e-06 6.829382970037071296e-06
7.498104337627916616e-01 -1.857779604570961348e-06 -9.477328496848262323e-07 2.107918850789737576e-07 1.120197562018694159e-05 3.032507780409585696e-05 5.206752065624455486e-06 -9.904443103601303356e-07 2.740796375766406761e-05 2.554384346675409568e-05 4.338583359710095399e-06 -8.013504708811045001e-07 2.153618353233821404e-05 6.720848925111508934e-06 5.719472161867996337e-06
7.539974189770904944e-01 -1.596458591200551475e-06 -8.322541055775832098e-07 1.711981644837773172e-07 9.337795989399416208e-06 2.533098120958464516e-05 4.338949559732237080e-06 -8.208792275985108114e-07 2.283461994641349863e-05 2.129289388765595104e-05 3.614584135392021912e-06 -6.656127620487801538e-07 1.792578059948350843e-05 5.598538978683117244e-06 4.764271402595012358e-06
7.581896411468850294e-01 -1.280499767296980300e-06 -6.702992340692118438e-07 1.344529837711369001e-07 7.771002376641646039e-06 2.114728363347724227e-05 3.612716981723519689e-06 -6.785915652152603503e-07 1.902763238114125311e-05 1.777318620281435787e-05 3.015102894938286198e-06 -5.535686708685265598e-07 1.493298348655099962e-05 4.668578320497686695e-06 3.966665850763017513e-06
7.623808615479977790e-01 -1.088003398548112313e-06 -6.112420115151476527e-07 1.234845127951723230e-07 6.520972524415732005e-06 1.776770453203179939e-05 3.034537780837838994e-06 -5.657431100294264947e-07 1.594521157346262460e-05 1.491873034691657240e-05 2.529282989680497896e-06 -4.582383495548535897e-07 1.254191502427108740e-05 3.924661324368190589e-06 3.336295317953261457e-06
7.665651159623174671e-01 -1.031057527962373793e-06 -5.324895008400408078e-07 1.147848494858710555e-07 5.377444437234394885e-06 1.463877916495691402e-05 2.507696081948264198e-06 -4.589520287071858636e-07 1.317003757330026972e-05 1.230643861144610516e-05 2.092612371000857800e-06 -3.763007202113839202e-07 1.033288014372604727e-05 3.232087060145347474e-06 2.740842566239358926e-06
7.707536355579491794e-01 -8.565461399593251113e-07 -4.602767440960830076e-07 7.969644945904140793e-08 4.512629681680881708e-06 1.235822059720347571e-05 2.113158821695567749e-06 -3.882753491080241728e-07 1.105563855296746722e-05 1.039143027882491023e-05 1.764047885695145038e-06 -3.159393408037432607e-07 8.718862953123386700e-06 2.732668871267210048e-06 2.316721379556384108e-06
7.749462413082437440e-01 -7.724280190775633390e-07 -3.913256492827274120e-07 8.503765850598812807e-08 3.742471264253520461e-06 1.027670465321448743e-05 1.757723331015653333e-06 -3.134269913965733202e-07 9.246238781509563641e-06 8.669608656907026626e-06 1.469743109182276705e-06 -2.578002188910891316e-07 7.260479414389327954e-06 2.282925167140101909e-06 1.930688064121329744e-06
7.791369682448587852e-01 -5.178624684130118479e-07 -3.210467463576682725e-07 6.041062380364099094e-08 3.145504216032833369e-06 8.625140163932507799e-06 1.470874986674422108e-06 -2.646761546096373888e-07 7.754858725763327622e-06 7.244472531851992578e-06 1.229191189108293515e-06 -2.148927733720011087e-07 6.087441902394769133e-06 1.907405166263810998e-06 1.621759337796139464e-06
7.833258353347896108e-01 -5.013052043275040187e-07 -2.703965034355193602e-07 5.084904204794630104e-08 2.621426147913096953e-06 7.166630401886983868e-06 1.225708844345925156e-06 -2.215663772750120149e-07 6.452512202318013921e-06 6.054473807379429014e-06 1.027082387611329763e-06 -1.797428624503049751e-07 5.095162251035376660e-06 1.591761517094114894e-06 1.361453115532977988e-06
7.875159900600451346e-01 -3.829195489888526184e-07 -1.960291181506287615e-07 4.978883679450951683e-08 2.210746404096651593e-06 6.028421100902099881e-06 1.028169199588253510e-06 -1.790567318037681621e-07 5.421602506561963466e-06 5.068346969329809062e-06 8.593991366847109631e-07 -1.465295258085748192e-07 4.255888611302748705e-06 1.336869816547449729e-06 1.132731634555958708e-06
7.917084457625156446e-01 -2.949753420725399570e-07 -1.758680911698394062e-07 2.930609556277021053e-08 1.869819654539628610e-06 5.011908425031593265e-06 8.520385782509030456e-07 -1.505001679353955315e-07 4.518534234244018660e-06 4.209046832159413622e-06 7.139654164432068940e-07 -1.223691350376849347e-07 3.536818608578887213e-06 1.106326590297943838e-06 9.442766697779444627e-07
7.958821468706197555e-01 -2.800806409031434234e-07 -1.571141997682652562e-07 3.297988626725186992e-08 1.504949226062955126e-06 4.046491342776704930e-06 6.993467211408518275e-07 -1.193917272392589915e-07 3.695669983875085510e-06 3.428854484191211721e-06 5.859337054548074055e-07 -1.008376952752739137e-07 2.899696696894473817e-06 9.054618255970243559e-07 7.795607070828377022e-07
8.000624692379799674e-01 -2.849114186223885172e-07 -1.328136994630290062e-07 3.343793250369361095e-08 1.267960627545508466e-06 3.465718383016085577e-06 5.838122647784920387e-07 -9.950195799254620906e-08 3.052738767620323446e-06 2.905913267189285128e-06 4.877684939467257264e-07 -8.165127290912983431e-08 2.416232590391526689e-06 7.628801537965395515e-07 6.418596536764542927e-07
8.042564613727184453e-01 -2.504299628215284884e-07 -1.181442773627397169e-07 2.837428210560093134e-08 1.041258674113478594e-06 2.797398807705387131e-06 4.808363193508124040e-07 -8.181157592679896483e-08 2.538698694951256608e-06 2.382673749783549979e-06 4.026975537418507685e-07 -6.641346776743319858e-08 2.014382566858359267e-06 6.304869579080541032e-07 5.347726113936688445e-07
8.084384822996342201e-01 -1.463829635720863630e-07 -8.491521904614896557e-08 1.193241521499121319e-08 8.746095451290265818e-07 2.367471009835499711e-06 4.053289454576435651e-07 -6.968412895347843119e-08 2.099919536697904893e-06 1.990005807245654801e-06 3.379011384174358627e-07 -5.695087769243587066e-08 1.658465354733653334e-06 5.233221685131405862e-07 4.433044890742619566e-07
8.126333810499198895e-01 -1.228917373400941691e-07 -9.241982622372586658e-08 1.619067600991267287e-08 7.468431694694171794e-07 1.951976879237734402e-06 3.305985908114251409e-07 -5.818595924517960840e-08 1.787034066138100795e-06 1.658875006232310093e-06 2.780912445728942115e-07 -4.744668661860577085e-08 1.391684583959814782e-06 4.365060891766915325e-07 3.706482578132835322e-07
8.168271958201180905e-01 -1.190057197272267147e-07 -7.592792183585845979e-08 1.907185611449734851e-08 6.058565209567446012e-07 1.586386190677444301e-06 2.698961446744442037e-07 -4.437105099941722855e-08 1.403498861342260800e-06 1.338697643246214071e-06 2.310237702034986903e-07 -3.627607073496104775e-08 1.138362703134182614e-06 3.543286260433535972e-07 3.023985542478223092e-07
8.210214995694952167e-01 -7.976491635192094718e-08 -4.478311303558812668e-08 9.771179655562546896e-09 4.959802941703210469e-07 1.362706041396073761e-06 2.297581227225595540e-07 -3.936138485761267417e-08 1.171301921761289066e-06 1.121510577240705075e-06 1.899849628898927198e-07 -2.995343195904321309e-08 9.318398586171425666e-07 2.936649409087581673e-07 2.474478366836537853e-07
8.252154145000215602e-01 -1.311129310660233913e-07 -5.323682396111455605e-08 1.107223422343093478e-08 3.911615548903725948e-07 1.085230448474086373e-06 1.847948377591276553e-07 -3.234552279289433723e-08 9.254104231777643417e-07 9.125901801843511216e-07 1.549999963962817276e-07 -2.622073010821520910e-08 7.488414694456562298e-07 2.413551031849237129e-07 1.999737453868003905e-07
8.294030907808404018e-01 -9.259839237168608980e-08 -4.097770998323734199e-08 5.740408996824346222e-09 3.501486525396799245e-07 8.986286994690870442e-07 1.541626518790127093e-07 -2.467832835950696774e-08 7.995986887053458736e-07 7.535704198397044466e-07 1.296470860692162672e-07 -2.115524618471864443e-08 6.290476109821786923e-07 1.999689803945489947e-07 1.682451182407302179e-07
8.335906150371191758e-01 -5.016550934810806153e-08 -3.437351558112592720e-08 2.002456872900776706e-08 2.563067457619739995e-07 7.278389294156973179e-07 1.254063201176108432e-07 -2.113097143608145279e-08 6.700978830252755642e-07 6.069354922674965645e-07 1.039428814476614769e-07 -1.602724033782604696e-08 5.251911593711540370e-07 1.626587202140847891e-07 1.424947520170993785e-07
8.377685032221774408e-01 -1.114375867946123301e-07 -2.713738789903933193e-08 2.967229787430615711e-09 2.246716963986845885e-07 5.107842263607774866e-07 9.890413256121241185e-08 -2.100431626980466899e-08 5.212884784316501232e-07 4.647187636607436753e-07 8.621417517729549017e-08 -1.476127680376861123e-08 4.021115632100549039e-07 1.257719076408147853e-07 1.143076824565275361e-07
8.419567297582307708e-01 -5.359786487220215333e-09 -2.337929845542130248e-08 1.979465643130586630e-09 1.980659092349908507e-07 4.936308438119125205e-07 8.736607926502106975e-08 -1.668972715354352340e-08 4.578318648711659245e-07 4.288659861198428792e-07 7.413540269641800629e-08 -1.228968297154283732e-08 3.643759678613099714e-07 1.126461136227221202e-07 9.687649058450672278e-08
8.461556544987137718e-01 -1.684523879753587493e-08 -7.964841651053037812e-09 2.571620847667423174e-09 1.653388444119824911e-07 4.318048152938940009e-07 7.148995092542043761e-08 -1.225560431746606285e-08 3.871779177730681951e-07 3.638154891825405560e-07 5.834825160840252868e-08 -7.937614190855758984e-09 2.990295931121815771e-07 9.232630725354252192e-08 7.996438109852147879e-08
8.503430790983292908e-01 -9.144095207976307030e-08 -2.014402094814807577e-08 -1.748171744260740405e-09 1.036084067708380860e-07 3.032316063747627910e-07 5.885509824891750412e-08 -1.023131622110128045e-08 2.917780842218516080e-07 2.799681407093968838e-07 4.907919739189898914e-08 -7.672560864719045468e-09 2.277386408422465391e-07 7.371316106781550395e-08 6.587441722856687976e-08
8.545245840949285965e-01 -9.072251140109390756e-08 -1.230714905157109655e-08 3.803589883922513602e-09 1.091818387127699657e-07 2.552103499641815370e-07 4.865561938225698596e-08 -7.237112781203721933e-09 2.608729976548780159e-07 2.341889865090890978e-07 3.928137851884339542e-08 -5.460088479057246708e-09 1.890671400287881218e-07 6.135238091238816428e-08 5.027752230967324221e-08
8.587196449246210506e-01 -6.561728429326871603e-08 -1.207841618546773632e-08 4.584989955360034715e-09 9.173420478421444767e-08 1.885008067075147485e-07 3.494111667855027116e-08 -4.725000386511194126e-09 2.078947834965529782e-07 1.790504005217505642e-07 3.312975009853925292e-08 -4.587902872235344362e-09 1.574994454228701867e-07 5.040161407352982469e-08 3.950275766803645432e-08
8.629074348139629258e-01 -4.792241350697220616e-09 -7.898021035508707130e-09 2.765378606010025277e-09 8.490457963000858723e-08 1.844571191824705144e-07 3.155957126018643726e-08 -6.303715221526633402e-09 1.661957593807135834e-07 1.638195217453020701e-07 2.537728824364160451e-08 -3.973903851821965062e-09 1.378282207699438822e-07 4.384794357254147339e-08 3.496900657233023191e-08
8.670852844200982457e-01 1.668965697394255289e-10 -6.400175559564035895e-09 -6.928788804050150951e-09 3.786104395076675735e-08 1.442787999770808570e-07 2.972109751237700579e-08 -7.348162040044000607e-09 1.261435483052629675e-07 1.057939846552050209e-07 2.233020418499641377e-08 -3.916821520160723957e-09 1.039432576033440687e-07 2.943770741693796696e-08 2.946092835027080675e-08
8.712764316473343706e-01 5.305854231653169112e-08 -6.183658064319809475e-09 6.263210210157952857e-09 5.848535295116674465e-08 1.415873623038005150e-07 2.074847989718288821e-08 -8.943168025338463110e-10 1.009996080342474465e-07 1.123927949472278391e-07 1.639602523895234678e-08 -2.568413438958548430e-09 8.056786989549212417e-08 3.016476678223443443e-08 2.120629187398176523e-08
8.754762476624626810e-01 2.010721629525268518e-08 -7.445036829107789250e-09 1.002847614670630670e-09 2.822031305689768900e-08 1.106718634552638700e-07 1.679171698756869122e-08 1.987681258150426150e-10 9.224351737784185999e-08 8.069904887204210020e-08 1.379689013151836308e-08 -1.607658234622930446e-09 5.994627809399769678e-08 2.203201822669420118e-08 2.010736838764818932e-08
8.796707865602606535e-01 1.629591754222103858e-09 2.649816496039433458e-10 -1.921988631912053417e-09 3.980351863571612262e-08 7.516918472151410808e-08 1.437119957578207159e-08 -2.313058055576127154e-09 8.435817405156858603e-08 5.737321080170644184e-08 1.182732362417286237e-08 -1.667505715982622328e-09 5.823320250845810317e-08 1.437338674191666608e-08 2.101939616920876919e-08
8.838562222970675064e-01 4.418688034644935166e-08 -1.170642373245779644e-08 2.501789544190685084e-09 2.575782702495755038e-08 5.518460874356832433e-08 1.112572306474890997e-08 -2.070390199373042161e-09 6.050755597385436170e-08 5.000303438557228154e-08 1.061097999902753018e-08 -1.731113657323757424e-09 3.604452027728068421e-08 1.356023599671897101e-08 1.358928300025261865e-08
8.880381764417510926e-01 2.027441664748333415e-08 7.750521215666786534e-09 -6.503826876993435487e-09 9.168009001592469251e-09 8.240854518889825769e-08 1.124561789055029451e-08 -1.984267286580683852e-09 2.140196749920632341e-08 5.933985727568930389e-08 8.320006198288481964e-09 -3.822571758953053574e-10 2.323265661723189273e-08 1.729310584523220331e-08 9.881652456409628642e-09
8.922270316229049536e-01 2.283812093802944958e-08 -7.941632730873743610e-10 3.495396902425682735e-09 2.082424243084489956e-08 6.131858365257161700e-08 4.997538473519876948e-09 -3.045251767480202434e-10 4.916371837213256205e-08 4.192834819812564029e-08 6.658596282434559752e-09 -4.640460459907033380e-10 4.713893160396089892e-08 1.187031344870913957e-08 8.847713831172745389e-09
8.964225585562245469e-01 2.878761769860628503e-08 -2.499871700999537441e-09 5.451918353273599968e-10 5.913700865702821521e-08 6.700190654858161274e-08 7.277013454458057386e-09 -4.042488150923178227e-10 7.558596589269541291e-08 3.884157140882286428e-08 4.890995688727422535e-09 7.971808531558070956e-11 3.781643224853572381e-08 1.055613564671771069e-08 7.464276042214262757e-09
9.006049913569987853e-01 -6.015719083707403675e-09 2.392854352980157423e-09 4.295993827615120907e-09 4.359922657121849703e-09 1.932866640070111839e-08 4.351480525952034751e-10 -1.580847648311510803e-09 1.733273012312514304e-08 1.505859248473644993e-08 5.618891405062146673e-09 -1.451408348010490365e-09 2.206985047049867831e-08 5.931422998699787367e-09 3.572634936114816601e-09
9.047836582182254839e-01 1.280717541276548611e-08 6.163866354464346302e-10 1.499581689694126380e-09 -1.513666574875677432e-08 3.046080265166381231e-08 6.335835104600576736e-09 -2.072456541708405060e-09 6.204130862307641035e-09 3.529410516339305453e-08 4.253307069026508554e-09 -7.005520770162625297e-10 -1.692908633959165892e-10 1.249951659900936439e-08 -1.016373704564400216e-09
9.089780964569278421e-01 -4.398302407155825515e-08 -1.885398235862575070e-09 4.495100680131770747e-09 -2.120785157455579472e-08 -2.161729158930038032e-08 2.832633067822004284e-09 -1.120139724884461000e-09 -2.866236460548083513e-08 4.618861114989057968e-10 3.675573600745188677e-09 4.606284865961524360e-10 -8.029161491570373268e-09 3.745369212469699774e-09 -2.404512424864885372e-09
9.131704587403689510e-01 1.793774842264671038e-08 1.298021157465778161e-09 5.177423535544598577e-10 1.637766850390187847e-08 4.456788051133393850e-08 2.462729805410033527e-09 -4.731216465961227500e-10 2.953921769757773285e-08 3.116043712450946194e-08 2.117168450871218842e-09 -5.651941872641901224e-10 1.229361600857830379e-08 5.844932758272419528e-09 1.779198490086346812e-09
9.173547920329833127e-01 -3.073037901594686721e-08 -2.547003296004913901e-09 2.231641138186624955e-09 -1.350373127403257800e-09 -2.279325344207582967e-09 1.432165809951380987e-09 -5.446933113893316969e-10 1.016666491505337197e-08 3.394455411053938018e-09 2.264721385676305226e-09 -1.781539447927833428e-10 5.977465534203211762e-09 1.374015546193116148e-10 1.592142099807976940e-09
9.215425617950214754e-01 -3.247548982319825985e-09 -2.231206970800804033e-09 2.789248297736763881e-09 1.003008477963183221e-09 -2.105003770439872432e-09 6.928497222094884773e-10 -1.347304537299515914e-09 -1.182094359180345308e-08 1.848322611949905752e-09 2.206990179585078783e-09 1.001653533276272680e-10 -1.349039107999670910e-08 3.774269174613951480e-10 -2.745325607296180832e-09
9.257400405750663142e-01 2.547401879738394176e-08 5.318287215604420405e-09 -7.210977408291792721e-10 8.951461845888597399e-09 3.972371455979743791e-08 -1.126081685443490262e-09 -5.182142174991533109e-10 2.550974659003097816e-08 1.383521110415932114e-08 1.099957718174182609e-09 -1.047859404144487081e-09 2.140939899587227094e-08 1.979275939684861063e-09 7.888465676361234909e-09
9.299303352268617484e-01 6.842119726066297704e-09 2.053615932726370810e-09 1.485433029008687276e-09 3.492203713162270310e-09 1.965611907807120774e-08 2.096334216634812670e-09 2.046349719203236953e-09 7.818525024853206826e-09 9.516012313549247810e-09 1.778885744746623271e-10 1.147824669762027574e-09 1.787443604779671979e-09 1.423890010556520886e-09 -8.737242850909359135e-10
9.341108300097852313e-01 4.044325367464744698e-08 7.632068540578627523e-09 1.298948396363824718e-09 2.574738576325473080e-08 6.522576369366345107e-09 1.119229194301258102e-09 7.661674930672345547e-10 1.885470934638554324e-08 -8.054634547068948501e-09 9.356105431310361600e-10 -3.974635532544908711e-10 8.259230171651860614e-09 -7.436447807488374290e-10 -2.622705853249934056e-10
9.382896253999645220e-01 6.493006363714603449e-09 2.018774936914191281e-09 -5.383642277964306088e-09 2.022746531784954597e-08 -1.222431574120170140e-08 -2.026610138007309805e-10 3.616307398234465281e-10 1.206040654470679502e-08 -8.917305181368115090e-09 8.108374746238193356e-11 5.198646008716007491e-10 8.836634361663183831e-09 -4.910851441442076393e-11 3.208047286070844140e-09
9.424819561228944265e-01 1.120619011265352967e-08 -2.693332130116872370e-10 2.421239512939455681e-09 1.688400537679339423e-08 -9.602321580212477050e-09 1.979198841813101064e-09 3.312592238378421167e-10 2.111733628354803549e-08 1.048618662712677970e-08 7.197326953243045769e-11 7.538584397237033734e-10 4.204691801761950580e-09 5.921935504884558734e-09 -8.160347923767174370e-10
9.466849863120379016e-01 -9.397297020663820886e-10 -4.833547127826556013e-09 7.755744548632839753e-09 8.748940046932906310e-09 3.098070789934316811e-08 1.826368408765365801e-10 -1.111681368584202765e-09 -1.187528480026576883e-09 4.669240946322909405e-09 2.400491136955672454e-10 2.087319437994215651e-11 -7.698474976264409387e-09 6.386341956545778690e-10 2.522951209130784211e-09
9.508714331057195324e-01 3.114173060877653058e-08 -1.757258370401915445e-09 -5.860182013191979950e-09 1.233466158464264972e-08 -5.816885664720316776e-09 6.422125890571854901e-10 1.623516291303436064e-09 1.792370428392351874e-08 -1.134403328857892825e-08 -6.766803902601983101e-10 8.949210479015272317e-10 4.129994358209365017e-09 -1.786470781438364200e-09 2.136214865960383232e-09
9.550563230073290111e-01 3.144797389477267650e-08 4.266353171022850718e-09 -7.806351977083541448e-10 1.755145934547877584e-08 5.819298612341580982e-08 -5.129076588982297093e-10 6.219746298434369624e-10 1.513481343762435279e-08 4.993202063725896267e-09 -2.177197570930225934e-10 1.213259858568124513e-09 9.349075444489039799e-09 -2.805707947804507548e-09 5.263448291464160648e-09
9.592513211539739348e-01 1.560339887543362313e-08 5.774033359521404714e-09 -1.968637558760824945e-09 3.032690084380759839e-09 3.765480264596489334e-08 2.398859569994431496e-09 -5.242452411137733796e-10 9.319358487816713909e-09 1.489864241440618095e-08 6.617125711975021922e-10 -3.646801846926670126e-10 -7.943556616630210172e-10 1.516813877675394563e-09 1.066416259880346682e-09
9.634451052878124644e-01 1.486373431402293944e-08 1.131707539471095769e-09 -3.271435783501725447e-09 7.713752795885991815e-09 -1.452582956189223912e-09 1.128204111680689556e-09 -1.459046747183287515e-09 5.066875091843385259e-09 -5.987378061345926771e-09 -7.511785666085332507e-10 3.978527419375511411e-10 -2.356266424620405028e-09 -1.053034374442318120e-09 1.642686738940988368e-09
9.676230540453005791e-01 3.778288413413244929e-09 2.989466399305878944e-09 -7.720139228727218702e-09 -1.099089738344713425e-08 1.811700357080468727e-08 -2.559492621526108015e-09 -6.251848125404749707e-10 7.248252515676439977e-09 8.492707515259874013e-09 -6.857702305385828716e-10 7.877060815951655684e-10 -2.576271473287751736e-09 2.516116142466334497e-09 -6.593154858680607077e-10
9.718094297475188270e-01 7.846990888487702707e-08 2.064658994170194694e-09 1.334728870964377960e-09 1.400589641676019779e-08 6.110682167257464507e-08 3.175346823955813539e-09 8.469714246505917093e-11 2.890489057675109093e-08 1.355326064878009574e-08 1.004669127194582477e-09 3.706413959163571286e-10 1.529528704769518563e-08 -4.427788927584080943e-10 3.865008434836221374e-09
9.760091362076940280e-01 1.949491079577514348e-08 -2.414265647317751097e-09 4.311833074073266688e-09 1.590502828075078575e-08 3.148478759407176743e-08 -1.621153037981404122e-12 5.757984497569404621e-10 2.153325198767463755e-08 1.482821699103536412e-08 -4.843200908833421708e-10 7.635694432837381507e-10 2.513098507938601101e-09 2.042602056587920953e-09 3.215107510897307276e-09
9.802075838006468755e-01 -6.729364000644699241e-09 -4.707674151194945338e-09 6.641935712996390256e-10 -2.117923987012523659e-08 -1.619083731740109607e-08 -1.102897065027060016e-09 -8.251145906740286726e-10 -2.075616080481733016e-08 -7.341437801241478939e-09 -1.432417006476165737e-09 -2.350596673594673187e-10 -1.687551714113817171e-08 -1.077138306921855990e-09 -6.483831445967148320e-09
9.843901124947946890e-01 3.407579843539698620e-09 -1.718053715830657028e-09 -4.495863493020520171e-09 -3.025248759976850864e-09 7.429322267398491045e-09 8.456835131411722006e-10 -1.157647859039721280e-09 9.530691505435796260e-09 -5.913451758885316706e-09 -5.442612659050757872e-10 -3.880819262773996772e-10 4.322112016584220093e-09 -4.277968996593591196e-09 -3.222435556564662317e-10
9.885650797815361823e-01 9.437032037108676217e-10 -3.120141786016246733e-09 7.438808434586025506e-10 -8.091245760849978418e-09 6.494540617577578480e-09 -2.233207052395006622e-09 -1.252861874230883467e-09 -6.468968070376684952e-09 3.490887574711458496e-09 -1.471303184376011650e-09 5.627459541304603146e-10 1.344255258947389641e-08 3.791983437774991676e-09 3.290778588909039151e-09
9.927561705083151056e-01 4.220376734537876332e-08 3.678355999029414569e-10 2.545221620181101895e-09 4.532415105275099137e-09 1.778207111654477478e-08 -1.228551168756169446e-09 -1.049165739532181649e-09 8.383926402926125473e-09 7.635592107359874597e-09 2.106545123754440302e-10 4.261863750717957989e-10 2.609232213582449146e-09 4.510660088724231898e-09 1.896314860597450820e-09
9.969400597939003239e-01 1.046456295368473250e-08 -7.368012646037795863e-09 5.315068132102423946e-09 4.927788262775823441e-09 4.689483976547192871e-08 -8.334249062323591483e-10 -6.035880041241430510e-11 2.535473974493887886e-08 1.253885229316128913e-08 1.033633513646578244e-10 -3.277111671559589657e-10 2.386329789013423074e-08 1.138065753948684452e-09 6.033605778065651405e-09
1.001125867816581083e+00 9.218929532964118909e-09 -5.818337298545270087e-09 -1.824474057671505083e-09 -1.000103966536244789e-08 5.137214052762720726e-09 1.931561456998189926e-10 -1.764103404928308782e-09 3.815176481790608550e-08 9.940014222771080764e-09 -6.724098868567317756e-11 -2.150210275235900275e-10 3.593097665507685668e-08 2.012173412212947796e-09 3.142381321119751238e-09
1.005315482813002204e+00 -2.732044089083937082e-08 1.899548282401295300e-09 -3.126193277664190912e-09 -2.142335921680691924e-09 -1.070619934403223754e-08 -1.743189489559840066e-11 -5.390858693533844917e-10 -1.777569911974282743e-08 -9.565294696699587003e-09 -1.869181976336102409e-10 1.454553233221683842e-09 4.330512965352694453e-11 -2.511043595417678682e-09 4.010634124794811962e-09
1.009503724426713545e+00 -1.111637910270125109e-08 1.666861126296047799e-09 5.404114745816725264e-09 1.590813184537049419e-08 -3.660364697971024363e-08 -1.371696539840112214e-09 4.307374466929730294e-10 1.738662027808800726e-08 -2.553854530044163527e-08 -5.083943567039003500e-10 1.256003094542284250e-10 9.369082693176842835e-09 -4.500704093751290754e-09 5.009049036288020022e-09
1.013699103815393299e+00 3.339639272180531592e-08 2.752382445056839298e-09 -7.114177209101365163e-09 3.139588327125221790e-11 8.506987810270536627e-09 1.616255518155968803e-09 -1.111924938971493041e-09 -4.063935865471324219e-09 7.623504082453369480e-10 2.623108184492471065e-10 -6.652450326600725818e-10 1.173541663879033471e-08 -1.136490111241113522e-09 3.562253963202167565e-09
1.017885842421875964e+00 -1.162174168168693773e-08 -2.547565050253055846e-09 -5.836838645557546348e-10 4.016117895284636069e-10 9.896878342372599979e-09 -4.806215371754192027e-10 -8.159095680032345728e-10 -2.065166874398766719e-09 -5.448352330107149200e-09 1.529158583199572249e-09 -7.302732110590906821e-11 1.188169061633831009e-08 -2.447108051070680705e-09 5.755998600249778089e-10
1.022076284359184406e+00 5.620488620443781686e-08 3.592073421185440724e-09 -5.667395913893859956e-09 1.863382477203282864e-08 3.652911483190280701e-08 -1.075118289494561563e-09 -6.400014016019474365e-10 4.734209844941857851e-09 1.737027970584887833e-09 -2.195454289239272736e-10 2.360227002001681738e-11 -7.641387643111351416e-09 -3.205575260376094195e-09 -4.517423440584776491e-09
1.026273875264014812e+00 1.077618732772985211e-08 5.405363356967412474e-10 2.742139983937038625e-09 1.174418955163847358e-08 -8.320820389949032126e-09 -9.782283879894288561e-10 -1.659936109938589490e-09 3.183941609701551916e-08 -1.679158380570930647e-09 -4.637823112016371356e-10 -3.079286168370746418e-10 2.448022248234670969e-08 3.592593370115999071e-09 8.441510377597978527e-09
1.030463237552156075e+00 -1.640767331848648795e-08 -3.022555351522590237e-09 -3.320632655874377757e-09 -2.819090295535446132e-08 -2.882530438244208511e-08 -2.370380996996255884e-09 -1.317726373817026300e-09 -1.297649364762892902e-08 -1.390611350743012705e-08 -1.867987401659588052e-09 7.159554686308679798e-10 1.531968078340544544e-09 -1.032256702570459921e-09 -3.726513321422962557e-11
1.034646639530784062e+00 2.047690466004323545e-08 -2.376127387360337520e-09 1.306729586176792021e-09 2.602243268559144709e-08 3.853802462398434865e-08 -1.178115578603588864e-09 7.209209197185327631e-10 1.678245756372349589e-08 -1.722659821182560305e-09 -1.055742312609147339e-09 -3.242738189157426294e-10 1.814396497798651927e-09 -4.167276139996150173e-09 1.674473793530441428e-09
1.038830480088573260e+00 1.654719705525258695e-08 -2.767164907486826714e-09 -2.869226703307099324e-09 -1.332177027070163627e-08 2.980033420801451605e-09 -1.902026932917244409e-09 -6.294774167949229355e-10 -2.183508225045302752e-08 -8.420930825763684212e-09 -9.649939831191483094e-10 7.117377869478642129e-11 -9.012769914635459254e-09 -3.155835982603378938e-09 -7.410467386965746941e-10
1.043023229532383578e+00 -1.388591956500545441e-08 -1.339083321719392506e-09 5.077558236100617661e-10 -4.369963214458077776e-08 -3.979328366177112386e-08 -2.222792481505062381e-09 -5.244842347765958646e-10 -4.412490578947672022e-08 -2.787521563240514695e-08 -7.772433097183342033e-10 -4.779621286716061991e-10 -1.969706741808522803e-08 -3.161362925701908691e-09 -1.513283770863155124e-09
1.047211320931656031e+00 -1.772279617339593970e-08 -2.248483732108158656e-09 5.933551718587124496e-09 1.955783462615426550e-08 -2.178769787957252755e-08 -2.202047271374064766e-09 5.406157273276699302e-10 1.393955306744352194e-08 -9.671088043145741714e-09 -7.171052850363050650e-10 2.870183703152975558e-10 2.094446404731696226e-08 -3.387491808457233248e-10 2.484087780658965459e-09
1.051395396220772938e+00 -1.365185703378592692e-08 -3.718216894669264582e-09 -3.687421064010352284e-10 -4.570573379250828339e-09 2.973712032173792979e-08 6.178717954316110468e-10 -1.076261667185440995e-09 2.542500436831890886e-08 8.422831878946979288e-09 -2.882740471401329198e-10 -1.570154930044187410e-10 -1.209166911254040922e-09 2.331207617774810537e-09 -1.410785840705846579e-09
1.055587561333155788e+00 3.300358894620574429e-09 2.223983508752664709e-09 9.373163492249245544e-11 -4.646320023912064499e-09 1.351717808985382252e-08 -1.120147516586333372e-09 -2.136060167756233759e-10 2.009554412798466032e-08 6.530172368279710425e-09 -1.374335341719491726e-09 6.825281418679439184e-10 8.553573170744202942e-09 1.299959007456012500e-09 1.887975658228851864e-10
1.059780855230085139e+00 -5.002691324590265832e-09 -2.224244448111118115e-09 -8.571490640299419217e-09 2.638840701359145939e-08 3.768509176837242579e-09 -1.012774772557968321e-09 -7.673359713055136183e-10 2.410733185189993408e-08 -1.986551897573224256e-09 -7.574992076512012290e-10 -3.852748098670155452e-11 -2.251261598114637869e-09 -1.733827394790341846e-10 1.835322991147884231e-09
1.063968553353427993e+00 -9.976905390328483731e-09 -8.151266378975290851e-09 8.250008659950041141e-09 1.489113988454313340e-08 1.410043200571256648e-08 9.412140302536302094e-11 2.038979813245778251e-09 5.261156323531699533e-09 5.743387111231245628e-09 8.773588852731522969e-12 4.694686744590588532e-10 -5.447106773773342878e-09 2.280576370293417671e-09 2.354696497931311727e-09
1.068144877931138659e+00 -1.714481765804685397e-08 -2.207618373096994665e-09 4.283996273208623900e-10 6.257425515252962738e-10 -1.008751018281531461e-08 -1.213494682731192884e-09 6.195472479178720901e-10 -6.012023371250500224e-09 -1.726154868418790266e-08 1.129711340916241927e-10 -6.696074548962884950e-11 -5.488694955755679786e-09 -1.008703834368402173e-09 3.400399504009574808e-10
