# Columns: ('k', 'P')
5.345493089407682419e-03 4.826452777777777374e+04
9.344366739594166943e-03 7.170444354838709114e+04
1.312833575873958818e-02 6.441099999999999272e+04
1.700891779646987109e-02 6.894543333333333430e+04
2.135270783943789275e-02 6.844581142857142549e+04
2.564347439342075027e-02 6.676569777777777927e+04
2.962205054058980949e-02 5.257887043189368705e+04
3.361537140302770649e-02 4.899037270341207477e+04
3.793950633336700545e-02 4.566963572679509525e+04
4.227894994616508695e-02 4.072314240000000427e+04
4.633325468672155889e-02 3.866997256515774643e+04
5.038752484052157893e-02 3.656664608599779604e+04
5.464179025701254577e-02 3.593697704315886222e+04
5.886817576171304162e-02 3.302983186549239326e+04
6.290140616743733482e-02 3.218269107551487468e+04
6.703999982739437813e-02 3.071036069502696409e+04
7.134254604642074893e-02 3.089292638366469691e+04
7.561818311969153994e-02 2.838402685851318893e+04
7.973924982214039558e-02 2.631403579623680707e+04
8.385356877962653332e-02 2.561072705601907001e+04
8.809929214337092196e-02 2.394033461673083730e+04
9.230415729057904473e-02 2.184213975259110521e+04
9.643309047658384092e-02 2.055805149954559238e+04
1.005689403076158450e-01 2.021966676016830388e+04
1.047818677762802908e-01 1.930638586009459686e+04
1.090277847809041356e-01 1.849776806878921707e+04
1.132170039508717807e-01 1.814741319214647956e+04
1.174008294871188018e-01 1.801122987351937263e+04
1.215998224695146873e-01 1.796662445497630324e+04
1.257670529567683493e-01 1.736460502405131047e+04
1.299386816717305049e-01 1.713905878478511659e+04
1.340949335765710126e-01 1.687307250515627675e+04
1.382635144665005922e-01 1.631452369221851950e+04
1.424925284902303357e-01 1.593341141385386800e+04
1.466886314558672189e-01 1.545276082664209389e+04
1.508619291163366127e-01 1.485146468943721993e+04
1.550655720814744509e-01 1.451749469511484131e+04
1.592593054631499527e-01 1.427139297054637063e+04
1.634144798183441161e-01 1.425664511999999922e+04
1.675823816150099899e-01 1.373179559157853146e+04
1.718045808093531246e-01 1.372809696969696961e+04
1.760135070798979073e-01 1.365459903469629353e+04
1.801930856696074279e-01 1.360445315829852552e+04
1.843742315857553882e-01 1.341465102736877088e+04
1.885797910080431738e-01 1.335979280043166546e+04
1.927656394953895236e-01 1.318483069147714377e+04
1.969014248243030341e-01 1.317392045371918721e+04
2.010715633173454087e-01 1.306572792953966928e+04
2.052920281681521186e-01 1.271538338259441662e+04
2.095172134954577381e-01 1.270308663600277214e+04
2.136973926115405542e-01 1.254336893023255834e+04
2.178750580088065492e-01 1.234606061313868668e+04
2.220823861956562617e-01 1.232652563885598283e+04
2.262696194198526023e-01 1.203049107976066261e+04
2.304259489101245229e-01 1.200361339631654300e+04
2.345870463846415066e-01 1.201463999592813161e+04
2.388019837064606632e-01 1.183666296528750172e+04
2.430077036534963875e-01 1.179432244568059650e+04
2.471758823520590620e-01 1.172319080248333012e+04
2.513692271335918882e-01 1.184049993435735996e+04
2.555723892733414715e-01 1.177524930308358853e+04
2.597674079539822323e-01 1.177764765003913271e+04
2.639178238801485610e-01 1.172106372007366372e+04
2.680749044740857179e-01 1.154346525972766358e+04
2.723023151079725368e-01 1.144335973377703885e+04
2.765128983200950685e-01 1.137383009905364997e+04
2.807027537381580062e-01 1.132782681426814270e+04
2.848857026249724811e-01 1.117096941651299494e+04
2.890807262117984777e-01 1.105529112921848719e+04
2.932785946948970324e-01 1.116443015390647997e+04
2.974321087309398370e-01 1.101874406264983190e+04
3.016123743882810904e-01 1.093279391449870673e+04
3.058101292111336522e-01 1.087752679722880384e+04
3.100168993294901143e-01 1.110971241642514906e+04
3.142092030053749707e-01 1.097777031388341493e+04
3.183867557675504334e-01 1.093273714018640203e+04
3.225872781332082551e-01 1.082970647443599046e+04
3.267666109043823597e-01 1.078618483399804609e+04
3.309328770241455886e-01 1.083889458776697575e+04
3.351106074107195187e-01 1.079683438710483460e+04
3.393095620710060434e-01 1.063998422811530872e+04
3.435164896197421824e-01 1.065689651099614821e+04
3.477107812306902690e-01 1.064247100963649427e+04
3.518857617074659383e-01 1.057938502734472422e+04
3.560773577310688554e-01 1.049379204264895452e+04
3.602869550449780967e-01 1.047447288969056535e+04
3.644651285618699665e-01 1.048017849658121486e+04
3.686396944457170921e-01 1.047535398976088254e+04
3.728293470315630076e-01 1.040379737185274462e+04
3.770363921861874523e-01 1.034935709133443925e+04
3.812363453093803867e-01 1.040895703960682295e+04
3.854150971210312249e-01 1.032655460478062196e+04
3.896036578152083374e-01 1.024004952738930842e+04
3.937795161075864914e-01 1.032040951538030822e+04
3.979440095093054186e-01 1.026319502857855150e+04
4.021139069446590386e-01 1.020180433169384742e+04
4.063125452039867413e-01 1.014652786150918473e+04
4.105412315868290918e-01 1.012779041357994356e+04
4.147348487769681458e-01 1.014524393480219624e+04
4.189107045044477284e-01 1.002882899610523782e+04
4.230974437456921922e-01 9.977379826819564187e+03
4.272931011032126136e-01 1.002203826129441040e+04
4.314914587673138180e-01 1.003652784134248577e+04
4.356511643511531418e-01 9.944960219888562278e+03
4.398424702607344750e-01 9.882006574734235983e+03
4.440501074980069407e-01 9.920258560109250539e+03
4.482267968899237842e-01 9.899022633257656707e+03
4.524052929840755577e-01 9.848212042922561523e+03
4.566090347930675253e-01 9.925693514769332978e+03
4.608167319022857811e-01 9.820005740089787651e+03
4.649806979855051203e-01 9.828387019387475448e+03
4.691538386770017222e-01 9.715406433304195161e+03
4.733478629909182445e-01 9.760186034931344693e+03
4.775500538217637980e-01 9.772308832311611695e+03
4.817339644282710998e-01 9.686770088609282539e+03
4.859144464692263798e-01 9.643832746541065717e+03
4.901252990058800885e-01 9.624700819719515493e+03
4.943123444065962158e-01 9.593566655548782364e+03
4.984736335014697817e-01 9.627498806412562772e+03
5.026590164608074618e-01 9.547892322416695606e+03
5.068609875937976073e-01 9.490593070541670386e+03
5.110594965365916620e-01 9.501982333023574029e+03
5.152492140965455603e-01 9.444758370565046789e+03
5.194329442812991582e-01 9.406118253102767994e+03
5.236343964239100757e-01 9.425069980933549232e+03
5.278273205415198177e-01 9.405985722507750324e+03
5.319960279023402405e-01 9.413792150457808020e+03
5.361714592099571242e-01 9.328409689443411480e+03
5.403746330902056139e-01 9.333946094766122769e+03
5.445761264886261888e-01 9.385432216395356591e+03
5.487504490749764985e-01 9.410689628736245140e+03
5.529407179677009454e-01 9.329352000506800323e+03
5.571409157079509900e-01 9.301131481297568826e+03
5.613298693710127019e-01 9.278739309101512845e+03
5.655062246218995892e-01 9.242569289114537241e+03
5.696867424029971039e-01 9.255066697572994599e+03
5.738956954203543459e-01 9.201911377608088515e+03
5.780928920821047923e-01 9.152314096594769580e+03
5.822632071880226023e-01 9.204142590859008124e+03
5.864430803127811398e-01 9.134031002601106593e+03
5.906376733072625784e-01 9.122831144510335434e+03
5.948356627105599870e-01 9.096334257288908702e+03
5.990145239901687457e-01 9.090951237726889303e+03
6.031829950841108845e-01 9.078920423730767652e+03
6.073740526175752663e-01 9.012223327571762638e+03
6.115768023320514724e-01 8.999435252789127844e+03
6.157710000000914397e-01 8.976968500747527287e+03
6.199632023912512446e-01 8.997055002794046231e+03
6.241630060990407403e-01 8.971823748170883846e+03
6.283593402461892241e-01 9.027324069949156183e+03
6.325410955997395890e-01 8.948221145281762801e+03
6.367142920629192959e-01 8.915901230138744722e+03
6.409035099394975177e-01 8.941116050992617602e+03
6.451032402190634008e-01 8.895002918216481703e+03
6.492879941711476866e-01 8.862227591862860208e+03
6.534659541563927476e-01 8.866533358617398335e+03
6.576591076962554627e-01 8.852663256047413597e+03
6.618529307405217610e-01 8.861800244025525899e+03
6.660240791386257131e-01 8.813116267885054185e+03
6.702067828716186115e-01 8.801534364933057077e+03
6.744172070879622671e-01 8.796808005794948258e+03
6.786118453466847278e-01 8.791713893716272651e+03
6.827984616056306244e-01 8.710271687713626307e+03
6.869817177358829019e-01 8.790654594160192573e+03
6.911718524128840357e-01 8.706784210006220746e+03
6.953555746427921846e-01 8.649200844878650969e+03
6.995344561305086861e-01 8.629716607206868503e+03
7.037287066792784485e-01 8.656254856710807871e+03
7.079143033440539190e-01 8.702138005276574404e+03
7.121186686741065586e-01 8.601715231534843042e+03
7.163134555705721329e-01 8.598443126213061987e+03
7.204913713645887396e-01 8.614549278568007139e+03
7.246803275165087932e-01 8.570561840068512538e+03
7.288763115175647123e-01 8.538216605175706718e+03
7.330585840505703388e-01 8.578204526764060574e+03
7.372316440474646626e-01 8.564819623486166165e+03
7.414228560306842519e-01 8.519301921777605457e+03
7.456189213758863676e-01 8.533513630969964652e+03
7.498104337627916616e-01 8.480917940838640789e+03
7.539974189770904944e-01 8.473404219973361251e+03
7.581896411468850294e-01 8.474524433076092464e+03
7.623808615479977790e-01 8.449061360889476418e+03
7.665651159623174671e-01 8.475744243581159026e+03
7.707536355579491794e-01 8.468312287950157042e+03
7.749462413082437440e-01 8.397241532873464166e+03
7.791369682448587852e-01 8.412304082581689727e+03
7.833258353347896108e-01 8.351504762078113345e+03
7.875159900600451346e-01 8.363900219904753612e+03
7.917084457625156446e-01 8.356455663718785217e+03
7.958821468706197555e-01 8.317754266363084753e+03
8.000624692379799674e-01 8.329910130256726916e+03
8.042564613727184453e-01 8.324578753028465144e+03
8.084384822996342201e-01 8.319410825230039336e+03
8.126333810499198895e-01 8.292329525116962031e+03
8.168271958201180905e-01 8.257504017301429485e+03
8.210214995694952167e-01 8.279039049250006428e+03
8.252154145000215602e-01 8.252299640664463368e+03
8.294030907808404018e-01 8.214666228811669498e+03
8.335906150371191758e-01 8.209996059010078170e+03
8.377685032221774408e-01 8.208034506539737777e+03
8.419567297582307708e-01 8.170422611205714020e+03
8.461556544987137718e-01 8.177484561743304766e+03
8.503430790983292908e-01 8.163299082838975664e+03
8.545245840949285965e-01 8.171264373270671967e+03
8.587196449246210506e-01 8.105611131840092639e+03
8.629074348139629258e-01 8.136266937337041782e+03
8.670852844200982457e-01 8.103262378497544887e+03
8.712764316473343706e-01 8.120449098561005485e+03
8.754762476624626810e-01 8.090840455375191596e+03
8.796707865602606535e-01 8.060552205667332601e+03
8.838562222970675064e-01 8.068336814499804859e+03
8.880381764417510926e-01 8.060134238839704267e+03
8.922270316229049536e-01 8.069916556528201909e+03
8.964225585562245469e-01 8.054656360855950879e+03
9.006049913569987853e-01 8.021800558251503389e+03
9.047836582182254839e-01 8.029280852909337227e+03
9.089780964569278421e-01 8.040754638772908038e+03
9.131704587403689510e-01 7.966111879042418877e+03
9.173547920329833127e-01 7.980210552832108988e+03
9.215425617950214754e-01 7.984561360066646557e+03
9.257400405750663142e-01 7.978214006255976528e+03
9.299303352268617484e-01 7.958442305010878954e+03
9.341108300097852313e-01 7.930994292080301420e+03
9.382896253999645220e-01 7.927728103276427646e+03
9.424819561228944265e-01 7.909120820756635112e+03
9.466849863120379016e-01 7.897223776506561990e+03
9.508714331057195324e-01 7.901838080170409739e+03
9.550563230073290111e-01 7.889673280386845363e+03
9.592513211539739348e-01 7.852944302349163081e+03
9.634451052878124644e-01 7.843042919087754854e+03
9.676230540453005791e-01 7.820768733234425781e+03
9.718094297475188270e-01 7.810922174736463603e+03
9.760091362076940280e-01 7.808028872659735498e+03
9.802075838006468755e-01 7.803493210732049192e+03
9.843901124947946890e-01 7.796276304744976187e+03
9.885650797815361823e-01 7.780243952136479493e+03
9.927561705083151056e-01 7.759739025199032767e+03
9.969400597939003239e-01 7.745443348796336068e+03
1.001125867816581083e+00 7.726259707826608974e+03
1.005315482813002204e+00 7.727430800969193115e+03
1.009503724426713545e+00 7.728874158931525926e+03
1.013699103815393299e+00 7.707919233286532290e+03
1.017885842421875964e+00 7.691704369562342436e+03
1.022076284359184406e+00 7.717893670400102565e+03
1.026273875264014812e+00 7.659867028055310584e+03
1.030463237552156075e+00 7.623677886928154294e+03
1.034646639530784062e+00 7.641489127447208375e+03
1.038830480088573260e+00 7.575645014641156195e+03
1.043023229532383578e+00 7.582627845594665814e+03
1.047211320931656031e+00 7.552972345259679059e+03
1.051395396220772938e+00 7.555424906045679563e+03
1.055587561333155788e+00 7.536278948987939657e+03
1.059780855230085139e+00 7.511400935696342458e+03
1.063968553353427993e+00 7.503233984312271787e+03
1.068144877931138659e+00 7.472761784873958277e+03
