# Columns: ('k', 'S1', 'S2', 'S3', 'S4', 'S5', 'S6', 'S7', 'S8', 'S9', 'S10', 'S11', 'S12', 'S13', 'S14')
5.345493089407682419e-03 -4.239156934950086608e+00 4.774667968750000000e+02 -3.557069566514756787e+01 -1.047403293185763751e+01 -2.191544087727864465e+01 2.211552870008680429e+02 -1.683023579915364465e+01 -2.601301235622829822e+01 -1.754939609103732678e+01 1.499532063802083144e+02 -1.324394310845269018e+01 -1.847490607367621251e+01 -4.735991160074869200e+00 -4.739635891384548216e+00
9.344366739594166943e-03 -2.712749456590221797e+01 3.741272366431451246e+02 1.906856413810483986e+01 -3.743644468245967527e+00 -2.194580865675403203e+01 1.074185672883064484e+02 1.374182916456653203e+01 2.079767534809727980e+00 -3.461264825636340525e+00 6.776957062752015304e+01 6.844680786132812500e+00 7.587693737399193061e+00 8.675716154036983152e-01 2.663939199139994773e+00
1.312833575873958818e-02 6.782944036989795755e+00 1.521298429528061149e+02 -9.764252954599808021e+00 7.713051309390943189e+00 1.464506686463647789e+01 4.382240513392856940e+01 -1.218677505181760168e+01 9.805302834024233860e+00 1.149802196269132537e+01 2.764936423788265074e+01 -6.777090890066963524e+00 7.932217344945789783e+00 3.593122209821428381e+00 2.759577848473373507e+00
1.700891779646987109e-02 4.363239862351191078e+01 1.823306733630952579e+02 -7.110744047619047592e+01 1.377375139508928648e+01 3.172377232142857295e+01 7.989866071428572525e+01 -3.501035156250000568e+01 -8.744698660714286476e+00 -4.507028924851191221e+00 4.613022693452381162e+01 -1.609321521577381020e+01 -2.423687453497024080e+01 -4.829116094680060201e+00 -8.135852632068452550e+00
2.135270783943789275e-02 -7.228835797991071566e+00 1.714190178571428476e+02 -4.695748325892856911e+01 2.133459542410714249e+01 2.221941127232143032e+01 7.864555803571428783e+01 -2.834842354910714235e+01 2.322783761160714278e+01 1.507883510044642783e+01 4.377368861607143202e+01 -1.494218191964285758e+01 8.169041573660713595e+00 2.437079206194196601e+00 1.135509381975446486e+00
2.564347439342075027e-02 2.915318576388888872e+01 1.763306423611111029e+02 -5.945597222222222200e+01 3.426493055555555856e+01 5.015428819444444741e+01 6.875261284722222399e+01 -2.760924479166666501e+01 4.440053819444444372e+01 2.690169053819444400e+01 3.039136718749999844e+01 -9.990417751736110574e+00 2.018951388888888943e+01 4.617309027777777963e+00 3.427089843750000142e+00
2.962205054058980949e-02 -5.106749879957433791e+00 1.401999195390365571e+02 -5.293604975602159612e+01 -5.021872080045681308e+00 -2.306716219372923504e+01 4.534333796200166233e+01 -1.420925852626661090e+01 -1.710436241175249350e+01 -1.797068365863787420e+01 2.263026078436461930e+01 -4.461442814316860961e+00 -1.383200853924418716e+01 -4.416263010018687929e+00 -3.544452654562915583e+00
3.361537140302770649e-02 4.099286929954067915e+01 1.804487573818897488e+02 -9.904860769356955075e+01 1.188952668758202158e+01 1.192734733841863459e+01 5.707996534612860984e+01 -2.888996114255249381e+01 -1.073035212639435576e+00 -5.218781398663058013e+00 2.045905614337270251e+01 -6.519848440575787052e+00 -4.309267860072178102e+00 -5.673488907300894279e-01 4.980420690821850405e-02
3.793950633336700545e-02 3.677961498467600876e+01 1.167770632661996473e+02 -7.076208816768826182e+01 2.211745088112959579e+01 2.776335034478984198e+01 3.432375355735551636e+01 -2.006467374945271587e+01 2.024480420862521868e+01 9.836093134303853347e+00 9.883356364929946736e+00 -4.070474547805384979e+00 5.796414510589973368e+00 1.559776613465958750e+00 1.024574506930002293e+00
4.227894994616508695e-02 2.748288125000000193e+01 8.177173750000000041e+01 -4.200955000000000439e+01 1.507187812500000135e+01 3.522053749999999894e+01 2.862874062500000250e+01 -1.613356250000000003e+01 1.913014375000000200e+01 1.755320156249999997e+01 1.135558828125000019e+01 -5.735767187500000475e+00 9.436205468749999881e+00 2.970791015625000142e+00 1.790167968750000060e+00
4.633325468672155889e-02 4.189290498542523977e+01 8.777207111625513392e+01 -5.635164823388202393e+01 2.067931911222564878e+01 4.288457540294924542e+01 2.968473508230452396e+01 -1.861251098465363540e+01 2.466554140946501761e+01 1.940932302383401620e+01 1.063179574974279795e+01 -5.150100938250171012e+00 1.247414989497599436e+01 3.963419428905178066e+00 3.137275350437242594e+00
5.038752484052157893e-02 4.597407318081587846e+01 8.510027907938258807e+01 -5.596424510749724135e+01 2.038351450523704500e+01 4.091149996554575807e+01 2.841258958103638577e+01 -1.828940058227673759e+01 1.979614930746967971e+01 1.340657839202039803e+01 8.656485796237596730e+00 -4.283442689670617476e+00 5.527769044583792812e+00 1.802033446458103594e+00 7.783593426991455289e-01
5.464179025701254577e-02 3.483610250229568095e+01 5.908480041896235235e+01 -4.247707902892562259e+01 1.219016424902433471e+01 2.513056703397612424e+01 1.861292613636363669e+01 -1.336990286386593141e+01 1.061605041896235058e+01 7.602643982438016756e+00 5.334889197371441405e+00 -3.119044672578053401e+00 2.916980081353305554e+00 1.083734293395603787e+00 6.101119616800103618e-01
5.886817576171304162e-02 4.157900695556445214e+01 5.107755579463570683e+01 -3.436702174239391638e+01 1.322378527822257688e+01 2.986002552041633251e+01 1.575288355684547525e+01 -1.043233649419535602e+01 1.521410878702962322e+01 1.132501313550840649e+01 5.295455114091272897e+00 -3.062343820368794933e+00 7.380492675390311952e+00 2.122144786141412887e+00 1.698247856097377717e+00
6.290140616743733482e-02 4.162592665427155225e+01 4.969233886346300721e+01 -3.560760809973302798e+01 1.979583214149504400e+01 4.631645392353166102e+01 1.813934973302822229e+01 -1.252825699609077148e+01 3.041168776220442638e+01 2.318937714530892436e+01 6.814988707332189755e+00 -4.019000509510870067e+00 1.730236639492753881e+01 4.715478403890160486e+00 3.733934392281655246e+00
6.703999982739437813e-02 4.129915930197723384e+01 4.239900857549430668e+01 -2.851241387058118804e+01 1.714238737642300947e+01 3.959078696075494719e+01 1.423052843207010199e+01 -9.942658403235471454e+00 2.350721567929898370e+01 1.766765980751947396e+01 4.600648252602606014e+00 -2.737360273741761496e+00 1.203881206935290571e+01 3.179717926153385221e+00 2.486675977849760244e+00
7.134254604642074893e-02 3.430287395889307334e+01 3.405582935921547971e+01 -2.401789192638366544e+01 1.489902312264911366e+01 3.326424805212251812e+01 1.150670632388500891e+01 -8.049672974879097609e+00 2.083845210908113899e+01 1.431058780561526156e+01 3.873012503778210824e+00 -2.400881530007388687e+00 1.067715819787748543e+01 2.599544830568242926e+00 2.138126002275322346e+00
7.561818311969153994e-02 3.262852967625899225e+01 2.957476768585132021e+01 -1.923677682853717030e+01 1.272041179556354962e+01 3.128098583633093455e+01 1.020994454436450916e+01 -6.638565085431654467e+00 1.694375374700239689e+01 1.306662544964028783e+01 3.398338438624100899e+00 -1.897606250936750616e+00 8.057152090827338853e+00 2.178204857988609078e+00 1.495297980365707380e+00
7.973924982214039558e-02 3.151193924965580706e+01 2.502500968047269581e+01 -1.607655461220743476e+01 1.204516747217760475e+01 3.006385885153740389e+01 8.333559509809546739e+00 -5.305647480208811828e+00 1.696917486519045326e+01 1.328676249139513565e+01 2.751570611877581563e+00 -1.432218092086392947e+00 8.866970585704452290e+00 2.406565959872648097e+00 1.801668178493575079e+00
8.385356877962653332e-02 2.643846531088597374e+01 2.089587213200238480e+01 -1.398058204211362643e+01 9.464725802046086045e+00 2.404223002334127912e+01 6.962540661005164999e+00 -4.780251322258640911e+00 1.333230128873659126e+01 1.011599560488676985e+01 2.272203120344159721e+00 -1.383035495350367405e+00 6.747118810836313152e+00 1.681988649061382679e+00 1.270487637192093677e+00
8.809929214337092196e-02 2.349303519863493150e+01 1.731306330941546889e+01 -1.087769554493349666e+01 9.426607072541127508e+00 2.398730092754637511e+01 6.205579907901644710e+00 -3.815269376750087371e+00 1.410152831860342992e+01 1.120909785723661223e+01 2.307555148265225675e+00 -1.182985235687565639e+00 7.934304039420720933e+00 2.153145645563528277e+00 1.717753270476023664e+00
9.230415729057904473e-02 1.669671253343363304e+01 1.204026532723169396e+01 -7.264796342151454311e+00 7.061850917335338984e+00 1.752130088181210255e+01 4.305853106193580082e+00 -2.601255589685723901e+00 1.103304183383483661e+01 8.670922272024405686e+00 1.631189793338348348e+00 -8.020711711958792289e-01 6.391000475384486457e+00 1.716650929350551635e+00 1.400623093238047456e+00
9.643309047658384092e-02 1.379864411352620479e+01 9.743838278173280187e+00 -6.092334117502272051e+00 5.619683192593153187e+00 1.403741763859436453e+01 3.381953681176158799e+00 -2.076967384410027151e+00 8.556447146697969686e+00 6.728700819827325041e+00 1.244549769482732549e+00 -6.364681748901848124e-01 4.835585156486670755e+00 1.293457179169191118e+00 1.027369044181687396e+00
1.005689403076158450e-01 1.241357052068723732e+01 8.453857490357643556e+00 -5.092749605539972357e+00 4.559572230014025784e+00 1.160291352559607425e+01 2.767574837833099544e+00 -1.686737514244389891e+00 6.486020774894811325e+00 5.069342785764376025e+00 9.465981931539271255e-01 -4.958909044091865392e-01 3.440602537692847296e+00 9.033331872370267135e-01 6.917724951788218890e-01
1.047818677762802908e-01 1.094127788928304668e+01 7.039417923045805381e+00 -3.990043535676500053e+00 4.274628726350510277e+00 1.101743177433407972e+01 2.419305354586756440e+00 -1.354825730878142842e+00 6.806045984254418535e+00 5.515562278286034292e+00 9.632070293051406829e-01 -4.307245050819174526e-01 4.088834854213343029e+00 1.127193558236868398e+00 9.213741987179486781e-01
1.090277847809041356e-01 8.298586197129909081e+00 5.284602040001161960e+00 -2.836602915117360180e+00 3.071176949584592197e+00 8.265969055019754208e+00 1.798108469018707911e+00 -9.485483419997675636e-01 4.922569918516151333e+00 4.119651714646757945e+00 7.189908498612885834e-01 -2.986130338753485991e-01 2.991260639379502706e+00 8.456403735402625577e-01 6.838782308491169193e-01
1.132170039508717807e-01 6.122459170940877549e+00 3.905513646453783405e+00 -2.106394685500772024e+00 2.256735545237701146e+00 5.905481331347893104e+00 1.288807210663467817e+00 -6.902915404223196605e-01 3.496690933156849646e+00 2.866441667356055323e+00 5.015764924408504521e-01 -2.191026924515359631e-01 2.085551011333553806e+00 5.796505961490734382e-01 4.707429264387546497e-01
1.174008294871188018e-01 4.930540350205782296e+00 3.078795908828548367e+00 -1.633077569765107429e+00 1.832181626116743622e+00 4.797681972746436152e+00 1.039026817531620184e+00 -5.541488319677273511e-01 2.903892604396707711e+00 2.366066835223850529e+00 4.188017003676470784e-01 -1.889624910597771656e-01 1.736045017943184110e+00 4.761589155980224808e-01 3.844227204000200682e-01
1.215998224695146873e-01 3.678598193127962102e+00 2.273148326421801091e+00 -1.200837437055687129e+00 1.354205605746445551e+00 3.581282212677725063e+00 7.657415858264218222e-01 -4.099263181279620971e-01 2.135416913507108827e+00 1.748908841824644567e+00 2.994322978376777189e-01 -1.310406060241409987e-01 1.276628036137440692e+00 3.522294320201421747e-01 2.876461141143364930e-01
1.257670529567683493e-01 2.858766931954836998e+00 1.723071545686353234e+00 -8.413351260466773729e-01 9.899213808903438716e-01 2.680180913727062020e+00 5.582878021724122508e-01 -2.745264985441163152e-01 1.475903107184215246e+00 1.230586101043336988e+00 2.083661724874175947e-01 -8.372925718094434422e-02 8.278297520822198718e-01 2.305471290141190011e-01 1.751903300826485321e-01
1.299386816717305049e-01 2.324440337868434181e+00 1.382794329151572521e+00 -6.590040091645398279e-01 8.815509928680224094e-01 2.339350242621027753e+00 4.775030826120739702e-01 -2.288271022867610915e-01 1.456229159805697337e+00 1.209545098437757371e+00 2.074144659571566796e-01 -8.373514392437582388e-02 9.066880300098798529e-01 2.534293456307632475e-01 2.082035511305162234e-01
1.340949335765710126e-01 1.763973535667539450e+00 1.034790135897588614e+00 -4.702625640815881747e-01 6.400418203633191361e-01 1.735973940980485519e+00 3.502457364672577067e-01 -1.627239292053387354e-01 1.004813401108599180e+00 8.465586049054022455e-01 1.432851954488438273e-01 -5.667126362198556672e-02 5.986206112788553524e-01 1.683362778947029292e-01 1.325960735773143717e-01
1.382635144665005922e-01 1.271657866613534305e+00 7.389414662503622777e-01 -3.262792813088682964e-01 4.881082536724750121e-01 1.324552997301115864e+00 2.623226805331654865e-01 -1.143814128924929424e-01 8.146126070949862852e-01 6.977030333013332086e-01 1.180195362736152359e-01 -4.196324864602956478e-02 5.147112680680336894e-01 1.481233117822598200e-01 1.196442512718944723e-01
1.424925284902303357e-01 8.820553562805001357e-01 5.098642476192896122e-01 -2.226292942538887487e-01 3.143990811284227971e-01 8.563794537710112120e-01 1.697379338865731280e-01 -7.472981704643655299e-02 5.101807004668225121e-01 4.337056105547647533e-01 7.303356591062168390e-02 -2.653509002722778329e-02 3.155970811940829179e-01 9.004614148599530965e-02 7.239155913491679417e-02
1.466886314558672189e-01 7.112759611112938751e-01 4.047725587608594910e-01 -1.642593679042713972e-01 2.573250221612972122e-01 7.100494412885020035e-01 1.373500063244537106e-01 -5.533076732334720610e-02 4.170279553709523301e-01 3.612896898035408144e-01 5.987440769305522881e-02 -1.973637295535038416e-02 2.578812880752681669e-01 7.476696573277280544e-02 5.886069143761517297e-02
1.508619291163366127e-01 4.866691562462015508e-01 2.758734756271271626e-01 -1.113666438442020151e-01 1.747610347882733728e-01 4.776384161905919412e-01 9.252975684578977622e-02 -3.767309887840722404e-02 2.903652263032545089e-01 2.496632420308131928e-01 4.171841585347788040e-02 -1.427464631807330228e-02 1.827299396945651633e-01 5.261883330516135826e-02 4.210355978219582074e-02
1.550655720814744509e-01 3.694296827179520681e-01 2.096274608190873689e-01 -8.261793327175877277e-02 1.419314384126879880e-01 3.879358950536317963e-01 7.449306307020228668e-02 -2.885893690178857607e-02 2.400956671457823155e-01 2.082283132988297092e-01 3.507064280288125363e-02 -1.139648836003993165e-02 1.534066740082488112e-01 4.458968634092266847e-02 3.567235536809927610e-02
1.592593054631499527e-01 2.465088398527318647e-01 1.393091854829327791e-01 -5.533673616303001752e-02 8.429712921847626328e-02 2.311012487767573620e-01 4.470036944280014746e-02 -1.822038084761305049e-02 1.315758647812192150e-01 1.127674533414198543e-01 1.862909686039379911e-02 -6.446747741732633714e-03 7.772291511979223522e-02 2.222749456758372696e-02 1.690920093920227421e-02
1.634144798183441161e-01 1.746202734375000010e-01 9.701242187500000447e-02 -3.553556315104166446e-02 6.038847656250000140e-02 1.674476953125000056e-01 3.158169921875000202e-02 -1.167396809895833269e-02 9.643564453125000324e-02 8.431932291666666135e-02 1.382564941406250018e-02 -4.302244466145833078e-03 5.921570312499999794e-02 1.730655273437500113e-02 1.344751546223958358e-02
1.675823816150099899e-01 1.330807964780814368e-01 7.388457392260551482e-02 -2.641761978117741078e-02 4.740953572691694595e-02 1.321832653655357348e-01 2.491064053745011345e-02 -8.805582925619856102e-03 7.752964630232529741e-02 6.825938521254447389e-02 1.130898055132874974e-02 -3.376637144240511069e-03 4.837858722864361860e-02 1.420369892472910650e-02 1.105234723582715003e-02
1.718045808093531246e-01 8.793970921656468764e-02 4.865409655448717924e-02 -1.670342576531541265e-02 3.108073201212849593e-02 8.683364974868880426e-02 1.627318624572042516e-02 -5.555914320867934124e-03 5.133720771416083739e-02 4.536178908981643165e-02 7.518628527234484660e-03 -2.181725490899074672e-03 3.220614915683275153e-02 9.485187663898601851e-03 7.347878765115093205e-03
1.760135070798979073e-01 6.019541010289079092e-02 3.311942885367338829e-02 -1.124242107438950047e-02 2.052959945507794662e-02 5.765080936141118995e-02 1.076189705869797821e-02 -3.658737948266287988e-03 3.367709375320155490e-02 2.981967021072619642e-02 4.918158114059582690e-03 -1.427712721442950554e-03 2.119334079932454554e-02 6.257281170094580736e-03 4.897859033345415905e-03
1.801930856696074279e-01 4.096916315145235354e-02 2.249587753851307534e-02 -7.441868553197391462e-03 1.456699789195361160e-02 4.091650465546681908e-02 7.597458513991707345e-03 -2.472906037066336955e-03 2.444969192204415886e-02 2.181338263984714670e-02 3.587580186490888206e-03 -9.658505530239889928e-04 1.575644592852271791e-02 4.706915316501650293e-03 3.721238320750375889e-03
1.843742315857553882e-01 2.680301436191092831e-02 1.473667851482886662e-02 -4.818402156983742253e-03 9.531972967797890106e-03 2.673141318285448403e-02 4.992402935670681510e-03 -1.627166084179752564e-03 1.602974696421561804e-02 1.425733471876689841e-02 2.378931181193409596e-03 -6.625841326547357449e-04 1.032780621176937821e-02 3.068443344670914331e-03 2.430240303295323930e-03
1.885797910080431738e-01 1.908236190218386141e-02 1.038258325471953791e-02 -3.191581919558439569e-03 6.600016131761639142e-03 1.859572497401454014e-02 3.436327991384148690e-03 -1.064327369077731379e-03 1.110169294482711566e-02 9.935542960620134117e-03 1.649495328225268316e-03 -4.384903057606799430e-04 7.174726606913156210e-03 2.145465664697081276e-03 1.691531686585088937e-03
1.927656394953895236e-01 1.197801854765810636e-02 6.508163310765983228e-03 -1.973846000883460426e-03 4.285701521232214775e-03 1.206472221437023852e-02 2.215533757138575793e-03 -6.674594121118428277e-04 7.231890164798942221e-03 6.498868874928809616e-03 1.071669659394383200e-03 -2.734338317971580709e-04 4.682058761857244185e-03 1.405306838812821982e-03 1.103336992358000361e-03
1.969014248243030341e-01 8.503964014385497275e-03 4.609782747950872880e-03 -1.361828339903396051e-03 2.921732470727977232e-03 8.292363009469809129e-03 1.517782001194412696e-03 -4.414706319269332663e-04 4.895965480755903355e-03 4.427000417593547794e-03 7.278757477416858499e-04 -1.766950895350637857e-04 3.188709688127703765e-03 9.643001607710305692e-04 7.629212852582873241e-04
2.010715633173454087e-01 5.425381461957001251e-03 2.944678554168745233e-03 -8.584382586031978797e-04 1.831062299570508861e-03 5.195075381378802190e-03 9.561028293837193787e-04 -2.787536283012825486e-04 3.052432924408566076e-03 2.751270016742607405e-03 4.549496665854320995e-04 -1.133192695360965303e-04 1.970887635289486541e-03 5.930146125673239031e-04 4.661858701118622096e-04
2.052920281681521186e-01 3.568965617463310848e-03 1.927689801295989856e-03 -5.463281640865532687e-04 1.244019757350677251e-03 3.519359269165640413e-03 6.421304336322352421e-04 -1.815478633385769541e-04 2.126822636045258563e-03 1.923699715650336152e-03 3.188050556652651706e-04 -7.805911190991330836e-05 1.400301201981668216e-03 4.230404683130323576e-04 3.352821989012469330e-04
2.095172134954577381e-01 2.360363822601954740e-03 1.269756632245981620e-03 -3.417065670716951001e-04 8.141641603000792336e-04 2.310642725307754733e-03 4.204171462963662668e-04 -1.140274748250266529e-04 1.371569702886812556e-03 1.245825902537327310e-03 2.068790053383898957e-04 -4.878810865503051036e-05 8.934360619761844407e-04 2.708642366034465796e-04 2.126814805149138208e-04
2.136973926115405542e-01 1.463778355324915322e-03 7.856667097224745520e-04 -2.059343471083530303e-04 5.077582070993823206e-04 1.445926636688469030e-03 2.621152123739553291e-04 -6.825055262839147213e-05 8.785216457159944004e-04 8.016133271446523618e-04 1.334541232086891278e-04 -3.022467997647070961e-05 5.897914679475533108e-04 1.797899201858875256e-04 1.439051073650981203e-04
2.178750580088065492e-01 9.585170328182025671e-04 5.128855461621807275e-04 -1.303343250803703807e-04 3.292454072158702187e-04 9.393632429359603277e-04 1.697893908424099197e-04 -4.303014365425945388e-05 5.448293755524350000e-04 4.970430248845233339e-04 8.221365239498389500e-05 -1.835943834625021598e-05 3.473693680589216523e-04 1.055393218994140730e-04 8.060664156057539712e-05
2.220823861956562617e-01 5.914532957379908763e-04 3.164087165233857193e-04 -7.991306052942556638e-05 2.063350399893378051e-04 5.899602980717807412e-04 1.064068695316259801e-04 -2.654368632496220445e-05 3.522626638291430725e-04 3.230080169059705011e-04 5.342870313530680528e-05 -1.148179651765968100e-05 2.323284483792489202e-04 7.110005298725756017e-05 5.584509029615454409e-05
2.262696194198526023e-01 3.777785248072445916e-04 2.017360935817403872e-04 -4.885993006724508335e-05 1.268995680492037098e-04 3.632967523249311793e-04 6.554578526807799022e-05 -1.592616673168159873e-05 2.168767792650993229e-04 1.992059930551259655e-04 3.310141019229079245e-05 -6.952875105604523779e-06 1.442770982289893968e-04 4.424604893437448621e-05 3.495584199357491952e-05
2.304259489101245229e-01 2.422790087988457419e-04 1.294344614584806339e-04 -3.129377669320289676e-05 8.597661719872157909e-05 2.458946548331524657e-04 4.424527979512091078e-05 -1.049054560467199827e-05 1.461592065282614874e-04 1.342900081156899676e-04 2.230439119787961703e-05 -4.697312475307422506e-06 9.518758954911226908e-05 2.915045807717313450e-05 2.247920164629934833e-05
2.345870463846415066e-01 1.504221004754609768e-04 8.012826505699745770e-05 -1.841132323019995060e-05 5.261084502748225258e-05 1.507760696073291316e-04 2.706960399575455915e-05 -6.181538566145307181e-06 9.084090073976211943e-05 8.385389058797567872e-05 1.395810661882870432e-05 -2.775568995347379672e-06 6.092054010098924802e-05 1.879082009065070720e-05 1.486640167750856930e-05
2.388019837064606632e-01 9.385933887778386345e-05 4.985490414128588871e-05 -1.114696927563961045e-05 3.292330883830758522e-05 9.447827410768152516e-05 1.688821049986160574e-05 -3.733120728096174774e-06 5.672423801469082973e-05 5.246462817586430329e-05 8.728670451191365524e-06 -1.715673067634997696e-06 3.774085072716436111e-05 1.164524919976480486e-05 9.124194736017527858e-06
2.430077036534963875e-01 5.793077813197784764e-05 3.069651674930716170e-05 -6.570117719468266498e-06 1.944801110613279891e-05 5.590757550364842450e-05 9.992741509193031786e-06 -2.159186262652077243e-06 3.295056304039313918e-05 3.052636876865964371e-05 5.069424914139367908e-06 -9.647690679674134613e-07 2.173895996386476841e-05 6.718345059764962006e-06 5.224620724055360512e-06
2.471758823520590620e-01 3.524186227973452297e-05 1.861945901363300007e-05 -3.814872694333467493e-06 1.213969677775776209e-05 3.494209025092003066e-05 6.214239921315452873e-06 -1.281295481372849859e-06 2.114675899680166802e-05 1.969173547179432155e-05 3.269985986320581872e-06 -5.934675258174658344e-07 1.444634719124112302e-05 4.489815120012849899e-06 3.596046966474668657e-06
2.513692271335918882e-01 2.009048356951877059e-05 1.063323543659263879e-05 -2.250594738760817136e-06 7.057372790541901346e-06 2.029137373294023476e-05 3.614695915940668621e-06 -7.593880618752174191e-07 1.203563613894940453e-05 1.118821386414322245e-05 1.857865574552811485e-06 -3.461625056451251264e-07 7.993663397040244554e-06 2.479145398656835349e-06 1.938083133657444776e-06
2.555723892733414715e-01 1.236136604726593288e-05 6.536203883302331464e-06 -1.313054750651465051e-06 4.263649626600705131e-06 1.226855540104814710e-05 2.182106885952161726e-06 -4.386417888861892587e-07 7.403083105676655150e-06 6.909854478439735403e-06 1.146565173274223253e-06 -2.024830360327115908e-07 5.016864757163194599e-06 1.562282614956007644e-06 1.237740762627298283e-06
2.597674079539822323e-01 7.287931632783477210e-06 3.861659830797100345e-06 -7.565000885159590879e-07 2.472856201213986264e-06 7.123262661167369500e-06 1.272083442224998353e-06 -2.488257453897008626e-07 4.219901496920047566e-06 3.943943064516358896e-06 6.602488959322220828e-07 -1.142842074184130630e-07 2.835425753302161347e-06 8.870353991683725936e-07 6.941125627335348625e-07
2.639178238801485610e-01 4.411509962981527759e-06 2.319126534564426190e-06 -4.383007566426852330e-07 1.584567436050827136e-06 4.549882200712169277e-06 8.075802768206142324e-07 -1.511795144030378028e-07 2.825984638698851832e-06 2.636265749821078395e-06 4.454184851813272391e-07 -7.670817327677458659e-08 1.938984099892182353e-06 6.083195527101894276e-07 4.864303714930950070e-07
2.680749044740857179e-01 2.468128748573083669e-06 1.285447280105517852e-06 -2.507977229544294632e-07 8.297098152584852330e-07 2.396855708972557438e-06 4.247947718024498739e-07 -8.313455821787796485e-08 1.411437589406236400e-06 1.313318238116107754e-06 2.180742011073673411e-07 -3.703652954827167639e-08 9.350863794759351982e-07 2.900111110825402846e-07 2.232224707905998234e-07
2.723023151079725368e-01 1.463386593298719092e-06 7.525188333557545986e-07 -1.358423078318007091e-07 5.034193669301698337e-07 1.486200604427321479e-06 2.550251849435089160e-07 -4.554021467170117527e-08 8.645494492443195156e-07 8.313084821159770711e-07 1.376192675162031585e-07 -2.265831720401452126e-08 5.966284856225012680e-07 1.877242412413306135e-07 1.479741919391100907e-07
2.765128983200950685e-01 8.616345976854355448e-07 4.450160157203358178e-07 -6.995543595568729940e-08 2.951380340722996054e-07 8.502351298100265885e-07 1.460945286995559290e-07 -2.535028617638272355e-08 4.995332804959507744e-07 4.785098145073667813e-07 7.763994460475590928e-08 -1.380638476861314608e-08 3.404045910917263974e-07 1.023527178962052307e-07 7.937385002039675692e-08
2.807027537381580062e-01 4.651666439034109053e-07 2.636640977249939810e-07 -4.910123754607585802e-08 1.597253399853797598e-07 4.808084446523797425e-07 8.459373466779176025e-08 -1.638178264241429230e-08 2.724082037175483259e-07 2.527573792173204538e-07 4.382380432470719472e-08 -6.046883062777169667e-09 1.641883568989122414e-07 5.787234551100964785e-08 4.145365710460413034e-08
2.848857026249724811e-01 2.581335934452114291e-07 1.358684796685320826e-07 -2.209679138536621770e-08 9.618723918416008333e-08 2.934346269422257392e-07 4.661998008262978137e-08 -5.853072851963686668e-09 1.512680301619473572e-07 1.588192088916046955e-07 2.372416344151351523e-08 -4.358502401504390623e-09 1.055476937202839673e-07 3.709784187504818942e-08 2.498294841107344655e-08
2.890807262117984777e-01 1.210240443868402247e-07 7.732008195098794713e-08 -2.136726941750777252e-08 5.309955030360177560e-08 1.375517941148885119e-07 2.639756882968476667e-08 -4.400130866659323285e-09 8.818796475053253206e-08 8.846297112949150196e-08 1.369289377711574874e-08 -1.472529918846995567e-09 5.437650114722588779e-08 1.997882477862688729e-08 1.453888652849227978e-08
2.932785946948970324e-01 1.815545122175887783e-08 4.426373547831146850e-08 -6.416423156610623377e-09 1.662755480598956396e-08 3.857438027127382949e-08 1.558333945923220367e-08 -3.032264073136761285e-09 4.399249915256222562e-08 3.101597769997289406e-08 7.418953730745051274e-09 -3.728326761967765099e-10 2.356935331435841542e-08 9.323097254181479624e-09 6.864349965914338079e-09
2.974321087309398370e-01 7.173270630116316337e-08 2.795807446880197350e-08 -2.278453626235167642e-09 2.393795590236275855e-08 4.315567145560788893e-08 9.017655114210583403e-09 -2.280777002184206733e-09 3.921030652190581237e-08 2.519348500820705286e-08 2.990009953649362128e-09 7.165512949919225566e-11 2.427574825235424382e-08 4.749345109855021580e-09 3.529963454486740079e-09
3.016123743882810904e-01 2.951682235653970414e-08 1.265008949569674294e-08 -3.304206400275996874e-09 8.107355709228634360e-09 1.423450503665509018e-08 5.437274751528728254e-09 7.903153351928189733e-12 5.263497032934711574e-09 1.139468582856832976e-08 3.161692828414362657e-09 -7.264073439385636355e-10 1.217711704988449138e-08 2.407867533137641479e-09 1.783514211939614784e-09
3.058101292111336522e-01 2.215095041175321579e-08 -9.366261919214773728e-10 -2.086870466773939028e-09 -2.086718370608114632e-09 3.542729510659773480e-08 1.584616522227762268e-09 8.796806891473626754e-10 7.546060328866687202e-09 1.963427167365593985e-08 9.029317085745124856e-10 1.628410289182423796e-09 -2.047628564913991836e-09 2.425287927180556215e-09 -1.577498661704166812e-09
3.100168993294901143e-01 1.249049398208405870e-08 7.007768768748236872e-09 -7.571308587133746088e-09 1.157199833885785858e-08 3.377832202941274580e-08 3.093309835875430193e-09 -2.586389240126000416e-09 9.736197963542974576e-09 1.422269594526868330e-08 2.311729930619499380e-10 5.121278567860719815e-10 5.180544456877360509e-09 5.586966266504170248e-10 5.497442277706855180e-10
3.142092030053749707e-01 8.089040318722675758e-09 3.928376545602279224e-11 -1.248400175125615446e-09 7.305500333695115134e-09 -3.765318975224101906e-09 1.213526158878660212e-09 1.051104998410899744e-11 2.057280641648057396e-08 1.143906301938298841e-08 6.433852747463293813e-10 -2.899074950722271803e-10 8.688159621595516294e-09 4.397515384467855218e-09 7.063105773859325712e-10
3.183867557675504334e-01 -6.782457532460855420e-10 -4.847650018521191514e-10 -5.966571697079492983e-09 1.553425212169675023e-08 -9.805397580040825133e-09 -3.853388250139918353e-10 5.497799829371441837e-10 1.112089663779000197e-08 7.948976792207688762e-09 -2.878501596943419085e-10 3.161848966466318707e-10 4.446247221145494238e-09 1.557674144974106369e-09 9.689042869523297713e-11
3.225872781332082551e-01 1.949351019844036925e-08 3.130539283919753660e-10 1.835018655782790164e-10 -5.764913622266522954e-09 7.186388837337939889e-09 -2.395045937217614150e-10 -3.806928466053655211e-10 -8.835591909930282857e-09 -5.530040543200678176e-09 -7.226903420705022237e-10 2.379170634958233377e-10 -8.807850221104590610e-09 -1.426134314455172533e-09 -1.948132066261518128e-10
3.267666109043823597e-01 1.642874293146397206e-08 2.866426353113548844e-09 -9.989089777556435408e-10 -8.053217681302850446e-09 8.982037361859346466e-09 1.895725475684962036e-09 -1.175462651924452041e-09 2.303484661166594394e-09 2.790217034092968369e-09 3.740801361743749884e-10 5.542343149225801839e-10 3.260792057441410881e-10 9.563836085182497719e-10 3.086858312227309166e-10
3.309328770241455886e-01 -9.461890776766932364e-09 -1.738494910203672768e-09 3.023857832740718606e-09 7.098336541071903660e-09 7.547008154507927344e-09 1.142952887255779017e-09 -1.588658344401919613e-09 1.064618771642004813e-08 7.589975832140303903e-09 1.039170001012559895e-09 -2.245952015043472648e-10 -8.029564798749772557e-11 7.180074142791585714e-10 -1.038337579772844756e-09
3.351106074107195187e-01 1.917628150823845208e-08 -2.032074681980698201e-09 -3.173227400876098223e-09 -1.633961337748749571e-09 9.877101824154902144e-09 -2.876439789703666827e-09 9.576920341962384173e-10 3.870875273478465700e-09 5.035541981796606817e-09 -1.324918242853344870e-09 9.617954088177373782e-10 -7.086031755201371996e-09 2.700166692872330634e-10 -9.737880561860609089e-10
3.393095620710060434e-01 -1.088616557466232346e-08 1.804627289822824454e-09 7.110953194456922015e-10 -1.510125676312982651e-09 -5.105828428477728944e-10 3.825359687237476775e-11 1.990790379019843702e-11 7.048372139502789334e-09 5.215757611857841547e-09 -1.150143593056223487e-09 1.151995076127618230e-09 9.763840759658973014e-10 1.183105379640747971e-09 1.370678422877396832e-09
3.435164896197421824e-01 9.696234024958523269e-10 1.636368418971934025e-09 -3.157848791749645810e-09 -6.101976619560429081e-09 -1.589105580303644213e-08 7.622281887285152088e-10 -9.284118821959429473e-10 -9.709631975681145505e-09 -3.228344438718163254e-09 9.088507744537790979e-10 -4.661918634812913857e-10 1.466445168946015178e-09 -1.524612439383038069e-10 -1.102079243451100612e-09
3.477107812306902690e-01 1.685756973391433360e-08 -1.829658274725002084e-09 1.708190993882612850e-09 1.570424478431952737e-09 1.182434295070368900e-08 -8.396033978089173603e-11 -7.645295734843313361e-10 1.300097759816944349e-09 -3.833414932838472485e-09 4.799816305946152197e-10 -7.665239757961802422e-10 -8.012298043260550022e-09 -1.422227011059514633e-09 5.774800595245767811e-11
3.518857617074659383e-01 3.083680185047037773e-09 5.887300643003813838e-09 -6.611776957507123715e-10 5.889348022548958304e-09 1.757521323728997237e-08 2.639460245137076296e-10 -6.452489487365960199e-11 4.709614576163568957e-09 4.028921308121917464e-09 -7.473714664893929628e-10 1.062430486458881913e-09 3.822187818995984943e-09 6.465134223142430163e-10 9.727886148547963442e-10
3.560773577310688554e-01 -1.251072114107114772e-08 5.032603852805722563e-10 -2.337977137876798908e-09 3.714574360799808906e-10 3.759556880988350086e-10 1.399789705439360509e-09 -3.071318837593680727e-10 -1.004066253626909541e-09 2.371948828634258037e-09 -3.253218572804786444e-10 1.078840572461790600e-10 -3.189129053127833596e-09 8.681589832988523596e-10 -1.384289208439842012e-09
3.602869550449780967e-01 -1.338778450871023796e-08 3.560818721035482991e-10 2.604313167953391727e-09 -5.968446985337334710e-09 -2.675193641210779340e-10 1.339183207163735768e-09 -2.942054725608909927e-10 -8.147436378770451177e-09 1.653194938938698363e-09 6.261952559647728283e-10 2.653541460660036062e-10 7.668569343229639099e-10 1.862443364797992547e-10 4.403620269485720929e-10
3.644651285618699665e-01 -1.912345489234185899e-08 7.058374305826681352e-10 2.938429652796338704e-09 -1.175669312998221970e-09 1.313970574858387444e-09 3.003982312751635285e-10 -3.289865613902310277e-10 4.291146292251960164e-09 4.547015286338715738e-11 9.420113659015364131e-11 -1.360441404855597128e-10 -2.047234895477280071e-09 1.232749515461344897e-11 -1.613600359256354953e-09
3.686396944457170921e-01 -2.556383241126002189e-08 -1.914931754109525786e-09 1.668668630859152473e-09 1.644947157023935425e-09 -1.601940722900579970e-08 -1.608968289371753130e-09 6.898290579735107266e-10 8.557583507085537323e-09 -2.509403984847325938e-09 -6.909798342127340733e-10 7.903698759817669097e-10 -2.130107687607796612e-09 1.391752037455190753e-10 2.985146849915951423e-10
3.728293470315630076e-01 7.638008214069210242e-09 -8.332144934450483959e-09 6.150531262377581867e-09 -1.249197711302076874e-08 -1.253626258046627861e-08 -9.337161449831899571e-11 1.307246613433295648e-09 -7.551472708067190814e-09 -5.159364976433553002e-09 2.547750566240199492e-10 -9.984921658674512387e-10 -2.746133977181635030e-09 -7.623643142571330100e-10 -3.586823402216669584e-10
3.770363921861874523e-01 -9.417399246245986308e-09 5.631767932693446862e-09 -4.684765772257287095e-09 -9.887898027626716934e-09 -3.050760303746801347e-10 1.290030246016559784e-10 -1.923763476880812844e-11 -1.647379953795119185e-08 2.392285217668377228e-09 -6.439516817669193847e-10 2.653174504262066550e-10 -1.062705532044611065e-08 -3.643668578995386431e-10 -1.146963404927111230e-09
3.812363453093803867e-01 -8.788278691310512511e-09 6.610306987367154967e-09 -3.115780727810912948e-10 -6.791493967871934140e-09 -2.610321628130664626e-09 1.624327913273822159e-09 1.317392303917542318e-09 -5.154093450863858005e-09 -5.890630429541145138e-09 2.640726674944765637e-11 3.958129005478274458e-10 -1.051367110725059023e-10 -2.517387098340620720e-09 -7.989116450934134776e-10
3.854150971210312249e-01 -1.061030212907684517e-08 1.710965659712403403e-09 -4.370538278709865708e-10 -1.139585281611605558e-09 1.075546167748993991e-09 -6.952613800558247460e-10 -9.714822399766630533e-10 3.084084304033181799e-09 1.443897936134241793e-09 -6.743674954815743695e-11 -1.915563499712486060e-10 3.892724761515567228e-09 4.849970423828452605e-10 1.111114041981990413e-09
3.896036578152083374e-01 2.388319754370224266e-08 4.236687842688967893e-10 -1.358705216894931445e-09 8.339559894762187377e-09 1.070170899229482949e-08 -1.983633366110849901e-10 8.071195127375658068e-10 1.200228282966634929e-08 3.934135338213585332e-09 1.581060005871555998e-10 -2.074615178793152897e-10 3.401332217064322093e-10 6.802899713284262203e-10 -1.230311571834166331e-09
3.937795161075864914e-01 -8.130371596493210818e-09 -1.476450466601840744e-09 -1.120314794964109243e-09 4.919837918576310992e-09 -7.790552321902532926e-09 5.030919316740704388e-10 -1.147936439665505253e-09 1.776990635871333775e-09 1.284529884575568989e-09 2.438507203722412975e-10 -1.584232069546208236e-10 -1.171909788874067997e-10 7.801610494790068530e-10 5.700896716848961024e-10
3.979440095093054186e-01 -2.116667730371080328e-08 -2.418393521575788502e-09 -3.154792438990750558e-10 -6.799234891696488674e-09 -1.522762718427073322e-08 -1.340206621551019385e-09 5.993978345957999418e-10 5.208197854921888016e-09 -2.372097697112499630e-09 1.338519810986095788e-10 3.727991592139636365e-10 2.983250670971206714e-09 1.120107640557377049e-09 9.416647185307406700e-10
4.021139069446590386e-01 -1.391683443892155432e-08 -3.642768168992138885e-09 -8.978796013630846498e-10 7.562369542319027144e-09 7.336418442469900783e-09 -1.184208341615012694e-09 -5.350150573170633573e-10 1.426303767414250992e-08 2.187190654375213830e-09 -3.765088951593495362e-10 -4.296976897884178211e-10 7.072956576031763771e-10 1.728740155607505778e-09 6.084536349395895146e-10
4.063125452039867413e-01 1.158244331525354611e-08 -2.176741364505027377e-09 -3.402132065015218172e-09 1.157616606653775388e-08 8.704771753675021247e-09 6.735444252811297355e-10 5.738662227908901003e-11 3.758157635546424436e-09 -5.677513668865580709e-10 -1.296241812684247680e-09 1.007754620615183180e-09 -3.899468021953542369e-09 -2.526616806978285094e-10 -4.201635479747457423e-10
4.105412315868290918e-01 2.876722475567701015e-09 -4.458010488187670341e-10 1.439564437891695568e-09 5.355141928092961456e-09 5.843780625055147356e-09 -7.748269580568290818e-10 9.996793807424309276e-10 5.911844246345694144e-09 4.253677434429866990e-09 4.823573546270247597e-10 4.559249538401162024e-11 3.818739871394941284e-09 -2.027225450691467556e-10 4.574307759687568191e-11
4.147348487769681458e-01 -1.075349181209445259e-08 -3.481510140151896115e-09 2.971598110346704909e-09 4.066830864518659190e-09 -6.642565867305290154e-09 -3.071648397652505927e-10 -1.988900207004143399e-10 -2.400102003422057186e-09 -2.456897738806855171e-09 2.556642944238494683e-11 1.905271986666333196e-10 -1.999528027670600803e-09 -1.499891969455331929e-09 -9.486976853558179111e-10
4.189107045044477284e-01 -5.768642451902251126e-09 -5.918267740348442325e-10 -3.083153756174148888e-09 -6.518616308408921688e-09 -7.943444631477956036e-09 -6.707259490661096456e-10 -4.237442589558524255e-10 -1.183160904262831688e-08 -3.934578786341831854e-09 -2.763688150457531615e-10 -3.798799099871149534e-10 -2.923025781084875297e-09 -8.945240763217914088e-11 -7.554953373213830536e-10
4.230974437456921922e-01 -1.051936712578358587e-09 -1.632142993642960279e-09 -1.113634154113952883e-09 7.051509164308030005e-09 -1.445955126298944066e-08 -1.515976958077368048e-09 -2.657429006961129641e-10 1.821175426102628759e-09 -1.112584904153302403e-09 -6.210095948135076477e-10 2.506043156230241871e-12 -1.857264039646977782e-09 -4.511290958898952477e-10 1.417559911338193176e-10
4.272931011032126136e-01 1.372978545148951426e-09 -7.765308171737920999e-10 -1.501191345069060852e-09 1.263697854260523847e-08 7.236875822707012584e-09 7.231806636364883448e-10 -1.040602798932582530e-09 8.005107280286061554e-09 3.155678253324703027e-09 3.998206306291504047e-10 -3.768712647396821381e-10 4.236013488553252187e-09 7.383027401310932678e-10 5.419991877802950509e-10
4.314914587673138180e-01 -1.572613580115981470e-08 3.268676484509990493e-09 -1.170753063880167457e-09 -1.649134463204841683e-09 -6.674532427196164997e-09 2.546400711423928429e-10 -4.256897154314088390e-10 3.895047625336484846e-09 -9.136369488094724404e-11 3.061252166790997068e-10 -3.877070587421834031e-11 -8.069400568924725511e-10 6.268552905613991607e-10 -5.140923120650461445e-10
4.356511643511531418e-01 -7.748095887376835170e-09 1.575606376926690365e-09 1.481159734346099705e-10 9.301056942628144041e-09 -9.160685728985380608e-09 -4.002477730876508119e-10 -1.232455328855341143e-10 1.031109459017394221e-08 -3.362378014493856530e-09 2.258172511264983253e-11 -2.575828986658359416e-10 3.187935237864986401e-09 -5.224489827543094999e-10 -9.780969294430399964e-10
4.398424702607344750e-01 2.751477100554678368e-08 2.106404432603163362e-10 1.405405718923001609e-10 -2.772966859691421370e-09 1.582710940275412284e-08 -1.484285542466682349e-10 2.670853134637598775e-10 5.500224275149026901e-09 7.116052838890268847e-09 -1.754900501466050936e-10 1.165882538269688037e-10 3.784214900423647184e-09 1.715153994887174972e-09 5.971041035419383723e-10
4.440501074980069407e-01 1.012817440018443061e-08 9.050712896706001530e-10 8.869907466631995097e-10 -7.472687203622091250e-09 -2.020981380537139378e-08 -2.576276065019744457e-10 6.137354136828500552e-10 -1.294522745606875448e-08 -1.189876471785225067e-08 -5.414026325852152197e-10 2.828744714619680974e-10 -7.820747437557763382e-09 -1.045724968100085243e-09 -8.987231338694890318e-10
4.482267968899237842e-01 3.737601165642590416e-09 1.844491180470568772e-09 6.424444988945103280e-10 -7.800726467743490164e-09 -6.129174190405087813e-09 5.824421450082392856e-10 -2.984061021830226468e-10 -9.330215310371990214e-09 -6.097912613948921917e-10 4.416699680518709704e-12 -1.889022155036192216e-13 -6.463287153133537428e-09 2.319031229766294287e-10 -1.347520483900364607e-09
4.524052929840755577e-01 3.948431202595529138e-09 -4.166404739633715353e-10 8.985879761633135935e-10 2.554519643737065971e-09 6.155193391297472625e-09 -8.191864965360693729e-10 1.417997559534687281e-09 1.204781537003090442e-08 5.303844983944293719e-09 -1.605555594610216322e-10 2.764221385205878183e-10 6.110472036838148309e-09 1.555199214621973997e-09 1.592129908703757909e-09
4.566090347930675253e-01 -3.371331309099115138e-09 -8.378205545817820307e-10 1.247283919762920055e-09 -2.209086405713614381e-09 -1.526692476639152467e-09 -1.527200948472953609e-09 6.469032422562463438e-10 -1.072501247502069640e-08 -6.835301858896913062e-09 -6.962263624536517906e-10 2.208110417983993393e-10 -4.874850065999754222e-09 -9.188221268655056861e-10 -2.375094731914178028e-10
4.608167319022857811e-01 1.637859564968385357e-09 1.779746150607174965e-09 -7.176113758309344515e-10 1.966388348241294243e-09 4.972142887991299630e-10 7.755226130989565509e-11 -6.652992837959291076e-10 1.023533270169328447e-11 1.969637369797673176e-09 2.958264875827611968e-10 -5.603520463265761671e-10 -4.206763528993556907e-11 4.299112258631454897e-10 1.480021756745382819e-09
4.649806979855051203e-01 -1.015799763697337851e-08 -3.250134616444507786e-10 -7.616880515566972323e-10 -5.179898219279766604e-09 -1.304253219791144952e-08 -8.515957276229982195e-10 3.048044926912888792e-11 -7.373195272790718745e-09 2.261244379455883289e-12 2.793523903618037013e-11 -9.124645312108482673e-12 -2.468337718733047941e-09 8.881360252218517742e-10 -8.238558486985756565e-10
4.691538386770017222e-01 -1.517084570168775230e-08 -1.867938062033035106e-09 2.431963091581214738e-09 4.637645772593123521e-09 -1.581901384923739525e-08 -6.150217189764337049e-10 -1.087944998794045821e-10 4.720655458762220737e-09 -7.216882734119105881e-09 -3.751163212161956296e-10 2.383988026702805726e-10 2.163615362240869533e-09 -1.203513058203350988e-09 2.823664817744377228e-10
4.733478629909182445e-01 8.605131206889509784e-10 -8.880225247009079087e-10 2.151299286731350466e-09 -4.630579964292175861e-09 -7.905824083176494610e-09 5.985252061646443929e-10 2.262990702429348835e-10 -1.085536971324316391e-08 -8.200116637207442319e-09 -1.573316688815449850e-10 1.135530215670485212e-10 -9.644307043286939280e-09 -1.370020637054702607e-09 -1.705062774611990212e-09
4.775500538217637980e-01 -9.201575519919077212e-09 8.387548997542400227e-10 -1.112954422742864955e-09 -1.429254313705742644e-09 -7.144196371881662559e-09 -5.159592672996928783e-10 -1.062429609445076157e-10 -6.217362933026387247e-09 8.967860066755580905e-10 8.806500492069801830e-11 -2.515329965143561112e-10 -3.056730077450110291e-09 8.631757486311632219e-10 -1.472105679047907034e-09
4.817339644282710998e-01 1.128679262535027880e-08 1.298078041208185260e-09 1.657039218575879677e-09 1.126623434303654961e-08 8.720449121531635973e-09 5.170875091270024658e-10 -2.529788116251867488e-12 5.243965757571302772e-09 1.226263756576452330e-09 3.902098617369258822e-10 -4.949252387512792122e-10 4.801121291949439937e-09 -4.250896896742088714e-11 -2.293299870040113318e-10
4.859144464692263798e-01 -3.396762970342578463e-09 -4.975724765059831512e-10 1.108525405877261849e-09 -6.724695253142336194e-09 -5.126835502550325899e-09 9.127334774654683556e-10 -3.327202673673559198e-10 -8.669194390063500006e-09 -3.484387347167086089e-09 -1.920810400971400877e-10 2.786797789164810947e-10 -8.403095763537473250e-09 -4.068551430040583795e-10 -2.084809586006576723e-09
4.901252990058800885e-01 1.536144809964411707e-08 1.047674384389429818e-09 -7.317540763893150180e-10 1.029169664051598892e-09 5.262872516574326723e-09 5.080772861307928052e-11 6.780236576930106888e-11 -2.833053461862151022e-09 -1.264549033773410766e-09 -2.281796476016898759e-10 2.489605179416615242e-10 -2.345199633169233674e-09 -7.621407661943924657e-10 -1.856475815533328478e-10
4.943123444065962158e-01 -1.162090473783551389e-08 3.734251123070979295e-10 -1.131029209304401611e-10 6.050969768441391394e-09 2.507721089296329237e-09 4.814601999297798848e-10 3.742259973559960136e-11 6.899972021203044462e-09 1.552845356110999471e-09 -1.727603946627561717e-10 3.525151808864107357e-11 5.074057541502701748e-09 -9.999786870659939349e-11 1.634087677734961411e-09
4.984736335014697817e-01 1.713460894538460517e-10 1.463048230102613413e-09 -9.583757949269801525e-10 -5.076711777785260313e-09 -3.346458451502318360e-09 9.163175841095492638e-11 -1.009531566341366597e-09 -1.282260657720842084e-10 -1.567035591699667147e-09 -1.865386402831630519e-10 1.981429526281476172e-10 -7.200563056276553162e-10 -7.417118880348970646e-10 3.832629132960616911e-10
5.026590164608074618e-01 1.126327747743311706e-08 1.966739184610199162e-09 6.873826504345767835e-10 -1.271187060375180138e-09 -8.089395283779304951e-09 3.972675578794507438e-10 -5.518804365303208755e-10 -6.691875456221115839e-09 -6.778419498590703536e-09 3.433797991940939512e-10 -2.502055433501282603e-10 -2.435012904175138250e-09 -1.319964255461122267e-09 6.951730422088504645e-10
5.068609875937976073e-01 2.041559522780731971e-08 -2.286649912390527951e-09 1.259227414339585375e-09 -1.193979792008041674e-10 1.954822501856741848e-08 9.272763760425529406e-11 3.040521218860201692e-10 -5.067350089474070366e-09 2.912798081303744427e-09 -3.233133684289317910e-10 -1.310554101576586708e-11 -2.097262136542421718e-09 -6.333078642756568177e-10 -5.948873521605685491e-10
5.110594965365916620e-01 -2.491626236495248368e-09 -3.356884256861752491e-09 1.248116984970947492e-10 -5.392003664977172381e-10 -9.280956029739010111e-10 -1.724317165147162445e-09 1.132340090129530102e-09 1.018717845076995615e-09 2.298860650607203779e-09 -5.298692953388091609e-10 2.879862353793834250e-10 1.310684558758303169e-09 7.271190443996673148e-10 6.820325259213139210e-10
5.152492140965455603e-01 2.845141512883947282e-08 -1.068354575709977130e-09 -9.361775983590021129e-10 2.420481518351530833e-09 1.626085788598981882e-08 9.358980333121707149e-10 -3.237053081907243960e-10 -4.169113234018371456e-09 3.330579025085903110e-09 1.819340485232575204e-10 -1.857671970054850017e-11 -3.075054583583962433e-09 1.085365133582762594e-09 9.978953877441909446e-11
5.194329442812991582e-01 2.020886137898932508e-09 -3.874435149933706661e-10 -7.262538446575525151e-10 -1.795008252288016521e-10 3.176037526445769603e-09 -1.079194124058928140e-09 2.212557803563100010e-10 2.892360343373087434e-09 6.556343227259657173e-09 -6.838886302507925803e-10 2.676690183850753291e-10 3.266106604618242580e-11 1.442818200930402860e-09 3.791336512455500459e-10
5.236343964239100757e-01 2.962720439291833076e-09 -2.108886919697931915e-09 8.167929814705979264e-11 -5.047547601361288515e-10 -6.460488408228800589e-10 -7.171968386321004688e-10 -3.141724469396906717e-11 -3.202268096808617421e-09 -3.336608080465468022e-09 -3.114626157011862132e-10 7.660405769038695820e-11 -2.406010114216703225e-09 -7.518337351240453173e-10 -8.234210340956219762e-11
5.278273205415198177e-01 1.229068245802126258e-08 -2.121067603815641536e-09 -3.355990910134574871e-10 4.249756974715563071e-09 2.293326945400419107e-08 1.006476277071130877e-10 -5.263368905675464702e-10 8.704478829590249127e-09 8.548900860776358454e-09 -4.930090712679815728e-10 8.476023737332175921e-11 4.368344864558155161e-09 9.289572290239698198e-10 5.368518273644122613e-10
5.319960279023402405e-01 -4.931862943798148916e-09 -1.204758067240819094e-09 -3.859851401243004199e-10 2.942387896399337556e-10 -8.920985911261825563e-09 1.027785729822227671e-10 -6.117975906015135547e-10 6.287647420445960138e-10 1.179687432788978003e-09 7.719222420033282617e-10 -7.318468940502137811e-10 4.859919369633733307e-09 5.157318312386214081e-10 1.010965952081377682e-10
5.361714592099571242e-01 -7.813924292348793331e-10 -3.058673053923822625e-10 4.638910339537496979e-10 2.320445292272084759e-10 2.381404619222180120e-09 -4.051504807178178849e-10 -8.221847682568357132e-11 4.463137306407200946e-10 2.341377823871496685e-09 7.098274439481343966e-10 -1.642096485746133407e-10 1.725984946770453412e-09 9.323382954942810125e-10 -2.986202034849829655e-10
5.403746330902056139e-01 2.446154776567721488e-08 3.955519410633101256e-10 6.795396131637344726e-10 -3.178355294300416963e-09 -2.018589492356650550e-09 -4.231604884228736377e-10 2.692842219113507894e-10 -1.035388669226360461e-09 -6.176055910011357656e-10 -6.551148369147946525e-10 1.889182469618149468e-10 -1.223648727755996038e-09 -1.999525824424686510e-11 4.127413762482182714e-10
5.445761264886261888e-01 -1.001945034727436945e-08 -3.767295179351328523e-10 -1.238935016443991088e-09 -3.109865110698387420e-09 -1.281331942614359455e-09 4.531152217861023408e-10 -4.799108625313025990e-10 2.236061463245771648e-09 8.457546332174673141e-10 7.107094539063708341e-10 -3.519364387307555486e-10 8.247309224495490437e-10 9.608405084661258618e-10 -7.123575785638011296e-10
5.487504490749764985e-01 1.677196833504170444e-08 5.734431312543265705e-10 -5.559638333654079092e-10 -5.092954552503850980e-09 1.651938847893680554e-08 6.920255468434977724e-10 -1.726117187812183303e-10 -9.730507177113761688e-09 3.094335885075675507e-09 -8.045632354286999216e-11 5.104360977767928274e-11 -8.897241972872564242e-10 3.480702098042971561e-10 3.085467174429223070e-10
5.529407179677009454e-01 1.039954504376919608e-08 1.075589240498797696e-09 -3.884668781359109167e-10 4.740796078663050225e-09 -2.363564643154529413e-09 1.833954578048109500e-10 -3.736776071538581698e-11 3.677884270959585673e-09 -3.704297043416767713e-09 1.301676172349641319e-10 -6.574617331868138646e-11 -2.205739899235444657e-09 -1.099304436048188306e-09 -4.891157923750844420e-10
5.571409157079509900e-01 8.091354656157435716e-09 -1.143712665411755987e-09 5.348410208320119473e-10 2.288726530419233555e-10 -2.671196966918183244e-11 -4.141023700676256936e-10 -2.768317248738404254e-10 6.530996671488332987e-09 1.394993305069948147e-10 -3.876091829738452920e-10 3.528436759441876641e-10 9.851925531932883337e-10 -1.372217221122569307e-10 5.303170070821145375e-11
5.613298693710127019e-01 -5.104758930623794735e-09 -1.235257206540789938e-09 -1.270669316747194378e-10 -2.515403555012208809e-09 -1.354641141193397602e-08 -3.655748663541209464e-10 -2.299111493451375645e-10 -9.364103759230681659e-09 -4.005997703854160912e-09 4.881183967084555682e-11 -3.708306569762277841e-12 -6.496856532121081642e-09 -8.224141748127958374e-10 -1.017793990813756348e-09
5.655062246218995892e-01 -3.602843295035399231e-10 1.615061175769767833e-09 -2.213206903785706944e-09 -3.833014958939409647e-09 8.133425444892427623e-09 2.611386272328809835e-11 -7.157132615966593263e-10 2.088800557773602929e-09 4.325250166181984786e-09 7.523471547101266366e-11 1.035294484067825821e-11 -9.640984758256777701e-10 5.846619630848527069e-10 1.566930518002509601e-10
5.696867424029971039e-01 1.641374083995735392e-08 -1.512575273576552763e-09 2.359440121809781833e-09 -1.081932105054340115e-08 7.512513656074861225e-09 -2.581392090398934238e-10 1.634493490828313275e-10 -3.325851150529625033e-10 4.282059185484813851e-09 -1.218607574814085673e-10 4.116082512245511465e-11 1.349301887720334927e-09 1.120713725580532827e-09 2.765342373445030025e-10
5.738956954203543459e-01 3.728948194383803336e-09 -2.461016987139708578e-10 3.511473921590369149e-10 -6.801775840235821061e-09 2.026268132809801037e-09 3.478861252328938704e-10 3.721463948417025548e-12 5.862249494759862872e-09 -7.262664852221714810e-10 -3.098099175605140602e-11 3.349330556300036698e-10 2.226699657834012996e-09 1.032363566524549289e-10 -8.427518687893297876e-11
5.780928920821047923e-01 -7.775841581984605547e-09 -1.102147866276894791e-09 7.037501668086999034e-11 -1.352583667215368751e-09 4.740313945392369027e-10 8.645510946819194778e-11 3.423973824019418221e-10 -2.448334619037853979e-09 -1.438314821983490947e-09 -2.428287905795483952e-10 -2.517753101739470055e-11 -1.383507967305953567e-09 -3.986744872751523155e-10 -1.681193329989164977e-09
5.822632071880226023e-01 -4.087929778774848959e-09 -4.541634189560579829e-11 1.108081648168756615e-09 -4.670524286556857392e-09 -1.082450704269908075e-08 1.049255155031958697e-10 -3.186454007000536154e-10 -2.953431562427693337e-09 -5.390190749644249684e-09 1.265795951340461655e-10 -3.437191213382625672e-10 2.867029528086237363e-09 -9.029398360486493041e-10 9.083543241531756105e-10
5.864430803127811398e-01 -4.742007165623374406e-10 -1.068620848147262706e-09 6.030771822078215696e-10 6.551526486632133615e-09 2.723927412240261900e-09 -2.383575214070933730e-10 -3.979206061074715009e-10 2.788051398500082220e-09 -2.446042183510695197e-10 -1.609875708554906986e-10 -2.053487057414234018e-11 7.828451417424746775e-10 -1.165186635484149214e-09 -1.505085681855613553e-10
5.906376733072625784e-01 -4.234007916413255302e-09 -2.732377624528986708e-10 8.654349012041128480e-10 2.010932767488301574e-09 4.036193266417348713e-11 -3.649456725870131676e-10 1.781899214901179355e-10 5.168395228979400684e-09 3.090644046868997344e-09 -1.636303781900164469e-10 2.907808134741266152e-10 1.076516864210539846e-10 3.518874036797544279e-10 -2.000967390521661684e-10
5.948356627105599870e-01 -1.061251109031547540e-08 8.845923824703230935e-10 1.800849215308737418e-10 1.015597327372640887e-09 -2.580454467420359479e-09 4.262273921609154041e-10 -5.243402391758076858e-10 -7.389078869907986101e-10 2.070676141765688050e-09 -2.324204565513652848e-11 -5.779073478309551164e-12 3.733716973874208090e-09 6.246229442540764904e-10 1.536302472962984736e-09
5.990145239901687457e-01 1.026037675591493600e-08 -8.680711786334709160e-10 2.179525689501580927e-09 2.167380962067713874e-09 9.505024722478256955e-09 -9.677036782145824579e-11 1.662761279852118014e-10 9.042118036800112757e-09 2.810723205984722224e-09 6.661751802943434354e-11 -2.153171098467158182e-11 4.924519387581458969e-09 7.439642494821727290e-10 9.909181749629935564e-10
6.031829950841108845e-01 9.962399654976448577e-09 -4.325494397315798992e-10 3.000862317632627090e-10 -5.262481931240740441e-10 8.083533966730941487e-09 -1.332148823499233376e-10 6.849177625359362503e-11 -9.558156958416321471e-10 -1.264663907212889062e-09 3.377763707433797272e-10 -1.931777869233799344e-10 -2.075047419974688138e-09 -4.330248080340344539e-10 -2.458224230296304305e-10
6.073740526175752663e-01 -3.994680697376702069e-09 1.119411298924240824e-09 -4.129532249165476093e-10 -4.290432308051654848e-09 -7.529753419484323107e-09 3.798540075134096337e-10 3.679867172823009479e-10 -2.833718011261856620e-09 -5.238775594068618928e-09 1.033162421273701500e-10 2.710088027481385254e-11 -5.903810872028639001e-09 -9.974101294227883351e-10 -9.836089470254605379e-10
6.115768023320514724e-01 -4.121021467471547133e-09 -2.273005833719484188e-10 -1.679581663595426824e-09 -3.900752425293156681e-09 -8.794012596356016196e-09 -7.264272900954137248e-11 -2.051940698531320934e-10 -8.676839142283872026e-09 -4.815491398567714349e-09 7.532074993728842442e-11 2.912884882082561118e-11 -4.586609974083746239e-09 -6.843011032911745825e-10 -4.530663550896221905e-10
6.157710000000914397e-01 2.715203624579129480e-09 -4.266093272956338533e-10 1.148658725696334545e-09 -2.856057367315650256e-09 2.273237413500763329e-09 -2.027199594724491258e-10 -1.348638485829128739e-11 1.543169302251419510e-09 1.223619185107033602e-09 -2.395834949554639975e-10 3.279025634610484881e-10 1.113148370110743979e-09 4.429778607480411257e-10 -3.623541673027202670e-10
6.199632023912512446e-01 2.624576515437191355e-09 9.606208276911800024e-10 -5.326105207762018069e-10 4.308209652028615212e-09 1.602745723391678153e-09 5.859000603614084153e-10 -4.730916424607226659e-10 -7.052968810360876535e-10 -6.474127473867201254e-10 2.470030334683769723e-10 -2.369044100422597563e-10 3.942019665538760990e-09 -4.854243306847504712e-10 4.971519431915724198e-10
6.241630060990407403e-01 1.375472226675961902e-09 -2.899175022311160060e-10 1.908342494500722013e-11 -5.367408622609475485e-09 9.468971073921039008e-10 -3.014386600195750453e-11 3.423491398169657201e-10 1.815591654168397656e-09 4.793171008003188539e-09 -1.527250354068926851e-10 2.827544532278982734e-10 5.057565373305041282e-09 1.387264476792888340e-09 -7.770574195320778214e-11
6.283593402461892241e-01 -6.444608056505722514e-09 -3.520159250192870436e-10 2.617439019233632246e-10 2.732255469221832027e-09 -2.359663381796622910e-10 -4.940394102317996238e-10 4.691280135432248852e-10 -2.091856773540747166e-09 -1.819706107262987728e-09 -4.292078737508769914e-10 3.892824602951403404e-10 -3.328129216590593129e-09 -1.532923906302284350e-10 -1.345923481237246958e-09
6.325410955997395890e-01 1.955958253161520900e-09 -1.086449042478889246e-09 1.084745391176808910e-09 2.620975012830674180e-09 6.744984420641556785e-10 -2.043495955704732548e-10 3.689360840551569291e-10 1.417196006281440200e-09 -1.630476554699270006e-09 -4.005895741688859142e-10 1.922015503935771066e-10 1.697377909527337191e-09 -7.171608078925020208e-10 4.180125291507106973e-10
6.367142920629192959e-01 8.138058520253383560e-09 -2.712232510569098364e-10 -5.865173161743013363e-11 3.219313389985142726e-09 5.079410450598533496e-09 -6.183795931160545828e-11 -4.617304238860062436e-10 2.721540865028423497e-10 5.332735336868340167e-10 2.966600941031263153e-11 -2.995983838896334549e-11 1.024823371229798681e-09 -3.613449689241284952e-10 -6.587429030988510496e-11
6.409035099394975177e-01 -1.659122288384556569e-08 -9.467171423648629380e-10 3.781786661181455076e-10 -1.393915484000685510e-09 -2.794154716406811635e-09 -2.450044078590305800e-10 -1.651445626073142686e-10 8.919827397771179414e-09 -6.628790397047705066e-10 2.315694322041036785e-10 -1.035368887098234055e-10 1.230807171048421668e-09 3.612465984927103197e-10 -2.010526565088528990e-10
6.451032402190634008e-01 -1.752973604077109863e-09 1.739440767006192302e-09 -1.410884021911571911e-09 -1.989328409880122034e-09 2.702889131889633737e-09 -1.162355716770595450e-10 1.264016828532292015e-10 -1.057737631229689696e-09 3.521872697307974705e-10 -2.986460189117132619e-10 1.913261178324607917e-10 1.313383498123627017e-11 -1.903752203474840475e-10 3.040128691089757602e-10
6.492879941711476866e-01 2.057524711558415136e-09 -9.346264674364649432e-11 6.476829174842750901e-10 -1.370135894147656140e-09 2.928581308231678078e-10 -2.741583147954124398e-10 6.919557386390280580e-11 2.405486630298461049e-09 -5.141973614659701879e-10 9.209592748694070707e-11 -6.895517288468316340e-11 4.919411075772417125e-09 -1.942855063597888111e-11 2.618614132676389102e-10
6.534659541563927476e-01 1.141380316386586213e-09 -1.023909633628776247e-09 2.192554915627703028e-10 -1.031113606701961722e-10 -1.183394262639595723e-09 6.686471188540915279e-11 9.366050528696656143e-11 -1.730492760215142210e-09 -1.023071130290675747e-09 1.536110020970831351e-10 -1.245449361673930993e-10 -2.653442290943556194e-09 5.614338406752799957e-10 -6.106295889531572571e-10
6.576591076962554627e-01 2.825934235362206184e-09 -1.790276347314159047e-09 -3.646467354075653404e-10 -2.549339875095494041e-09 -3.133682094486705276e-09 -4.687417362700405512e-10 -7.681092066252930878e-11 1.649473829625897014e-09 5.654974999394759087e-10 1.604271936509793455e-11 -1.653181923985587745e-10 5.130980756202763986e-10 7.510031187693252690e-10 -1.157971812423517781e-11
6.618529307405217610e-01 -1.986660437721004646e-09 -2.391693756956995054e-11 1.302822584072047170e-09 -6.923618340680192035e-10 1.769498427328722551e-09 -1.900324227067155382e-10 3.917021665475184716e-10 1.148985355843102462e-09 1.162260570374869705e-09 3.062483239592088201e-10 -1.608952315420677419e-10 5.698073983118480523e-10 2.801003382108594231e-10 2.436556879067216411e-10
6.660240791386257131e-01 4.017751536362428425e-10 4.391662907449300743e-10 -9.517252579854088137e-10 -1.079665216345727255e-09 1.196814897748041269e-08 2.587668198008283452e-11 -2.062292171661432604e-10 1.976491418888011728e-10 1.004198733309720479e-09 -1.465644009676511214e-10 -5.266147159661818706e-11 2.242511439223036124e-10 3.107791793602408496e-12 8.171062060025579303e-10
6.702067828716186115e-01 -1.110467725630710132e-08 2.328204913019112081e-09 1.584832947630228622e-10 -7.382747440537473775e-10 -5.945517903176824481e-09 4.763085664241279091e-10 -4.376161319647297295e-11 1.690708746176062999e-09 -1.023976154101592053e-09 1.353176643869484988e-10 3.206211991321084608e-11 3.178548751606991139e-10 -1.560485593421770594e-10 -5.132080754307098798e-10
6.744172070879622671e-01 5.618132525316035824e-09 3.484162199355319078e-10 1.921435264101876227e-10 -4.732463782298248435e-09 3.634712529663825583e-09 1.508023166054360355e-10 -1.321174850766672293e-10 1.563566313810330059e-09 2.648003725729853616e-09 -1.630807082235930869e-10 4.449770411751227716e-11 -2.467211718061648659e-09 4.083333971653783135e-10 6.693203372507575823e-10
6.786118453466847278e-01 -2.695863706207776439e-09 -8.614221820614880467e-10 6.203675034846299848e-10 -1.434186168840498218e-09 6.114470317077046524e-09 -4.502844574178247496e-10 3.404776590249521835e-10 -2.130596003306018739e-10 5.129221669484313262e-09 6.938016790686645899e-11 3.836459339621858195e-11 1.614807296729788698e-09 6.957968163469488503e-10 3.000537349227655304e-10
6.827984616056306244e-01 4.386507535153962572e-09 6.503437292500655662e-10 1.129738890560504187e-10 3.805510768214460690e-09 8.063682357025521984e-09 4.658770821387037714e-10 -5.513246521667516234e-11 2.626512844706752084e-09 2.554428864369180534e-09 2.462419321615682500e-10 -3.108010063378812190e-11 6.100513795084008989e-11 4.610791193111428898e-10 -1.012558130753100809e-09
6.869817177358829019e-01 -1.752949254498310162e-08 1.877862440896916983e-09 -9.003901500666794181e-10 -2.331704612153057026e-09 -8.359410138824855924e-09 1.232100921260914658e-10 -8.091368598775720029e-11 1.757220622990022508e-09 -7.848806792237195456e-10 1.536863860106349924e-10 -9.546496234732736906e-11 9.000912027829749427e-10 5.080443197235885480e-10 7.590159785358289097e-10
6.911718524128840357e-01 -3.160239547721651046e-09 -1.755105131290027632e-09 -2.351327041477284121e-10 1.897852844660567856e-10 -1.749158938217226036e-09 -3.605283034808368369e-10 -3.261076141447356478e-11 5.020189556351640618e-10 -1.037977464464997515e-09 -1.304597412004250419e-10 -2.872902134233766712e-11 1.057591798081623010e-09 -7.612395529184767301e-12 7.216131743889919324e-11
6.953555746427921846e-01 5.193425362046939834e-09 3.461088731826148250e-10 -2.013145901713803207e-10 -1.959922635227354771e-10 1.063982521027463722e-09 -2.482327450396633168e-10 -1.095881658913283272e-10 -1.729872078928194478e-09 -2.874695675728823953e-10 -1.283266494087179109e-10 1.470376669365335022e-10 3.556739596187981926e-10 -5.590216892388307966e-11 -1.363551963056222213e-10
6.995344561305086861e-01 7.853660095569525906e-09 7.862921873068200902e-10 -5.138923219317896058e-10 2.905843650282898967e-09 1.502653971846550933e-09 4.462150155762686178e-10 -1.370576855143661284e-11 3.452195952953409584e-09 1.656937277115967327e-09 4.047005042866023552e-10 -4.267192297917645532e-10 1.889740431362467161e-09 3.965956416809186562e-10 6.573975439279482293e-10
7.037287066792784485e-01 -8.802273696951604094e-09 3.306113540974194929e-10 -3.367002766414027897e-10 -3.261439984766150349e-09 -4.563033094280393341e-09 3.160797811211548746e-10 -1.875755166218486480e-10 -4.546431517541518855e-09 -1.252409033520186460e-09 3.217468739167011987e-10 -1.883076529545737766e-10 1.994987612847148076e-09 -3.399487762442685714e-10 -5.955023723601821084e-10
7.079143033440539190e-01 2.454334562838592475e-09 3.512247022567103752e-10 -1.107493661075422722e-09 2.108366132522424160e-09 -1.158117293926034575e-09 -1.524808605892391676e-10 -1.906841631401119752e-10 4.648172124270041588e-09 -2.158828323633500329e-10 -1.173167048726771479e-10 3.343332667219556992e-11 2.575123340577882940e-09 1.177937047433748931e-10 3.813505912273890217e-10
7.121186686741065586e-01 9.826751491826818069e-09 -6.552027236496079134e-10 3.510773854716618235e-10 4.233552390932219132e-09 4.678592138748302947e-09 -1.063295248447522223e-10 3.751739647050740677e-10 2.268670619387729653e-09 1.163474832132711217e-09 4.892744746854110887e-11 -7.139616130451754122e-11 6.928863024657852177e-10 2.296091044264950692e-10 2.093660271326981594e-10
7.163134555705721329e-01 9.410933019790258946e-09 4.733855653194615327e-11 -4.661059081669487740e-10 -1.786863328733965865e-09 6.599599583466165143e-09 -5.594111687703685678e-11 1.959139252754297756e-10 -1.541013015199768591e-09 2.138511050410139117e-09 -1.483302444941815361e-10 1.437942723726228803e-10 -1.174796591142809599e-09 3.518726376946013699e-11 -8.512923315970715254e-10
7.204913713645887396e-01 -7.099010848520290244e-09 -7.849842402958233405e-10 1.943307521707437371e-10 2.425170718194326051e-09 -1.855688523811012216e-09 -2.534612165572307564e-11 7.643903778685013223e-11 2.274177769617803567e-09 -6.003066203783481792e-10 -6.652702815128417897e-11 -4.354541357304764735e-11 1.315001282833769842e-09 -3.283295697057332267e-10 9.260047831616003143e-10
7.246803275165087932e-01 -2.317201363656607816e-09 -4.406078778358142326e-10 -2.660563221154445249e-10 -1.250335500895864995e-09 -4.363247413885012611e-09 -3.666707911778760755e-10 2.647373895829771663e-10 8.876936116439312172e-10 4.835371617674547352e-10 -1.437900126915588540e-10 1.252803709855509838e-10 2.116523290216720929e-09 8.045107220119745630e-11 7.728436078328163088e-10
7.288763115175647123e-01 2.512595055957094067e-09 1.974672278707646746e-11 -4.388035472701668930e-10 -3.094081470450535774e-09 -2.334914636512667486e-09 1.129323405076795788e-11 -4.625959400916688207e-11 -8.752563683228429911e-11 -1.729627004835910475e-09 -1.319084261612355920e-10 7.165584076821710140e-11 -1.376820528354310203e-09 3.470294990249255281e-10 -6.369280044702856299e-10
7.330585840505703388e-01 -4.009688547089648548e-09 -5.229481961351286450e-10 4.993763862937475065e-10 1.458619636940685247e-09 -5.860242989263717336e-09 1.053896786146379167e-10 -1.040024334810996229e-10 -1.171279204466721402e-09 -1.602086829610361679e-09 5.852897515038539034e-11 -2.536211983167424805e-10 5.567426827859947707e-13 -1.267819388012070070e-10 6.402956274769112834e-10
7.372316440474646626e-01 2.872821059701508752e-09 3.715348447040928804e-11 5.432477450937284768e-11 1.799548375901336273e-09 4.872682595863979242e-09 -1.368612400993005233e-10 -1.811001377980530710e-10 1.028847756808355834e-09 2.538541856360123047e-09 -3.003436913280106895e-11 -6.569662631715876081e-11 8.692271713553236086e-11 1.238521232011570155e-09 1.135332078378330409e-09
7.414228560306842519e-01 -1.083583116064464005e-08 6.846533108479670088e-10 -7.344892719109558243e-10 -2.016945024255535603e-09 -1.960414408939814453e-09 3.403294069254775694e-10 -4.522582288912639834e-11 -1.129596587081725220e-10 6.535730046077483372e-11 -6.739796559697040872e-11 7.705408085780957055e-11 2.022679032843862155e-09 1.356958480847176295e-10 6.752295949566912106e-10
7.456189213758863676e-01 6.335955867541531656e-09 9.591218043678621334e-10 -3.123683366518830483e-10 -6.815471306146801093e-10 7.869293744866758016e-09 -7.291976421977471369e-11 -3.601226804185078713e-11 1.038206173028644109e-10 2.503897268924836478e-09 8.617340830852902484e-11 2.890044537628138139e-12 1.803463810007820486e-09 3.037722959447829110e-10 3.261804487108111428e-10
7.498104337627916616e-01 3.704262013604263171e-09 1.075722643801146850e-09 -5.977604871190939385e-10 -8.070191134498916902e-11 3.506203262957156416e-10 1.002086780587132879e-10 -3.222580530050141760e-10 4.170039073119217852e-09 1.904325459272807552e-09 -8.637026332553624312e-11 3.613605591826485097e-11 3.509718686029265374e-09 3.827798918042822018e-10 4.003716957636192648e-10
7.539974189770904944e-01 -4.438420757660483974e-09 2.711349069756077303e-10 1.237358733394323685e-10 3.804356603327789826e-11 -4.524450147633446267e-09 -8.784611749674155166e-11 8.546225714748993393e-11 2.158876372131885618e-09 1.761561259709735595e-09 7.694655697532388353e-11 4.610911190092053963e-11 2.844924209480548848e-09 9.406088337482887929e-10 3.666096922862697272e-10
7.581896411468850294e-01 -1.094019452788583234e-10 -1.165072842407173571e-09 1.536525633551753326e-09 1.762493040136851529e-09 2.017869244140755415e-09 -6.781650828065720413e-11 2.417495878649221945e-10 6.126846894843106291e-09 3.021182773819133149e-10 -5.253841955357653585e-11 6.475618931372392011e-11 2.022857561809787294e-09 5.475006449523431267e-10 1.994342939367154489e-10
7.623808615479977790e-01 -1.045272283909616260e-08 -2.972342533724079919e-10 5.563504251209203411e-10 -8.352482478704398973e-10 -7.073451302733978968e-09 2.247238857772296964e-11 -1.082120057112137756e-10 -4.058171254058166121e-09 -9.681182708344841100e-11 8.815359938725249162e-11 -1.591837897889842517e-10 1.950260329576613669e-09 1.989983324050954500e-10 4.061509660578152620e-10
7.665651159623174671e-01 -8.298530539245929550e-09 5.092365310661618198e-10 -1.562931777383846117e-10 -3.143491749201018810e-09 -4.154696005607065807e-09 2.022118222173488894e-10 2.937589155496765380e-11 -8.008242664656037444e-09 -4.148355908803150834e-09 5.077634408209579605e-11 3.034424897185098226e-12 -2.527113441859762986e-09 -9.813485448641771078e-10 1.142146133626935725e-11
7.707536355579491794e-01 -4.540998865604213917e-10 -7.810918829274188002e-10 2.563842149545975629e-10 -3.482218279423686295e-10 6.084401389753925336e-09 -5.894936629910310352e-11 -1.288811970778919903e-10 4.584154936802956774e-10 3.614980907099491576e-09 -1.147391748214350330e-11 -2.960011106660381325e-11 6.566114437469515449e-10 5.078903209299012265e-11 -3.112155807734052328e-10
7.749462413082437440e-01 -4.857193563403738818e-10 -1.859861796482203715e-11 -1.190819758692367240e-10 6.363406469500096129e-10 3.172425932291601150e-09 -1.748695435648788880e-10 1.810531700657643860e-11 1.637840946412658764e-10 1.781511415673981365e-09 -5.630184362204116446e-11 -1.548808904330846746e-11 -2.983527735984578842e-11 -1.665255607393450061e-10 -5.568338435588689741e-10
7.791369682448587852e-01 2.458049774650318636e-09 1.207552954874479336e-09 -5.152386751037629451e-10 -2.659527647575733691e-09 -6.199366335319066079e-09 4.245107254762341300e-10 -8.971523639964754801e-11 -2.572828943184176274e-09 -3.469405035498680127e-09 -9.350379893017050090e-11 1.519785240134251955e-10 -3.497938959325155181e-10 -3.311748466603459582e-10 8.498367805766883625e-10
7.833258353347896108e-01 -6.966104067357647737e-10 7.422078027816100689e-10 -7.339962811840086703e-10 -1.113887107310321442e-09 2.098631223039325158e-10 1.139412687785602590e-10 -8.906686990553230194e-11 -1.868250123418764099e-09 1.289753270729825493e-09 -1.170369287210382450e-10 3.137723405079573836e-11 -1.563113961890696087e-10 3.857999405537657215e-10 2.555372155917917178e-10
7.875159900600451346e-01 1.916443698081023275e-09 -6.854461264275423569e-10 3.244128406517366956e-10 -1.563696278817501795e-10 -7.182909225132297535e-10 1.058440803949439325e-10 1.050401471855796030e-11 3.215093811998698238e-10 7.628100887718953496e-10 1.294585087451954878e-10 -6.047470434248363805e-11 4.375066043422126336e-10 2.161980837820124141e-10 -7.360254659191591187e-11
7.917084457625156446e-01 -2.728046325774646342e-09 4.925157640015886714e-11 -2.601862409676992724e-10 2.925947704960823719e-09 2.752995837441407512e-09 5.414409912302842166e-11 -4.323069351552857626e-11 3.239464635747132657e-09 1.822444895870628434e-09 -2.709579942594479595e-12 2.560320275300790635e-11 3.722442867498781588e-09 -1.467624234977452080e-10 8.735874757304780301e-10
7.958821468706197555e-01 2.168516126455337722e-09 4.303514388649467667e-10 9.295793209330741857e-10 1.847775920626218556e-09 4.615918223742083046e-09 1.075708008121996087e-11 1.280185413096763804e-10 -1.897386216837393540e-09 2.874849631129965174e-09 6.845026023224983994e-12 -1.009038291181892353e-10 -3.698196011744735793e-10 8.310909454347887148e-10 -6.377915548515057010e-10
8.000624692379799674e-01 6.402055374464802450e-09 1.027544744706989562e-09 -9.699576603408823166e-10 2.404088845539194210e-09 5.901562003949158618e-10 2.522576376256617499e-10 -3.757374403614251514e-10 3.678976377511751021e-09 5.331392180881346802e-10 8.381430440277160691e-11 -4.523762136486332290e-12 -5.059869833945858823e-10 6.443391383610128209e-10 1.991742930311003742e-10
8.042564613727184453e-01 -6.390234765222036159e-10 -2.746890185663147231e-11 -6.166231812974877849e-10 -3.005893402808744809e-09 5.658424753366930170e-09 -1.405452960574520821e-10 -2.439169320961239536e-10 -6.453584266665121434e-10 7.247545454225470032e-11 7.085261964936747629e-11 -6.818656798191251530e-11 6.455779437528495586e-10 -7.834816819259557484e-10 2.933953323605313322e-10
8.084384822996342201e-01 3.099970237626074186e-09 7.069063545766190685e-10 -6.143671973076482425e-10 -1.087052685566114710e-09 4.371301697696602379e-09 1.512637277926432007e-10 -8.099943528159254157e-11 4.152354338964070987e-10 1.877533093090933385e-09 2.494278597995197155e-10 5.710112791351207635e-11 2.820940735251844389e-10 3.726305175960830914e-10 3.178190637304261004e-10
8.126333810499198895e-01 -6.590891470213859181e-09 -2.868000498353950364e-10 1.935684036060126784e-10 3.392858125519753591e-09 -3.734423843728696272e-09 -1.619688505033740531e-11 3.385962650586058836e-11 8.784305184107075683e-10 -1.624449019582850840e-10 8.267634644646427623e-11 -2.341621491979177689e-11 4.587709291889615230e-10 -3.991884689621167387e-11 3.977717853014831412e-10
8.168271958201180905e-01 1.253381276278705485e-09 5.036452789818388707e-10 -2.101991442462995467e-10 -1.444873021781894905e-09 -3.396922857617772995e-09 3.752292227284750593e-11 1.510665751787508177e-11 4.318348131827965576e-09 -6.975702419643160735e-10 1.569558995893265184e-10 -2.102550420735903819e-11 4.325924620313917000e-10 -8.844858179109156305e-12 5.970199006398823301e-11
8.210214995694952167e-01 -8.785993827415703382e-09 -3.494277630888836942e-10 -2.714622300416049813e-10 -1.443894910707107301e-09 -8.795181527242806853e-10 7.711552039113846579e-11 -1.625910135477232398e-10 5.804495280484594279e-09 -1.202263041018239523e-09 5.610256921307812177e-11 -1.617943316927969959e-10 5.070437192068309506e-09 -4.352751156716390945e-10 5.334819733853949479e-10
8.252154145000215602e-01 5.271188052392677898e-09 -2.877652366752705683e-11 -3.320453273814111874e-11 -4.018947296383831815e-11 6.630144327495262854e-09 6.611242315598406015e-11 4.143975038707389336e-11 1.153631592829348255e-09 1.991145065598660733e-09 1.610387350643868023e-10 -6.914772002603923586e-11 -3.733245580510332868e-10 8.327970757604083776e-11 2.076719969454848115e-11
8.294030907808404018e-01 1.024530347677606642e-08 4.546330597948828800e-10 -2.077736381854938727e-10 2.096344930250254458e-09 6.360221223541448310e-09 2.966601607968586286e-11 -1.120785582299429983e-10 1.155909274548508866e-09 6.727387513012437254e-10 7.280920700041870161e-11 -2.010379231601291654e-11 -6.717228894837511861e-10 -3.806759124216599989e-11 4.647834774475574252e-10
8.335906150371191758e-01 3.954913153741894723e-09 2.935189105848240753e-10 -8.786427031763325201e-12 -5.335605691498922381e-10 2.069532018648275096e-09 -1.248894210020549135e-10 2.209465981197230047e-10 -5.011899594757459877e-09 3.858845568200045972e-10 -3.168506467940439846e-11 8.565617077195412244e-11 -2.523477466420524126e-09 -2.216254032933142422e-11 -4.434780913873229981e-10
8.377685032221774408e-01 -1.175570552653449650e-08 -4.924416354556849604e-10 3.918481590237170515e-10 -1.881504959491728466e-10 -8.369456504269100945e-09 1.157026520884873143e-10 9.723296763506822237e-11 -4.620419152704411326e-11 1.229584076525362880e-12 5.939040175816627805e-11 -1.682877909483093211e-10 -8.538427669807779991e-10 2.007955870886820457e-10 2.322197673037162691e-10
8.419567297582307708e-01 -1.550128146595299299e-09 -2.033604558078178334e-10 -1.182126147810371383e-10 -1.559594522806717147e-09 -1.074216578125327391e-09 7.475477676830886739e-11 -6.893984217896884494e-11 6.855550957100196049e-10 -1.777975974942740754e-09 2.103923766516280565e-11 -4.275409475412052222e-12 1.170739896924552823e-09 -7.285915232919139461e-10 7.248909516946372270e-10
8.461556544987137718e-01 3.558498560987280450e-09 -6.817704237112779847e-10 3.030071403780838362e-10 -2.105478271444729255e-09 5.459924481389292855e-10 -1.463125375910874661e-10 6.335715234684325324e-11 1.877223381409636138e-09 -6.295039416708432355e-10 -2.541943265247192099e-11 5.809706605211562700e-11 -8.180839067757833058e-11 -1.300105168691716990e-10 1.353121938496210033e-10
8.503430790983292908e-01 2.143330398110264949e-09 2.196501085309229259e-10 3.673268522351001153e-10 2.473151330931173155e-09 1.188827177764084037e-09 -1.116429511998116477e-10 1.221284000579794961e-10 3.951960938260883905e-09 1.487752235948810165e-09 8.618610008670430852e-11 8.338407165995178762e-11 1.840549586194525453e-09 2.650195507336717136e-10 -1.041310625284934085e-11
8.545245840949285965e-01 1.568100587195114434e-09 -3.326281929792014255e-10 4.307584322290950315e-11 5.976411845370532135e-09 6.102362672737292135e-09 -8.579402284497253439e-11 -2.613091318937552258e-11 2.099323988422846505e-09 1.319095938711779347e-09 -2.985663370885885182e-11 7.548011394612798394e-11 9.535847477894795408e-10 -4.594830400010798938e-11 4.339426608886483913e-11
8.587196449246210506e-01 4.027099024327136527e-09 4.446263879672537833e-10 4.959036957568556121e-10 -2.333514498492292445e-09 5.680385348124071192e-11 -3.758482424645342336e-11 4.948648804507997696e-11 1.988235786270495543e-09 -5.708865154476887239e-10 -9.989419043956039657e-11 8.715231805717642801e-11 -1.294173779278093190e-09 -4.854469866996457697e-10 4.472861961029272359e-10
8.629074348139629258e-01 -1.774090006965298928e-10 -3.710286211436197081e-10 1.479805646996642894e-10 5.052471354020532091e-09 6.294776990335389978e-09 7.797881098051029714e-11 6.988334689216568045e-12 3.959004310649575471e-09 5.029653562629283362e-09 1.379150887101569498e-10 -1.355025037101652920e-10 1.242496168936206854e-10 1.086497832295436925e-09 -4.314784172329227415e-11
8.670852844200982457e-01 -2.095668494140156587e-09 3.770487924230650205e-10 -7.860235192462671385e-11 -2.017442802148917291e-09 -2.041300600168653604e-09 2.090590697244176890e-10 -2.367543393376453943e-10 1.632375898440112146e-09 -9.964801186394708781e-10 3.975974608106103331e-11 -1.845733588768288737e-10 1.237793614134605709e-09 -3.471566042802187795e-12 2.161890566777707814e-10
8.712764316473343706e-01 4.528499750842082012e-09 7.197520135477619110e-10 5.140978264168359296e-11 3.437773357873680418e-09 2.570523390447819801e-09 2.289131289014624499e-10 -6.429640977831653517e-11 2.462624039932886419e-09 1.842966246576000460e-10 8.417179658445527470e-11 -9.419980931508424417e-11 2.132187066059038419e-09 -2.827355320648123185e-10 5.067662959067553216e-10
8.754762476624626810e-01 6.602869549298813295e-09 -9.214975246882487683e-11 -1.183369009838874940e-10 -1.164035135423396103e-09 1.734211570807248574e-09 -1.830394352838755510e-11 7.492382980588048405e-11 1.075894846117429467e-09 1.481711578105113731e-09 1.299596249351025042e-10 -1.416239762581072012e-10 1.379407367608888406e-09 6.120587731754304160e-10 8.226524524097517658e-10
8.796707865602606535e-01 -9.998746823687138484e-09 1.469358167531615190e-10 -3.363602461484243927e-10 -3.173284071536094002e-09 -1.066452456602758359e-08 -1.415063115780941551e-11 -1.207218305113863522e-10 -1.354335067941176674e-09 -3.032839552361691953e-09 9.363830624883467270e-11 -1.146767054727299100e-10 -1.201124426948456088e-10 -6.432696635618916520e-10 -1.855951943834971028e-10
8.838562222970675064e-01 -7.236234865058644212e-09 5.798170872570746460e-13 3.662403957060686743e-10 3.662654986083313098e-10 -6.868485636342432473e-09 -1.581007764257708357e-10 8.864895080277379578e-11 -1.248320460344717252e-09 -3.346993575742451407e-09 8.356439444382431041e-11 3.947687167127196337e-12 1.026402775584776107e-09 -4.429208210017270847e-10 2.926313613336698787e-10
8.880381764417510926e-01 -1.721938950384989945e-09 2.375271912554279383e-10 -6.344090746911613640e-10 5.010694372047372953e-10 -3.810310069265281584e-09 2.152328057854556579e-10 -5.277101088271023311e-11 -2.678983915419865771e-12 -1.249207452005161063e-10 1.363180712911120175e-11 -9.675669983709602465e-11 1.284856687771390127e-09 -1.245757678958166641e-10 3.847504414649741765e-10
8.922270316229049536e-01 -3.482202755110047488e-09 6.066518257415789289e-10 -7.594544603723682915e-11 1.172764675688282546e-09 -5.028696479545802829e-09 6.779601997444118308e-11 -4.297024251450674694e-12 3.692279422603547146e-09 1.202179698490222487e-09 9.887127944562554947e-11 5.309500024985277193e-11 2.594846659388628740e-09 4.535565172608801067e-10 -1.047356609296827859e-10
8.964225585562245469e-01 -5.140961584584411977e-09 -6.707834405581200119e-10 4.146705197262216907e-10 1.760398392481061767e-09 -2.052846973477159527e-09 -2.752097329182015501e-10 1.917614265845739944e-10 2.590569208146276745e-09 2.355499117379612373e-09 -7.217997791135991043e-11 1.211404265600755222e-10 2.217410710993554506e-09 9.565645446297512018e-10 2.334922090295410642e-10
9.006049913569987853e-01 -2.264965689287691528e-09 9.470259663763113404e-11 1.960159721774388105e-10 -4.861346835019568233e-09 -2.460085784788461453e-09 -5.851644310523277079e-11 5.663682848112718189e-11 -1.537104676800565437e-09 -1.948162295135857808e-09 3.180873074726749643e-11 -5.836819569219324060e-11 6.316353990747153111e-11 -4.633093609430110429e-10 -2.771998241159099096e-10
9.047836582182254839e-01 5.550292374701955454e-09 -3.842907111262855884e-10 1.018849338501991843e-09 -2.108844355289798997e-09 1.372388032756832267e-09 -1.548940666254603699e-10 3.066866213066752320e-11 6.912496904301396373e-10 -6.462120164426085366e-10 6.435841338503880340e-11 1.598475769226886235e-11 -1.985420650840389607e-09 -1.626037620837118927e-10 -5.635869759486460700e-10
9.089780964569278421e-01 8.508343850009173839e-10 9.922247753408325949e-11 3.227839943207021249e-10 -2.798773988550507459e-09 3.326614342603914783e-09 1.666302322975988553e-10 4.654323599304128212e-12 2.839940971566488791e-10 1.104248422243604348e-09 1.303306155498513584e-10 -3.607189959020403199e-11 -2.883072996552996709e-09 -6.954417976717490342e-11 -7.351412170773426591e-10
9.131704587403689510e-01 -1.854534506960507919e-09 1.472542344028085597e-10 3.145821421872237721e-10 -2.191428811684820107e-09 1.784690007636247658e-09 -5.230642841477220940e-11 -3.861742159089637589e-11 -1.199270650613012526e-09 -3.729653061656629481e-10 -2.532863216173468640e-11 -4.024770669599995578e-11 -1.095020558789891836e-10 -1.187599097847537996e-10 8.596835142812750096e-11
9.173547920329833127e-01 5.680785716307212365e-09 1.450557787794410921e-10 7.209342548204732105e-11 -8.902825475217964946e-10 6.374221295525803164e-09 1.564469074318054354e-10 -9.850813289730044021e-11 1.368540146984216696e-09 1.836960163442345333e-09 1.063519606012123631e-10 -6.276728007035257736e-11 -7.722521951530118207e-10 3.604484673056828444e-10 1.472789900601458786e-11
9.215425617950214754e-01 -2.088215815539168443e-09 1.984794632239696484e-10 1.247627480602788748e-10 -1.049476607158162249e-09 3.490463247288313109e-09 8.924795491414541613e-11 -1.006508827606043231e-10 -1.156076642014529444e-09 8.635300109325491104e-10 -1.408368377721158630e-11 4.798398164942818699e-11 1.451342122920748075e-10 1.953693603635253664e-10 6.812121575417391336e-10
9.257400405750663142e-01 2.048850419715464161e-09 -6.189040912961610254e-11 3.482545645172226315e-10 -1.786717457867932682e-10 2.120858261288994885e-09 -1.034884423986725740e-11 6.915201553325761588e-11 1.675482156548116982e-09 2.972871211613154505e-09 5.886964440253147083e-11 -3.777460899197132738e-11 2.366028540382813870e-09 4.039328746898893228e-10 8.946807383928257521e-10
9.299303352268617484e-01 1.875546986396809351e-09 2.863177761194008415e-10 2.773496733377605811e-10 3.062246662935085648e-09 -3.904681987456361483e-09 1.400740515737522314e-11 1.554442050240663272e-12 1.289313212993568288e-09 -7.757976328370021953e-11 6.031985190416734884e-11 -4.412121772941965467e-11 2.085522380828589978e-10 2.153642542771950798e-10 -3.568321296545969564e-10
9.341108300097852313e-01 -1.662289137870388927e-09 1.027614966951194312e-10 -4.216533236234426525e-11 -3.330785269255030444e-09 -1.122017217025972860e-09 -7.243589149243914985e-11 -1.274272615700773251e-10 7.330452818423688645e-10 1.780213815670468282e-09 -9.244683049725576741e-11 2.801596446834280667e-11 2.696151767094001046e-09 8.420018695686809844e-10 7.153346199746489349e-10
9.382896253999645220e-01 -6.900152113100626753e-11 -3.360685144218622328e-10 -1.416103329973534302e-10 6.790518426493912331e-10 5.169835875501639892e-09 -7.194894881504794854e-11 -8.148487033303977440e-11 2.031988254439777623e-10 4.393383777073886082e-09 1.572175170606976884e-11 4.990599881278075564e-12 5.729235239183484486e-10 1.212879898465230710e-09 -3.494486063834339400e-10
9.424819561228944265e-01 4.506574550135261693e-09 -4.144850455603096426e-10 2.207473264218133422e-10 2.395904191794172761e-09 3.489725375858392493e-09 -4.151307567859970886e-11 9.688160424407005802e-11 -4.469760464511439920e-10 9.610955915337546941e-10 -1.463734892845212816e-10 7.653308091064837134e-11 5.029928067293313150e-10 1.751636300530264722e-10 1.793591770044033649e-10
9.466849863120379016e-01 4.044661918951454525e-09 7.147764854120545091e-11 -4.960755175565140602e-10 -7.710173470936248937e-10 1.746131691138550346e-09 -6.423209257337697902e-11 -9.630391699758879331e-11 3.116179728340631668e-10 -5.454322650658093580e-10 1.565256006941309837e-10 -1.313663456589296311e-10 -1.723408619101302594e-09 -6.086351886360491250e-10 -2.129932440592872572e-10
9.508714331057195324e-01 -1.108100228577575173e-09 4.129508955711147815e-11 -1.014232272359894642e-10 1.628882424650472983e-09 -2.380727158041003533e-09 -7.876832855676244328e-11 2.488615074754813343e-11 6.431178176910573133e-11 -1.887586784204197803e-09 -8.675824853675354722e-11 1.276474308847022316e-10 1.806346524136443294e-09 -4.182454547175502328e-10 3.762548665617781337e-10
9.550563230073290111e-01 -1.508983706593956730e-09 2.768884826124382206e-10 -2.478968606069979176e-10 1.917680956244397438e-09 1.584818894340423811e-09 7.924912263996970502e-11 -1.328105820836941518e-10 3.107728829902687515e-09 2.009139372692485547e-09 -6.662440816046729714e-11 4.108680344827713642e-11 3.195092784680558331e-10 6.175212080154800421e-10 3.775860035423477264e-11
9.592513211539739348e-01 2.572644604006262083e-09 1.881840843819914078e-10 4.906856676254167859e-10 1.853502416803907585e-09 6.683969565661492669e-09 -2.797657600944603832e-11 1.423102125635539804e-10 1.004775052957121671e-09 3.521463674929467850e-09 -1.792456085645701802e-10 8.844349737967837262e-11 2.312274236253500726e-10 4.442159840447732189e-10 5.063372033605967483e-11
9.634451052878124644e-01 6.672041944252491696e-10 2.527142647050762219e-10 -7.766648455787459451e-11 2.586667508886177311e-09 7.307367082662307825e-11 -1.612854914247772724e-11 -3.623873172987519533e-11 3.386579137894707053e-09 1.490201498140711649e-10 -1.491870933503541057e-10 -5.164905146435383652e-11 1.730692452691315154e-09 4.463528825263022708e-11 3.082057925981304901e-10
9.676230540453005791e-01 2.320226153534700307e-09 -2.445447947544405511e-10 3.846313977563884207e-10 8.838897292864695283e-10 -2.592321431742747913e-09 -3.450527354492270005e-10 1.497050877122338951e-10 -3.897238288126483175e-09 -1.039473645513127982e-09 -1.562552377785923808e-10 4.481860790038541548e-11 -3.826508072723340109e-09 -3.244194765169854892e-10 -8.546936967922625644e-10
9.718094297475188270e-01 -5.167709179735100994e-09 3.784772634749196980e-10 -5.777698436475497657e-10 4.820709968897719241e-10 1.619398684775369640e-09 2.163868464706857278e-11 -1.282225275197138977e-10 7.306712693579352661e-10 2.747361751866586459e-09 2.408346106346280061e-10 -8.747182230176127885e-11 -6.911106433295656209e-12 5.307851122097851064e-10 -1.708272875006677296e-11
9.760091362076940280e-01 -1.537277452785037614e-09 -4.062353717213704936e-10 -1.566941280530264735e-10 -5.158454678686698855e-09 -2.511470758046023915e-09 -2.171263570403391828e-10 -3.331112634124270183e-11 -6.207918201455623274e-09 -1.635572504568553616e-09 3.697212753143623629e-11 -9.211295710259073944e-11 -2.909421332977567309e-09 -1.579903620233035689e-10 -7.202557109389933766e-10
9.802075838006468755e-01 3.476167121362924809e-09 3.532390171834824192e-10 -7.139964579388107622e-11 -2.850491396317503353e-09 -1.477799139252568387e-09 1.015346381279089407e-10 -7.379704834435605977e-11 2.192137302091904416e-10 -4.070382291052250797e-10 1.159513260865518759e-10 -1.017554837219057652e-10 1.336929101975644975e-09 5.714864623953462129e-10 9.207695635348714792e-10
9.843901124947946890e-01 -1.800238197320862731e-09 -3.824827307315732351e-10 -2.813193398052508822e-11 2.502056898612663209e-09 6.910813378803197251e-10 -7.178983518558244896e-11 8.437155234206125164e-11 5.624534739546055518e-10 5.019710209800603081e-10 9.464777844827352819e-12 3.696888427871897085e-11 -2.772359397051250261e-10 3.460164260067037360e-12 4.748373780289403973e-11
9.885650797815361823e-01 3.252518106169532045e-09 1.316546379645041105e-10 -1.250203798080677683e-10 -2.453809723505554028e-09 2.375596413138118392e-09 4.014217148214932571e-11 -4.567276605997416444e-11 -1.669684775744322592e-09 1.374012788347920503e-11 -5.857451576654846252e-12 4.736376129171923228e-11 -1.186545891285018149e-09 -2.061187370507700157e-11 2.497640903794628257e-11
9.927561705083151056e-01 4.734000978703607194e-10 -1.283999446598552198e-10 2.277960120035906387e-10 -1.279253373705568575e-09 -1.735713445474458535e-09 9.519568456977907423e-11 -1.299823470211113723e-10 3.023148830258034037e-10 -1.332213814372390390e-09 -5.671089253416749686e-12 -8.614384582384309294e-12 -1.203845936379268169e-09 -3.719557232126375496e-10 9.741603831499064730e-11
9.969400597939003239e-01 -1.741804096836681826e-09 -5.195793340755568169e-10 3.313522711895348639e-10 -7.631678475127335548e-10 1.916275921081692864e-09 1.064740378606842248e-10 -5.802059817676300374e-11 -1.502972362547993805e-09 9.253768158593960316e-10 5.238410363623776297e-11 -1.408167930625810616e-10 6.501682240400350743e-10 2.563846047002324731e-10 1.754481654919512126e-10
1.001125867816581083e+00 -4.714833322222752434e-09 -4.945085842139444141e-10 1.375773668774896562e-10 -1.809109401743459316e-09 -2.731711049713614142e-09 -4.033466766164266011e-11 1.454471577756403904e-10 -3.056595595315416679e-09 -2.522405896451490016e-11 -4.125147209248393294e-11 1.324890366505180582e-10 -1.208725062705563378e-09 -1.018770244467700222e-10 -3.413207420489991218e-10
1.005315482813002204e+00 5.311873254993870493e-09 -2.334648432186232397e-10 1.231168993797401987e-10 1.267332573350055920e-09 8.038206779655595726e-09 5.859425125399255018e-12 -5.787010080583700284e-11 2.348230582397262024e-09 2.687378354852857071e-09 8.469719622930844622e-12 -6.177932751426578467e-12 -2.648202362626677173e-10 3.614781573337434060e-10 -2.377567162905526759e-10
1.009503724426713545e+00 2.820936241620344851e-09 1.825329495824065778e-10 -8.056673605310601858e-11 3.111901499157950857e-09 2.563605083105570619e-09 1.213277743623120913e-10 2.208185648963394561e-11 5.513169664321086916e-09 -6.823646109204640143e-10 1.517627635994061428e-11 2.064100034691707200e-11 2.230247721882476549e-09 -6.307449088403388854e-10 4.995140499881973872e-10
1.013699103815393299e+00 2.656330422616824204e-09 -4.859041707333184771e-10 2.792840943442843473e-10 -4.457558610183229059e-10 3.114713163782166206e-09 -2.124707034257006080e-10 -1.501837888038187842e-11 2.121719596061538608e-09 1.512109582945928947e-09 1.944938096946844557e-12 3.014475965454418605e-11 2.088772176642522911e-09 1.195111620512690532e-11 2.656162701796368376e-10
1.017885842421875964e+00 -4.852426518429309924e-09 2.644140808065798839e-10 -2.877650281051267243e-10 -7.639324769609281437e-10 -8.570717423012305624e-09 2.291348518111445566e-11 6.676075925655945293e-11 -4.131209733641851122e-10 -3.217270940775443408e-09 1.320813287217640709e-11 -2.370159411306466400e-11 1.550114595790121197e-10 -4.648894385989502455e-10 -4.773922956464141762e-10
1.022076284359184406e+00 2.716897148783226333e-09 1.706387121991702519e-10 -1.502934835899938675e-10 -2.906886665976345276e-09 4.172961913011618675e-09 -6.623075533482926053e-11 1.453260405444103861e-10 -5.395914833408111138e-09 -1.379317910782936733e-09 -8.832050263263315185e-11 9.086267173657855796e-11 -4.157178078736207443e-09 -6.913580283214673080e-10 -9.709258641477456421e-10
1.026273875264014812e+00 -2.687841642019248337e-09 -1.797163824723585610e-10 4.127332851509246173e-11 -4.330325693881885004e-10 -2.431685708604867277e-09 -2.946559649090976043e-11 1.487830467460086193e-11 1.984595421499915665e-09 -5.036023393148122596e-10 1.395262652724393189e-10 -3.856323512697098357e-11 1.449160138695222250e-09 -1.750356943383866441e-10 1.797810969772132470e-10
1.030463237552156075e+00 -1.734026221838979637e-09 5.039888958986459912e-10 -6.933746058134409306e-10 2.201755003985914242e-09 -4.818453406782009062e-10 6.101714800761876766e-11 -1.311369199196331429e-11 5.020065980048669959e-09 5.130756520058430983e-10 -2.125245779145237886e-11 4.238680007095750729e-11 4.638883094953707918e-09 2.419539313176725651e-10 1.341169151852717657e-09
1.034646639530784062e+00 -5.216842467976850629e-09 -6.977260943164137333e-11 4.700621315587764422e-12 -2.906675595990904945e-09 -2.646680859188481132e-09 -8.758482283901309309e-12 8.680303503326260053e-11 -1.693973254039792994e-10 -4.539688866359577165e-11 7.156204871506586182e-12 -2.857872063202134207e-11 5.277921528251901531e-10 1.703764504927317322e-10 -3.153430736209242934e-10
1.038830480088573260e+00 4.228727902328712246e-09 -3.275846079518271131e-10 5.402094880193991979e-10 6.745739007369073736e-10 3.879641400411894262e-09 -4.769588106995303054e-11 1.259421132881846898e-10 -3.014451976277327211e-09 8.781625372514759398e-10 -9.227295194204972282e-11 1.837318311071499962e-11 -1.335290116888755304e-09 1.317390557487278623e-10 -1.324106004434983301e-09
1.043023229532383578e+00 2.689454411980532243e-09 -1.966770715601993153e-10 2.345493326518615777e-10 4.134222493834108642e-09 4.077871442558172579e-09 9.286254749209127137e-12 9.735765688263561941e-11 3.957725880668183668e-09 1.624132847101284441e-09 4.537307227352737733e-11 9.344907180856177009e-11 3.786183511249146506e-09 6.102783751541295818e-10 7.700895770389736823e-10
1.047211320931656031e+00 7.031356957786049134e-11 -1.533164499045353435e-10 1.064336709907633077e-10 -1.902232776742976269e-09 8.381845580899754874e-10 -4.807245977674030803e-11 4.722221858857441986e-11 -3.087192246274462335e-10 -1.611257703135558566e-10 5.578620667333414321e-13 -1.492757169711373516e-11 -2.826072872671834849e-10 6.895321336269175555e-11 2.389918772941911643e-10
1.051395396220772938e+00 -5.758104342695033532e-09 -4.847247188340055027e-11 1.057323133122257752e-10 3.716481275977328747e-09 -1.181680936922461345e-09 -1.507196457973118115e-10 -1.622974217971055359e-11 8.477063710841268192e-10 -3.096162505337010835e-09 -1.353506746090353438e-10 1.092573474464293695e-10 -3.035519711671583982e-09 -9.298523446436858015e-10 -6.233380822213736499e-10
1.055587561333155788e+00 -4.251500635423561645e-09 1.960367003337824059e-10 -5.181479339690241008e-11 1.441701925924675106e-09 -4.753166799552397526e-09 -7.979180594929384014e-11 -7.010550046130347110e-11 -5.516681159240391169e-10 -7.746794595253307603e-11 2.527730389116932671e-11 2.501288470399041685e-11 1.639001241870198153e-10 4.218335305865266703e-10 2.216967424319705833e-10
1.059780855230085139e+00 -4.523846572836876366e-09 2.212930333207563483e-10 -2.699104932397632073e-10 -3.064610981281112983e-09 -1.121555636579538289e-09 1.260736330671116066e-11 -9.329120080181837908e-11 2.163083313987300893e-09 1.664224160556625334e-09 7.176263250343100035e-11 3.374120243961483693e-12 1.377313660923663416e-09 1.053989911273645567e-09 3.834525709849076461e-10
1.063968553353427993e+00 -1.531099115671674694e-09 -2.953973181463364335e-12 -3.543011989111102226e-10 1.294839501171083737e-09 -4.674226379690511100e-09 1.559314426370841585e-10 -5.094063703020671020e-11 6.713497824426209374e-10 -1.767469889512358442e-09 1.865842171123162653e-11 -9.696487296568452448e-11 6.356608755548330759e-10 9.914568296542949585e-11 -4.703701004918822594e-10
1.068144877931138659e+00 2.232616401686202488e-09 -3.662414049091958057e-10 3.717785469531164393e-11 4.578313051157589040e-09 -1.892964069206721572e-09 1.563138409172123991e-11 -1.014589082099902973e-11 2.332349054609902599e-09 -3.710368332267899371e-09 9.404045834450175914e-13 -4.584753648144156798e-11 6.197989813215556269e-10 -6.685499670889158878e-10 8.559424093766855213e-11
