# Columns: ('k', 'S1', 'S2', 'S3', 'S4', 'S5', 'S6', 'S7', 'S8', 'S9', 'S10', 'S11', 'S12', 'S13', 'S14')
5.345493089407682419e-03 -7.690633138020832860e+01 7.622814236111110404e+03 -1.220083821614583286e+02 -1.173597005208333286e+02 -2.606243489583333144e+02 5.531866319444444343e+03 -1.102796698676215215e+02 -2.916226671006944002e+02 -2.122720269097222001e+02 4.395762152777777374e+03 -1.116435818142361001e+02 -2.384265950520833144e+02 -6.011773003472222143e+01 -6.981275092230902146e+01
9.344366739594166943e-03 1.996241021925403061e+02 1.324881250000000000e+04 -1.419222656250000000e+03 1.262666173135080641e+02 9.326034841229838435e+01 5.885464717741935601e+03 -6.728606350806451246e+02 -1.713536573840725623e+02 -1.643265183971774093e+02 3.810802671370967801e+03 -3.357516066028225623e+02 -3.035789440524193310e+02 -8.033316532258064058e+01 -9.869026430191532029e+01
1.312833575873958818e-02 1.482044403698979522e+02 7.924908163265305120e+03 5.150739397321427937e+00 3.167053172831632537e+02 6.575159040178571104e+02 2.956511160714285325e+03 1.043379703443877418e+02 7.548324298469386804e+02 6.309810666454080774e+02 1.882261479591836633e+03 4.704214166135203357e+01 6.033150908801020478e+02 1.695389628507653015e+02 1.528790756536989761e+02
1.700891779646987109e-02 -3.327290922619047819e+02 1.088296190476190532e+04 -1.136292336309523989e+03 -1.346205543154761983e+02 -8.276264880952381873e+02 5.082270238095238710e+03 -5.086369419642857679e+02 -6.850563988095238983e+02 -5.809593377976191277e+02 3.056119940476190550e+03 -2.248115327380952522e+02 -5.579625744047619946e+02 -1.155470517113095354e+02 -1.197043619791666771e+02
2.135270783943789275e-02 -1.580387834821428612e+02 8.307957142857143481e+03 -1.245828749999999900e+03 -2.037560267857142833e+02 -8.385266071428571877e+02 3.483756071428571431e+03 -3.805262946428571240e+02 -9.025041964285713902e+02 -7.430087053571428442e+02 2.204944642857142753e+03 -2.245679910714285654e+02 -7.979079464285714494e+02 -2.260060044642857235e+02 -2.395031250000000114e+02
2.564347439342075027e-02 2.641552777777777692e+02 8.854641666666666424e+03 -1.886009444444444398e+03 4.135046527777777783e+02 2.678906249999999822e+00 3.531248055555555766e+03 -6.067945138888889005e+02 -1.225597222222222271e+01 -1.806342881944444514e+02 1.967904583333333221e+03 -2.271576041666666583e+02 -2.514409027777777794e+02 -5.976616753472222143e+01 -7.974423611111110688e+01
2.962205054058980949e-02 4.012254204734219343e+02 8.200161129568106844e+03 -2.402894933554817271e+03 4.141248442691029936e+02 4.346419746677740932e+02 3.621442275747508575e+03 -1.010983388704318941e+03 2.169346708887043178e+02 1.850366616486710996e+02 2.144912583056478525e+03 -5.268805544019933222e+02 5.032417981727574485e+00 4.268149138289036415e+01 -2.357467296511627897e+00
3.361537140302770649e-02 -1.185002768208661337e+02 6.210762467191600990e+03 -1.715567913385826841e+03 -1.716709522637795260e+02 -5.275332595144357128e+02 2.600107119422571941e+03 -6.498257874015747575e+02 -6.493686023622046832e+02 -4.919206036745407005e+02 1.478029035433070931e+03 -3.095804420931758614e+02 -5.516985728346456881e+02 -1.338767531988189035e+02 -1.499274319225721683e+02
3.793950633336700545e-02 4.895267622591944132e+02 5.922366900175131377e+03 -2.216109457092819412e+03 2.348122810858143623e+02 2.160864163747810949e+02 2.472136164623467721e+03 -9.041338112959720092e+02 -1.477895961033274830e+02 -1.198143334063047263e+02 1.290018717162872235e+03 -4.030575744308231378e+02 -3.202612740805604403e+02 -5.938507689360770314e+01 -9.342971486427320826e+01
4.227894994616508695e-02 1.352023599999999988e+03 6.121713600000000042e+03 -2.651778200000000197e+03 1.008817800000000034e+03 1.654432000000000016e+03 2.720423999999999978e+03 -1.126355999999999995e+03 1.181960400000000163e+03 8.308506500000000869e+02 1.382096400000000131e+03 -4.615498500000000490e+02 5.112830000000000155e+02 1.707656374999999969e+02 1.055841375000000113e+02
4.633325468672155889e-02 6.921121827846363885e+02 4.911021947873799036e+03 -2.323637002743484118e+03 3.603181155692729476e+02 1.681284507887517066e+02 2.010461762688614499e+03 -8.840789609053497315e+02 -8.388541666666665719e+01 -2.089337920096021719e+02 9.608015260631000274e+02 -3.402118055555555429e+02 -3.378184585048010717e+02 -7.898442858367626229e+01 -1.021585326646090408e+02
5.038752484052157893e-02 1.210251240352811465e+03 4.228949007717750646e+03 -2.165664966923925022e+03 6.834445286659316707e+02 1.281784178610804929e+03 1.744928335170892979e+03 -8.331365766262404122e+02 8.107357359426681569e+02 5.979672684674751508e+02 8.612699834619625108e+02 -3.453641813671444538e+02 3.759504547960308969e+02 1.140135835859977931e+02 7.390634474917310115e+01
5.464179025701254577e-02 9.518070477502295716e+02 3.996631772268136046e+03 -2.250712121212121019e+03 6.003244949494949196e+02 8.917851813590449410e+02 1.671417699724517888e+03 -9.022896005509642237e+02 4.067857552800734311e+02 2.413587006427915469e+02 7.273843549127640244e+02 -3.128667929292928989e+02 -8.383164026629936316e+00 1.729213835801193611e+01 -1.895237352215335136e+01
5.886817576171304162e-02 1.315129403522818166e+03 3.478308646917533679e+03 -2.046722978382706060e+03 7.679629203362690077e+02 1.312082866293034385e+03 1.425913330664531486e+03 -8.002373398718974613e+02 7.640210168134507285e+02 4.659484587670135625e+02 6.194765812650119869e+02 -2.916086619295436435e+02 2.161458666933546624e+02 6.083847077662129266e+01 1.877431945556444859e+01
6.290140616743733482e-02 1.660364416475972575e+03 3.317244851258581548e+03 -2.040362318840579746e+03 1.054568840579710240e+03 2.094066552250190853e+03 1.447723493516399685e+03 -8.362010869565217490e+02 1.462053680396643813e+03 1.056739130434782737e+03 6.564738749046529165e+02 -3.115181159420289987e+02 7.351162757437070923e+02 2.037580091533180848e+02 1.508133462051868889e+02
6.703999982739437813e-02 1.424792989814260181e+03 3.142181545835830093e+03 -2.021388406231276349e+03 7.256351108448172909e+02 1.462334931096464970e+03 1.298592570401438024e+03 -8.166606500898741388e+02 7.093867585380467062e+02 4.952990937687238215e+02 5.171804598562013098e+02 -2.762402261833433386e+02 1.592818304373876686e+02 5.174433605452367146e+01 2.876887006628220611e+00
7.134254604642074893e-02 1.560232670607200589e+03 2.742040032240730852e+03 -1.739988984416980202e+03 9.636366200967222539e+02 1.807288554540569748e+03 1.156128694250402987e+03 -7.048461848468565449e+02 1.222913756045137006e+03 8.207252149382053403e+02 4.838421547555078064e+02 -2.412703015851692783e+02 5.468827915099409438e+02 1.448000067168189275e+02 1.020352381112305267e+02
7.561818311969153994e-02 1.339944724220623584e+03 2.309436211031174935e+03 -1.504770263788968805e+03 8.412357913669064828e+02 1.717386211031175208e+03 9.661428057553956705e+02 -6.012971822541966276e+02 1.179701318944844161e+03 8.402640287769784209e+02 4.054097122302158596e+02 -2.132441696642685827e+02 6.040965227817746381e+02 1.601468525179856215e+02 1.255227667865707417e+02
7.973924982214039558e-02 1.433830656264341542e+03 2.100040844424047918e+03 -1.423807480495640220e+03 8.060369435520881325e+02 1.622704107388710554e+03 8.557980151445617594e+02 -5.582486232216613189e+02 1.073393873336392971e+03 7.243949632859109897e+02 3.342982446076181873e+02 -1.816565941945846703e+02 5.063388595686094504e+02 1.267633662230380907e+02 9.603572452960074202e+01
8.385356877962653332e-02 1.267477056019070233e+03 1.804045292014302731e+03 -1.201755860150973376e+03 7.313994835121176266e+02 1.517360746920937572e+03 7.538600516487882715e+02 -4.890761819626539477e+02 1.047189114024632545e+03 7.483666567342073677e+02 3.046472735399285057e+02 -1.672829633492252697e+02 5.568875148986888917e+02 1.499834872864521174e+02 1.229228868692888312e+02
8.809929214337092196e-02 1.364318428421421004e+03 1.670393944697234929e+03 -1.142171421071053601e+03 7.729936996849842217e+02 1.748452922646132265e+03 7.081342317115855849e+02 -4.629857805390269618e+02 1.157935946797339739e+03 8.901715085754287884e+02 2.767090479523976114e+02 -1.463311493699685002e+02 6.392585754287714508e+02 1.804706860343017070e+02 1.434749299964998102e+02
9.230415729057904473e-02 1.327674439986626567e+03 1.497876295553326599e+03 -1.036056920762286836e+03 7.509641424272817858e+02 1.679372785021731715e+03 6.290756018054162269e+02 -4.175626880641925709e+02 1.166903627549314479e+03 8.815538281511200012e+02 2.533721163490471326e+02 -1.377060138749581881e+02 6.774745068538950363e+02 1.843596205282514120e+02 1.563290705449682321e+02
9.643309047658384092e-02 1.280702211451075527e+03 1.291118146016358651e+03 -8.835758860951226552e+02 6.983156619206300775e+02 1.563797637079672768e+03 5.272277340199939317e+02 -3.488709481975159292e+02 1.058854286579824247e+03 7.807179642532565822e+02 2.014018857921841743e+02 -1.104950393820054586e+02 5.903895789154801150e+02 1.548602317479551687e+02 1.296866101181460067e+02
1.005689403076158450e-01 1.298040953716690183e+03 1.207045582047685912e+03 -8.324577840112202693e+02 7.271237026647967241e+02 1.653030855539971981e+03 5.096057503506311832e+02 -3.397256661991585247e+02 1.130078541374474071e+03 8.454343618513324827e+02 2.007945301542777088e+02 -1.124322580645161338e+02 6.318650771388499834e+02 1.660743688639551294e+02 1.346806100981767145e+02
1.047818677762802908e-01 1.112521657953696831e+03 9.740856982823001999e+02 -6.647444610405775620e+02 6.118984316654219811e+02 1.433113019666417813e+03 4.111274583022155866e+02 -2.675137540453074507e+02 9.975891212347522696e+02 7.710942245456808450e+02 1.717129076425192977e+02 -9.260894324122479304e+01 5.969400049788399656e+02 1.610119492158327148e+02 1.352597242967388524e+02
1.090277847809041356e-01 9.417749825702998123e+02 8.522547641180572100e+02 -5.865798861259586374e+02 5.278926911457123197e+02 1.212535440390425265e+03 3.608787473855449548e+02 -2.398642807343713628e+02 8.460970253311643319e+02 6.403422031141063826e+02 1.453535469439925691e+02 -8.085964733906577351e+01 4.912336741808040870e+02 1.300752672554032188e+02 1.075086858006042263e+02
1.132170039508717807e-01 8.632929075667327652e+02 7.428562210456650519e+02 -4.898938341054488887e+02 4.427206871828810790e+02 1.055788881535406972e+03 3.077878888153540515e+02 -1.954103518641076391e+02 6.964133024487094872e+02 5.415214537833663826e+02 1.238082395764394334e+02 -6.395680288991837159e+01 3.940367030664019126e+02 1.067006535407015235e+02 8.360896481358922472e+01
1.174008294871188018e-01 7.870705179682794324e+02 6.373635816101184446e+02 -4.154448152981329372e+02 4.505677574784180024e+02 1.075734591447500634e+03 2.771969233085725932e+02 -1.708232659104597531e+02 7.740416081108211301e+02 6.126020879341498357e+02 1.207538270427624951e+02 -5.988806213611724871e+01 4.852167235494880515e+02 1.328540453724151860e+02 1.127361724553302622e+02
1.215998224695146873e-01 6.780220853080568304e+02 5.394055924170615981e+02 -3.554989573459715757e+02 3.506917298578198938e+02 8.204672985781990064e+02 2.211639810426540294e+02 -1.419623696682464526e+02 5.554248341232226949e+02 4.200990047393364648e+02 8.915387440758293280e+01 -4.819895142180094894e+01 3.188411611374407357e+02 8.346926540284360385e+01 6.870616706161136733e+01
1.257670529567683493e-01 5.791083199714947796e+02 4.568277659005879059e+02 -2.977993051843934040e+02 3.158239577765900776e+02 7.545965615535365032e+02 1.958917022982362539e+02 -1.207700984322109434e+02 5.218621949046855661e+02 4.076153572064849300e+02 8.294503830393729515e+01 -4.133017103153393634e+01 3.137106048458934424e+02 8.524092508462497619e+01 7.088781623017993638e+01
1.299386816717305049e-01 5.396302074757121545e+02 4.120438415939403853e+02 -2.685786267083813641e+02 2.809720072451835904e+02 6.727883253746089167e+02 1.699343919808990790e+02 -1.066999012020418292e+02 4.570984686316483021e+02 3.548281738844063966e+02 6.869399390745924450e+01 -3.534161966902684071e+01 2.723487567923596089e+02 7.286635003293265811e+01 6.114857772106043399e+01
1.340949335765710126e-01 4.607665000793273293e+02 3.409355862287799823e+02 -2.131820561637315734e+02 2.590602490877359969e+02 6.301700777407584155e+02 1.493043986990322196e+02 -8.766161946692052709e+01 4.419710058702205515e+02 3.540209424083769818e+02 6.549271676185944102e+01 -3.085914197604315490e+01 2.719317983499921070e+02 7.488796009836586620e+01 6.135990798032683102e+01
1.382635144665005922e-01 4.060929937690190172e+02 2.914769598608897354e+02 -1.803902332995218103e+02 2.079854731198377067e+02 5.123843645848428423e+02 1.209109911607013572e+02 -7.156101017968410360e+01 3.478364005216635633e+02 2.784397732212722758e+02 5.149867772786552678e+01 -2.468436186784524011e+01 2.133855962903926979e+02 5.860081872192436236e+01 4.858244276191856414e+01
1.424925284902303357e-01 3.478763047309204239e+02 2.448903348244543565e+02 -1.489674325606615071e+02 1.800387691473498535e+02 4.445862139080927022e+02 1.035463348922326077e+02 -6.028562169581130092e+01 3.029340517825673942e+02 2.417857869052460273e+02 4.554701691066829028e+01 -2.207483140165378543e+01 1.857385963128643027e+02 5.055550189779042825e+01 4.198164480818761035e+01
1.466886314558672189e-01 3.097535540344872516e+02 2.152311767803080045e+02 -1.293672502303540739e+02 1.584202316703961912e+02 3.926869158878504322e+02 9.089488449387916091e+01 -5.190194320126365568e+01 2.642403251283400891e+02 2.112068579702514057e+02 3.920844165460049879e+01 -1.804877336448598157e+01 1.600436191917862061e+02 4.370898051862577205e+01 3.581428113070948882e+01
1.508619291163366127e-01 2.545883675701957145e+02 1.685317855840524999e+02 -9.779059803087395153e+01 1.254430001823264860e+02 3.178687857056035000e+02 6.938262732466269256e+01 -3.831711513917588263e+01 2.098741035614440307e+02 1.710402333779020410e+02 2.978430396863984342e+01 -1.317503152728819771e+01 1.287860094809772704e+02 3.570031223410720855e+01 2.924695742676552968e+01
1.550655720814744509e-01 2.176749446193307449e+02 1.442581030663401975e+02 -8.476232219890404451e+01 1.111371691733706371e+02 2.782991722047335656e+02 6.071911434650809980e+01 -3.429472717733472820e+01 1.923852745715284982e+02 1.553666200303136122e+02 2.699044865629007717e+01 -1.251249070916404271e+01 1.213743004547044393e+02 3.334079150635420064e+01 2.804822490381252109e+01
1.592593054631499527e-01 1.859611984014015036e+02 1.193448346654987375e+02 -6.698805841454067433e+01 9.586915580860615194e+01 2.411097941530712774e+02 5.117401182524909586e+01 -2.724851500054746367e+01 1.659617732398992587e+02 1.348765465892915927e+02 2.362147227088579982e+01 -1.019829960719369311e+01 1.043665485054198996e+02 2.880487654658929131e+01 2.384475767819993308e+01
1.634144798183441161e-01 1.484992933333333269e+02 9.482053333333333001e+01 -5.320091333333333239e+01 7.844758666666666613e+01 2.004606666666666683e+02 4.146690000000000254e+01 -2.153822999999999865e+01 1.388994666666666546e+02 1.150210399999999993e+02 1.917767999999999873e+01 -7.676730833333333059e+00 8.952017333333333227e+01 2.523122166666666644e+01 2.107776000000000138e+01
1.675823816150099899e-01 1.339314643669071927e+02 8.367001087278836735e+01 -4.617545344469704105e+01 6.735406988237619430e+01 1.722010477414253273e+02 3.548240276267668492e+01 -1.884306427300582953e+01 1.162058416526638354e+02 9.528377359889294951e+01 1.594583065632104280e+01 -6.940747164426213089e+00 7.294379509736087641e+01 2.018175780863892399e+01 1.667501173766926925e+01
1.718045808093531246e-01 1.025720862470862471e+02 6.399167832167832159e+01 -3.549910839160838805e+01 5.301152680652680971e+01 1.346261421911421792e+02 2.746252913752913827e+01 -1.444442599067598998e+01 9.293966200466201144e+01 7.608469696969696372e+01 1.262077360139860183e+01 -5.350850087412587719e+00 5.903024475524475179e+01 1.635142336829836651e+01 1.359586392773892705e+01
1.760135070798979073e-01 8.551385347418268168e+01 5.256776477552135418e+01 -2.747788509698570181e+01 4.234721336854566687e+01 1.090466032237501111e+02 2.218995452372279331e+01 -1.110936219378927170e+01 7.387478371732993310e+01 6.134406588653128267e+01 1.039863457335397534e+01 -4.269479669429014024e+00 4.708509015572352041e+01 1.322109211365085102e+01 1.087017490438029377e+01
1.801930856696074279e-01 7.409282563293837143e+01 4.473794326996846138e+01 -2.296716499019691682e+01 3.637694996164010064e+01 9.476069815020032649e+01 1.891249680334157546e+01 -9.281903983036400518e+00 6.448864120705822245e+01 5.393052062910238220e+01 8.979421511380104803e+00 -3.576789063165970894e+00 4.192386358792941792e+01 1.181409433339016424e+01 9.897020980734804851e+00
1.843742315857553882e-01 5.984615464603610491e+01 3.604078539638965140e+01 -1.810484646660011521e+01 2.892174371932451749e+01 7.523856168372016384e+01 1.502276874844022991e+01 -7.284265556110140594e+00 4.920512540554030778e+01 4.097355149322019940e+01 6.809277124407286941e+00 -2.716852279344480703e+00 3.052597017718991879e+01 8.554891569960901165e+00 6.896095894684302507e+00
1.885797910080431738e-01 4.378794900948123114e+01 2.638602289370230380e+01 -1.343087446041779032e+01 2.037514453094889433e+01 5.251408213212055642e+01 1.059867489208355806e+01 -5.275403723117243260e+00 3.448677541817620806e+01 2.832553187389192928e+01 4.743744218762044440e+00 -1.936605865306791019e+00 2.137039428042858091e+01 5.922942120172666414e+00 4.826579422165266031e+00
1.927656394953895236e-01 3.666557546519641875e+01 2.213607952370013265e+01 -1.130570392066774055e+01 1.779705567041887093e+01 4.601556397886515271e+01 9.278406534765297309e+00 -4.592769773240677367e+00 3.076840684585343766e+01 2.541238322229879998e+01 4.304819114212421027e+00 -1.794843205595757940e+00 1.938649949268703665e+01 5.392563318401102812e+00 4.430818185733977010e+00
1.969014248243030341e-01 3.078228840980149528e+01 1.825896963389805805e+01 -9.010237539082382341e+00 1.474394450301752357e+01 3.841075583509052649e+01 7.599212444557550405e+00 -3.666992826565112829e+00 2.532359757871009975e+01 2.106708990765650924e+01 3.488005457900094530e+00 -1.403862168708645219e+00 1.572909319784774240e+01 4.375454730331563624e+00 3.505698756634915814e+00
2.010715633173454087e-01 2.298005831555769873e+01 1.353414642537672918e+01 -6.411530009289204024e+00 1.074769705153788024e+01 2.835382620587628466e+01 5.562380121963807156e+00 -2.535111362932636059e+00 1.842751840638547023e+01 1.554521283458336356e+01 2.566834693026216474e+00 -9.526483100959884931e-01 1.156495024255143456e+01 3.280070034576481497e+00 2.642409462516342344e+00
2.052920281681521186e-01 1.865185755336617390e+01 1.083615353037766837e+01 -5.248288690476190510e+00 8.768740763546798433e+00 2.290422413793103473e+01 4.428658661740557889e+00 -2.121864352422003108e+00 1.519191707717569706e+01 1.266035201149425227e+01 2.071091954022988624e+00 -8.465490943144499125e-01 9.710171387520524888e+00 2.714045053366174187e+00 2.258033148604269069e+00
2.095172134954577381e-01 1.344207595614643047e+01 7.896038765673240256e+00 -3.793045048752441417e+00 5.809203893894524739e+00 1.549967708398966693e+01 3.042587502362799956e+00 -1.422623589211454709e+00 9.524722764791128782e+00 8.039494695513829114e+00 1.301579679525549649e+00 -4.923498194426941810e-01 5.806433510805872444e+00 1.641142970079074948e+00 1.309214600332367251e+00
2.136973926115405542e-01 1.179102325581395405e+01 6.807696220930232300e+00 -3.085411337209302385e+00 5.579368217054264001e+00 1.490939728682170617e+01 2.857396317829457466e+00 -1.223098352713178238e+00 1.010002519379844976e+01 8.673033914728682348e+00 1.432786337209302374e+00 -4.885502967538759567e-01 6.776703488372093354e+00 1.959341085271317784e+00 1.646691375968992288e+00
2.178750580088065492e-01 8.786263686131388084e+00 5.078053832116788513e+00 -2.283201642335766390e+00 3.886142335766423539e+00 1.039460948905109561e+01 2.015183394160584118e+00 -8.907821053832116753e-01 6.542114963503649960e+00 5.554594890510949234e+00 9.114965784671533733e-01 -3.387740647810218997e-01 4.079424270072992798e+00 1.157738366788321205e+00 9.317640282846715305e-01
2.220823861956562617e-01 7.006590846589947574e+00 3.994016013707903046e+00 -1.779297536067862673e+00 3.146616478394539396e+00 8.456394200936424355e+00 1.600140543027585016e+00 -6.873222829229423958e-01 5.601977209905793842e+00 4.818906188300332794e+00 7.695657357068313997e-01 -2.601735038712134074e-01 3.707529474812433001e+00 1.072957212162238383e+00 8.923790333953856013e-01
2.262696194198526023e-01 5.341661034336059544e+00 3.073200213056485719e+00 -1.372650610521765291e+00 2.303331666506559738e+00 6.213952798210462980e+00 1.200959376029258285e+00 -5.248409366937476506e-01 3.858750583246418397e+00 3.296715250521490947e+00 5.395834548430037403e-01 -1.966810518034322330e-01 2.401301625885162050e+00 6.844034332628863293e-01 5.451968799747488603e-01
2.304259489101245229e-01 4.129869699060559896e+00 2.318050768603046485e+00 -9.752512597194947785e-01 1.806839140703784263e+00 4.908323271057799531e+00 9.107327230176212041e-01 -3.669574446602489326e-01 3.202919746165278081e+00 2.778822199591316711e+00 4.411038634162199323e-01 -1.424529771757735708e-01 2.137619793601719831e+00 6.232432137691735763e-01 5.210054493856483004e-01
2.345870463846415066e-01 3.057620915406932482e+00 1.717973203606148580e+00 -7.169394798665190693e-01 1.277497240354761532e+00 3.508043133175548611e+00 6.536393219225581364e-01 -2.594112998724359964e-01 2.209827279610118822e+00 1.932163625489896619e+00 3.032313795522217359e-01 -9.159095163423487673e-02 1.442903178602331193e+00 4.232747544949610474e-01 3.479634792366519402e-01
2.388019837064606632e-01 2.257335746270458188e+00 1.266647719729155686e+00 -5.338626217532468354e-01 9.073171325073625670e-01 2.496966164063631588e+00 4.685328394305509070e-01 -1.911042831834174338e-01 1.531087813209095927e+00 1.331189198812340102e+00 2.101823649021749840e-01 -6.694218540665886064e-02 9.776283123823203969e-01 2.849244737604403332e-01 2.306432893895138392e-01
2.430077036534963875e-01 1.709134158227547218e+00 9.554647941627442131e-01 -3.902157194200779888e-01 6.458850563697522418e-01 1.792238684448248076e+00 3.350400310301074325e-01 -1.359359979890231995e-01 9.913478596134644993e-01 8.594572739861170430e-01 1.308415342668366455e-01 -4.417064026340304650e-02 5.485039506370941176e-01 1.558090889725372019e-01 1.067398877285099662e-01
2.471758823520590620e-01 1.242896355484019333e+00 7.047362270780639371e-01 -2.966319933461715186e-01 4.184669787594849644e-01 1.149751828724994374e+00 2.259195944829271163e-01 -1.003914446029259694e-01 5.948700042394803322e-01 4.954311066480800441e-01 8.080631974484077384e-02 -3.204814167948091819e-02 3.129610434870085389e-01 8.474575243590480589e-02 6.077291699600483044e-02
2.513692271335918882e-01 9.107436148855631020e-01 5.090650094634808775e-01 -2.114599914938077307e-01 3.069225550167388739e-01 8.455156844886438927e-01 1.589595218241269536e-01 -6.873513211265372402e-02 4.371127255098245512e-01 3.693562713338585102e-01 5.518854865829176531e-02 -2.060405284976245602e-02 2.277459051983501959e-01 6.299867680503588863e-02 4.261164452167711530e-02
2.555723892733414715e-01 5.950703718049062951e-01 3.396463392120019908e-01 -1.504582225414933527e-01 1.647624214461283765e-01 4.435273218038341403e-01 9.101153522309367305e-02 -4.899908730754385516e-02 1.913867329898786551e-01 1.448102259751468945e-01 2.383643648209997357e-02 -1.555644964309838355e-02 7.244610499112771884e-02 1.502466085216124653e-02 6.766103198159471345e-03
2.597674079539822323e-01 4.504814388361412236e-01 2.554357366604708135e-01 -1.098210240144993216e-01 1.167890028048667456e-01 3.272561823884231891e-01 6.627666751355450192e-02 -3.431591981913822975e-02 1.152966646993553584e-01 8.704840671919410189e-02 1.247610560495466397e-02 -8.917560774593429052e-03 2.454475119679892445e-02 2.711130503537298626e-03 -4.076655419658395917e-03
2.639178238801485610e-01 3.886115267546552121e-01 2.186162147342438911e-01 -8.749354553534888224e-02 1.086281105324073959e-01 3.037755620779619137e-01 5.952487646594280257e-02 -2.714041687848501097e-02 1.279840209036730014e-01 1.045734578025884903e-01 1.581474102809430488e-02 -7.634065525405411660e-03 4.686300528666615534e-02 1.116719551312794073e-02 3.517899924025155983e-03
2.680749044740857179e-01 2.512934329174263404e-01 1.387397365656641568e-01 -5.089378749102881766e-02 6.810199355590738912e-02 2.020122786907902201e-01 3.789072302752332505e-02 -1.328699384459135040e-02 8.099113535685882603e-02 7.385631809455861507e-02 1.042399939376369850e-02 -1.773520493084693303e-03 3.359774260893310521e-02 1.014198912638931971e-02 4.912278768454556889e-03
2.723023151079725368e-01 2.206406928845442705e-01 1.209992081340127562e-01 -4.362503646988814821e-02 8.474720951192457608e-02 2.391314678082824829e-01 4.349194394614300241e-02 -1.489405407220604528e-02 1.512594659219587689e-01 1.362223803787668830e-01 2.135957621628882530e-02 -5.288153528660276444e-03 1.057753678764559030e-01 3.212829014359747798e-02 2.762519101555278161e-02
2.765128983200950685e-01 1.219626036651461770e-01 6.710202875582262083e-02 -2.387428220480676891e-02 2.085534227909700833e-02 6.769949319581507197e-02 1.308712799682459731e-02 -4.944146572764387959e-03 9.415159995581248720e-03 9.433543361216144632e-03 4.199088732553703371e-04 2.967268947333445207e-04 -6.410629868608345994e-03 -1.833077430830448804e-03 -3.388818209242494897e-03
2.807027537381580062e-01 9.702261691980759717e-02 5.481685034484273800e-02 -2.172206998646437209e-02 1.700852789080346122e-02 4.769102856346643660e-02 1.038166824364951217e-02 -6.125881776221500825e-03 2.705231275945572163e-03 -1.757984097698119755e-03 -5.074481766371793543e-04 -1.357210032279243051e-03 -1.383160242735239839e-02 -5.370373039667896906e-03 -6.330995185998176782e-03
2.848857026249724811e-01 5.176270533601823320e-02 2.946377932031983907e-02 -1.276851497567988748e-02 6.392116499512891147e-06 2.235611953116845192e-03 1.519460244416186764e-03 -2.426977002634384331e-03 -2.359634728045301166e-02 -2.352068883044365968e-02 -4.358278286946076427e-03 3.631022134000915641e-04 -2.924951812360826117e-02 -9.499998581417335233e-03 -9.700380815543344429e-03
2.890807262117984777e-01 3.122415877031925122e-02 1.787185404673737044e-02 -7.986651444409163109e-03 -7.650458234226290878e-03 -1.789963628821586439e-02 -2.566475163972810510e-03 -4.398427871453923998e-04 -3.450083233163164093e-02 -3.194613663266894499e-02 -5.906221037848860024e-03 1.311959120149177845e-03 -3.336525787654533171e-02 -1.030954019862816672e-02 -9.676230735176016493e-03
2.932785946948970324e-01 2.018576993064405758e-02 1.171004935401298575e-02 -5.519252538143473025e-03 -5.777394472023781105e-03 -1.440312316034937472e-02 -1.962919334638735594e-03 -4.925876958103066758e-04 -2.449429392390043564e-02 -2.328652060702280160e-02 -4.113889296015965126e-03 6.658227927575014046e-04 -2.378759604476072750e-02 -7.537940520537202670e-03 -7.087907210575250874e-03
2.974321087309398370e-01 1.398443996630024423e-02 8.039146058757941707e-03 -3.939533035500240171e-03 -6.594874482766801063e-03 -1.689776200655266139e-02 -2.669307738614002529e-03 -1.004962088944756865e-04 -2.371979905942844108e-02 -2.221939942888964334e-02 -4.000078505823477515e-03 6.937208963656018527e-04 -2.184662943128696036e-02 -6.843435937687290804e-03 -6.308766213091337484e-03
3.016123743882810904e-01 2.590042130507854388e-03 1.635772366148685987e-03 -1.549230216029353008e-03 -1.071007184635535542e-02 -2.811976655803096262e-02 -4.819649981161094714e-03 8.072319593709589196e-04 -3.081129901978263419e-02 -2.837223834721588553e-02 -5.016480699333447299e-03 1.109415643675476515e-03 -2.678948243821789935e-02 -8.285145924259280925e-03 -7.629708389196333818e-03
3.058101292111336522e-01 4.425294118318968961e-03 2.690838690593204668e-03 -1.358012777246746803e-03 -5.132111541168686217e-03 -1.342208903949104748e-02 -2.123941475795261546e-03 2.483082987446091645e-04 -1.662238104758213819e-02 -1.543745001937719269e-02 -2.638767380750597913e-03 5.311706522832987431e-04 -1.487676056853668750e-02 -4.634879487243621053e-03 -4.226070429565660126e-03
3.100168993294901143e-01 1.836753800772619001e-03 1.187382840662797034e-03 -8.368863892242581941e-04 -4.988535517322278436e-03 -1.297771196946334582e-02 -2.135146779033517909e-03 3.010745629911535585e-04 -1.493509729307602139e-02 -1.380318053815658350e-02 -2.387418798669797056e-03 4.678776166425989143e-04 -1.326916801997546531e-02 -4.132159242206107433e-03 -3.817015704836625688e-03
3.142092030053749707e-01 -4.746288327560924114e-03 -2.336180397713326883e-03 1.625824998747674974e-05 -8.061192157087188753e-03 -2.208564441689515531e-02 -3.758718301952132003e-03 5.936078818534254713e-04 -2.054956247835625430e-02 -1.924113384559842169e-02 -3.297906620175006590e-03 5.766376378457030829e-04 -1.701017712115410890e-02 -5.341974665408874903e-03 -4.721590905604480630e-03
3.183867557675504334e-01 6.487989033680761084e-04 3.948436631449237671e-04 -2.125300956782498279e-04 -2.348117169216133986e-03 -5.965327789178271646e-03 -1.016499935684286047e-03 2.478485573076504977e-04 -6.416989287856033827e-03 -5.757533815352605319e-03 -1.010627233732675195e-03 2.824093600493820318e-04 -5.262167902836797397e-03 -1.583209905770431233e-03 -1.403272042153735260e-03
3.225872781332082551e-01 -1.010035590071366824e-03 -4.699586851226680460e-04 -5.313833570499443433e-05 -3.073718980354550601e-03 -8.224387494159659043e-03 -1.406253136902303616e-03 2.697783849408352612e-04 -7.886560226438393134e-03 -7.256256335727873444e-03 -1.253186155743663292e-03 2.660609520161172901e-04 -6.477389974088698654e-03 -2.002024418234172806e-03 -1.774829176522243340e-03
3.267666109043823597e-01 -1.137246483810125386e-03 -5.053433578248189319e-04 -1.087024993304043123e-04 -2.524258157744158158e-03 -6.953146569699443329e-03 -1.157547673743058612e-03 1.447380938257551036e-04 -6.785503415763417638e-03 -6.388498427533444678e-03 -1.086172401764947098e-03 1.711754718158958147e-04 -5.812685386569252030e-03 -1.832656495617295033e-03 -1.649283420730703401e-03
3.309328770241455886e-01 -1.733055251996933142e-03 -8.789658616411613048e-04 1.095765316372895529e-04 -2.342909791244533659e-03 -6.424705172270121084e-03 -1.099330260914305277e-03 2.021438393048576618e-04 -5.978032146945332949e-03 -5.561454239715106669e-03 -9.452334871252935202e-04 1.802467089795157563e-04 -4.980599732077640313e-03 -1.553712208384368200e-03 -1.387517113797428515e-03
3.351106074107195187e-01 -1.224831749495306323e-03 -6.062578770662417019e-04 3.423428037949208914e-05 -1.861589044001077603e-03 -5.156274099849275303e-03 -8.723254086419252777e-04 1.271410761781592612e-04 -4.807628596795733046e-03 -4.528296090626171728e-03 -7.671623606540613552e-04 1.172208613222068009e-04 -4.081523017735536225e-03 -1.289830225103574509e-03 -1.166520410070832859e-03
3.393095620710060434e-01 -1.194037572099346635e-03 -6.176214346769776271e-04 9.797109115454209966e-05 -1.422584556986987523e-03 -3.897730420782381019e-03 -6.742043834867233586e-04 1.290808379072598837e-04 -3.426006642634803548e-03 -3.174427573496817374e-03 -5.427120172879713921e-04 1.047237486946256987e-04 -2.734466678200339704e-03 -8.498141780096899476e-04 -7.370807619365178772e-04
3.435164896197421824e-01 -7.888868377550738989e-04 -3.988005883879606312e-04 4.680199567126035952e-05 -9.375350462301406751e-04 -2.590178632354357517e-03 -4.418526094995472520e-04 7.500354621856027755e-05 -2.243617265079658578e-03 -2.096305592872839928e-03 -3.551739702217296944e-04 6.262094702549542472e-05 -1.784028111022742868e-03 -5.573296314335290155e-04 -4.787838405792687745e-04
3.477107812306902690e-01 -8.256147185106493206e-04 -4.208131281996171252e-04 6.568172074801171222e-05 -9.205677371952578113e-04 -2.531039690846305628e-03 -4.329030818391330711e-04 8.069981024114491000e-05 -2.243520845873328996e-03 -2.087437993313797681e-03 -3.543719148282145647e-04 6.661057965341634496e-05 -1.824137579010999283e-03 -5.695314014841999090e-04 -5.005851979919367619e-04
3.518857617074659383e-01 -6.832648949964284730e-04 -3.532701870991876349e-04 5.642998834506495354e-05 -6.873976784740157579e-04 -1.904383579354306877e-03 -3.274463607944250523e-04 5.857303955346825124e-05 -1.616361340468597512e-03 -1.507667009816461958e-03 -2.550466234798094852e-04 4.549021295306875296e-05 -1.280783113672699257e-03 -4.002094149770785820e-04 -3.452359673753287650e-04
3.560773577310688554e-01 -5.667424607759805923e-04 -2.920273734961206292e-04 4.710319530878206577e-05 -5.755301667243256300e-04 -1.588030575523450552e-03 -2.730404844381781587e-04 5.021926972231008065e-05 -1.379199133136221238e-03 -1.283472060282085658e-03 -2.189112312816808104e-04 4.087243993515323918e-05 -1.110538145195036656e-03 -3.466925879095080301e-04 -3.025765504332579852e-04
3.602869550449780967e-01 -3.580625708085926413e-04 -1.849338104143850945e-04 2.913600827264837805e-05 -3.532840212941330566e-04 -9.761152443777982180e-04 -1.684605912736888067e-04 3.012358769846432222e-05 -8.226605297611977062e-04 -7.671023708393391377e-04 -1.312138434295434704e-04 2.368428938583730679e-05 -6.499356510236322781e-04 -2.031819626726394715e-04 -1.746304457202345925e-04
3.644651285618699665e-01 -2.998445805169052281e-04 -1.555156661330620450e-04 2.475947342899288570e-05 -2.934626603894185818e-04 -8.185197352182022653e-04 -1.410990716863989489e-04 2.412648494627350903e-05 -6.952416788560399378e-04 -6.524760307386789958e-04 -1.108030095002792554e-04 1.848073940292846451e-05 -5.592286918606382716e-04 -1.758828075630764496e-04 -1.534222925634700686e-04
3.686396944457170921e-01 -2.484544635243054220e-04 -1.298429630823153349e-04 2.458849625213244767e-05 -2.210922440428221818e-04 -6.127382483110691220e-04 -1.063500295396251912e-04 2.064446461574001663e-05 -5.088658072724581375e-04 -4.728726165982937400e-04 -8.043030202100771831e-05 1.544806631605006192e-05 -3.994286549307762900e-04 -1.242324867062651332e-04 -1.069192792038057161e-04
3.728293470315630076e-01 -1.994494701151695382e-04 -1.033126321356948798e-04 1.702108119146098628e-05 -1.796952962325298322e-04 -5.011221125822079916e-04 -8.646687314292471078e-05 1.484626919638011717e-05 -4.241147434978119945e-04 -3.974188652425057039e-04 -6.733516092728033631e-05 1.127397491504058191e-05 -3.418313905675955319e-04 -1.073475479063221063e-04 -9.386143171149901601e-05
3.770363921861874523e-01 -1.577190656110736069e-04 -8.171151076879333986e-05 1.301112864284513661e-05 -1.264697639248921874e-04 -3.545281621886689667e-04 -6.123464792394559214e-05 1.039508723273752775e-05 -2.852295142003744076e-04 -2.671711857828530439e-04 -4.534758558421121905e-05 7.672681249783441410e-06 -2.220164963766571001e-04 -6.953801940507459037e-05 -5.942325236934681195e-05
3.812363453093803867e-01 -1.064125921979648573e-04 -5.525301517612663248e-05 9.905036341033139781e-06 -9.184538014215162913e-05 -2.558555724338907439e-04 -4.417148872045374225e-05 8.392494239707874403e-06 -2.126097644674671363e-04 -1.981229948448378958e-04 -3.362865913025708570e-05 6.368681910502792328e-06 -1.686686574350125360e-04 -5.262268178895154725e-05 -4.579149437189630766e-05
3.854150971210312249e-01 -9.430470166286978478e-05 -4.880618832054997038e-05 7.880110008273177484e-06 -8.216562551447082396e-05 -2.324151640368981361e-04 -3.986413973013986967e-05 6.517198964480659109e-06 -1.967836188132920743e-04 -1.859130803416828037e-04 -3.134318086607895774e-05 4.957577908393090721e-06 -1.601071444085575305e-04 -5.045207598285919598e-05 -4.416244473404516539e-05
3.896036578152083374e-01 -7.580483425180374146e-05 -3.934200882830412617e-05 6.444424804279271270e-06 -6.244834192953675007e-05 -1.758298472737166677e-04 -3.043944072212049172e-05 5.063532798938168251e-06 -1.461046694821852476e-04 -1.376446383800650360e-04 -2.338414765655408951e-05 3.744279923373219234e-06 -1.178669621558594606e-04 -3.716954126586992287e-05 -3.234231733176262251e-05
3.937795161075864914e-01 -4.761468325663281942e-05 -2.492618162874054582e-05 3.904186055539796050e-06 -3.820097567237870471e-05 -1.069803883711873104e-04 -1.865128523576117976e-05 3.041621373162811325e-06 -8.757301353855745157e-05 -8.225169241339015615e-05 -1.395075548104919661e-05 2.196000998388331404e-06 -6.963460687384074937e-05 -2.190197827384803665e-05 -1.907333560200342727e-05
3.979440095093054186e-01 -3.613781821610795504e-05 -1.892052926886627438e-05 3.120308354446809064e-06 -2.877549783292972094e-05 -8.136591309591423174e-05 -1.401430741901044279e-05 2.257160695028221023e-06 -6.567299428615039261e-05 -6.156029608431319523e-05 -1.042947133053860689e-05 1.628623077331582190e-06 -5.168148184159706703e-05 -1.637092443004199349e-05 -1.405345941676269340e-05
4.021139069446590386e-01 -2.644676141346362125e-05 -1.372957735705986801e-05 2.084610218194903472e-06 -1.985369667581862184e-05 -5.646638642292251415e-05 -9.829070798706192330e-06 1.588360661931193961e-06 -4.485079536303030547e-05 -4.230611677545871249e-05 -7.176713481004125395e-06 1.146275135777284495e-06 -3.545089446497453505e-05 -1.109753005590396830e-05 -9.487081370204340929e-06
4.063125452039867413e-01 -1.855016431215385930e-05 -9.482618898528198952e-06 1.443052986252234050e-06 -1.495498333591097310e-05 -4.187384333147291650e-05 -7.203116882743312652e-06 1.227725146966397747e-06 -3.466891922843224439e-05 -3.255008215846661281e-05 -5.580167813104595420e-06 9.094809171151064369e-07 -2.781805171394505346e-05 -8.727701676730394007e-06 -7.613616358817708332e-06
4.105412315868290918e-01 -1.128184656770986207e-05 -5.903893237308979253e-06 1.016143734947276475e-06 -8.784731765255736894e-06 -2.488196671070472602e-05 -4.389663403803361620e-06 7.838950441556950782e-07 -2.038608687271262763e-05 -1.928212646607645116e-05 -3.333545157688282188e-06 5.409347044850204668e-07 -1.638386633162639008e-05 -5.219773760091297534e-06 -4.578885171366205378e-06
4.147348487769681458e-01 -7.786091915345893824e-06 -4.273538302805023566e-06 7.105804659418278920e-07 -6.221468281283094599e-06 -1.789291110629677629e-05 -2.962969886123016367e-06 4.763798344993544715e-07 -1.397878651693555011e-05 -1.349473177278468645e-05 -2.193111626988049372e-06 3.013225574830854011e-07 -1.092159891608931417e-05 -3.542691085953532662e-06 -3.134720750596718957e-06
4.189107045044477284e-01 -6.353342517003489542e-06 -3.234162428033966832e-06 5.413285926589620582e-07 -4.798314613261631367e-06 -1.322650613793128312e-05 -2.256898060956238890e-06 3.527014601942219853e-07 -1.035286771711982140e-05 -9.822040054834322339e-06 -1.649310882382794213e-06 2.713473205033513114e-07 -8.142668173201520618e-06 -2.475226307301877315e-06 -2.069518416610679987e-06
4.230974437456921922e-01 -4.528172163632630313e-06 -2.335352666646402335e-06 3.627412429753476224e-07 -3.044943661090503505e-06 -1.038465794483616020e-05 -1.785728003158706180e-06 2.532901855701309910e-07 -7.796198727141787530e-06 -8.023477063758183259e-06 -1.290806259154083060e-06 2.000985093306096280e-07 -6.288867052933644989e-06 -2.102403542545174880e-06 -1.622480371178977191e-06
4.272931011032126136e-01 -3.534304856697086115e-06 -1.890187965345132882e-06 2.506437218021610837e-07 -2.055564418043553749e-06 -6.590188182066263105e-06 -1.321604591778315288e-06 2.224141980155958610e-07 -5.124896031721043097e-06 -5.129768820863291291e-06 -9.799617375028272881e-07 1.717734672565402721e-07 -4.307532861239782674e-06 -1.467743901778194211e-06 -1.235057754818879162e-06
4.314914587673138180e-01 -2.267324190431745143e-06 -1.321434421958369278e-06 2.026518976222502064e-07 -1.968609630768259814e-06 -5.528029708575892654e-06 -9.083293636991152133e-07 1.763877959083165239e-07 -4.313797575684935709e-06 -4.170043414166926510e-06 -6.814341620452112218e-07 1.431104079978939188e-07 -3.173701065416527336e-06 -1.029014316395149407e-06 -9.284263523782347916e-07
4.356511643511531418e-01 -2.199004088315277988e-06 -7.995204872078751416e-07 1.621128023209425177e-07 -1.796330162741724303e-06 -4.143207513379457240e-06 -5.968550232291112526e-07 1.226016337330592846e-07 -3.679862714117578942e-06 -3.164809151499848560e-06 -4.907932376835929164e-07 6.224459083567899422e-08 -2.858504066884979983e-06 -8.424067627961062999e-07 -8.190928551439241769e-07
4.398424702607344750e-01 -1.354629406900990498e-06 -6.100133838180452934e-07 1.678208713869498889e-07 -6.151152009291780141e-07 -2.864931617381453355e-06 -4.608055114420371436e-07 3.345014494862534904e-08 -1.622646201776391800e-06 -2.314074479964773349e-06 -3.718158760359064934e-07 3.005928134891578547e-08 -1.722390612276905079e-06 -6.156180984198383245e-07 -5.437769175481720917e-07
4.440501074980069407e-01 -7.551584257069445483e-07 -2.829300669115742977e-07 -1.713721241681628877e-08 -6.313797639783338209e-07 -1.615688561094209709e-06 -2.157479881365265341e-07 2.414911871143161936e-08 -1.009368034342280621e-06 -1.211675722293752509e-06 -1.816454612559451012e-07 1.428378588655031320e-08 -9.768872040119212244e-07 -2.881086003904666848e-07 -1.803039550570971608e-07
4.482267968899237842e-01 -8.943490281912577424e-07 -3.316685928249647537e-07 -5.029230758441727060e-08 -4.058563868405103456e-07 -1.022130994359611769e-06 -2.022277914199437008e-07 4.939701040947518738e-08 -4.228290879666802737e-07 -7.495673021214276405e-07 -1.866253072415819166e-07 3.154102381782309057e-08 -3.559458142364831981e-07 -1.226116386843250353e-07 -9.611086306061298833e-08
4.524052929840755577e-01 -9.748685727417000610e-07 -3.227930561580870152e-07 -4.048464196870286043e-08 -4.231831497181692684e-07 -1.702290790909321248e-06 -1.277417345778988108e-07 -2.373789650547260854e-09 -1.262506305474787044e-06 -1.308915514213014840e-06 -1.284782629933427927e-07 5.860219674374480183e-10 -7.168195393657286081e-07 -3.335509490236760734e-07 -1.842940397935900701e-07
4.566090347930675253e-01 1.244286524667875921e-08 -1.259114490645769804e-07 9.432047422526486447e-08 2.821427057480202775e-07 -6.233387182528815575e-07 -9.599491988469150696e-08 2.962249027329586486e-08 3.742414269778089904e-07 -7.517999325564561906e-07 -4.986910921590414520e-08 -1.336902891861573418e-08 1.716785135357790625e-07 -1.476337861824858650e-07 5.805630013074662620e-08
4.608167319022857811e-01 -2.720751548963181240e-07 -1.728601987851225458e-07 -1.405368364465266997e-08 -1.588058438407744977e-08 -4.542043901289275405e-07 -2.428317676700401342e-08 8.126467506865314110e-09 2.483496457910783277e-07 8.483165818553201066e-08 -2.193038168541415824e-08 -2.520229180263886496e-08 3.446845300302878814e-08 5.183790347902175143e-08 5.553388802069162545e-09
4.649806979855051203e-01 -5.048140766877118543e-08 8.210196984636593160e-08 -8.958931812938651725e-08 7.260143896748801052e-08 -4.600859072720094652e-08 1.821479426177704956e-08 -4.660897680617484029e-08 -2.051269207338439696e-07 -3.364551395434680970e-08 -6.840523724027975739e-09 -1.459992085815006048e-08 -7.381347335425176637e-08 -3.714598770189721396e-09 -4.112874894355455980e-09
4.691538386770017222e-01 -8.678770575171124279e-07 -2.244501445514317044e-07 1.229812916943890915e-08 2.336447972519199303e-08 -5.391545588735822131e-07 -9.988033155178112566e-08 3.615051110846050116e-08 -4.891418062648203358e-07 -1.198556096956165658e-07 -5.456190110053367282e-08 -5.688858813804577535e-09 -2.872612583939742442e-07 -7.127028801025780863e-08 -5.066081899079895706e-08
4.733478629909182445e-01 -3.745390792356551654e-07 8.696080341932004114e-08 -8.918274205642379191e-08 -6.974342817705409954e-09 -4.224109308186785398e-07 -4.854925719481527395e-10 -3.398033813257777466e-08 -4.834819196783609059e-07 -2.561640543235834214e-08 -1.417130499350664005e-08 -2.399584571951098775e-08 -2.562426896279234013e-07 7.179918488062733339e-09 -1.741103431629086180e-07
4.775500538217637980e-01 -1.353883504906781066e-07 3.124230774349344439e-08 1.225918505084610424e-07 -1.544000050178650873e-07 -4.804702367723431928e-07 -1.160218272277771909e-08 -1.042208626223991310e-08 1.216879394707883910e-07 -4.264837425632135013e-07 7.245643178452547644e-09 6.128232873463821924e-09 2.813167604260630054e-07 -6.789511372918956765e-08 1.246688958735566515e-07
4.817339644282710998e-01 -9.772176751411644942e-08 1.713723286185994172e-07 -1.239596589723656428e-07 -2.015216461937070739e-07 -3.357235392071989408e-07 3.779357656646310341e-09 -6.082564742642868687e-08 2.076597028465469346e-07 -3.696870492866074275e-07 1.546979522500103088e-08 -3.289396009732083359e-08 1.957125756814395749e-08 -3.683529122284817656e-08 1.254291249438239886e-07
4.859144464692263798e-01 -2.159727893578925430e-07 1.640632761763515715e-07 -2.797048737415328081e-08 -3.004649394675145955e-07 -3.462828518118196900e-07 1.686693722706245245e-08 -2.446320387135893670e-08 6.671413704687123487e-08 -5.527081509214798806e-07 9.055679550513400981e-10 5.720372355362404796e-09 2.920947813236751672e-08 -1.048263132765182853e-07 -5.040076512745769004e-08
4.901252990058800885e-01 -7.969655887562345675e-07 -4.100016458380484194e-08 -4.503628606620151328e-08 -5.657412350800046331e-08 -8.126085088151940470e-07 3.837294939544431533e-08 -1.492072593455587909e-08 -7.831113726938130546e-08 -3.327439734857282506e-07 3.373842357485880162e-08 -6.226147626497182970e-09 -4.838289849322041407e-08 -8.433044456201243267e-08 -2.589558446300365622e-08
4.943123444065962158e-01 8.721068387160599582e-08 -8.716926295546123980e-08 -2.811181718884794287e-08 6.895718129533678573e-08 6.636422123329258854e-07 -4.502325048344867942e-08 1.435239832322467361e-08 -3.608071355162582131e-07 3.696605216114964045e-07 -5.481088737749454049e-09 -1.047857194465056749e-08 6.168567359112256279e-09 4.065059903841021023e-08 -5.193167445490915584e-08
4.984736335014697817e-01 -4.597680634160442218e-07 -4.956957528236962971e-08 3.946397619308855946e-08 -3.098299441448555754e-07 -1.006172043451065071e-06 -5.065021777084501365e-08 1.429292475575093285e-08 -6.616359429934031894e-07 -5.824177326721411594e-07 -3.056044113251101082e-09 3.535842929713942422e-09 -2.388859842018571436e-07 -8.561633919494577367e-08 -1.551867329458903536e-07
5.026590164608074618e-01 -6.398830834416630393e-08 -3.389996344499651839e-08 3.029058259876580584e-08 -6.333886399238783922e-08 -1.055372557222152831e-07 -2.726682713293502134e-08 3.576363826297423509e-08 -3.317194768374546592e-07 6.073229598045097508e-08 -1.399589794716624445e-08 4.124558954797241644e-08 -1.246081245401768917e-07 6.483147897950727081e-09 5.307192934115328698e-08
5.068609875937976073e-01 -2.694677617876569646e-07 3.598437174966431939e-09 -1.012137771632015576e-08 -4.082193429187083266e-07 -1.014128286163854784e-06 -1.455758986775970706e-09 7.096903489225244238e-10 -4.866633764001285794e-07 -5.919917935579942714e-07 -7.463672034188323028e-10 -6.960325839090572582e-09 -1.488491720719677046e-07 -8.324248330334433960e-08 -3.404750812436975852e-08
5.110594965365916620e-01 5.758412810952186543e-08 5.348005559688114955e-08 4.433904111476387928e-08 1.582537109458814960e-07 9.872192382568023012e-09 1.479426218201464919e-08 1.805159449585289680e-08 6.202516230351558873e-08 1.965146240616227808e-07 -7.477515497064749861e-09 1.119028773820158000e-08 -7.970473286884537439e-08 7.542190841654084871e-08 -1.497032821685853292e-08
5.152492140965455603e-01 -4.264749537629618043e-07 2.272739595245281281e-07 -8.673859214344100190e-08 5.565521046617185361e-08 -4.085650503557082590e-07 -9.996909525798592909e-11 -9.770823933879273489e-09 3.273947636808578516e-11 -2.782870177057193879e-07 9.370456803369773897e-09 -9.453537263240515003e-09 2.984191522335097674e-07 -1.248310022692486346e-07 7.016315527563809751e-08
5.194329442812991582e-01 -3.842312428428418802e-07 2.023409044180182712e-08 9.075946207883951788e-08 -3.555053701410413733e-08 -3.866419159760014277e-07 -6.411873850155676315e-09 1.743737450144697828e-08 -2.530268357910272779e-07 -3.154374325938416964e-07 -1.416668128911880769e-08 8.872485208764851219e-09 -7.271416709326122142e-08 -1.208064712523274997e-08 -4.875657214964637652e-08
5.236343964239100757e-01 -3.090763364848901605e-07 -7.120595590890549264e-08 6.278674891214691506e-08 -1.927347861314780452e-08 -4.273670528102116256e-07 -8.566615591782583087e-08 1.804689633238613378e-08 -1.820258683697588286e-07 -3.207736247564298532e-07 -2.170587028522149452e-08 -2.023970922518985285e-11 -3.999397077447814087e-08 -2.263189394095429581e-08 5.293919202387323659e-08
5.278273205415198177e-01 -5.697628709487701634e-08 -7.010191039242608208e-08 7.606195005401446093e-09 7.490972200956837318e-08 -6.659243882183295242e-07 1.444624372997457434e-08 -4.428931976739413317e-09 -2.287189330555591939e-08 -4.751576799623056866e-07 2.229386120522680101e-09 1.086565298523070477e-08 8.916960624639955225e-08 -6.929121485948069556e-08 4.438520780381193956e-08
5.319960279023402405e-01 -4.414476563039023384e-07 4.695519155955674511e-08 -3.226703151311947706e-08 2.231599891637109622e-07 -1.834653754896292935e-07 -1.895953816991134565e-08 -7.586803520501648922e-09 -8.739115275300632148e-08 -4.572518662160294410e-08 -2.189443728558588431e-08 3.325100919009140267e-08 -1.701214059217529051e-08 -3.894578054292872956e-08 -2.806332580924063565e-08
5.361714592099571242e-01 4.587517114877386982e-08 3.938259265268308210e-08 8.460668275269766937e-09 2.192103897625753157e-07 2.975274297257383411e-07 4.763724123675406566e-09 3.320121335929443875e-09 -5.250557951251451847e-08 1.952325156668470425e-07 1.736547339249814502e-09 -5.954727948868059931e-09 -8.985970789166320047e-08 2.248598236255513972e-08 -3.561918421339971580e-08
5.403746330902056139e-01 5.639725870516313179e-07 3.084079971070311033e-08 -1.032157630950876438e-07 3.504156602332904133e-07 8.899276544226277131e-07 5.132142600556708293e-09 -2.448636199109240758e-08 3.203672557070753619e-07 3.125065264236880324e-07 -1.372525514852213753e-08 -1.296980941994358443e-08 2.450955464909582236e-07 5.002282592762789839e-08 6.037950466233561588e-08
5.445761264886261888e-01 3.192695807426558677e-07 -6.769619412889890812e-08 1.112346542242624734e-07 -1.778573849427178578e-07 -1.667264435462854546e-07 -4.964820116717100166e-08 3.460057848749349194e-08 1.853359544078421071e-07 5.608321199472065018e-08 -2.907020786427926735e-08 6.246576999972174913e-09 2.441122093541702034e-07 5.366581379898693780e-08 4.263833125465255172e-08
5.487504490749764985e-01 -2.430775516490732878e-07 -6.581573454106988958e-08 9.072456234734708823e-08 5.500722925509122448e-07 -6.713902429019980895e-07 -3.762981090845998747e-08 2.457115926558789515e-08 3.785101689029726904e-07 -1.945452829708571368e-07 1.504395850303201788e-08 5.201955620529936180e-09 5.137504944587652301e-08 5.918558052767801089e-08 -7.643395820585295924e-09
5.529407179677009454e-01 4.673793164697917900e-07 -2.063540675469065565e-08 2.310347226253110896e-08 -3.580615311871556749e-08 3.077803443416495723e-07 1.230021847468511579e-09 4.024003478319192108e-08 -6.976457951093626703e-08 -1.327113724035814233e-07 8.718483227547424768e-09 1.815739773881466718e-08 -8.405329309478672805e-08 -2.239384208544196484e-08 9.484682251527014558e-10
5.571409157079509900e-01 5.002736169738415684e-08 4.880518422638345016e-08 1.635083417994981897e-08 -6.686256374816728571e-08 2.507786551424285547e-07 -2.590497524446792086e-08 4.256250364059903291e-08 -5.594123355973863487e-07 1.486962297450268940e-07 -1.015054873705153501e-08 2.441002513705355349e-08 -2.051469180515524345e-07 1.683230115346149012e-08 2.680586572449977005e-08
5.613298693710127019e-01 -8.280261547358112035e-08 4.977576243470448720e-08 -2.501847847411368854e-08 4.711160802605837244e-08 -5.991474489679125646e-07 -5.566110596934750417e-09 -2.409174843903739435e-09 -6.330178725087044265e-07 -5.981516415415237965e-07 -4.668317470375173521e-09 1.227596209650333190e-08 -1.754261051499063912e-07 -1.485279138224947671e-07 -9.900740769830685427e-08
5.655062246218995892e-01 -1.139153369274634629e-07 3.247301465781273532e-08 -2.965861097287232345e-08 -2.410696200695432301e-07 7.892638195514179435e-08 -4.313580668999899549e-09 1.688522258530959672e-08 -2.985603485421936641e-07 -3.450734236741215024e-08 -4.496127580414109607e-09 -3.289809955049019283e-09 1.294745217275118827e-07 -4.156204510627967531e-08 3.351910026326544612e-08
5.696867424029971039e-01 -9.888484401782544271e-08 -7.059574791142686789e-08 -3.648126631981058996e-08 -8.455568011957099256e-08 -2.380868622466621704e-07 -1.547254683451895183e-08 -1.784217595798733298e-08 -4.454929856828857866e-08 -7.337956136402080826e-08 1.960109162840394447e-09 -5.077269050972199737e-09 1.747810575591403486e-07 -3.198056948339401871e-08 1.083436916083279964e-07
5.738956954203543459e-01 -4.481314105997333761e-07 -3.670903296989108424e-08 -1.012904055853371940e-08 -6.317617901058742698e-07 -8.522777723631855166e-07 2.422166308118450667e-08 -3.146194440059600967e-08 -1.037703988101137741e-06 -5.235787132096748772e-07 4.337555648689880575e-08 1.256397300908457096e-10 -4.096828394634957685e-07 -1.764262478418702189e-07 -1.524688990087708057e-07
5.780928920821047923e-01 -4.221060903405645951e-07 5.280081140870914666e-08 -6.978660956926326160e-08 -3.615997271083381322e-08 1.583019763363538743e-07 3.804536591731351562e-08 -9.043300103770802723e-10 1.125561410654665089e-08 1.410707233956184451e-07 -4.465062159688533817e-09 -4.655847670310159195e-09 -1.668659811634990548e-07 -1.879756001154277540e-08 -2.032233615385769778e-08
5.822632071880226023e-01 3.451339080867415827e-08 5.029422262582392862e-09 -2.445628129219941824e-08 -4.531750267473518285e-07 -3.525886704500245308e-07 -1.083187046201453027e-08 -3.595291372746258661e-08 -8.681022295958046000e-07 -4.611197964565147500e-07 -3.797758014123022983e-09 -1.289971245612455927e-08 -4.585462355953632467e-07 -1.749461862158011748e-07 -4.452631788039717430e-08
5.864430803127811398e-01 7.776965279422250348e-07 1.233625796587930293e-07 -5.455255053934355825e-08 7.926045112933500574e-07 1.374327688910574371e-06 1.154732283187195003e-08 -1.204209620376753187e-08 8.886766053703546813e-07 8.958945685160396403e-07 -4.792765473211297601e-09 6.312658063988455675e-09 4.869218159860221482e-07 1.706651542303599830e-07 8.399173643806382164e-09
5.906376733072625784e-01 -2.499464136522305593e-07 -1.678658090038412128e-07 1.396352262241954253e-07 -3.466804588547876912e-07 -3.422885081611058955e-07 5.811493151136073768e-09 3.409041018831115503e-08 -5.257770254669344247e-07 -3.752332364777383794e-07 1.282365084917766825e-08 3.645033201248260586e-09 -3.002400388828547905e-07 -1.002091254313941292e-07 2.530784481986272495e-08
5.948356627105599870e-01 -2.976434139874726012e-07 -1.382424885043500534e-08 3.121084622199992185e-08 -3.303424595818603413e-07 -3.802701427769352951e-07 -6.742328503959987140e-09 3.787754603972495283e-09 -6.317137673089658453e-07 -3.544612651283109284e-07 2.425015500395516927e-08 -1.813991514089365555e-08 -4.113647080541631289e-07 -1.448509619215043176e-07 -1.626679333486067919e-07
5.990145239901687457e-01 1.506817241610495013e-07 3.247156980307408742e-08 -1.162055694370666814e-08 6.034018527463523461e-07 8.642490169575014528e-07 2.063803914134775133e-08 2.708840466841494945e-09 7.541358795626625282e-07 4.103232623842781605e-07 2.510655207457569621e-08 -5.922757275770069879e-10 2.644334688422722778e-07 1.183737648826727214e-07 8.892474898119924339e-08
6.031829950841108845e-01 -3.341755125834828981e-07 -8.034217375446791417e-08 7.452337687841007751e-08 -6.293701062549375852e-07 -6.372010655566030979e-07 -3.649754705576476299e-08 1.864570723418084956e-08 -1.439655444423450728e-06 -6.763000586888963293e-07 -6.115418648225650381e-09 3.372206509451451707e-09 -1.065822504307710051e-06 -1.927282772033659693e-07 -3.231650486180855906e-07
6.073740526175752663e-01 4.130582605125965816e-08 -3.425268857740589813e-08 -2.601833016383717023e-08 2.449416541637164201e-07 3.338021449408127093e-07 -1.106464249487746106e-08 1.502523607744567415e-09 1.569498176182834516e-07 2.127331767063894854e-07 4.784342677770604723e-09 2.134448086037070513e-08 6.835020710407427291e-08 7.200357818585160697e-08 1.116966381217466872e-07
6.115768023320514724e-01 1.106862819393267453e-07 -6.213852201935602427e-08 -6.471256034426992120e-08 1.989434111538065905e-07 -2.671578874446836445e-07 -3.061681115148450199e-09 2.359710873445820875e-09 3.304469821510959690e-07 -2.592547634143863204e-07 -4.945758446342261938e-09 1.637941250027305456e-09 1.981053379789150153e-07 -6.926084088490958975e-08 5.485457455774494474e-08
6.157710000000914397e-01 1.744082307195014925e-07 1.173024998445782299e-07 -2.592154187259597945e-08 6.158196563127418101e-08 -1.661369838776126550e-07 2.352864761431590099e-08 1.474329261718381269e-08 -3.943460161615479051e-07 -5.117611271522367385e-07 1.034019543246018490e-08 4.872287001479364766e-09 -3.350823942618712030e-08 -1.989013401916849899e-07 2.294625291881864218e-08
6.199632023912512446e-01 7.826653969067003647e-07 2.091942602694612021e-08 -3.588831768257501077e-08 3.040589062731700706e-07 7.397378153602779932e-07 4.677774840529447498e-08 -9.099464360220507235e-09 6.202725004734750040e-07 1.884652108433525176e-07 3.066641127619475298e-08 -2.729329437124068487e-09 2.394835039152788411e-07 1.319611052069070375e-08 6.702506737206817994e-08
6.241630060990407403e-01 -4.901025368351383438e-07 -7.311168398224545324e-08 2.445130930031055276e-08 -1.405132726707568839e-07 -6.323967931646620254e-07 -3.627190145215291092e-08 5.062101661122973860e-09 4.246434731777706640e-08 -5.895783444995172766e-08 -2.283700077214372494e-08 1.923910711873900302e-08 6.019468294773899911e-08 5.065793845411788421e-08 7.720365990041694877e-08
6.283593402461892241e-01 2.363459703247345000e-07 2.316530639458642487e-08 -8.028891367925677766e-08 4.606074874218017443e-07 1.179707135715631644e-07 -7.146628248350748292e-09 -9.926326519524958647e-09 -8.504753165326418246e-08 3.709059310551002747e-08 -1.489321067037307623e-08 1.872621418011628589e-08 1.128301148457872547e-07 4.033652067612673064e-08 6.719617140950885145e-08
6.325410955997395890e-01 -2.924744786347355301e-08 7.043234988533397757e-08 1.540175075178524066e-10 -5.705269616545678593e-08 1.762555977127455555e-08 -1.319061159914103487e-08 1.293867409739273789e-08 -2.555691274556730351e-07 5.518784983301830317e-08 -1.098560571365371114e-08 2.347055520715638883e-08 -4.756560960441183085e-09 -1.715721885366744470e-08 1.963023512392361337e-08
6.367142920629192959e-01 -1.062334086969454225e-08 -1.499037361153326401e-08 2.694660297109143274e-08 -5.398980600970437053e-08 -2.876580636187446351e-07 -2.628335297310431952e-08 4.810895723368444439e-09 -4.413449800357542196e-08 -1.273465697895939824e-07 1.623866796883374439e-08 -1.511068194692342659e-08 1.005327196251427049e-07 -1.460159592858421336e-09 5.279217464178729172e-08
6.409035099394975177e-01 -2.378248330497276667e-07 1.719659647307105292e-08 -1.892841640866597708e-08 -3.805253598928990730e-07 -5.527622669602665836e-07 2.089293415599027844e-08 -1.506224678494967911e-08 -2.625376939250530622e-07 -5.747199660096874328e-08 9.462797655801442095e-09 -7.822669700086750301e-10 1.590880393201438422e-07 6.021544391619877828e-08 8.529485764983402760e-10
6.451032402190634008e-01 -4.858027417661876752e-08 9.918051499274537532e-09 -6.751207712882770663e-08 -4.659291866007170921e-07 -2.590194600752597766e-07 1.960540088430883999e-08 -8.939310451279231877e-09 -5.193280906548092875e-07 -1.525199508269598769e-07 -2.808792799053880079e-08 9.127438090231806241e-09 -2.292505224819906841e-07 -4.312486417311905581e-08 1.947374924108752911e-08
6.492879941711476866e-01 1.928239682462494149e-07 5.560155173107380226e-08 -4.033264358696917744e-09 1.503482221232069793e-07 -1.460326514435063711e-07 -1.960173399022328798e-08 -4.761911691716917618e-09 -3.777388574816683320e-07 -3.005754050367618816e-07 -1.216353550822077050e-08 -1.438106268966044252e-08 -4.777137672298107991e-07 -1.291512087989887915e-07 -1.090310668917334103e-07
6.534659541563927476e-01 5.071543939579965257e-07 5.195055184399459269e-08 -5.632763213987979021e-08 2.556093971709120650e-07 5.403320321741839422e-07 1.332466529998843871e-08 5.992130976686262239e-09 3.173616092357160783e-07 3.334246993112430269e-07 -1.513611264576294038e-08 1.708206612755408096e-08 3.338007629200265369e-07 6.738101075279579000e-08 1.382173830018167922e-07
6.576591076962554627e-01 -1.297291107350859612e-07 -6.635609666571655136e-08 3.949886609075937399e-08 1.676454350452109722e-07 1.870122723121677075e-07 -1.774337553478642988e-08 5.537741795449092258e-09 1.963163045164300456e-07 6.327063852660101361e-08 -7.444899809100294660e-09 3.229612905954976701e-09 1.370612780329805131e-07 -2.704144901738869100e-08 2.559903683242458164e-08
6.618529307405217610e-01 -4.690716409965599621e-07 -2.259928228721622975e-08 -4.540536219954247805e-08 -2.328909109172757304e-07 -3.203857697496935391e-07 -1.861611443701163350e-08 -1.281114767946379047e-09 -2.536897920016154279e-07 -7.746940253950473784e-08 -6.332848193672648116e-09 5.469723411794007200e-09 -1.478468890666562599e-07 2.696897866356721007e-08 -7.541803102010907903e-08
6.660240791386257131e-01 -2.244965787421921916e-07 1.315455373474465028e-07 -4.247107467430605552e-08 1.945975897118635863e-07 -5.751586262592555054e-08 -2.352894304617807170e-09 1.257988286189012146e-08 1.267673927808109109e-07 -5.317502823792879576e-08 1.497924240436633491e-08 1.287303291297547712e-08 -1.181115025619981276e-07 1.090674311203440307e-08 -5.293072130358673268e-08
6.702067828716186115e-01 2.675573697783995418e-07 9.611836404625910073e-08 -4.192501680105681118e-08 3.204041466343785911e-07 1.621815463856114682e-07 5.855620524665271947e-08 -3.610042533239563260e-08 6.479276167117307499e-07 2.057267398224644979e-07 2.513875533417323727e-08 -2.173730266297762278e-08 2.461567147708390183e-07 5.997833225724106993e-08 2.431593647273040831e-08
6.744172070879622671e-01 5.730233958664366842e-07 -5.615013254288846186e-08 -5.685478393220082354e-09 1.283140744643171479e-07 4.147010185636959940e-07 -3.862318830157884290e-08 -1.275295159371139371e-08 1.240419104343655737e-07 -1.013081518369454745e-07 -2.308876222501545988e-08 -1.817115328817272208e-08 -1.232574000943652655e-07 -2.604063657831593804e-08 4.987223571642293208e-08
6.786118453466847278e-01 2.946220891476186600e-07 2.856129438140239042e-08 7.258294954772853736e-09 6.644657615583231392e-08 2.811123606231780726e-08 -4.005232251901852554e-09 -4.210605788735733701e-09 -2.048792677385937646e-08 -1.344794928873089477e-07 -1.017521165465577302e-09 1.692934687918884583e-08 -1.800053253010709960e-07 -3.837899717020804619e-08 8.420212078870093186e-09
6.827984616056306244e-01 4.207841845453164467e-07 4.156625520403578614e-08 -6.013874653047161354e-08 -2.315792350196366895e-08 -1.572713116951363510e-07 3.279834212768794960e-09 -2.212651795831113152e-08 -5.396078364069911099e-07 -3.138236582068364676e-07 -7.416983268792232400e-09 -4.225189874895554414e-10 -2.745583460297840346e-07 -8.144000116740474321e-08 -6.171109120943257722e-08
6.869817177358829019e-01 5.672572508672094330e-08 -4.691681962256367847e-08 1.409346471239946561e-08 -3.503337974835319049e-08 2.290392679008170176e-08 -6.539274236496088329e-09 2.741388761241808244e-08 1.995936184691315514e-07 1.884104515621483700e-07 -8.164470521966292972e-09 1.422947905626162744e-08 5.900473077620027157e-08 3.212743266109881187e-08 4.159171523095369543e-08
6.911718524128840357e-01 -2.921737777406750878e-07 7.497721382210585491e-08 -5.945080030993677675e-08 2.538183137309242126e-07 -3.121268711263712358e-07 1.667172053980709478e-08 2.441578470915629803e-08 5.963252495686319228e-08 -3.108567908127954203e-07 -1.981232147717643311e-08 1.899988080840409195e-08 5.089204475619441174e-08 -9.834332864651623515e-08 -3.305133256856629575e-08
6.953555746427921846e-01 2.843779952783892785e-07 -2.164866393920770382e-08 -2.017390367673796388e-08 3.085558465886134893e-07 2.743925236987103752e-08 -1.411543922749109161e-08 -3.703943413839094553e-09 -2.802963660787559471e-07 -1.328421842583075132e-07 -1.106311618137773268e-08 -9.132010756569476351e-11 -2.723731741878215447e-08 -8.889597774239343511e-08 5.261083541821428304e-08
6.995344561305086861e-01 3.708264724071558797e-07 3.336140179326963084e-08 -4.264622667604168763e-08 2.933901233895141672e-07 3.643777727384142618e-07 8.248127129766528032e-10 -1.534808464125963332e-08 8.883071499633685212e-09 1.025295597257417143e-07 -4.436213403112852880e-09 -1.279548285645652004e-09 -6.681406576942525032e-08 2.964516511456504564e-08 1.670625319501868806e-07
7.037287066792784485e-01 -1.483809070422660082e-07 3.342552290785715649e-08 1.358731658838717946e-08 -7.862563496566795954e-08 -5.067711896734769976e-08 1.170923382514510204e-08 3.785892556510839134e-09 -2.381000474324626566e-07 2.795367842262611954e-07 6.235342420810094084e-09 -7.253707993700418638e-09 -1.024198392433168695e-07 2.168811487880749766e-08 -1.159405143674931781e-08
7.079143033440539190e-01 1.625444458690906008e-08 2.598191441492798938e-08 -3.583289878061436208e-08 4.186674160501279654e-07 2.786717991383606491e-08 -2.014858817247881103e-09 -2.139642226924282328e-08 4.863326246445082999e-07 2.217365062713601902e-07 4.011538758919902134e-09 5.261666318626261694e-09 3.984618361027378161e-07 8.934899423797474658e-08 6.206225525004805880e-08
7.121186686741065586e-01 2.000299836375153935e-07 8.743149147070366487e-08 -1.244438269982277989e-08 -2.922347087108779022e-07 -7.597749211632527531e-08 1.442437609092983697e-08 -1.698483526193875484e-08 -1.433955833237135379e-07 1.140089299186873082e-07 1.488132630882145027e-08 -1.810338668683012707e-09 -7.789292006315722075e-08 5.098883876987509033e-08 -1.142624323408811534e-08
7.163134555705721329e-01 7.803487721007256263e-08 2.741059965851536318e-08 -3.991678698481127746e-08 2.851339699626897483e-07 2.540459381882597535e-07 6.669978964162894046e-09 9.779890125489527826e-09 1.726637683432618446e-07 2.137638602208935956e-07 -6.164480411645631743e-09 9.196028190761106396e-09 -2.150969440655940055e-08 4.493667447271414827e-08 -7.312883557539698814e-08
7.204913713645887396e-01 -1.414786307133516138e-07 2.034617114802051359e-08 6.094300214413188316e-09 6.735950623221917496e-08 9.895883394998962592e-08 1.396819962863474834e-08 7.723491327159830391e-09 -1.122475592014068080e-07 7.722669075149101336e-08 5.367056403670727254e-09 5.846252520441885474e-09 -3.070206106215589126e-07 -2.428147528601655656e-08 -7.802474384294106972e-08
7.246803275165087932e-01 -1.824454151515527629e-07 1.840608022892601825e-08 -2.258257967668629277e-08 5.899102401259840708e-08 -6.226140673220299331e-07 2.567998099263390327e-09 -1.294622250408547520e-08 -5.507243051631555359e-07 -1.635328982698478753e-07 -4.125584735228693349e-09 5.924670634863475091e-09 -2.011367247776591633e-07 -1.097616907507687720e-08 -7.627007898565503654e-08
7.288763115175647123e-01 -2.739014501277445360e-07 -2.890121046791278172e-08 3.146581164795571477e-08 6.934315427074496646e-08 9.943861042052350521e-08 -1.107298603321003249e-08 9.672096377382360618e-09 3.064574674892846934e-07 1.001034446553307721e-07 1.583260104584990792e-09 2.540944351122817711e-09 1.542193956307995339e-07 2.402841485700480619e-08 6.814012344645177949e-08
7.330585840505703388e-01 2.227514375433746310e-07 -7.512993342028121167e-08 3.500445527944698527e-08 3.063389716266193589e-07 3.684819434966688152e-07 -1.319356979646484793e-09 -3.212838234006819891e-09 3.836723718459905328e-07 1.269365316243855590e-07 5.407952063470508017e-09 -1.100329042043941547e-08 2.975477205010361898e-07 2.256839701667772948e-08 -2.461230002133260614e-08
7.372316440474646626e-01 5.407080805434408269e-07 -2.428948102922251537e-08 3.779270211399019735e-08 3.213691567116610225e-07 9.350512691538184529e-08 1.598968213504401742e-09 1.537338711788652746e-08 1.045458514001032165e-07 -9.241626740292655280e-09 2.473859804540942301e-09 -5.622637657011558215e-10 -4.003007422715714910e-08 3.122848852222483956e-08 -2.355459074554792127e-09
7.414228560306842519e-01 2.356610932921421415e-07 -3.319675375221288300e-08 -3.342126584755399864e-08 1.141479218779287540e-07 6.885366878652246435e-08 -1.740324758094846207e-08 1.451876818483054790e-08 -2.456831686441589919e-07 2.226256666898961236e-08 -4.900308312005525582e-09 2.504992497324672928e-09 -2.375734060769125732e-07 -4.861033184474368800e-08 -9.207685095882280357e-08
7.456189213758863676e-01 4.053405468705827104e-07 4.250592806576943206e-09 1.609421176215398201e-08 2.444590333651315442e-07 2.492569656924137517e-07 -5.872614388478319748e-09 6.440910870347386689e-09 -6.296495812728842856e-09 6.485997334452643708e-08 -2.943518417254560021e-09 3.141630041337194752e-09 -1.455394884921236878e-08 2.326488592831904301e-08 4.667109131084289438e-08
7.498104337627916616e-01 -4.310518342849210724e-08 -1.467608265718895977e-08 4.397980656462362128e-09 -1.273734529858772747e-07 2.476218768215217101e-07 -4.401061933757412733e-09 1.471597312890725314e-09 -7.220264294066272495e-08 2.922035680410735889e-07 7.693221777417169587e-09 -5.424359738395523713e-09 -6.969554485363230445e-08 9.336628403210225912e-08 -3.610853639428505586e-08
7.539974189770904944e-01 -5.872762207728039574e-07 -2.958751411593042883e-08 -4.843576814865594437e-10 -2.526080093765519518e-07 -6.042704992536971747e-07 -2.832249443468496938e-08 2.832650423791685772e-08 -5.008296968287020701e-07 -1.335506803824969773e-07 -1.859316348825352308e-08 1.567270272221439557e-08 -1.868019384137914973e-07 -1.210733536943066021e-08 -2.746861690673651388e-08
7.581896411468850294e-01 -1.258872037095115402e-09 5.479243474102264918e-08 -2.286281848172555635e-08 -1.907724155848094197e-07 -1.230637877103224029e-07 1.227526114347921655e-08 -2.084886967741253232e-09 1.786722830234816270e-07 -1.065094534873006153e-07 1.790542443444924370e-08 -3.003230892891787660e-09 2.769775471614389524e-07 -4.394973496447888394e-09 4.619488284624832327e-08
7.623808615479977790e-01 -7.254182764286821170e-08 1.503098031279893525e-08 -7.860246514119456631e-09 -2.331967364394323175e-07 -5.108001501674453470e-07 -2.353513714613632392e-08 9.486966671483320768e-09 -7.434098035441393497e-08 -3.948426707928766299e-07 7.478134870850055140e-09 1.692989940741566286e-09 -1.756197059341011006e-07 -8.284728977781269031e-08 -4.956046222827049904e-08
7.665651159623174671e-01 5.260134100929284792e-07 -2.494575184999810574e-08 2.752508830825139461e-08 7.399165502012461373e-09 3.833844165597401377e-07 -1.214261265933075254e-08 1.007956318071255818e-08 -3.410698199822262891e-07 2.261695275548821229e-07 5.849989465437082209e-09 -4.599377592517755919e-09 -5.647551484631042769e-08 7.407560588428274729e-08 1.150745605106035194e-09
7.707536355579491794e-01 3.251895197774864248e-07 -1.280899419514959170e-09 8.205564162674727084e-08 -2.880762961151460625e-07 3.139913331470026599e-07 -2.876032393441427595e-09 2.864029797310307697e-08 -3.477377031452478810e-07 1.364990407817451000e-07 -9.432912063029594410e-10 -2.555269448647133532e-09 -2.638926656222995372e-07 2.232844218243516231e-08 -6.686576074942424623e-08
7.749462413082437440e-01 4.721038038556570431e-07 5.095539717009794651e-08 -6.306710535274557577e-08 2.617163281638730401e-07 3.593753778283433684e-07 2.514469856460905867e-08 -3.840086588169957639e-09 3.431638526110453403e-07 1.012119427443272854e-07 4.513042040715981015e-09 -8.410971764555827859e-09 -4.541239283390998077e-08 -7.504938601246397717e-09 6.802352106733945053e-09
7.791369682448587852e-01 -1.931765526485786858e-07 -9.975405526094998749e-10 1.811716159453719130e-08 -4.065298529049895559e-07 -3.053112364970785413e-07 -1.156142954789229470e-08 5.293966003311219747e-09 -2.534257405166186481e-07 -1.947119778592813078e-07 -1.002845387709118170e-09 -2.745473801853128594e-09 6.685515424281824832e-08 -2.775359367861144475e-08 1.705450723290459089e-08
7.833258353347896108e-01 -2.212262042638258524e-08 -5.891237735619185591e-08 2.296532078637431420e-08 1.428876670958965358e-08 6.102178652000316796e-09 -1.935153294828498760e-09 3.828550445769137138e-09 1.031343136369169479e-07 5.810170965809590517e-08 -1.326136204165729047e-08 4.079829482796701501e-09 5.227115068807275245e-09 3.521132457690664363e-08 1.788339629509148145e-08
7.875159900600451346e-01 6.162218409409011906e-07 1.004763136597287830e-08 -8.190078526530654562e-09 2.345256608750781843e-07 9.993141609493116153e-08 -3.279751147377029640e-09 -5.252460235443567527e-09 -3.938468259582015945e-07 -1.941491255379291880e-07 -2.294598874283395206e-09 7.403829978631056179e-09 -3.025622450716604383e-07 -9.694792879855471639e-08 -1.040662103982480723e-07
7.917084457625156446e-01 1.565925291494825912e-07 5.236779265775414696e-08 -7.515413643605264348e-08 -1.282349548518082560e-07 1.342619154001890779e-07 2.633511617798652150e-08 -2.184719362115193721e-08 -5.682157301323334503e-08 2.886288800611018050e-08 -4.182401253685368737e-09 -5.064698483921313745e-09 -3.067605735671907606e-08 1.336873920036438634e-08 2.463674030646836623e-09
7.958821468706197555e-01 1.637204645629310312e-07 7.160847714290794363e-10 8.279430262328726566e-09 4.688736224813749241e-08 1.218138132447966425e-07 1.005906215043526747e-08 5.240014280090377777e-09 -3.085698550487212356e-08 1.576856361423343872e-07 -4.721288224100748166e-09 3.161411059247761859e-09 3.436186539813525070e-08 2.210316754674627259e-09 -3.153604672249062259e-08
8.000624692379799674e-01 -1.651428256395129579e-07 3.134724653073223820e-08 -1.519044422751116196e-08 -2.798784983652168831e-07 -4.100977549323004238e-07 6.192019186932805806e-09 8.424601675208553078e-09 -2.862522358419683454e-07 -1.635024313772570454e-07 2.504427567947773933e-10 5.607968183019022066e-09 -8.177616693165689599e-08 1.375873391782049344e-08 5.306441165843122129e-08
8.042564613727184453e-01 -8.728523629712305057e-08 1.873038582548875021e-08 -3.352460669094574831e-09 7.696757879427012268e-08 2.133811718890813386e-07 -4.813816015529305388e-09 -1.193654404189435530e-08 -8.526678416678861155e-08 3.979944980165145386e-07 6.242244427461997533e-09 7.583903196383606923e-09 1.476587160063216858e-07 1.208218664661558593e-07 -1.087206377272449371e-08
8.084384822996342201e-01 1.576550982899627269e-07 7.531688051422270756e-09 -3.038857863721722118e-08 1.167368725032617013e-08 -5.192699480894479104e-08 1.014874009652817106e-08 -9.073708674814039955e-09 -2.620368242072892936e-07 -4.292785071925257851e-08 7.702999971399138002e-09 -8.454394136624052620e-09 -1.312484802467587293e-07 -2.220537761339938516e-09 -2.262292144498610999e-08
8.126333810499198895e-01 2.886452480551804390e-08 -2.515641916143763479e-09 2.354231958941601820e-08 -5.476377852238570149e-08 -1.367892135338130011e-07 -3.146794846977062602e-09 3.672705863944379722e-09 -5.716512782890290861e-08 8.944766048741126130e-09 8.231881589803839868e-10 5.485333442648832230e-10 -1.978590376096417732e-07 3.592183595467335752e-08 4.192812513139773306e-08
8.168271958201180905e-01 1.369902970481659229e-07 -1.992096344504515432e-08 1.343328973833910997e-08 1.121140115236385944e-07 3.216767945332200745e-07 -1.758876142091811018e-08 3.293582687143381120e-08 3.738067825751688919e-07 4.246111154323444725e-07 -3.339375358278332857e-09 7.552397711704704710e-09 1.719537030948406780e-07 1.171553078159735935e-07 2.454948163709336525e-09
8.210214995694952167e-01 -2.879265780435828637e-11 -3.768502343890665896e-08 4.676382845035490694e-09 4.507408336496393857e-08 2.843257894725942806e-07 -3.209428491529466305e-09 -1.411211573919208309e-09 4.864424072936367857e-07 2.975131034516569215e-07 9.287006057437455665e-09 6.498212134387752900e-09 3.611861061946071198e-07 7.770741731374223403e-08 6.089737823262485444e-08
8.252154145000215602e-01 6.775015597593020548e-07 -9.173969298828182626e-08 4.753637099294936270e-08 -2.264963497638418586e-07 3.880856450863515227e-07 -2.008628399474271452e-08 2.023286197881224401e-08 -1.747531912017952049e-07 3.110411441553050976e-08 -2.083647856587308801e-08 8.160360996619047356e-09 -2.209925337745013562e-07 -3.480040044408175436e-08 -1.278381239121725130e-07
8.294030907808404018e-01 -1.008630160397443209e-07 -5.123353655895426095e-08 6.759212618931953447e-08 2.539341654279708799e-07 7.265242658419850905e-08 -9.282217152666541347e-09 1.565742916686816764e-08 2.203636296744438743e-07 7.025491953917814769e-08 -5.187246367206822015e-09 4.668510355948802292e-09 5.370077470955038736e-08 1.455661937831049421e-08 -6.382216086155437296e-08
8.335906150371191758e-01 -7.968391760177421729e-08 -5.043650038267482431e-09 -2.702054782492142555e-08 3.177215776978383824e-07 -5.205267592376193295e-07 -1.147368200554652915e-08 -1.455330051632650168e-08 4.033607267381243823e-07 -3.309239977488209013e-07 -1.324431175934585246e-08 8.495441429005746626e-10 3.113188358564532576e-08 -4.860552029855610286e-08 1.154686348936147986e-08
8.377685032221774408e-01 -3.707893106189042489e-07 -1.065632788336734000e-08 -2.168401382600457843e-08 2.000384999887096280e-07 -3.629302491510669874e-07 -1.370578642497165808e-08 2.276391257411832992e-09 1.441604375148264157e-08 -8.271045597583159956e-08 -1.765054553099334192e-08 7.144481685735075791e-09 -1.165582329569070817e-07 1.325838674680197123e-08 -1.567888391214607066e-08
8.419567297582307708e-01 3.492468188601756482e-07 -2.127854947391128446e-08 3.323554451201076441e-08 4.558144320868052995e-07 2.798641898754212246e-07 -2.270322421452925230e-08 -1.378061181574505808e-10 5.137748748565550528e-07 1.758631022886401788e-07 -9.657910435522307659e-09 -1.139393313144528538e-09 1.687930483146738088e-07 3.595148845583811154e-08 5.901472156269220882e-08
8.461556544987137718e-01 1.425282382381283649e-07 3.263020037925053768e-08 -3.925314514834713758e-08 1.223498686021064930e-07 5.163421202315885924e-07 9.676049673320043117e-09 8.259384128298917818e-10 -4.111074830947185412e-08 5.141382498441848232e-07 -9.472738384959877033e-09 1.067114959425568041e-08 1.419850219735672095e-07 1.288282872451778715e-07 9.059796299152650720e-08
8.503430790983292908e-01 3.433193958200243046e-07 -2.599596867587983182e-08 -5.964766736821904160e-08 2.619492886131371845e-07 5.136531231287217407e-07 -9.721104068186827127e-09 1.058262860263798015e-08 1.435855831884719996e-07 3.172160492913592090e-07 5.387005468407666852e-09 -2.999023317898548640e-09 3.703332825787235637e-07 7.237129065573056915e-08 7.844112100370204645e-08
8.545245840949285965e-01 1.786997809191057381e-07 -1.622280908208670514e-08 -7.572874580414921510e-09 2.634739617211112143e-07 6.476917758042667615e-08 3.497251688522306745e-09 1.057166654931482054e-08 6.325073909829961075e-08 7.175034915969649426e-08 5.966869657001986676e-09 -1.515509621059976156e-09 2.593291679877897351e-07 6.759668062983465156e-08 -2.890409852716499372e-08
8.587196449246210506e-01 1.619653879448902491e-07 -4.586236380161869071e-08 1.335570325165071285e-08 6.438323598777680899e-08 -1.165421159782067649e-07 -1.368605935265905065e-08 1.650046005419537479e-08 3.462626647414385978e-07 -2.217212815085406590e-08 -1.583555112828770123e-09 1.760853973230460698e-09 5.395553728355117002e-07 1.945512215667539674e-08 1.475568997591684792e-07
8.629074348139629258e-01 -2.252171542613634777e-07 2.803160379231996078e-08 -3.053213678343590904e-08 -3.840305496537179509e-08 -2.853869721627715330e-07 1.845333058749124842e-08 -1.776350234503882385e-09 5.597200143078204384e-07 -1.969477868424784137e-07 -1.161060769498640907e-09 4.243781065358667260e-09 5.976935421955263174e-07 -4.006292332890261358e-08 9.373007700697419891e-08
8.670852844200982457e-01 1.797031460596450473e-07 -6.042070953190793683e-09 3.678552553276841778e-08 -1.632256574884765769e-07 1.681436700464744949e-07 1.346556190144495979e-09 -1.408571213080309593e-09 -8.155366686645846633e-08 5.660850146184917858e-08 -9.811416387972102069e-09 -1.688845143432459443e-09 1.026506210391163509e-07 1.694882720039332068e-08 1.150002655253077110e-07
8.712764316473343706e-01 -1.864714929913938981e-07 5.781901392525620564e-08 -1.772116206484624743e-08 3.540097233250669253e-08 1.084765127470950263e-07 9.991261716683194651e-09 1.718953644543830931e-09 3.882154370218308807e-07 1.435498747817648015e-07 6.950483155498550300e-09 7.396442433807707180e-09 2.621068876562082756e-07 4.099868090776293081e-09 9.148001354263379396e-08
8.754762476624626810e-01 -3.738944815746961422e-08 7.314569437373121256e-08 -2.672759548158363888e-08 4.142212732673361827e-08 2.961258678632376750e-07 7.364906950537686646e-09 2.396205129158322281e-10 -8.385150513174819919e-08 2.852201806588832923e-07 -5.649716223703439309e-09 2.553350583261190353e-09 -1.782833819733655693e-09 4.953913962260503554e-08 5.580351106903849991e-09
8.796707865602606535e-01 -3.988550189366083684e-07 -5.062449366663040657e-08 -1.316020300841638927e-08 -2.045765793558371127e-07 -4.466210865212581271e-07 -1.050244479614342534e-09 1.809979163772465017e-08 -3.052709914665922562e-07 -8.051949406713734006e-08 -3.254342449043492293e-09 1.244474582991653530e-08 -3.058125882705283220e-07 2.205853376192093520e-08 2.140649935789740708e-08
8.838562222970675064e-01 -6.937016361407311923e-08 -2.918176988511709242e-08 7.015537864314442069e-09 -3.475435151149465459e-07 -1.688794086730632961e-07 -4.455612813762172097e-09 -1.780529598899065090e-08 -1.567794923858438778e-07 -1.870942005125135159e-07 3.867254587830354299e-09 -4.983226916888760404e-10 3.528710935830597650e-08 -2.029364706070192753e-08 -2.631115984650782079e-08
8.880381764417510926e-01 7.529765434973416582e-08 1.176522879783169486e-08 -1.281262232271279750e-10 3.654154599200065868e-08 6.722056331416198552e-08 -8.532728842130133970e-09 -3.885814049608658675e-09 -3.646589807671728712e-07 7.313131555037352699e-08 -6.217619466178671033e-09 -2.176226593591051962e-09 2.100288086448877528e-08 2.676038404412833807e-08 -8.560792938545383239e-08
8.922270316229049536e-01 1.908637459683226216e-07 7.296310817923238104e-09 3.711608119924774114e-08 2.716931828202210406e-07 2.611639194192774633e-07 -2.099618711881098706e-08 3.000955322669947300e-10 -2.341448915721999371e-07 1.121320646738209250e-07 -2.673274231687882634e-08 1.116779907610247910e-08 5.511242634977267441e-08 1.012336083882202294e-08 3.780542060623086546e-08
8.964225585562245469e-01 -1.523731328665406848e-07 4.223887181890613346e-08 -3.404098802320699846e-08 -4.551691697738535840e-08 1.105344493383978977e-07 2.436270272675851597e-08 -3.078313361493841997e-08 6.546815231449014042e-11 9.938234746437338336e-08 1.338521192674256404e-08 -1.324635449886036065e-08 5.719960735202694562e-08 6.565001116379624929e-08 3.216949731018413829e-08
9.006049913569987853e-01 1.570307072147472781e-07 3.413819064846336949e-08 -2.301332526865250355e-08 1.096498238386308426e-07 -4.663861042244692217e-08 1.489730856048732096e-08 -2.202476564063976904e-08 -1.959928135948463673e-07 1.523795737140327122e-08 1.027658863658847111e-08 -4.388570175208642587e-09 2.098241539102929007e-07 3.117434949630816289e-08 -3.918285969463401731e-08
9.047836582182254839e-01 -4.500208385502819139e-07 -1.857363796830761559e-08 -1.545569365470403256e-08 -4.540892927196225005e-07 -3.220257906118743735e-07 -1.670838529842200883e-09 -4.924174944459996199e-09 -6.089770405103450274e-07 -1.455733707440927104e-07 -7.337049390124994211e-10 -1.211131922840249337e-09 -1.824734541997054093e-07 -1.293618308353829812e-08 -1.623502548428437501e-08
9.089780964569278421e-01 3.383822922441524222e-07 3.796021155794800880e-08 1.239059975836032822e-08 -4.299023833685720603e-07 3.556639453104536820e-07 -1.583647965408867041e-09 -4.584748816735311713e-09 -2.467587984726889610e-07 3.256049838196226708e-07 -4.976129402503013869e-09 -1.135189510149659694e-09 -1.336073498655574340e-07 1.050202780541922409e-07 -4.406096460012093239e-08
9.131704587403689510e-01 1.948882380937738869e-07 8.296508597055937117e-09 -8.710327173721284215e-09 7.832136063053046496e-08 -1.488724009222665788e-07 4.435034765259952019e-09 3.865817135394696210e-09 -1.876628834477296020e-07 -2.105914459965500210e-07 -3.616173009645132798e-09 -3.428022967434790614e-10 -6.823301790943169236e-09 -6.592213006041620789e-08 4.407302865657622188e-08
9.173547920329833127e-01 -4.635499980680341870e-09 5.057929923621154546e-09 1.014195886427483620e-08 -1.052606487138563382e-07 1.400720561425612730e-08 -1.551317268636691386e-08 -1.749872762141951903e-09 -3.176408808299970700e-08 5.783954585026184114e-08 -2.644856281373545689e-09 -5.648150176188092863e-11 1.276389996328481119e-07 4.459182711091007157e-08 -4.681946723328294595e-09
9.215425617950214754e-01 2.711588282886783421e-07 5.268069869543821335e-08 -3.860750075355624088e-08 -2.521663012841639263e-07 8.578669219351138052e-08 4.843765344678426877e-09 2.473560416990226927e-09 -1.708792356390870038e-07 -9.531322994313384926e-08 -6.763723643120222019e-09 4.233037527625214768e-10 -1.431546490774565947e-07 -5.422697918637346311e-08 -2.573547773605739539e-08
9.257400405750663142e-01 2.141254672459158396e-07 7.623593225258640487e-10 3.596074404368684640e-09 -3.359460886331457305e-07 2.401942036043343788e-07 -1.718334941979955937e-09 -8.526206775110847034e-10 -3.906959799633940420e-07 6.942297426553501925e-08 -3.592675584888626876e-09 -5.229610366336615478e-09 -2.760622146301521556e-07 -8.063074508359935333e-09 -3.532291690842768636e-08
9.299303352268617484e-01 3.317233487822632266e-07 3.414567778614718646e-08 -2.138642956160510660e-08 -2.705413907582438822e-07 1.301361465896011272e-07 7.652742787501019545e-09 3.819463234284922212e-09 -2.368681555805322750e-07 2.224466607404499089e-08 2.206416303961520544e-09 4.474412620890378604e-09 -4.523168673921249233e-08 -3.023874290821592702e-09 -5.739217949070361288e-08
9.341108300097852313e-01 -2.732822483528741619e-07 -5.958437617441397705e-09 3.084116179214494730e-08 -9.545896435343550515e-08 -4.166358430234016266e-07 -1.246376074365299416e-08 -4.605048800868928279e-10 -1.505370498200046146e-07 -2.922724717780139758e-07 3.002090023879685116e-09 -6.442514165662961852e-09 -1.416703668521644067e-07 -9.407784624521320692e-08 -7.242268304378206194e-08
9.382896253999645220e-01 -3.837373692543891987e-07 -1.551184385878183665e-08 2.249625751609299016e-08 -8.873370520614886131e-08 2.029033168987072595e-07 1.070256328517356809e-08 6.022151389609079117e-09 6.684705083921880265e-08 3.368104627940218053e-07 1.002403349887199867e-08 4.509753501222297021e-09 1.245613033512142575e-07 1.209870266326199885e-07 -4.450627028550919866e-08
9.424819561228944265e-01 -1.578139728563980782e-07 1.214583969366408459e-08 -3.589483043559507992e-10 -2.464473222359163708e-07 -1.359220531070644862e-07 -7.601304947504943819e-09 7.162972612618203214e-09 -7.929074825029970912e-08 -1.495157359261297228e-07 4.295451364905222752e-09 3.326437688971391179e-09 -4.214324591125926441e-08 -2.654624003747729570e-08 -5.007725605699398950e-08
9.466849863120379016e-01 3.794897605580641054e-07 3.361283697125394486e-09 -7.663123468855204214e-09 8.113499109393276295e-08 -1.249973911129099482e-07 4.501556849378961629e-09 -8.079937520555931373e-09 -9.006169176815286523e-08 -2.869832344102225279e-08 1.466825649533663125e-09 -3.092827054220151253e-09 -3.452882914027166645e-07 -7.198035789829779624e-09 -8.554062716740500595e-08
9.508714331057195324e-01 -3.355655347453849493e-07 -1.992588620098349724e-08 -4.443147598342759738e-09 -2.626969098207717699e-08 -9.158034055613387381e-08 -2.368307774409073273e-08 6.279793240396449721e-09 -2.836709134546306688e-07 -2.996838705815342587e-08 -1.737269523684203047e-08 1.495915493750283031e-08 -7.519829379962930442e-08 2.852505866199041840e-08 -9.305383867460212125e-08
9.550563230073290111e-01 -3.484609262071557862e-07 -5.649277979812198334e-08 3.266513920422820290e-08 -1.133350866729549940e-07 -3.243704761849009579e-07 -1.805673558268106069e-08 5.475732162575412958e-09 -9.109563545786042705e-08 -1.315102438351783497e-07 -3.779875044870194406e-09 1.391430472159787363e-08 8.701630320117990745e-09 1.970242129340620614e-08 -4.042541102940991203e-08
9.592513211539739348e-01 -1.691104062982149697e-07 -1.747983881727438985e-08 3.346952712332384736e-08 -3.366484853202375317e-07 -4.474275116980037480e-07 -1.010378984838995484e-08 1.122174735496110782e-11 -3.242729706598858930e-07 -3.311401979915591739e-07 -2.139783300940442364e-09 -1.926029028751807035e-09 -1.627434731187943711e-07 -7.429977629463307030e-08 -7.200831564062356119e-08
9.634451052878124644e-01 2.073111165373842971e-07 1.077340512586515360e-08 2.333049603450215106e-10 -1.258372354562975446e-07 -5.073281239697471743e-08 -2.991447411391810672e-09 -3.300842367429897682e-09 4.195146591116686303e-07 -1.324921634658162685e-07 -5.312108031016857971e-09 -5.060977310593582990e-09 1.689153807646707750e-07 -2.730741378977438383e-08 9.434213635019833636e-08
9.676230540453005791e-01 8.695839926258570116e-08 -1.175781317042608302e-08 6.773651207160980775e-09 3.978668266481121458e-08 -1.017154594011442080e-07 1.178207286110325044e-08 1.370612927770769620e-08 9.530440278140391472e-08 -1.271304260809226535e-07 -2.918644592474782676e-09 6.790146038266037020e-09 5.789403372032863981e-08 -2.440682314703084229e-08 7.806918634961960757e-08
9.718094297475188270e-01 1.097097482683999058e-07 -6.947972479590631862e-08 3.634406544357819282e-08 -1.181945252003571118e-07 -8.414383991663253336e-08 -2.871742843273703187e-08 1.280208167852065132e-08 4.953312176421905855e-08 -2.377448565047377180e-07 -5.362957215803828434e-09 -4.321775282548327165e-09 4.222430907082076222e-07 -5.370144704775136904e-08 1.633937054327706286e-07
9.760091362076940280e-01 -2.005349017190153525e-07 3.512905666720812494e-08 -1.083344388215762420e-08 -3.901196144552600571e-08 -1.935935022961144330e-07 1.711976417649065486e-08 -1.083486803542630270e-08 5.345159112371879011e-07 -1.629203401955149986e-07 4.908871136285092100e-09 -5.527878877070078828e-09 2.113458292469078348e-07 -6.298171050181992618e-08 2.791718543856591697e-08
9.802075838006468755e-01 3.489666999379222004e-07 -5.536936483379067693e-09 3.118005701039335921e-08 1.328567697687719657e-07 5.620432291710256756e-07 -3.179021221949740499e-09 9.104979076989762119e-09 3.482321380826996006e-07 1.697982896655623974e-07 8.169581516440459822e-09 -3.696342841969453565e-10 1.952623048263584903e-08 2.404458350894282413e-08 -1.094469880940571491e-08
9.843901124947946890e-01 -5.085896422171428270e-09 4.256988196602456762e-08 -2.120933176722246340e-08 -1.254395084076194575e-08 -6.177242634406872948e-08 1.455295630224088917e-08 -3.251913095010769505e-09 1.910293886592081697e-07 -1.753455130299220882e-08 4.942343526739334597e-09 -3.769348112016603957e-09 2.284220626583626436e-08 8.328994032270240786e-09 1.075241492551672080e-07
9.885650797815361823e-01 -2.422296308210838286e-07 1.330840485531490672e-08 -7.361978003213103298e-09 -5.875646038759055839e-08 -2.632905181098253359e-07 6.412775841396002873e-09 -4.831302466565759195e-09 3.110021470560995993e-08 -1.337602928265138935e-07 -3.703953929052984643e-09 5.747239121182696125e-09 1.615008647254082484e-07 -5.994069516831092512e-08 1.046017179694260764e-07
9.927561705083151056e-01 4.011510098650587310e-08 -2.159480777197202132e-08 -2.926838133038575954e-09 4.173395322057476909e-07 4.910627264067658081e-08 -2.152597435189403722e-09 4.580183756692174210e-09 1.001698296192899302e-06 -1.306454221744649264e-08 -4.838202179347736544e-10 5.674317397539178523e-09 5.818192852492117623e-07 7.390482838000022591e-09 1.655959327135957318e-07
9.969400597939003239e-01 3.985056795787804008e-07 -2.538280210647806943e-08 -7.369964918665907444e-09 1.485270443630033989e-07 3.072061057508997521e-07 -2.216812717280360301e-08 2.297366489412619022e-10 3.083787336816894912e-07 1.468337124674561661e-07 -7.755743039817037820e-09 2.213083332258925738e-09 2.192942869407354211e-07 6.077751928142660586e-10 1.976229669189276790e-07
1.001125867816581083e+00 2.036093719029832349e-07 -5.108896957569545365e-08 4.607475306102822389e-09 1.334798322734989721e-07 2.815917535717608732e-07 -1.843581812886872285e-08 1.482091196307104192e-08 9.731557547651103195e-07 1.501657670256748636e-07 -4.976981068428526327e-09 3.336966733844462536e-09 5.880449384719528707e-07 4.095633091034075775e-08 8.731568008271316738e-08
1.005315482813002204e+00 3.602040313279681998e-08 4.308766953959188891e-08 -2.428831248268531234e-09 1.970944044787234219e-07 -3.224225884368568875e-07 5.654351738713199290e-09 -2.878112347739177686e-09 2.008060057215230163e-07 -1.305156139487335475e-07 -6.069958547833634809e-10 1.942207627372371910e-09 2.920744987704341749e-07 -1.621328219487700738e-08 1.004657435062312016e-07
1.009503724426713545e+00 -9.446975844284250358e-08 -3.674963154819968345e-08 2.744163845201778787e-08 1.239424162433405875e-07 9.485094999103796532e-08 -4.391740523820056776e-09 1.738708752444811566e-08 -1.056620580767319293e-07 4.540101746649372711e-08 -1.635389314839568552e-09 1.061226452213469941e-09 -3.046994028335093483e-07 2.355994921115445038e-09 -9.619031486516967354e-08
1.013699103815393299e+00 1.862975367972804580e-07 -4.785609627609422993e-09 -9.873731023376691031e-10 1.956301011808445861e-07 3.097707556181749015e-07 1.047226419075148638e-08 9.491723064039920291e-09 1.973293720239259601e-07 -1.197988170111425042e-07 1.418077956176272356e-09 7.080089888799871181e-09 1.171626314240352414e-07 -1.128997846724691406e-07 1.580880367524510290e-08
1.017885842421875964e+00 -2.526931014337629194e-07 2.693008388601767448e-09 -1.171707523013950926e-08 -2.636807463623854662e-08 -6.059069039820344805e-07 8.218239348428790842e-09 -5.860482851369781409e-09 -1.926575607347801399e-08 -2.941733680622473210e-07 4.627094305042797540e-09 -3.851585786568792776e-09 3.249736425530357593e-07 -3.075301561910136968e-08 1.076990215365080223e-07
1.022076284359184406e+00 -5.616862441724182311e-08 1.702514124937033170e-08 -3.298098188710149992e-09 -2.262930585806646952e-07 -1.049691039630396100e-07 8.284069098120874402e-09 -8.638876681692313459e-09 -8.374762549270186615e-08 -5.135728812965172049e-08 -1.432341214992519778e-09 -2.021963051862185035e-09 -3.627040818511170283e-08 -1.368270530367133149e-08 5.899602082097182376e-09
1.026273875264014812e+00 8.909865577257940153e-08 -1.206972668259004885e-08 4.123431914362455059e-08 2.581423406106874009e-08 -4.580672057566081409e-08 4.151408073848803689e-09 1.630208321387863423e-08 -9.993778947457552061e-08 -2.457889555060460704e-07 -4.044300536891690704e-09 -4.909636755543681554e-09 -2.562393860937569848e-07 -1.099276825752986778e-07 -1.361304198817261462e-07
1.030463237552156075e+00 2.472802365551304486e-07 4.947859120620340918e-09 1.976482467797923184e-08 4.708707475663610002e-07 2.065927998819750477e-09 -4.606642906040313357e-09 -2.388805754513045035e-10 2.665940511274066572e-07 5.522458167677188218e-08 -1.144257558747735018e-09 4.396981914438715147e-09 -7.501377561896584905e-08 3.897118827513134676e-09 -1.015445548881831947e-07
1.034646639530784062e+00 -1.834279593718595109e-07 -2.551209062625977781e-08 3.740624988087215921e-08 -4.708564805368256181e-07 -1.616476146263461580e-07 -1.531660034261610106e-09 1.622398021571489692e-08 -5.843460461704517404e-07 -9.077317120849363934e-08 -2.834091739738364818e-09 1.249908120160217542e-08 -3.749673286293016696e-07 -4.372469736210229401e-09 -1.190840980623091408e-07
1.038830480088573260e+00 1.175057132179970692e-07 2.670126514806771898e-09 -2.706214623710119586e-08 -1.808988175261629259e-07 7.090021082715238290e-08 1.985379139562187279e-09 -1.131657191625849356e-08 -2.134328699113047525e-07 9.466773873841431280e-08 -1.935614472612496891e-09 1.268747024698539269e-09 -1.316361346549099513e-07 1.210609828627874876e-08 -4.455358542439864506e-08
1.043023229532383578e+00 1.746576800646390482e-07 3.722182840073171630e-08 -2.736005789361713202e-08 -1.830922509292108029e-07 2.206200665148265732e-07 1.728885166663830791e-08 -6.331178912219134043e-09 7.693417194478501364e-08 -4.878045560983041494e-09 6.219796667262418280e-09 -6.780584451163717742e-09 2.363001563003615112e-07 1.919775274820414525e-08 1.177426781243381311e-07
1.047211320931656031e+00 -3.781347150852246594e-07 2.356989662368378774e-08 1.300160816299760433e-08 1.264978278995463860e-08 -5.415270303272851982e-07 3.137066927561547631e-09 -3.985410593211916815e-09 -6.220218448324085523e-08 -3.529823155569319003e-07 -1.919239530089577723e-09 -6.631161978417461846e-09 1.152798267795983528e-07 -1.023136350787708463e-07 -6.770743164689707497e-08
1.051395396220772938e+00 -1.189699383474646139e-07 -2.721676542613415549e-08 -3.569022241011746317e-09 -1.582070215693491884e-07 -2.244045105981598966e-07 -2.894778071239921912e-09 6.985213532143964386e-09 -2.116206594509906887e-08 -2.467990346982646691e-08 -1.007569871958309430e-08 8.672852768014489449e-09 -1.626690356624898859e-07 3.038727914115535959e-08 2.622166246881598716e-08
1.055587561333155788e+00 -5.570545000157825998e-07 1.923365911404470051e-08 -1.189323081701072459e-08 -1.452601710115201278e-07 -1.028808669413330057e-06 4.556363457862110635e-09 4.725381465541358158e-09 -5.777732534152262837e-08 -4.956558438415345266e-07 -6.871391006457477782e-09 5.450278856162093106e-09 -1.845385548033782248e-07 -4.486463706262891317e-08 -6.316142381614634554e-08
1.059780855230085139e+00 2.007233036210374671e-07 1.254000702137122760e-08 9.228685431795654858e-09 -3.583209812184276222e-08 5.556381443512582188e-07 1.675159097919461629e-08 -1.767259331836348890e-10 4.691103285056277104e-08 2.452334517066085475e-07 1.733967779495330652e-08 -5.401748913024158452e-09 2.213482802773528002e-07 2.431551599156262414e-08 1.775048564248985873e-08
1.063968553353427993e+00 -5.571230059681382739e-07 -4.045503745150605781e-08 2.003827002114609204e-08 5.000034434263351739e-08 -3.664843362121789368e-07 7.499440088081253336e-09 7.729298621462108145e-10 -7.154738569515864718e-10 -2.549290767483784412e-07 -1.354438810873359885e-10 -6.024137928048379350e-09 2.095030005104376381e-07 -7.765879449036820615e-08 -8.921176388415226591e-08
1.068144877931138659e+00 1.395949473768311873e-07 -4.343920544129961130e-08 2.353558202094777880e-08 4.381389236594631543e-07 -1.476568185377660360e-07 4.103933544850989085e-10 -4.480180529664580138e-09 -2.052092009436047938e-08 -1.109966863239209471e-07 5.509249224300671252e-09 8.528096880615621009e-09 -1.461546911143006557e-07 -1.472913640322997936e-08 -7.937365393701226972e-08
