# Columns: ('k', 'S1', 'S2', 'S3', 'S4', 'S5', 'S6', 'S7', 'S8', 'S9', 'S10', 'S11', 'S12', 'S13', 'S14')
5.345493089407682419e-03 1.209381781684027715e+02 6.695586805555554747e+03 -4.178156195746527715e+02 1.531262478298611143e+02 1.859113091362847001e+02 2.531851345486110858e+03 -1.821785888671875000e+02 8.258140733506944287e+01 6.635883924696180713e+01 2.006279079861111086e+03 -9.360402425130207860e+01 2.045840284559461608e+01 5.537306891547308929e+00 2.497497982449001785e+00
9.344366739594166943e-03 -8.966396799395161565e+01 4.646894657258064399e+03 -1.495220356602822598e+01 6.924028950352821710e+01 -4.107963315902217971e+01 2.341843497983870748e+03 1.478359217489919217e+02 1.195592080393145125e+02 3.747449124243951246e+01 1.725868321572580498e+03 1.400229177167338719e+02 8.745839371219757652e+01 2.368354846585181406e+01 2.831733359059979804e+01
1.312833575873958818e-02 7.640155452806121730e+02 1.027749553571428442e+04 -1.428558992346938567e+03 2.025574178890306030e+02 3.040112404336734357e+02 3.820033801020407736e+03 -3.399489795918366895e+02 2.601630261479591510e+01 3.672393176020408045e+00 2.238414221938775427e+03 -1.180913883131377418e+02 -4.013684829400509813e+01 -1.559400410554846772e+01 -1.435049251634247369e+01
1.700891779646987109e-02 -4.044003906250000568e+01 5.921909523809524217e+03 -6.653664434523809632e+02 1.172051711309523903e+01 -1.997089099702381247e+02 2.585379166666667061e+03 -2.935747395833333826e+02 -2.354151041666666799e+02 -1.992287388392857395e+02 1.632411904761904907e+03 -1.533303292410714391e+02 -1.967764136904762040e+02 -4.226145833333333712e+01 -3.859671688988095895e+01
2.135270783943789275e-02 -3.356396651785714198e+02 6.582034285714285943e+03 -9.759492857142856792e+02 -2.302808035714285779e+02 -5.807781250000000455e+02 2.984372142857142990e+03 -4.481147767857142981e+02 -5.961971428571428078e+02 -3.835588839285714471e+02 1.896141249999999900e+03 -2.956378571428571149e+02 -4.259476785714285825e+02 -9.933093750000000455e+01 -1.026849888392857082e+02
2.564347439342075027e-02 4.396399305555555515e+01 6.621013888888888687e+03 -1.241269861111111140e+03 6.648256944444445082e+01 -3.099323784722222186e+01 2.749914444444444598e+03 -5.336490625000000136e+02 -1.971149131944444548e+02 -1.719906423611110995e+02 1.597025972222222208e+03 -2.712867881944444548e+02 -2.575509722222222422e+02 -6.018717013888888800e+01 -7.234054253472221774e+01
2.962205054058980949e-02 -3.931981935215947033e+01 6.790218438538206101e+03 -1.775930440199335635e+03 2.029076256229236037e+02 -3.575596449335548073e+02 2.666147425249169373e+03 -6.134942379568105935e+02 -1.241441159676079735e+02 -2.569172549833887160e+02 1.431268480066445136e+03 -2.476959613787375361e+02 -2.617745535714285552e+02 -6.910887536337209269e+01 -7.975223214285713880e+01
3.361537140302770649e-02 4.022218257874015421e+02 6.520085301837269981e+03 -2.244753772965879307e+03 3.619307742782152104e+02 2.609285802165354085e+02 2.963040682414698040e+03 -1.019598179133858252e+03 -1.079234128937007853e+02 -1.776510006561679802e+02 1.588093503937007881e+03 -4.191954150262467351e+02 -4.349165026246719208e+02 -9.872223589238845420e+01 -1.392186782316273082e+02
3.793950633336700545e-02 5.119793673380034988e+02 5.691200087565674039e+03 -2.185468695271453726e+03 3.507577714535901805e+02 2.765455341506129798e+02 2.372472854640980586e+03 -8.794006129597197514e+02 9.204985770577932769e+00 -6.833249644264448364e+01 1.222979312609457111e+03 -3.708567753940455418e+02 -2.361628174255691874e+02 -4.697871059544658578e+01 -7.394424529334500562e+01
4.227894994616508695e-02 7.328360000000000127e+02 4.757599600000000464e+03 -2.112530200000000150e+03 5.804102000000000317e+02 7.420828999999999951e+02 1.987071000000000140e+03 -8.367235000000000582e+02 4.623778000000000361e+02 2.552544500000000198e+02 1.000960400000000050e+03 -3.412900250000000142e+02 6.380410000000000537e+01 2.840666875000000147e+01 -4.691237500000000615e+00
4.633325468672155889e-02 7.586706961591220306e+02 4.136414951989026122e+03 -2.029599794238682989e+03 6.068972479423867981e+02 6.620192043895747247e+02 1.540509945130315373e+03 -7.555731310013717348e+02 4.303753429355280673e+02 1.802571159122084907e+02 6.439684499314128061e+02 -2.607239797668038364e+02 3.814003290037722849e+01 1.729124871399176655e+01 -4.419499233753429124e+00
5.038752484052157893e-02 5.876901874310915446e+02 3.651715270121278991e+03 -1.889969404630650615e+03 3.192048649393605615e+02 2.848044032524807108e+02 1.414553197353914129e+03 -6.830013092613010031e+02 3.723509853914002576e+01 -4.330814584481808538e+01 6.085648428886438523e+02 -2.242619039415656061e+02 -1.542454348125689023e+02 -2.534152770121279019e+01 -4.023836738561190884e+01
5.464179025701254577e-02 1.211206382001836573e+03 3.727936639118457151e+03 -2.155041092745638252e+03 7.277794995408631848e+02 1.273136822773186395e+03 1.495150826446280917e+03 -8.263899219467401736e+02 7.818781565656565817e+02 5.109125344352617049e+02 6.295266299357208482e+02 -2.712501721763085243e+02 3.101666666666666856e+02 9.095653265610651772e+01 6.734453196740128078e+01
5.886817576171304162e-02 1.020228682946357026e+03 3.221007405924739487e+03 -1.924281825460368054e+03 5.729877401921536375e+02 9.100599479583665925e+02 1.276266012810248185e+03 -7.454877902321857164e+02 4.486605784627701610e+02 2.454130804643714896e+02 5.021154923939150763e+02 -2.369368995196156789e+02 3.523783401721377118e+01 1.620881079863891117e+01 -1.383466773418734874e+01
6.290140616743733482e-02 1.517469488939740813e+03 2.995029366895499606e+03 -1.940883295194508037e+03 8.594624332570557499e+02 1.598099160945842868e+03 1.184399122807017648e+03 -7.504637204424103629e+02 1.038360507246376756e+03 6.412496186117467687e+02 4.535290331807780717e+02 -2.391262395118230586e+02 4.208422006102211981e+02 9.644310163996949825e+01 6.912397501906941955e+01
6.703999982739437813e-02 1.197397468544038475e+03 2.724000000000000000e+03 -1.724732923906530914e+03 6.515191731575794165e+02 1.372844517675254565e+03 1.087315757938885554e+03 -6.592673007789095436e+02 8.263356800479328967e+02 6.319937088076692362e+02 4.443803175554224367e+02 -2.248398928999400823e+02 4.086179224086279191e+02 1.238549842720191805e+02 9.364709406830436933e+01
7.134254604642074893e-02 1.147774314884470868e+03 2.272261687264911416e+03 -1.515880709296077384e+03 6.455663621708758910e+02 1.245702713594841498e+03 8.898760075228371988e+02 -5.726467624932831768e+02 7.476272165502418829e+02 5.164287345513165519e+02 3.337922487909726215e+02 -1.768084699086512614e+02 2.960532643739924765e+02 8.509037479849543217e+01 5.170910716684578290e+01
7.561818311969153994e-02 1.089512470023980768e+03 2.084590407673861137e+03 -1.407935131894484357e+03 5.956783573141486841e+02 1.116628057553956751e+03 8.196471223021583228e+02 -5.409233812949640878e+02 6.755393285371702632e+02 4.408196642685851430e+02 3.097014088729017089e+02 -1.722983962829736129e+02 2.389048261390887262e+02 6.579271582733812807e+01 3.423893135491606898e+01
7.973924982214039558e-02 1.276260440569068351e+03 1.881847292335934071e+03 -1.288456631482331431e+03 7.358351307939421986e+02 1.570131252868288129e+03 7.445832950894906617e+02 -4.807586622303809349e+02 1.018274896741624616e+03 7.549522716842589034e+02 2.815441429554841761e+02 -1.460653682882056046e+02 5.148492427719137368e+02 1.422883059889857691e+02 1.074683412689307005e+02
8.385356877962653332e-02 1.301440504568931374e+03 1.724406634882796880e+03 -1.201878923321414277e+03 6.831491855383393386e+02 1.462383690901867340e+03 6.668655641636869404e+02 -4.474326082638061166e+02 9.249586809694080785e+02 6.692296384584823272e+02 2.480568136670639774e+02 -1.410116458085021804e+02 4.574786452125546248e+02 1.202375347636074707e+02 9.092381803734605228e+01
8.809929214337092196e-02 1.252991599579979038e+03 1.532565103255162740e+03 -1.073892282114105683e+03 6.751311690584528833e+02 1.428747724886244214e+03 5.956673083654183074e+02 -4.052849579978998804e+02 9.081734336716835969e+02 6.485547777388869690e+02 2.124052983899194942e+02 -1.217720948547427327e+02 4.462801890094504529e+02 1.179476614455722796e+02 9.042676977598880228e+01
9.230415729057904473e-02 1.203983032430625144e+03 1.301524322968906745e+03 -8.926507856904045184e+02 6.249237713139417565e+02 1.428271313941825383e+03 5.262103811434302543e+02 -3.476208416917418731e+02 9.362820127047809819e+02 7.178502173186225264e+02 2.045816825476429131e+02 -1.096116160982948742e+02 5.223676028084252039e+02 1.446996405884319472e+02 1.166041562186559588e+02
9.643309047658384092e-02 1.042766282944562363e+03 1.107536958497425076e+03 -7.724681914571342531e+02 5.139980308997273823e+02 1.182545895183277707e+03 4.338659118448954928e+02 -2.948834633444410542e+02 7.491754013935170633e+02 5.649711829748561058e+02 1.603996705543774510e+02 -9.119797031202665494e+01 3.985878521660102933e+02 1.070909667524992415e+02 8.424701794910633623e+01
1.005689403076158450e-01 1.022574403927068829e+03 9.996001402524544801e+02 -6.864183029453015479e+02 5.481655680224404250e+02 1.258021178120617151e+03 4.046850981767180997e+02 -2.664529803646564119e+02 8.346453716690042484e+02 6.355962131837306970e+02 1.557915673211781211e+02 -8.428541374474053782e+01 4.670429873772791325e+02 1.254913043478260875e+02 1.012052419354838690e+02
1.047818677762802908e-01 8.360720687079909794e+02 8.333810057256658865e+02 -5.877096091610654867e+02 4.077359347771969169e+02 9.330143764002987155e+02 3.263399614139905225e+02 -2.236063293502613760e+02 5.966353622106049670e+02 4.443139780931043106e+02 1.222717668658202683e+02 -7.050661252178242933e+01 3.246301033109285754e+02 8.609761638038337139e+01 6.993166542195668001e+01
1.090277847809041356e-01 8.548508598652102819e+02 7.641285730885429075e+02 -5.167086335115036491e+02 4.550120845921450154e+02 1.051453753195444961e+03 3.105925226586102781e+02 -2.022436817336741797e+02 7.156945154543342369e+02 5.464196490820357894e+02 1.239623227980478788e+02 -6.656255809900069664e+01 4.083730536834766554e+02 1.091695982454101852e+02 8.820448669532883912e+01
1.132170039508717807e-01 7.368716633575998003e+02 6.345423009044782248e+02 -4.274034855504081065e+02 3.883103077432164127e+02 9.168298036620338962e+02 2.572654423119346916e+02 -1.649268971983233882e+02 6.082496690933156742e+02 4.670190822854621615e+02 1.016821779174939309e+02 -5.411198433708360511e+01 3.473434259872049097e+02 9.193085429075667037e+01 7.448146922567835304e+01
1.174008294871188018e-01 6.924014254165830380e+02 5.896828448102791072e+02 -4.008222244529210911e+02 3.537509536237703287e+02 8.268302549688817180e+02 2.353668189118650957e+02 -1.545487100983738173e+02 5.608689018269424196e+02 4.277479421802850652e+02 9.290779336478618688e+01 -4.974957651575989104e+01 3.309071722545673424e+02 8.871002936157398722e+01 7.513569689821321163e+01
1.215998224695146873e-01 6.219778199052132095e+02 4.956315165876777087e+02 -3.237624407582938488e+02 3.240571090047393454e+02 7.851192417061611195e+02 2.063356398104265281e+02 -1.291072748815165880e+02 5.321592890995260632e+02 4.199078672985781964e+02 8.509705568720379176e+01 -4.359010071090047234e+01 3.176177251184834063e+02 8.633706753554501745e+01 7.064018957345970762e+01
1.257670529567683493e-01 5.307937377516479955e+02 4.158703010867628791e+02 -2.719385800819526366e+02 2.636362239444147804e+02 6.372298681631925774e+02 1.666035542490646719e+02 -1.060209669517192310e+02 4.128890522002494095e+02 3.216097897737395215e+02 6.467821908961339261e+01 -3.459926175841795981e+01 2.335887226082309098e+02 6.215943457153037599e+01 4.910563646891145595e+01
1.299386816717305049e-01 4.926826115593611348e+02 3.708626296723201108e+02 -2.390493783961798329e+02 2.572820475876832234e+02 6.263655524452494774e+02 1.537834678083319773e+02 -9.450236703441461827e+01 4.322474065535978980e+02 3.421509550469290275e+02 6.560859027663428833e+01 -3.284444467314342120e+01 2.654394656677095554e+02 7.217839206323068879e+01 6.043397517701301069e+01
1.340949335765710126e-01 4.267146596858639214e+02 3.163589957163255804e+02 -1.998091583372997206e+02 2.217429993653815927e+02 5.434271775345074502e+02 1.318700321275583178e+02 -7.931277764556560328e+01 3.745617166428685323e+02 2.986174440742503862e+02 5.670702939076630855e+01 -2.781501368396002150e+01 2.337641202601935788e+02 6.411635828177058727e+01 5.451353026336665408e+01
1.382635144665005922e-01 3.451546152731488064e+02 2.547594732647442584e+02 -1.585776880162295299e+02 1.610232756122301225e+02 3.969047239530502793e+02 9.880252861904072859e+01 -6.005633241559194602e+01 2.552223953050282717e+02 2.010004166062889510e+02 3.932341327343863213e+01 -1.988069890233299475e+01 1.488405213012606794e+02 4.014750579626141302e+01 3.264737447471381415e+01
1.424925284902303357e-01 3.051048529212416724e+02 2.171850684560119191e+02 -1.340465805883150097e+02 1.465716415887216897e+02 3.613123898603768112e+02 8.664391012606749598e+01 -5.211441812389860218e+01 2.360570692693506771e+02 1.860854005693371107e+02 3.502241976752066677e+01 -1.733658457028602129e+01 1.392089433374000293e+02 3.746929646197641262e+01 3.069891851362342194e+01
1.466886314558672189e-01 2.778734368829801156e+02 1.919273561932341465e+02 -1.140318629064104101e+02 1.403449387916282660e+02 3.477586218244043152e+02 8.024567263393444705e+01 -4.565708503356587755e+01 2.332310451494010692e+02 1.863427175200737054e+02 3.454691819139133457e+01 -1.595360524713702688e+01 1.405423193365802206e+02 3.837978807423982630e+01 3.116524203633012746e+01
1.508619291163366127e-01 2.299958824601920639e+02 1.579111918074632399e+02 -9.626536860337911605e+01 1.144488042421295688e+02 2.831679530813175916e+02 6.484352589036100767e+01 -3.822378297070621045e+01 1.892493922450468062e+02 1.504722559863863012e+02 2.721821821441594835e+01 -1.310163751975203539e+01 1.146213382764069593e+02 3.114443106539443207e+01 2.584534155828369961e+01
1.550655720814744509e-01 2.094306867202984677e+02 1.384320712370292483e+02 -7.947671097120205275e+01 1.090109886906843855e+02 2.751811239361081789e+02 5.960595925148653151e+01 -3.209089352337647227e+01 1.945128832925265101e+02 1.594587851230033664e+02 2.826278491896933431e+01 -1.208986515535734974e+01 1.267199487000116562e+02 3.544311093622478381e+01 3.009812944502739640e+01
1.592593054631499527e-01 1.749441037994087367e+02 1.137880488338990546e+02 -6.541872194240666261e+01 8.745661338005037067e+01 2.205846381254790458e+02 4.743340769736121842e+01 -2.621043023924230653e+01 1.511297082010292456e+02 1.227862969451439881e+02 2.129579033450125891e+01 -9.522100487244060218e+00 9.647591152961787486e+01 2.666585459323333041e+01 2.275778769298149484e+01
1.634144798183441161e-01 1.391308533333333344e+02 8.942310666666666918e+01 -5.059685999999999950e+01 6.853937999999999420e+01 1.743956799999999987e+02 3.701502666666666386e+01 -2.006036500000000089e+01 1.185634266666666718e+02 9.678481999999999630e+01 1.654267666666666514e+01 -7.204762500000000180e+00 7.498965333333333660e+01 2.074225666666666612e+01 1.734293666666666667e+01
1.675823816150099899e-01 1.158916057131560677e+02 7.317515691410497425e+01 -4.005065113175842839e+01 5.747556093703666846e+01 1.466354897696945727e+02 3.073693412078679188e+01 -1.604149574972818115e+01 1.009797247207670239e+02 8.296494761292872511e+01 1.437320537214589322e+01 -6.092789364436097088e+00 6.486501680340020926e+01 1.807542379163783508e+01 1.513937555599486018e+01
1.718045808093531246e-01 1.002918414918414953e+02 6.273931818181818443e+01 -3.402613053613053751e+01 4.987680652680652571e+01 1.280125990675990693e+02 2.657126456876456899e+01 -1.380338286713286777e+01 8.706789044289044455e+01 7.169272727272726797e+01 1.230614073426573363e+01 -5.268615967365967379e+00 5.531878787878788017e+01 1.538896270396270438e+01 1.275489073426573405e+01
1.760135070798979073e-01 8.678818527456516563e+01 5.401232242054457799e+01 -2.897213653128130417e+01 4.344843934978599265e+01 1.107917994718149544e+02 2.292784696293598046e+01 -1.185789659411711128e+01 7.601726846371003887e+01 6.223071669246881044e+01 1.072541349831527135e+01 -4.598127233972316041e+00 4.856505555049631084e+01 1.345870139331572801e+01 1.130544235497677796e+01
1.801930856696074279e-01 6.679544049953115348e+01 4.083788146790555373e+01 -2.131541428693206086e+01 3.388663583667207035e+01 8.728492349330832667e+01 1.761878249936066965e+01 -8.712157557966072829e+00 6.023030858409342869e+01 5.021214623646748265e+01 8.500647323331344651e+00 -3.405321304130082716e+00 3.902740069047822402e+01 1.102487799420339343e+01 9.168816197468247609e+00
1.843742315857553882e-01 5.501049725480409336e+01 3.341254367357124977e+01 -1.728986773146992917e+01 2.619776848847849493e+01 6.811216308959320997e+01 1.373739445553614580e+01 -6.778919443057981553e+00 4.488309000915065639e+01 3.734501601364279111e+01 6.288634213043840404e+00 -2.539303614507944395e+00 2.821750998253057219e+01 7.910790231677896855e+00 6.470936278179851620e+00
1.885797910080431738e-01 4.518543802512911611e+01 2.720740191166268218e+01 -1.378470428967856343e+01 2.222518885377322206e+01 5.775333384722114971e+01 1.154558506128112150e+01 -5.600197284745240367e+00 3.957804671240268135e+01 3.299232299776458888e+01 5.548040882987743672e+00 -2.205212568893085479e+00 2.586005790873352339e+01 7.271434541933246010e+00 6.132876936714715121e+00
1.927656394953895236e-01 3.532411555249253610e+01 2.109932087066391304e+01 -1.056727161344666577e+01 1.705125296730224349e+01 4.459929933379279277e+01 8.804103013247569720e+00 -4.201784329772570992e+00 3.052230501952676534e+01 2.557978214258366023e+01 4.219237570832376605e+00 -1.635395279357148457e+00 2.015735795237001327e+01 5.699630044413814822e+00 4.840889185619113633e+00
1.969014248243030341e-01 2.691468225114520507e+01 1.607274208354540690e+01 -7.951197579618991540e+00 1.299762892641605383e+01 3.411224823674834283e+01 6.752466507307496535e+00 -3.192154950283574433e+00 2.327700774376499737e+01 1.968789536828328224e+01 3.280004249072929312e+00 -1.242120043126954121e+00 1.530512433650839732e+01 4.372754183178215293e+00 3.645909642441648835e+00
2.010715633173454087e-01 2.432956676185233746e+01 1.431468145771692058e+01 -6.832700793022776331e+00 1.188387204981765777e+01 3.122551262643638736e+01 6.098871426236840421e+00 -2.770696432257620856e+00 2.114411597743067617e+01 1.784377580334411562e+01 2.986548931741553670e+00 -1.126628567312323748e+00 1.373218064061102339e+01 3.895328197034336082e+00 3.220373997970137125e+00
2.052920281681521186e-01 1.802810960591132883e+01 1.063218288177339943e+01 -4.989614121510673073e+00 8.536078612479474970e+00 2.260653940886699331e+01 4.450442836617405362e+00 -1.976382132594417085e+00 1.485378284072249500e+01 1.261655275041050928e+01 2.115680418719211975e+00 -7.499689552545155680e-01 9.520974958949096845e+00 2.729528940886699395e+00 2.229590004105090451e+00
2.095172134954577381e-01 1.527119333217818564e+01 8.908839235082854913e+00 -4.074885010396320340e+00 7.301817190158149451e+00 1.945186385545964214e+01 3.756018248692583938e+00 -1.614073157212841059e+00 1.315420913143469228e+01 1.129079571230546186e+01 1.863558632883876243e+00 -6.346732050595425001e-01 8.744503536324112147e+00 2.531779661016948957e+00 2.108238148588620575e+00
2.136973926115405542e-01 1.121784302325581351e+01 6.482958333333333378e+00 -2.934523740310077677e+00 5.163612403100775516e+00 1.376837790697674357e+01 2.647197674418604763e+00 -1.144961603682170592e+00 9.233321705426357440e+00 7.894134205426357020e+00 1.298212693798449724e+00 -4.506589147286821917e-01 6.115313953488372256e+00 1.761766957364341080e+00 1.472156250000000055e+00
2.178750580088065492e-01 8.565615875912408583e+00 4.917072992700729728e+00 -2.171109032846715525e+00 3.612598083941605864e+00 9.684760036496351532e+00 1.869888800182481825e+00 -8.125069571167883309e-01 6.015029653284671873e+00 5.124470802919708134e+00 8.360703695255474743e-01 -2.945436245437956235e-01 3.714730155109489118e+00 1.061765967153284640e+00 8.398195711678831943e-01
2.220823861956562617e-01 7.013509582839736467e+00 3.979658060444519752e+00 -1.736410868660799967e+00 3.188549775765781025e+00 8.559415016641281682e+00 1.608017607322163922e+00 -6.691050154778022119e-01 5.729827734529249206e+00 4.944013722005979439e+00 7.942914366150505279e-01 -2.611048107671207763e-01 3.857829423337282293e+00 1.122838748801263664e+00 9.504537349452811812e-01
2.262696194198526023e-01 5.562046697452928790e+00 3.174920961533183483e+00 -1.376990113973211916e+00 2.513852102431794577e+00 6.733613348795081777e+00 1.282800427656858977e+00 -5.365946385930724372e-01 4.391888414667618257e+00 3.773007355766591520e+00 6.197135788343305363e-01 -2.109357309621507359e-01 2.826871877916232290e+00 8.162928171488170737e-01 6.579742222237470184e-01
2.304259489101245229e-01 4.628639834669073139e+00 2.609600571891088627e+00 -1.077059131349185295e+00 2.243223513547582648e+00 6.026412643967942628e+00 1.128032780903349019e+00 -4.414645089167241743e-01 4.172730016984236734e+00 3.627546391513189583e+00 6.002252919994958136e-01 -1.917389581730003789e-01 2.855208969136457942e+00 8.351861465686535313e-01 7.010144618949365469e-01
2.345870463846415066e-01 3.301228996475289001e+00 1.856079132628391193e+00 -7.517733901804346530e-01 1.472487649195806103e+00 3.996822033898305371e+00 7.529928133907212162e-01 -2.936233207518959554e-01 2.637408462487911720e+00 2.295325781289764500e+00 3.775330879078230839e-01 -1.190217296215707321e-01 1.757670541304015899e+00 5.138632905946201035e-01 4.238739036971293506e-01
2.388019837064606632e-01 2.583478295635591504e+00 1.456465387830106817e+00 -6.002055528985420496e-01 1.177045364022594631e+00 3.176771155192391394e+00 5.963530979940134813e-01 -2.385588534374547542e-01 2.114855781996813899e+00 1.831294431637136233e+00 2.985462783034809053e-01 -9.844330383545359109e-02 1.414749342200550375e+00 4.116420507350456726e-01 3.433566027374113094e-01
2.430077036534963875e-01 1.910181879368135771e+00 1.065518043818047822e+00 -4.127870210651119476e-01 8.037182270123139904e-01 2.215433039747064292e+00 4.118106907151856677e-01 -1.504965202561154014e-01 1.375514165983216852e+00 1.214139685256501622e+00 1.951130598716897258e-01 -5.449267965815623310e-02 8.878965866138924801e-01 2.634862013710597695e-01 2.113237512926116057e-01
2.471758823520590620e-01 1.482927468958381345e+00 8.289556507243044381e-01 -3.220283667940905814e-01 6.361101330765693840e-01 1.741863071970568111e+00 3.257823727437342276e-01 -1.226425637538802044e-01 1.111065582605196722e+00 9.714486268395033930e-01 1.596160530797309796e-01 -4.986751062564670489e-02 7.305376415555300262e-01 2.142573184927569763e-01 1.758909869725799047e-01
2.513692271335918882e-01 1.049197279386022474e+00 5.844334886192070755e-01 -2.243398811868189680e-01 4.112041390420551057e-01 1.137980148571178685e+00 2.132767883517132923e-01 -7.932764178297722901e-02 7.013353832983240110e-01 6.174226339930418694e-01 1.001497408654161841e-01 -2.902761089332797292e-02 4.551480412509299467e-01 1.345875650614305752e-01 1.091292567714487460e-01
2.555723892733414715e-01 7.674175494274564358e-01 4.310635748595445516e-01 -1.710731063641870997e-01 3.113635948623858507e-01 8.582933555721148355e-01 1.617091297055260335e-01 -6.231261995003645887e-02 5.199503212516619621e-01 4.539194595815285171e-01 7.343751465869859107e-02 -2.301780051839859634e-02 3.255014698905305259e-01 9.501702461254128707e-02 7.495021905959171893e-02
2.597674079539822323e-01 6.409783839256292248e-01 3.561494112869176831e-01 -1.337604921035084604e-01 2.760173434475017840e-01 7.550920270472052387e-01 1.400048182500411853e-01 -5.116849904713051400e-02 4.767232424208098229e-01 4.176302898576842448e-01 6.826612146720661967e-02 -2.127974116930376677e-02 3.041281195936483273e-01 8.897218697545516974e-02 6.949565919034735029e-02
2.639178238801485610e-01 4.781508578243298113e-01 2.636700565594945478e-01 -9.355025130448127446e-02 1.933728034837323417e-01 5.375576305760180196e-01 9.946194143902188645e-02 -3.401119200173930573e-02 3.173490414620421252e-01 2.807656154082258659e-01 4.511328085034274626e-02 -1.259593397702130600e-02 1.941112701746981750e-01 5.718638195883210540e-02 4.336738812794147663e-02
2.680749044740857179e-01 3.175190849643092506e-01 1.753915266637894044e-01 -6.427658074543196598e-02 1.127560308426601154e-01 3.131802636555844344e-01 5.826289526970505894e-02 -2.127600968538449766e-02 1.837926274816212013e-01 1.616320235820692675e-01 2.570965012868787689e-02 -7.184850960090086863e-03 1.184977728146700410e-01 3.519142625329751278e-02 2.903488578874820203e-02
2.723023151079725368e-01 2.448786166574228040e-01 1.359768947009613593e-01 -5.122311338740987569e-02 9.914845519331207113e-02 2.733870921149935129e-01 5.059344813043076261e-02 -1.882574723551026091e-02 1.762127140529672897e-01 1.553508006043168854e-01 2.497138828948280639e-02 -7.604966927949944645e-03 1.175822684848169680e-01 3.473877133669001083e-02 2.842663937563551582e-02
2.765128983200950685e-01 1.939171127609824186e-01 1.065667130597083567e-01 -3.652640913470168310e-02 7.745941855460838910e-02 2.168184509288580974e-01 3.984826386411652321e-02 -1.302061232989537576e-02 1.361557890662398185e-01 1.220418862137294114e-01 1.983893623047234406e-02 -5.105326627558617360e-03 9.119692033821849564e-02 2.742867824996777712e-02 2.234699412070322369e-02
2.807027537381580062e-01 1.296313875527148052e-01 7.115620727217317198e-02 -2.407470660225575348e-02 4.547204295982692351e-02 1.286472833338824506e-01 2.388137176572658477e-02 -7.680798230450217902e-03 7.725354109009839598e-02 6.967855804395096941e-02 1.144740684990555243e-02 -2.756430398515062347e-03 5.144183249868213015e-02 1.563074959537262901e-02 1.271063510195648803e-02
2.848857026249724811e-01 9.846523286637556827e-02 5.383496154910450554e-02 -1.805885250967150663e-02 3.691567051017057705e-02 1.047783504510107488e-01 1.909581307789829860e-02 -5.949640285661435442e-03 6.378258136106737530e-02 5.790211874749921772e-02 9.222024335131541115e-03 -2.107271367201770697e-03 4.299711740604667681e-02 1.312603072347648045e-02 1.076988914906242337e-02
2.890807262117984777e-01 6.354695035313849549e-02 3.454352653719113680e-02 -1.156011658248420546e-02 1.990688209331083203e-02 5.753998194359680185e-02 1.041283967867540246e-02 -3.246486700187161539e-03 2.995490618840307429e-02 2.741696480393106608e-02 4.154002336527180643e-03 -8.281353136386732181e-04 1.807485891340967349e-02 5.577916208340892752e-03 4.204003021921803342e-03
2.932785946948970324e-01 4.578220684170056926e-02 2.514292234549104707e-02 -8.566561303987764095e-03 1.613569251852861597e-02 4.575196748480541559e-02 8.428709166457333535e-03 -2.789100268282649221e-03 2.596119990151088408e-02 2.334824782611692739e-02 3.688089154894179378e-03 -9.291514584360857729e-04 1.628672775519352661e-02 4.906181587493720249e-03 3.828508107641867639e-03
2.974321087309398370e-01 3.361091827153588063e-02 1.868974521972890587e-02 -6.565119722161179283e-03 9.478860239032283960e-03 2.686774406414815450e-02 5.172698764883331031e-03 -1.971821832984557536e-03 1.230185766160650160e-02 1.053602094560342380e-02 1.643818591146665705e-03 -5.639219962314083456e-04 5.954533559132522101e-03 1.646182520694010202e-03 1.031816899252524728e-03
3.016123743882810904e-01 2.576159209253290130e-02 1.405486340902175647e-02 -4.534990573861583281e-03 6.037924885659136376e-03 1.758910074238361626e-02 3.299961644330380844e-03 -1.177290790650138350e-03 5.380079094431053539e-03 4.630301246428334197e-03 6.206005217730500194e-04 -2.112337684370186220e-04 7.493776326924540560e-04 1.490437565520167696e-04 -3.359371680348644711e-04
3.058101292111336522e-01 1.858516938291020562e-02 1.005721371808035100e-02 -2.931117596746552791e-03 5.261469626689119390e-03 1.562326649392769932e-02 2.840655396946604148e-03 -7.408654522109974373e-04 8.291058422647275272e-03 7.800037793727319230e-03 1.231221772590245693e-03 -1.851949545044534657e-04 5.567296616793630283e-03 1.767909623714005807e-03 1.446277204366593029e-03
3.100168993294901143e-01 8.951709658320540844e-03 4.958498265507977135e-03 -1.703896615976527697e-03 1.668506155890020666e-03 5.157021902333325594e-03 1.020542678848332732e-03 -3.847780999105908221e-04 1.553421154053414048e-03 1.425210808868876715e-03 1.848911348998746797e-04 -2.944381196870568375e-05 4.079277373313931385e-04 1.260800191827879391e-04 -1.361681442219145975e-05
3.142092030053749707e-01 4.588591947934963534e-03 2.516039130150654005e-03 -8.916735284804371995e-04 -9.468245743935734763e-04 -2.099481771725858828e-03 -3.274999261225852807e-04 3.107415371068090072e-06 -4.872934577145899421e-03 -4.475761541918359121e-03 -8.316160974542603475e-04 1.981458793864357621e-04 -4.943203974433380520e-03 -1.529468837844046285e-03 -1.479279633043385301e-03
3.183867557675504334e-01 2.903978330316271932e-03 1.669218832995596419e-03 -7.388609661024371283e-04 -1.135269553923605066e-03 -3.006552816128850707e-03 -4.493801580605323652e-04 -4.291163420843022126e-05 -4.769301842519692129e-03 -4.557669364311052983e-03 -8.010979622698327900e-04 1.224567848675206473e-04 -4.803735534132675539e-03 -1.527378544888582847e-03 -1.491973690691273009e-03
3.225872781332082551e-01 2.304133571939973989e-03 1.291811200458779698e-03 -5.454801173191684742e-04 -1.384250822666887855e-04 -2.815449258511255296e-04 -7.515070737880247961e-06 -9.623053808776261197e-05 -1.261378461282445249e-03 -1.252532294938822491e-03 -2.322859350980291089e-04 1.815154704912659550e-05 -1.420002342654935962e-03 -4.634053091900384937e-04 -4.623189530724629921e-04
3.267666109043823597e-01 2.020842450749637826e-03 1.132127408139260586e-03 -3.929076722847017690e-04 3.064306887918863935e-05 1.973429011081963432e-04 6.952467378070389926e-05 -5.940370717626351185e-05 -5.844443464225019483e-04 -5.606251836487414304e-04 -1.015693688429792740e-04 1.462936426556018136e-05 -6.472149627251090652e-04 -2.042728270017377600e-04 -1.873338169921978289e-04
3.309328770241455886e-01 1.370695222622310026e-03 7.642754586360032227e-04 -2.565288030227287240e-04 4.560025294554863357e-06 1.175995854244365042e-04 4.243570244191523179e-05 -3.118009936426563851e-05 -3.998353489870902261e-04 -3.643302846421523538e-04 -6.817874608150217169e-05 1.959541063041758243e-05 -4.276413956356236350e-04 -1.288837945945848920e-04 -1.214523673644644257e-04
3.351106074107195187e-01 5.596215704389174029e-04 3.237030647046175869e-04 -1.336145263961683249e-04 -3.093260460371793984e-04 -7.730074797542962201e-04 -1.223426631997559110e-04 1.479037684171658314e-05 -1.071509042263447953e-03 -9.817974486679311146e-04 -1.743921053256151932e-04 4.177513263172825134e-05 -9.868710961294787851e-04 -3.036777630278904099e-04 -2.883648255698668559e-04
3.393095620710060434e-01 1.255368141998099618e-04 8.226910136838728430e-05 -5.954931777023379373e-05 -3.876231075711780651e-04 -1.041085206516214473e-03 -1.724666336547860568e-04 2.324968068416787193e-05 -1.119195565151766443e-03 -1.042574931414287382e-03 -1.788592758730834544e-04 3.412740439727565602e-05 -9.540327381818868762e-04 -2.967324629603342034e-04 -2.646490824390804577e-04
3.435164896197421824e-01 1.548301392740573815e-04 9.972694405443152568e-05 -6.166738534867488954e-05 -2.752327100679757008e-04 -7.410357395103904466e-04 -1.184620723310302086e-04 9.732385452494344037e-06 -8.389339573628378085e-04 -7.896490022478491657e-04 -1.346059269382780495e-04 2.178092238623305160e-05 -7.463408387183489631e-04 -2.348916985053539381e-04 -2.159597550806371458e-04
3.477107812306902690e-01 7.158240014012034493e-05 4.882025503262106265e-05 -3.240182759914813103e-05 -1.746865210086751279e-04 -4.745625591183310482e-04 -7.588716320555924269e-05 6.858114725374336450e-06 -4.656414849789057586e-04 -4.403189227890280059e-04 -7.326106021510768245e-05 1.060626657934799035e-05 -3.833468383002021623e-04 -1.212646050303654448e-04 -1.053895188444595735e-04
3.518857617074659383e-01 -1.835362636972934789e-04 -8.801252659566039828e-05 -6.380920216248747988e-06 -2.608937570299779273e-04 -7.243492200392078828e-04 -1.222797693922626414e-04 1.568256541307170239e-05 -6.735184893462121090e-04 -6.343599514620713777e-04 -1.080506269993525406e-04 1.696899885283698729e-05 -5.803062443639399413e-04 -1.830043165555033660e-04 -1.679584253777617218e-04
3.560773577310688554e-01 -4.506935756898133958e-05 -2.070329810702627884e-05 -4.575756598457613560e-06 -1.277036462045486184e-04 -3.483204332260961635e-04 -5.897456941356865915e-05 9.568301628456348231e-06 -3.244984118417372498e-04 -3.020332338259409228e-04 -5.171177554920784860e-05 1.003322085297811613e-05 -2.639910905407901842e-04 -8.217764222683645898e-05 -7.198538731558738106e-05
3.602869550449780967e-01 -9.295317282391325048e-05 -4.510793096330239279e-05 -9.559167381384426369e-07 -1.410753998456087987e-04 -3.933947410256655067e-04 -6.641590351292403049e-05 8.623616107510702412e-06 -3.529776593844198194e-04 -3.342576360617527690e-04 -5.704660474423389939e-05 8.677722851286872203e-06 -2.937418469068160307e-04 -9.317131233342299294e-05 -8.267482290735063454e-05
3.644651285618699665e-01 -9.413100022784530051e-05 -4.747847163779923813e-05 4.506989776963250501e-06 -1.176803097242111880e-04 -3.236411964841103949e-04 -5.557880834851888806e-05 9.590499515509626641e-06 -2.813268372523935914e-04 -2.626828162756289346e-04 -4.505602904986602520e-05 8.306577689722523418e-06 -2.250934238167756412e-04 -7.036008394532407783e-05 -6.104155088874599789e-05
3.686396944457170921e-01 -7.675188035829866849e-05 -3.883446591596063945e-05 4.221142621446916225e-06 -1.031606019953794031e-04 -2.854712310363718150e-04 -4.878698937591980397e-05 7.804244585741354593e-06 -2.633414652908500639e-04 -2.474656516711472645e-04 -4.211439663714297397e-05 6.851402383852910531e-06 -2.209103406229299244e-04 -6.960723481342109386e-05 -6.195224693962345910e-05
3.728293470315630076e-01 -6.931298522153295390e-05 -3.588127867486008845e-05 4.811359989641901709e-06 -7.589193652728243734e-05 -2.099615267901784729e-04 -3.607294147884443228e-05 6.321984076884986837e-06 -1.777059635602790718e-04 -1.660967939822434133e-04 -2.822131710720225179e-05 5.013264819556654274e-06 -1.398010973299455069e-04 -4.374965859435245898e-05 -3.743167865334931196e-05
3.770363921861874523e-01 -6.474279174447722862e-05 -3.345621783710825523e-05 5.165214531137437441e-06 -6.126403250835108806e-05 -1.705180832907196001e-04 -2.944635617499440428e-05 5.269023872209648342e-06 -1.434825365858731527e-04 -1.342708458618318852e-04 -2.287378877282247470e-05 4.127994942286289283e-06 -1.153281353430762418e-04 -3.606345595666476868e-05 -3.173048006580731357e-05
3.812363453093803867e-01 -5.009703936231748765e-05 -2.580871813626053849e-05 4.272066560039243003e-06 -4.827093731131272975e-05 -1.342676020638152595e-04 -2.340299035239865432e-05 4.205136982889388285e-06 -1.151463998539250069e-04 -1.081269175902696913e-04 -1.853815195267975241e-05 3.343925972808311742e-06 -9.315573802696920766e-05 -2.922286667483292244e-05 -2.549926336530523928e-05
3.854150971210312249e-01 -3.025145397351642812e-05 -1.552783666975198965e-05 2.625758462781448676e-06 -3.028710040504854661e-05 -8.389577327003182349e-05 -1.442719032260766393e-05 2.655719961058375106e-06 -7.027693079791903611e-05 -6.543962484628088538e-05 -1.104740754559868971e-05 2.078453185602126069e-06 -5.503861489345371056e-05 -1.723040215819729326e-05 -1.468093910918197127e-05
3.896036578152083374e-01 -2.343844232293342599e-05 -1.231172798970242324e-05 2.183877563840298604e-06 -2.170733225746907341e-05 -5.872509709845077127e-05 -1.021085453101977256e-05 1.977445015149855201e-06 -4.994488583054244478e-05 -4.616086453525013671e-05 -7.855299792079661837e-06 1.525691190002358644e-06 -3.921567197726618596e-05 -1.217788139052132035e-05 -1.051367375813469149e-05
3.937795161075864914e-01 -2.082619641989621719e-05 -1.030241463580249645e-05 1.162447758932613030e-06 -1.700114749956472892e-05 -4.767704080635719912e-05 -8.037345545434401318e-06 1.135185979154760557e-06 -3.814466439335965014e-05 -3.550003247718995958e-05 -5.955239664196306721e-06 8.779367281238486324e-07 -2.895417358223147187e-05 -9.110970939232594640e-06 -7.532867369765398472e-06
3.979440095093054186e-01 -1.741409327229429652e-05 -8.792253439821360073e-06 1.442435375253087141e-06 -1.385605969266592300e-05 -3.904111131350986334e-05 -6.659978755622785939e-06 1.099730623797667706e-06 -3.159890769458165936e-05 -2.987162216663895734e-05 -5.067761782679818966e-06 7.992888566331624601e-07 -2.497393967633624351e-05 -7.908173417928723736e-06 -6.771569909096970556e-06
4.021139069446590386e-01 -1.175293015985228072e-05 -6.059619368012425474e-06 7.559827491364596977e-07 -1.069077014388201964e-05 -2.955530230648637676e-05 -5.040999698992769265e-06 7.902361328499590874e-07 -2.524536136762484253e-05 -2.343744330126809917e-05 -3.969605051933181150e-06 5.693121778922822046e-07 -2.030398253380701908e-05 -6.396338550634447518e-06 -5.649891824612842620e-06
4.063125452039867413e-01 -1.070458789075964443e-05 -5.350414958211448114e-06 8.305445733264775631e-07 -8.185174243836360178e-06 -2.280005989853924536e-05 -3.985481340257267485e-06 6.201672680084910453e-07 -1.884047987445712581e-05 -1.736359997504530238e-05 -2.927161892320055153e-06 4.606503411923485877e-07 -1.465375117935384233e-05 -4.537339470115617437e-06 -3.905351370371795272e-06
4.105412315868290918e-01 -6.655736005336071043e-06 -3.490909841686853004e-06 5.516423934650244565e-07 -5.267503581321311928e-06 -1.467565797792903958e-05 -2.553441625528123870e-06 3.649126817812449447e-07 -1.203163067558281174e-05 -1.122426939126809681e-05 -1.891402058259127135e-06 2.898652834596652221e-07 -9.217368164297063104e-06 -2.902504415215294789e-06 -2.507063774768655913e-06
4.147348487769681458e-01 -5.244870904095587540e-06 -2.535500742409014480e-06 3.659604481137719963e-07 -4.243672514090678003e-06 -1.175592041140604896e-05 -2.024000717601765212e-06 2.295135059123523999e-07 -9.420164309650139346e-06 -8.997293057200734883e-06 -1.570564082237316808e-06 1.970352845272411522e-07 -7.576186315795989048e-06 -2.314434833418816144e-06 -2.070024788980158370e-06
4.189107045044477284e-01 -3.215857013004704225e-06 -1.667045289558026734e-06 3.983069372029308606e-07 -2.102570307860265682e-06 -6.516415537867596278e-06 -1.203749699278387949e-06 1.869922508714726186e-07 -5.189055015358388092e-06 -4.874899072588726576e-06 -8.835407889957183932e-07 1.265779824573752371e-07 -4.025638297729637943e-06 -1.275204918587513841e-06 -1.136360468067375114e-06
4.230974437456921922e-01 -3.364658251559364904e-06 -1.428739934734234621e-06 1.764579984352977195e-07 -1.770654337688302890e-06 -6.081253738873498720e-06 -1.034604279278351091e-06 1.454944833874823131e-07 -4.631952317310240649e-06 -4.533365425802037627e-06 -8.141450343893455297e-07 1.339293735634937346e-07 -3.652140580693685227e-06 -1.201637124706517859e-06 -1.046981926092315547e-06
4.272931011032126136e-01 -1.959443203370614978e-06 -1.067696968060383468e-06 2.062856254190762091e-07 -1.028298882107127788e-06 -3.997089007498608338e-06 -6.614880650866560742e-07 1.265119323785507830e-07 -2.431588669646788449e-06 -2.821926199021349353e-06 -5.051532207500778249e-07 6.857858340987769894e-08 -2.158561639171164438e-06 -7.273131489475252042e-07 -5.869000145906214552e-07
4.314914587673138180e-01 -1.243833428560582904e-06 -6.275880301280926874e-07 3.783768708878740360e-08 -1.073842717355271289e-06 -3.086904548307486957e-06 -4.688534779281274907e-07 9.547368523736187955e-08 -2.024222268255332919e-06 -1.863182929131956956e-06 -3.287768572913447021e-07 5.364305760151866173e-08 -1.505981740803054681e-06 -4.345571386263366491e-07 -4.245264179905086054e-07
4.356511643511531418e-01 -1.238201619825754533e-06 -6.089212731749637489e-07 2.390112654813747039e-08 -4.456654328358119241e-07 -2.233150570090200233e-06 -3.838048457899920362e-07 4.792278120414553289e-08 -1.381575908103582699e-06 -1.558013532041440148e-06 -2.926631976418343766e-07 3.083359696681200895e-08 -1.416621895314238881e-06 -4.501742010499939023e-07 -4.260230031982292547e-07
4.398424702607344750e-01 -1.008385067743116925e-06 -4.556601162434784452e-07 7.017344428499192294e-08 -9.223805843403703753e-07 -2.350090549884127142e-06 -2.777001427837999698e-07 3.634152056588333747e-08 -1.539635564788632451e-06 -1.521977108793051503e-06 -2.055862675238158563e-07 3.950182818412105891e-09 -9.764982071588411736e-07 -3.128635772042830278e-07 -2.197819885469412295e-07
4.440501074980069407e-01 -6.128939574701931622e-07 -2.667282310789020674e-07 -5.224309009523099006e-08 -3.654211587868033636e-07 -6.228911449677327684e-07 -1.736957870414996818e-07 2.103508461683232799e-08 -4.203204763327875724e-07 -3.905961075139364236e-07 -9.999745100609857123e-08 2.633955570300486784e-08 -3.279015920643026874e-07 -9.998252668670650183e-08 -1.204963845825246872e-07
4.482267968899237842e-01 7.533029437634630197e-08 -1.856403989523023619e-07 9.363091203504491437e-08 -1.228396406467192352e-07 -3.629274711865645843e-07 -1.411995385562081673e-07 -1.109247480296510184e-08 -4.740237200949380469e-07 -3.542214204905177533e-07 -8.555712347992190562e-08 2.480263641332635981e-08 -5.463244563940782162e-07 -1.679284199151823110e-07 -6.402599158532051968e-08
4.524052929840755577e-01 -1.742826817619214692e-07 -1.951312710815016483e-07 9.744028796273615216e-08 -1.939863891303681734e-07 -5.281559283242385856e-07 -1.062731165063331467e-07 1.468666132857017050e-08 -4.129368318144877538e-07 -5.727462604459608639e-07 -7.135913109031397083e-08 3.800059632245991170e-08 -5.256173534261643492e-07 -8.193494151282413013e-08 -1.301230839439315476e-07
4.566090347930675253e-01 2.363542267305289909e-07 -1.206120783373481163e-07 4.577148153047564954e-08 4.172119396373041032e-07 2.035467708937717511e-07 -6.830555297510986681e-08 3.118084053086395843e-08 3.083622954115691832e-07 3.169805066177230291e-08 -4.431577458102324146e-08 7.201290302722904195e-09 -1.893141095202269190e-09 -2.360155010318344664e-08 2.086610764195821719e-09
4.608167319022857811e-01 1.335150968084146164e-07 3.200560155494541186e-08 -6.198745829495594855e-08 1.173303738135002849e-07 1.750052189477610145e-07 -2.469745297466285056e-08 1.447827150607945113e-08 1.612432196186838599e-07 1.030992739356624911e-07 -6.694585256669793723e-09 2.063834587517938891e-08 1.410832253538203353e-08 -1.459380402282755968e-08 7.029759983559118132e-09
4.649806979855051203e-01 -9.955581993097358156e-08 -1.412803680996635013e-07 7.347189086495584255e-08 3.572389180179145687e-07 -3.220958585159339246e-07 -4.221884465934565200e-08 1.125229392126153100e-08 5.063315937187366419e-07 -1.872702471345675202e-07 -1.807068782101230982e-08 1.407216401247439273e-08 4.496171222077949840e-07 -7.914957200879838259e-08 8.497928413473289276e-08
4.691538386770017222e-01 -5.512855743227068413e-07 -1.083528384765095006e-07 3.109637854536735518e-08 -1.561659457539091748e-07 -6.712156822729966587e-07 -6.249594162543273383e-08 2.536449356780798330e-08 -3.112999125172039689e-07 -2.435119754541692252e-07 -2.822424605866908277e-08 -6.039585541236837893e-09 1.363007985427820007e-07 -7.296944170147805923e-08 -3.250291951629996696e-08
4.733478629909182445e-01 -4.312321250600952504e-08 -1.462215745306155715e-07 5.702779512664563693e-08 -5.362330672587460161e-09 -1.106936281033597767e-07 -7.322902716966631636e-08 2.176042053352798373e-08 -6.136460317334409796e-08 -2.619350393109109724e-08 -4.068755858950263634e-08 3.250639427799564740e-09 -2.265277385124000921e-07 -6.099525781538463695e-08 -2.052545496286899019e-08
4.775500538217637980e-01 3.774331864911885583e-07 -9.854799397468182272e-09 -1.750054673226511130e-08 3.229232284059803430e-07 5.884757331168156032e-07 -3.755627719021905706e-08 -1.318886236571836705e-08 6.309747616015099691e-07 3.892523601889643744e-07 -2.722358985328967272e-09 5.880341136769973129e-09 4.250786373950034629e-07 1.298375085844880076e-07 8.555101520519652176e-08
4.817339644282710998e-01 -5.700896678928121676e-07 -9.876288854638142137e-08 7.636671258644394828e-08 8.945021596950740911e-08 -1.894390292446088802e-07 -1.887327788322551889e-08 2.426831530029358186e-08 7.465410952449736428e-07 -8.640582060983548718e-08 -3.496956130818921603e-08 6.381813095362126999e-09 1.717525591195342734e-07 1.105528563676112241e-09 6.487273548710514894e-08
4.859144464692263798e-01 1.831270243302492030e-07 7.914581569391451356e-08 1.491593158057341495e-10 2.186054521214796814e-07 1.543030375272061746e-07 2.736415168994800171e-08 -2.759640933855301977e-08 4.559352583821324511e-08 9.952547850593383785e-08 2.556204593507093077e-09 -1.359290657480007965e-08 -8.324673851693697495e-08 4.625183683407457087e-08 -6.138478412079326498e-08
4.901252990058800885e-01 2.659417437918289852e-07 1.063107523885018573e-07 1.131734916690501506e-08 9.019798782717409163e-08 3.697610658916407155e-07 -9.295176546038022297e-09 1.435229861239988502e-08 3.486019872488084567e-07 2.181787525466457205e-07 9.100814521961870583e-09 7.223237394647739392e-09 2.615734766487601519e-07 9.166004571797465908e-08 5.545094372373219719e-08
4.943123444065962158e-01 -3.035536392005970494e-07 2.855015106154117155e-08 5.018894858850690156e-08 -2.419693167107316835e-07 -2.986877366247649666e-07 2.443048774310715543e-09 1.884409875126336692e-08 1.126233853065301450e-08 -2.667852977377147775e-07 -5.517489362806648823e-09 8.068493475149993892e-09 -1.369571291817798001e-07 -9.914240347341911007e-08 -9.158456980347811022e-08
4.984736335014697817e-01 4.435746472375136134e-07 5.971698637095738457e-08 -6.205588739334698347e-08 2.800483578535844745e-07 2.407166190558965695e-07 5.688726784672096205e-08 -1.428642760358751573e-08 3.419633915187813611e-07 3.566819317658682965e-07 2.029832560810083988e-08 -2.449707891307584490e-09 1.689801566960009428e-07 1.056728753860265233e-07 6.191068203520540460e-08
5.026590164608074618e-01 -3.098857045308721404e-07 -1.030432033538293891e-08 -1.310601441687760593e-08 -5.742747424450137490e-08 2.420300423375720995e-09 1.419242124135428143e-09 1.789245263845765594e-08 -6.061801914229734697e-07 -9.662195340347593033e-08 3.683476014156467592e-09 -1.102924299220965640e-08 -2.099408512769824232e-07 -1.904307288452927965e-08 -4.265132047151297221e-08
5.068609875937976073e-01 -1.287390731704511224e-08 -5.684031268218874522e-09 2.906824750102136004e-08 1.480456481836742453e-07 -5.043298834214233785e-08 2.824786254849408552e-09 2.811969018180271161e-08 -1.522018121469501131e-07 -7.457438136675104755e-08 4.838440564831148063e-09 6.494067420652061283e-09 -2.423008757519733944e-07 -1.091354727609319381e-08 -1.026172650834455766e-07
5.110594965365916620e-01 -4.384728874907947375e-07 -8.873704281422291686e-08 8.625837047284876703e-08 1.824820645909475437e-08 -5.199365796350263317e-07 1.430036158986408955e-08 1.627487716179382358e-08 1.944411851230058565e-07 3.569288470012648786e-08 5.272524422096397187e-09 -1.125931051817583132e-08 1.820205465605194273e-07 2.172789065736580525e-08 1.015124894034214273e-07
5.152492140965455603e-01 -3.183692027955425308e-07 1.055417330286975969e-11 1.079106945715815330e-08 -1.373276819380761560e-07 -1.925892256562562729e-07 2.352513970119411504e-08 1.419185074572494385e-08 -2.280275940738432654e-07 -1.264732629648176145e-08 1.033604801014437871e-08 6.022678294100367138e-09 -1.842003614297834397e-07 -1.062344118424063561e-10 5.658557357048706693e-08
5.194329442812991582e-01 4.776966620093288080e-08 2.172993634474724967e-08 -6.232944884893028684e-08 -1.970689594606351112e-07 -5.116747452251114819e-07 3.303401462337944397e-08 -8.210074954509066041e-09 -3.707110525855160445e-07 -2.703266181065272838e-07 -1.337756833944970962e-08 1.373964616670077142e-08 -8.959444074818431752e-08 -4.229392279294468202e-08 3.603852257312826951e-08
5.236343964239100757e-01 1.056625564509860883e-08 9.672767727115295198e-08 5.721816767172055312e-08 1.125177508980621776e-07 -5.506182712484334710e-08 1.563191405160606101e-08 -6.004654548494253087e-09 -9.034312828951804992e-08 -1.919744758290300741e-09 -4.818348220381452214e-09 2.929427503415216903e-09 -1.387249635192785159e-07 -5.941518963484242951e-08 2.529445035555959191e-08
5.278273205415198177e-01 1.769080129621082780e-07 -1.291710378696692817e-07 -1.117653386217098753e-08 -2.917687670135914365e-07 -5.619551346283905178e-07 -2.482650041130624289e-08 -2.995903410024035445e-09 -2.232043283169634248e-07 -3.957239525423853601e-07 -7.182886598866401858e-09 2.709928749373618291e-09 -2.377534306383850911e-07 -6.377189412311471308e-08 -9.475494624965657515e-08
5.319960279023402405e-01 3.701024010051037306e-07 9.161899310177842920e-08 -5.233523073363971253e-08 7.722620819795548381e-08 1.001719222213926412e-07 2.499230978542611907e-08 -8.979859049516101156e-10 1.998672727841134404e-07 6.072054483665743402e-08 1.116756827332424168e-08 3.633743087030289065e-09 1.776230398660483713e-07 -1.691112977440361398e-08 8.052185941114192053e-08
5.361714592099571242e-01 2.769236025107777723e-08 -2.067735339694692991e-08 3.911355861253032081e-08 9.986712702442468568e-08 -1.965345418061888947e-07 7.238454117619359836e-09 7.200449275278529562e-09 1.027354729348317815e-07 8.486134148162873153e-08 -2.308718942014333455e-08 -1.499436278997934709e-08 -1.052349643117163211e-07 4.783913233131888101e-08 1.921755232542601828e-08
5.403746330902056139e-01 -7.210782430001141655e-07 -1.934895747501807159e-08 -4.637794976719305968e-09 1.263859278188118253e-07 -4.352339276055772768e-07 1.189834372172677439e-08 -2.590279316774953221e-08 4.891683560917593547e-08 -1.726090782427691973e-07 -4.011347687725941174e-09 -1.520112242950752520e-08 1.263971567752619665e-07 -4.313134126154469310e-08 -1.174165336033298606e-09
5.445761264886261888e-01 1.136551126064003137e-07 2.367298603919273241e-08 -2.049895237081912784e-08 4.678782652151091894e-07 8.946420755519509468e-07 -2.898985605006507078e-08 -2.939224206476899681e-08 1.611510995819057850e-07 3.514468532963360712e-07 -1.599689754408993730e-08 9.367373070200752508e-09 1.583162796848307230e-07 8.782236932295139411e-08 5.379912481329936781e-08
5.487504490749764985e-01 -3.922558384510329577e-07 -1.048456116906022438e-07 5.994362811622547812e-08 1.720944522684548016e-08 3.267630484304794960e-07 -3.205908758783796763e-08 -6.606948552710574265e-09 1.471885152810406313e-07 3.736958061342875125e-09 1.399979821261476555e-08 2.337025150583280462e-09 -1.107455204787891160e-07 2.249212065134376822e-08 1.356482901910182326e-08
5.529407179677009454e-01 -5.279572492586696187e-08 -8.393056588944200352e-08 5.755338693464093291e-08 -1.459248638470688509e-07 -1.141758305766003526e-08 -1.012272928494520742e-08 -1.260342909543051523e-08 -2.250667593225131008e-07 7.738162273443507379e-08 6.573856710264014864e-09 -1.344043373511642347e-08 -3.643976971772063511e-07 2.640916717168759167e-08 -5.445595152118274302e-08
5.571409157079509900e-01 -6.506941400868521592e-08 -1.602174839980467156e-08 4.255827001218903873e-08 3.208203038569847613e-08 2.986006453867263892e-07 5.389142524804472538e-09 1.595993301060984913e-08 -1.932687104852041513e-07 2.426616585509423197e-07 6.053179468248185623e-09 -4.026813087090013747e-09 -1.703606354469280395e-07 7.387788362087437671e-08 -3.114836397013109599e-08
5.613298693710127019e-01 -8.084031057027835538e-07 -4.945198428201322063e-08 -1.276022296318582653e-09 4.781059995124400467e-08 -7.021053377788957154e-07 -2.087358808463622678e-08 1.634880084919164922e-08 -6.978699628379956708e-08 -2.798860177616457837e-07 -7.212374500964349255e-09 1.514628181898340059e-08 -1.911257920985402663e-07 -7.252461897953623016e-08 -3.237285647867436765e-08
5.655062246218995892e-01 -4.511706891818848611e-07 -3.161592737645443293e-08 1.303194375758015899e-08 3.958844139535951340e-07 -1.242403097182793488e-07 -6.304014597502725443e-09 2.224352031620222966e-08 6.336952613760681543e-07 6.827368395606932271e-08 -2.762059966848123178e-08 1.472530846818528227e-08 3.592201977664284282e-07 -8.718116218072807513e-09 7.667297254774331043e-08
5.696867424029971039e-01 1.733256386645802605e-07 -2.340272285751058458e-08 -1.616734884722620993e-08 3.684843997100723758e-07 2.759141611736270833e-07 -1.970742763668940386e-08 2.529633853406164810e-09 5.917520385359542436e-07 1.780905984114706599e-07 -1.924269582499827952e-08 -1.096056636400389273e-08 1.915386274206623190e-07 -3.906681962507189442e-09 9.400211871087363331e-08
5.738956954203543459e-01 4.368371477236070251e-07 -8.977454152456640322e-09 -3.883874147975276585e-08 3.380722327840653708e-07 2.485468579757798041e-07 -1.397440187192991774e-08 1.040217585506475748e-08 4.959367390135465536e-07 1.824900382235322533e-07 -3.199139528086101958e-08 -3.203639094967923294e-09 1.728158406853442365e-07 5.957231724823351780e-08 3.248718519690083000e-08
5.780928920821047923e-01 1.354956171802808760e-07 -4.213629715107568437e-08 4.933232061964894183e-08 -2.884969641177658172e-07 -7.845949879476613859e-08 -2.988512055004436051e-08 4.536679083491384908e-08 2.454930022304514539e-07 -1.184797578312450321e-08 -8.996370271771979058e-09 7.837555404907474964e-09 3.203371186509590570e-07 -8.026173247958106320e-09 8.521614449469378355e-08
5.822632071880226023e-01 5.482464201914962950e-07 2.309814657983284021e-08 -1.730010630548010981e-08 2.452129464284220148e-07 5.594965135820382174e-07 -2.929053436574195214e-08 -3.382937834017391195e-09 1.886879488288680331e-07 2.312832357922778781e-07 -1.542951136379109475e-08 1.601632790286429072e-09 4.172176072052144718e-08 -1.339791263069935271e-09 6.490799636301762181e-08
5.864430803127811398e-01 6.004874155559625080e-08 1.268150591324986541e-07 -7.083622492411939589e-08 3.170126382856521123e-07 -3.050250514203967650e-07 3.666754075963858928e-08 -1.168139539096648046e-08 1.193617466540101913e-07 -2.880051575938525800e-07 1.672377899551270773e-08 -3.543966847919837984e-09 8.092146379784664314e-08 -1.138611257635076435e-07 1.258155602649136622e-08
5.906376733072625784e-01 -4.205964339014809385e-07 -1.694053350902666913e-08 -1.216610500977826243e-08 -1.080657886980639872e-07 -1.833644631980287976e-07 -3.987756990707285251e-09 3.879709488884580567e-08 -2.736050763506115057e-07 1.314517842836332593e-07 -1.283556787703204766e-08 8.250431084240193857e-09 -2.780508404700511417e-08 5.342388587185052511e-08 1.067584858045722324e-08
5.948356627105599870e-01 -1.399258508950790286e-07 -5.202955606707295983e-08 6.452054137519957203e-08 -7.714149032031984873e-08 -2.673737300313677170e-07 -2.406290834816336609e-08 1.092366984498584840e-08 -1.961245803237443331e-07 -1.841964173124686752e-07 -8.828091669583062567e-09 9.755763210477748353e-09 -2.512411411636553167e-07 -4.972430397966756973e-08 -6.669414417058348326e-08
5.990145239901687457e-01 4.132297789210196246e-07 8.713547690182024125e-08 -5.509278667552343341e-08 3.410153622355832383e-07 5.258862134611119052e-07 1.059725629886394304e-08 -2.750600959666180148e-08 7.655869983061977296e-07 3.206344875775341725e-07 1.259860524922043017e-08 4.094514446957621777e-09 4.472166944319854552e-07 9.415070964146246846e-08 1.204711203937459712e-07
6.031829950841108845e-01 6.904717695980716465e-08 -6.565287222401769990e-08 1.139776443505086349e-08 -2.559991894756439257e-07 -1.344912157804354272e-07 -5.131855528507409826e-08 1.057130391599652666e-08 -2.261620400578800873e-07 -2.591102419981071194e-07 -2.027347025026078437e-08 9.565070674764402980e-09 -3.080595325994892262e-07 -8.299321329287707256e-08 -1.173852059652457036e-07
6.073740526175752663e-01 2.255192901125273633e-08 -1.590797047634774457e-09 8.227174575870477360e-08 -7.085303942784165060e-08 2.118103950220361368e-07 8.995082856045209212e-09 8.852196046560178602e-09 2.696059456786623300e-07 1.665317264159599179e-07 1.842453500515796268e-08 -8.938393136276579765e-09 2.369823879841356043e-07 5.545235917059776705e-08 6.712138036676452303e-08
6.115768023320514724e-01 -2.600855585197239201e-08 -1.942099661264707002e-08 1.930906510152751502e-08 -2.169450022516829979e-07 1.418826527008918206e-07 -1.782025366275399210e-09 3.034512081503332955e-08 -3.119518201020459058e-08 2.268350739276989383e-08 8.317335430916171862e-09 1.523531296293555640e-08 7.256386451934269743e-08 1.201568907409658768e-08 1.739408716645582582e-08
6.157710000000914397e-01 -2.147314576033806467e-07 -2.833308233630312183e-08 2.479866271765470037e-08 2.874200936273539419e-08 -5.865017991748991534e-08 4.527046266302612910e-10 1.765918601609792989e-08 -8.253534147059015470e-08 1.538946199936511048e-07 1.964270912736401893e-08 1.209031688789590944e-09 2.691858400479814794e-08 5.922456672450598843e-08 4.139139689920755997e-08
6.199632023912512446e-01 -2.345173693879482069e-07 -1.470797966918631969e-08 3.368108257243959153e-08 -1.984349644944651096e-07 -1.389126155081821822e-07 -2.382139345629124379e-08 1.056814021639792003e-08 -1.389874562828856701e-08 -1.129988502620570154e-07 -9.040865953141814751e-09 9.134432973796064653e-09 -8.193477175558667662e-08 -4.652796149021124135e-08 1.400977329974654020e-08
6.241630060990407403e-01 -1.603120491810063406e-07 3.571856906941686004e-08 -1.810678685773826834e-08 1.121429115083906127e-07 2.149426157237367146e-07 3.164532995610315521e-08 1.046001825273843176e-08 4.681122754420776338e-07 3.740837891056993940e-07 1.853313974443427088e-08 -9.630132691117092844e-09 3.053952541505845223e-07 1.093796765320544218e-07 6.083137533207675994e-08
6.283593402461892241e-01 1.085801591473064985e-07 -9.630691021093074468e-10 -2.628081837906348354e-08 3.538250521063417409e-07 -4.222164264177412413e-08 -1.896880640042801020e-08 1.979619098644332905e-08 2.326461533125013478e-07 -1.056310664862525935e-07 -7.396662250833749945e-09 1.130110851583320432e-08 1.805201505799034050e-08 -3.895255005453133953e-08 -3.568115907615778586e-08
6.325410955997395890e-01 1.282896601594037525e-08 -2.187977088038222673e-08 5.525731447222323441e-08 -3.293075892017053101e-08 1.104318853572863311e-07 1.212502174764201797e-08 4.053138411753215176e-09 -2.550365848168712512e-07 6.518232545265080247e-08 8.455344800137369226e-09 2.993495469819418134e-09 2.004171431923655000e-07 6.561743470894010434e-08 6.886278868774990819e-08
6.367142920629192959e-01 -2.982304571733282538e-07 2.151198977038414255e-08 1.017779281648013723e-09 -3.902483698224474487e-08 -7.740207955147751851e-08 4.484462480032554857e-09 -4.753850263945794622e-09 1.578959909567797934e-07 7.275208488177562044e-08 3.554935414354687118e-09 5.222878080312802680e-09 1.063163611295450302e-07 6.740883019577083110e-08 5.994093946302800391e-08
6.409035099394975177e-01 -3.360821636300696769e-09 -2.116609984605014174e-08 -5.800214304362167873e-09 -9.428144336832495946e-08 2.320283008779391624e-07 -4.104033253175972105e-09 -2.578927860746556028e-10 -5.495177017218831923e-08 8.014907540147807856e-09 1.897970850751040616e-08 -1.794512966892142434e-08 -1.883080518521704081e-07 -1.472169893852467083e-08 -1.427727494581184744e-08
6.451032402190634008e-01 9.205490750743753962e-08 -2.055297895565151753e-08 -1.482401327494695268e-08 -1.682282180344924118e-07 2.383931642426908629e-08 7.789622370628390749e-09 -1.373822383387009854e-08 9.735751739650758293e-08 -4.896884507284779825e-08 1.419887864585870089e-08 -2.388004767704406684e-08 -1.855486946792670783e-07 -3.433225588713853906e-08 -5.893065503217879420e-08
6.492879941711476866e-01 -1.134326914072311649e-07 -2.953136582122894424e-08 7.424363300435476068e-10 -1.646137722242183704e-07 -3.982026806990715772e-07 7.343456518552766041e-09 -1.640470327645778054e-09 -6.025643210161205670e-08 -3.760795298884822419e-07 2.146879189793767169e-09 -1.222844846625984817e-08 4.467989919213918487e-08 -8.986047919871687001e-08 2.965320608044210397e-08
6.534659541563927476e-01 -6.829078725525366564e-09 4.128924719138906245e-08 -5.421525839229758768e-08 8.589140698871547503e-08 8.246444879394392676e-08 3.790049703978222404e-08 -9.777539642714963703e-09 2.087091886135633370e-07 5.480209349836051314e-08 1.984890638434963151e-08 6.015601077157115522e-09 1.202497736130804407e-07 1.622528851697566756e-08 2.171033964314549548e-08
6.576591076962554627e-01 -1.988921743374030024e-07 -2.852051400797777983e-09 8.821748825403953921e-08 -2.851923955772782393e-07 -1.556732140373738481e-09 -1.256422682201110442e-08 2.948277788533459766e-08 -1.351874256325508225e-07 1.458477869455242589e-07 -1.419305001775204652e-09 -3.368080142640612825e-09 -7.094200796532251429e-08 1.088660844569585194e-08 5.771067625803655260e-09
6.618529307405217610e-01 -2.469159598232214837e-08 9.102439058842026926e-08 -2.417609075297923246e-08 1.496847966757843071e-07 -8.666945314728101240e-08 2.574748081695081335e-08 1.298276585127388146e-08 5.192806372550921344e-07 -2.323330966411694947e-08 -4.076411063684164588e-09 1.972974102139231552e-08 2.062810519661814645e-07 -3.506690582159219201e-08 6.277077623688452435e-08
6.660240791386257131e-01 1.389410482511155055e-07 5.253975241326797020e-08 -3.760439367071407262e-08 1.170544402714588843e-07 2.524670323010949775e-07 1.235451865848049556e-08 -1.530893417908217115e-08 1.235823088269270387e-07 4.658083028790408084e-08 7.792262877946058573e-09 -8.764176071661419032e-09 6.588250140260932961e-08 1.634461894983775207e-08 6.518223108124322978e-08
6.702067828716186115e-01 1.504000779409773034e-07 -3.633250014970441575e-08 2.840693688894163309e-08 -2.124891600420424828e-08 -1.875542234703038751e-07 -7.201134780249900075e-09 2.218230084305384063e-08 -7.842968060753078029e-08 -6.663529230147193116e-08 -9.290673795647869758e-10 7.280932989230377390e-09 2.778350010373950187e-08 -1.816277298462986490e-08 -7.206072942049460303e-09
6.744172070879622671e-01 -3.261983154435107110e-07 4.151749878916968021e-09 7.877428509543655148e-09 -1.214422278436425252e-07 -1.946839417530092684e-07 9.496276174642576322e-09 -5.868156079520517770e-09 -1.617497573054529661e-07 -1.037634315531997151e-08 -1.001807697063223002e-09 3.103422397874022536e-09 3.043139781829763955e-08 7.123389489042013749e-09 2.352174691965524818e-08
6.786118453466847278e-01 -9.634059118226504016e-08 1.999489001491570696e-08 3.148389927893645637e-08 1.081242026590407617e-07 -1.522172765436105397e-07 -1.891246710344365468e-08 7.540738494200890355e-09 1.715401854761206828e-07 -1.889909540226868179e-07 -2.248968395569974679e-08 1.296758997696209917e-08 -4.016371550234779185e-08 -5.254068273121077211e-08 1.529462006514477816e-08
6.827984616056306244e-01 -8.776618479408084035e-08 -8.357642485410341870e-09 3.296372811945787965e-08 -1.747036285499261894e-07 -1.759594509957298843e-07 1.336484643929461603e-08 1.142997338863608777e-10 -6.219556605606611382e-08 -2.653884622171074903e-08 -5.344142496069232854e-10 -4.938480504956983471e-09 2.430702976159315062e-08 5.020030951411905050e-08 -4.653192377439745796e-08
6.869817177358829019e-01 -3.946353905782226458e-08 -2.331824710824203600e-08 5.223351780020360874e-09 -9.864374002175703676e-08 1.182270334970277940e-07 -9.277854504519836418e-10 2.095012030445522055e-08 -2.066724794721462794e-07 6.792014647967886309e-08 2.511793886257214345e-09 -7.398061510402218947e-09 -7.723929884923612298e-08 3.158913835864068841e-08 -4.977753809081211859e-08
6.911718524128840357e-01 4.213377321020690232e-07 4.779351311789756099e-09 -1.675548492095317317e-09 -1.779656297288149918e-07 3.898874582033639248e-07 4.448011595870735807e-09 -1.182461023648749913e-08 -1.386429020716726669e-07 2.294901648232587556e-07 5.190364398245816283e-10 -8.048650415012935246e-09 8.168264107949381609e-08 5.207793774897801906e-08 -6.534343095254622150e-09
6.953555746427921846e-01 1.003319766859273273e-08 1.728687495670728355e-09 -1.218576106039461776e-08 9.483987275365989291e-08 1.899111414419876096e-07 -5.613575621056687556e-09 1.843930257887270639e-08 3.579048501280520185e-07 9.119979251788455582e-08 4.433277523668858208e-09 1.091308714535859851e-09 1.450768514185005677e-07 9.562732341564078807e-09 4.509013155677987688e-08
6.995344561305086861e-01 -2.508039945195408717e-07 -1.986517982959845191e-08 -5.385684948150559687e-09 1.178284124943906058e-07 5.420513696090293312e-08 6.492299193620650520e-09 -4.937567864302915296e-09 2.748272406549505184e-07 1.584670142243381683e-07 -1.906424978126552188e-08 1.789170268901572160e-08 -3.183277082825523006e-08 1.963666005493643596e-08 -8.006587311941650117e-09
7.037287066792784485e-01 1.907628866692164678e-07 2.597236740467328646e-08 -2.904453273027468596e-08 9.606359117945697066e-09 -9.530121135750951078e-08 9.706069735410586321e-10 -4.667244542789627805e-09 -2.161939010523581456e-07 -1.459499012577820018e-07 -3.809396458499855688e-10 -5.855118756547723455e-09 3.797441799323752784e-08 -4.821719015417943374e-08 2.618283183451222136e-08
7.079143033440539190e-01 1.950103436514911271e-07 -2.116921879146052097e-08 -1.096583852010837045e-08 2.657956800099469962e-08 2.051244788642939876e-07 3.739274123828534951e-09 -5.498873502549501689e-09 1.321295117378144335e-07 9.244046800071390604e-08 9.589733482490989816e-09 -1.115571932999707192e-08 9.458654672879043610e-08 3.968395747004861675e-09 -2.545941914192040945e-09
7.121186686741065586e-01 -6.013775357490993759e-08 -8.527365947979512302e-08 9.847362220384024973e-09 -2.099049506251074066e-08 -4.160224111943100197e-08 -4.537066831821666270e-08 2.526966132963002663e-08 -2.169427824635378696e-07 6.780725941003772384e-08 -2.066943447501154787e-08 4.574899696923829348e-09 2.777153032342720049e-08 2.359033401615392290e-08 2.877776122689829686e-08
7.163134555705721329e-01 -3.766523236385152704e-08 3.604864772557984172e-08 3.510267084206223690e-09 -7.750987310028398911e-08 -3.904100362991433485e-09 2.387620235544632491e-08 -2.419552422724082536e-08 -2.836355439641777058e-07 -1.125074636877203848e-07 2.771925794920552554e-09 -1.562305139200262611e-08 -1.943610867854103972e-07 -3.180250316505528924e-08 -3.219793018904076590e-09
7.204913713645887396e-01 -9.856070458872006230e-08 -2.139988922995699188e-08 -2.078460363893514977e-08 -1.507908941164033202e-07 -1.856801120249364796e-07 2.692156710439270917e-09 -5.227772276111059003e-10 4.425479110973248745e-08 -9.113770113634384209e-09 1.499625883034384312e-11 -9.208792097181547343e-09 2.843719859834876444e-08 -1.333387768810512704e-09 4.629538953777442893e-08
7.246803275165087932e-01 -9.335508963831084354e-08 3.822927377380443039e-10 5.318514353670583581e-09 1.430777763519231980e-07 -5.084009743975624436e-08 4.527049870723158138e-09 -1.556843407923531676e-08 2.581987444367638233e-07 5.773479151550626014e-08 3.448153615549068846e-09 -1.433487121399882844e-08 2.704018231175531198e-07 2.514892467875129498e-08 3.290111145071975009e-09
7.288763115175647123e-01 -2.131328288117061857e-07 1.801524439876662333e-09 -2.246033151242641711e-09 1.714793517263480098e-07 3.256655465858767087e-08 7.387824096486479104e-09 -1.797198275079356943e-10 1.025381158939581838e-07 1.313002384273230472e-07 1.142631690714963568e-08 7.679274547298765089e-10 1.362995181567915108e-07 3.347432671547260105e-08 -3.851704233360305299e-08
7.330585840505703388e-01 1.582294755294234476e-07 2.342517095333487663e-09 4.399857234037140189e-09 -1.036620970754791852e-07 -1.601960102048108962e-07 -2.690856783733069163e-08 1.358559835765384782e-08 -9.399079004650417701e-08 -2.802481435390778058e-08 3.786989339693334705e-09 -5.202603348465551671e-10 -5.110753916394778014e-09 7.807618520784302872e-09 -1.710698302058376763e-08
7.372316440474646626e-01 6.068267000755987048e-08 -3.352767484222241421e-09 2.672442575806478681e-08 9.961194119527384070e-08 1.548757306899837909e-07 -4.113277721016991952e-09 2.633197236246042120e-08 -3.156176743127481185e-07 1.440873932985808986e-08 -3.542748095127386937e-09 -3.700534254882438477e-09 -1.703486989961570435e-07 -1.703247115362298033e-09 -2.449685278763669418e-08
7.414228560306842519e-01 -1.267924559562742017e-07 2.562024171225491544e-08 -2.706928480714239078e-08 1.001476856059683234e-07 -5.828988408024244724e-07 -8.545123190445469331e-09 -9.326759798347122010e-09 -3.270790461497729165e-07 -3.528139023890579165e-07 3.201071244979712624e-09 2.303345173357220156e-10 -9.676688942202084164e-08 -5.663434227880724661e-08 -1.288945636417211805e-08
7.456189213758863676e-01 -1.486105066014027176e-08 -7.272434711416906760e-08 3.331357248928402813e-08 -2.773206675734669101e-07 1.504733196161548666e-07 3.742153788947005569e-10 1.000671085479968855e-08 -1.301809333878879795e-07 1.371817089948618919e-07 2.497922014095999511e-09 1.523317966878087939e-09 -6.057829277600726460e-08 4.898719718804127503e-08 -4.990851777535120119e-09
7.498104337627916616e-01 6.646413416026492199e-08 -3.010050528460046007e-08 1.265575460400794202e-08 -9.149616462917345497e-10 1.970270327298379897e-07 -1.663615706512449008e-08 4.184909434275058334e-09 1.168227427476805523e-07 1.870190533372925916e-07 -4.749786345444708993e-09 -2.830415708983165847e-09 2.358397856020474481e-07 4.860747059728669627e-08 6.392923221994953254e-08
7.539974189770904944e-01 8.666366669035111580e-08 -3.151013008370314469e-08 1.855712675492721568e-08 -1.633613061755149554e-08 1.308237486955580649e-07 1.145865471560307582e-08 -3.799027364272167097e-09 2.249446881430213941e-07 7.858968070329339654e-08 2.108050056337277989e-09 -3.449841477178826619e-09 1.270084483848223728e-07 2.185973756099854754e-08 -3.700260612329167133e-08
7.581896411468850294e-01 8.588685378656129598e-08 4.321047812930552316e-08 1.789496052873627243e-08 2.108327323434835928e-08 2.742217624855816637e-07 -1.931657748722794374e-08 -1.015587300812215026e-08 2.101262354174972098e-07 1.183728177640514142e-07 -2.479812556973300406e-09 -2.944964015092480788e-09 1.379159060432883388e-07 1.711094136757183464e-08 1.043976327059834671e-08
7.623808615479977790e-01 2.986060914508213282e-07 1.555343858578851551e-09 -1.405893454610052187e-08 2.834694189660089847e-07 1.926718068702742913e-07 1.814341028253756132e-08 5.212225517574738911e-09 6.388580199305088962e-07 8.824534884384198768e-08 4.403686343717756285e-10 -6.108865605967009275e-10 2.761301810900096317e-07 -7.441803186720450586e-09 5.418267402142958102e-08
7.665651159623174671e-01 7.131033968856075260e-08 -5.184564436777363789e-08 7.709332722767282705e-09 1.506800154053836669e-08 -1.069789183207106703e-07 8.791390836314431273e-11 1.310977234229082458e-08 -9.996164677242057276e-08 -4.319345594286275213e-08 -1.397866688202392178e-09 -1.770249114711553487e-09 -9.551060140809640685e-08 -3.708156171647255168e-09 -6.609422944202362867e-09
7.707536355579491794e-01 1.682690921160358631e-07 1.632484110847109005e-08 -1.663449932363626970e-08 -1.488801147602331074e-08 2.917545883886293789e-07 2.979168603870024931e-08 -9.477637757166022878e-09 1.045401909659103316e-08 2.369522091681665401e-07 1.775143840445902749e-09 2.246130834688270860e-09 -2.361332585031441455e-08 3.652394275645896451e-08 -4.774619374307451725e-08
7.749462413082437440e-01 -1.631557703094502207e-07 -2.994707833212640482e-08 -2.315724861257485923e-08 2.461385908367451759e-07 -2.798107607335710505e-07 1.174586524781729931e-08 -1.102357386873043688e-08 2.428752442081438622e-07 -2.062507719427077554e-07 -1.193218436052132275e-09 -1.458559736087359454e-09 1.011319999282420110e-07 -5.570113349502483104e-08 1.510160579474973197e-10
7.791369682448587852e-01 1.793302480250097642e-07 -3.340065898271024066e-08 2.476540584880598620e-08 -1.932890535306023872e-07 -3.448066273329953814e-08 1.660113545344408416e-08 2.066336452139586020e-09 -3.173944384121581494e-07 -9.133684012251538267e-08 4.460065704211933534e-09 -6.270816251820451344e-09 3.456344967790964803e-08 -2.024248318190690513e-08 -4.446730719870633160e-08
7.833258353347896108e-01 1.694281969910726169e-07 -9.360296828469587418e-09 -2.370328830606301367e-08 1.283985124277066269e-07 -1.084508073971817933e-07 1.197993796228466903e-08 -1.390522659789684916e-08 7.283236902573584057e-08 -8.799990330032668784e-08 1.643822040899046690e-09 -7.003702502260771975e-09 -2.095802073845249376e-07 -3.622092873043432987e-08 -6.131382471954517047e-08
7.875159900600451346e-01 1.612194684419081657e-07 -8.630838434677187497e-09 -4.580202783020776350e-08 3.890408330804076721e-07 3.009624588075618859e-07 1.326976564832382564e-08 -2.815048535682031158e-08 4.065718060756842537e-07 2.191368273861344413e-07 4.790804947365125725e-10 1.029762938112794210e-08 1.912138777597158789e-07 4.271332494299136177e-08 3.139504108911798484e-08
7.917084457625156446e-01 2.006419064916783075e-07 1.993384449178331066e-08 5.079606263187855528e-09 -2.893403539951612672e-08 1.518796813301853956e-07 6.375601240285311891e-09 -1.045137761487153614e-08 -2.570984232957060737e-07 -8.896931961734115674e-08 6.644794977714265483e-09 -1.069244246872043098e-08 -1.371761245839708348e-07 -2.956576052029849568e-08 -2.281652965845410173e-08
7.958821468706197555e-01 1.562914610172545751e-07 1.205801267388222571e-08 3.345454419288142370e-08 2.192524863842632724e-07 5.771791434604316507e-07 -1.420493133976250926e-08 1.649818333509367723e-08 1.849990415351113084e-07 2.577015516466530623e-07 -6.507614888380952042e-09 1.187717595507140140e-09 1.317000709094231547e-07 1.713392304206121271e-08 2.801487656888920455e-08
8.000624692379799674e-01 -1.714176822642630742e-07 4.034765559234087773e-08 -4.599342555705324282e-08 1.300493157422469413e-08 -6.025479569956393217e-08 -1.649093353443316494e-09 -1.964637205609942107e-08 5.203149261569529489e-08 -1.580110016307509472e-07 7.120569401211797848e-09 -9.750935439938402538e-09 6.540382273188032426e-08 -5.193227940470621876e-08 -3.631166334472106045e-09
8.042564613727184453e-01 1.496912614729612152e-08 5.059811399877695469e-08 -4.334691952076073464e-08 9.412726952828408904e-08 2.787198900349128667e-07 -6.073327003620651670e-11 -1.152770355519052330e-08 3.427214626780903173e-07 1.680932009696799888e-07 5.961064721339528038e-10 -1.425451777838516947e-08 1.605133349269254356e-07 5.610553160985692490e-08 4.998867373328250732e-08
8.084384822996342201e-01 -1.588794114126251501e-07 2.360785706688722337e-08 -3.682141056901855949e-10 -4.246577639583590604e-08 -2.597539918593906864e-07 4.947004916015384110e-09 7.114275814953284183e-09 -2.411739894559117245e-07 -2.246575261059484429e-07 -1.125334552708845201e-08 7.908388048341124875e-09 -3.698469618374613497e-08 -6.435712269787457885e-08 4.098555862194352715e-09
8.126333810499198895e-01 -1.553781876352924916e-07 3.124076433861650762e-08 -1.174525878399333060e-08 -4.434019290894241694e-09 -2.291949210251206810e-07 1.309163875580767696e-09 8.076193395984280751e-09 8.217616816747196097e-08 -1.341154393634166648e-07 -5.225662010153697174e-09 6.402329915963725685e-09 1.388045998365881103e-07 -1.778249641827188977e-08 7.469721676212780704e-08
8.168271958201180905e-01 4.968779031597230735e-08 2.149731998877925773e-09 1.698220125847737201e-08 -9.541714839412725689e-08 -4.112811485431672356e-10 -8.539687154899047724e-09 1.267356038054095860e-08 -1.453630623734684361e-07 -2.808302939696336390e-08 -6.856708417905854126e-09 1.165344241478660843e-08 -1.294032069430861562e-07 -4.207522470749038520e-09 -4.764350461279736807e-08
8.210214995694952167e-01 9.587908931406881836e-09 -4.851393742738136249e-08 4.871113561975419347e-08 -1.552812477634589016e-07 -2.004164521147710168e-07 -2.011463836526911369e-08 3.926528090732581401e-09 -1.820431392749250693e-07 -3.974979366082346623e-08 -3.004772483885619344e-10 -9.837887578147116467e-09 -1.302104675666748878e-07 -9.639567194626547033e-09 -4.816750894952106340e-10
8.252154145000215602e-01 1.935888360147395524e-07 3.366833703600795856e-08 -7.689491485595233362e-09 1.639985065950152805e-07 -1.430762830924866517e-07 -1.270337492807066200e-08 -6.933384476178031004e-10 -2.083532734476896795e-07 -1.759804005480990655e-08 1.458268577168664629e-09 -1.575720739016182814e-09 -1.212996775965771902e-07 9.899507085194258416e-10 -3.029964225536641623e-08
8.294030907808404018e-01 2.252801936751784871e-07 1.581735421788689305e-08 -2.095771058883095261e-08 4.242115293052750806e-08 3.926021639050560471e-07 8.418529181765709610e-09 4.474062876152336049e-09 5.039919867016392849e-08 2.862926304828253658e-07 -9.324495269610120444e-10 -1.239258863532895022e-08 -2.802094335202873412e-08 8.304433982372101026e-08 -4.666437452712876008e-08
8.335906150371191758e-01 -1.626371935991533753e-07 -1.270108091386672015e-08 -6.679502485371379019e-09 -1.024773528056798903e-07 -1.640475471552351050e-07 -9.603853812211889948e-09 -1.330766815984656905e-09 -2.957196058707362645e-07 -1.057727938326958099e-07 -3.999434235289701457e-09 -4.687602416800569073e-12 -1.044440282488262525e-07 1.146098689455293790e-08 1.188111522556550672e-08
8.377685032221774408e-01 -8.016577429937008923e-08 -8.968234944439846691e-09 -2.455392756795074104e-08 -2.193875375980857489e-07 -3.031059044555028567e-07 1.421866708220515752e-08 -1.752210260753919140e-08 1.655636708628858373e-07 -5.387747001097835191e-08 8.723693666859937716e-09 -8.381851194405291892e-09 6.033763374456489623e-08 5.611185562267945283e-08 5.133095428421662151e-08
8.419567297582307708e-01 2.864467408115215216e-07 2.937987029837730231e-08 -5.523759396128915269e-09 6.758651812589698867e-08 4.695452402429390653e-07 1.311980500793799911e-08 1.279447976067890851e-08 3.946409170950725495e-07 3.458295802018510538e-07 -2.816900920982497034e-09 4.497467234603146006e-09 2.735953895421259321e-07 8.686407244041720218e-08 8.321405533009556300e-08
8.461556544987137718e-01 -2.061142715354461789e-07 -2.444691242022387678e-08 2.149076436774458635e-08 -3.823244246819486667e-07 -3.184185873516737576e-07 -1.394496644119444254e-08 2.997552119895689493e-08 3.706222021029087987e-08 -1.351423921321777702e-07 4.574061410573745290e-10 1.223211759952217519e-08 2.113062732763192310e-07 -4.221356729993947624e-08 6.530665520398719552e-08
8.503430790983292908e-01 -9.292419584335330189e-08 3.437608735889761471e-08 -2.991539292125451970e-08 1.684209865686558325e-07 -2.009508301945618030e-07 -2.880002083485955143e-09 -8.345393330296785592e-10 2.137572147758098725e-07 -2.181003964041202476e-07 -3.286643758581250765e-09 -1.172269348128697968e-09 8.152987035314612225e-08 -6.739815029693272727e-08 -2.308159940041254393e-08
8.545245840949285965e-01 2.331858279809511480e-07 2.195276444156489515e-08 1.792706762647477977e-08 4.242615803949196117e-07 5.282698047839446978e-07 1.012186227799425478e-08 1.682193626041796962e-08 1.986073110741039110e-07 3.168029776780152822e-07 4.646906732644246346e-09 8.973894870885109619e-09 5.770324991210874877e-08 7.934226356465704206e-08 3.724412798498766478e-08
8.587196449246210506e-01 3.631121658609519673e-07 2.135202731513841965e-08 -9.588413246158804620e-09 -1.734027869144384517e-07 4.182341742355347766e-07 3.193177738444992051e-09 -1.364617095094672241e-08 -1.131133842228521368e-07 1.378280890969686101e-07 7.246661717246474235e-10 3.564929595575226742e-09 -1.642862442641608875e-07 9.865610259536660709e-09 -8.903126362861913524e-08
8.629074348139629258e-01 8.917226435797457706e-08 1.504771954509145325e-09 -3.045337422173379170e-08 -8.759424397662393057e-09 3.503889240040188974e-08 -1.387944686878635274e-08 -2.973313279986536058e-09 -5.036303030315570111e-08 1.613266566214789480e-08 -1.864119157909222204e-08 1.254240995057598065e-08 2.286883155537998493e-07 -2.727141838691932646e-09 7.221278331892945748e-08
8.670852844200982457e-01 -1.541108984809501216e-07 4.192378784842760056e-08 -7.272487997836620862e-08 -5.038955668020129891e-08 -6.732050396931982458e-07 1.413983050689353806e-08 -1.408973855008206060e-08 -2.562948402862170998e-07 -4.096472942783871155e-07 5.865685358855956115e-09 2.185788303860873401e-09 -6.906371512723844454e-09 -8.303454576907654055e-08 2.797396596407640822e-08
8.712764316473343706e-01 1.954178310787092982e-07 -4.020726296485139685e-10 -6.709454038809912952e-09 8.348755324447503594e-08 -7.357160451536508497e-08 -3.057090356098964313e-09 -2.737782509843136616e-09 -8.169623994538957850e-08 -6.800471466776313622e-08 2.357227876644121434e-09 5.347021862722364561e-11 1.296633114249613308e-07 -3.296978789623922696e-08 -2.265532320281818830e-08
8.754762476624626810e-01 -1.562409082394383600e-07 -4.852159079923309562e-08 2.514168751571465060e-08 -2.008597608524621269e-07 -2.107705204424022190e-07 -1.990501199030635387e-09 4.249472937248843682e-09 -6.405938372200302709e-08 -1.971304012374627927e-07 4.349340606445187000e-09 1.386213185448434809e-09 2.367520587862465675e-08 -6.645418326393959180e-08 -2.651654869375438458e-08
8.796707865602606535e-01 -9.948842786916214392e-08 -1.513627230703386726e-08 8.630964403545550773e-09 6.034568557743871717e-08 6.643953726485504570e-08 9.444620466176008371e-09 3.635564371532199504e-09 1.430929958000268320e-07 1.046369732402969280e-07 2.531849900153546299e-09 -4.341631109419978278e-09 8.201304778630074417e-08 1.602352709849322257e-08 2.403818809649692517e-08
8.838562222970675064e-01 -3.956272284105581197e-08 1.858219614438371766e-08 -1.498216614799022303e-08 -1.381931471461877249e-07 -1.423643976197450505e-07 9.187901214022838121e-09 3.101820124394122032e-09 -2.282960545549843041e-07 -1.201825702058557011e-07 -1.406455502362413699e-09 7.601601325249388235e-09 -2.851274287018038150e-08 -4.794102245578433207e-08 -7.455602220072198955e-09
8.880381764417510926e-01 -2.644236453704818038e-08 -2.581904128813133485e-10 -2.564255808032831474e-08 -1.045650171690394593e-07 -5.461103772841543965e-08 6.040889218177777412e-09 -2.367467875585564091e-09 2.602039645356572768e-07 1.578632230724847684e-10 -3.167440744191645897e-09 -6.104800455746488225e-09 2.901505089083869092e-07 -1.862382849454917603e-08 3.444979931008273410e-08
8.922270316229049536e-01 -2.375786462705238465e-07 8.095075656508578820e-09 1.339816705775787401e-10 -1.886262628032622039e-08 -1.825183680035066950e-07 9.257695155652307618e-09 1.206352940884853488e-08 1.240356579501988996e-07 5.654537547625845398e-08 2.047523603245476518e-09 8.050559438481413802e-09 1.253656626082849267e-09 4.020721659452902432e-08 3.827418524644738447e-08
8.964225585562245469e-01 3.684161882380240952e-07 -5.974568775832802132e-09 -1.678164562336009510e-09 2.658811255310663650e-07 1.515021403310622788e-07 3.676667148242549533e-09 1.489847446284103883e-09 2.358114274889500933e-07 6.389786612800218743e-08 -9.266559664813802840e-09 1.135774750686814724e-08 -8.960985642911817520e-10 1.358120058728654375e-08 -2.119799801517911330e-08
9.006049913569987853e-01 -4.119847886988696445e-07 7.597721555647409554e-09 2.012544799601521664e-08 7.536199252953116450e-08 -3.612324903507402952e-07 8.515083971546036578e-09 1.221299431983695551e-08 3.414414225832670881e-07 -7.788239429340561736e-08 -2.948940585284817179e-10 -5.893539307534047132e-09 1.634097145649188042e-07 6.690867712641553319e-09 -1.396454285899439174e-08
9.047836582182254839e-01 -1.958093556095712514e-07 1.732325727405837850e-08 -2.235475520845134937e-08 7.306951728156664251e-08 -2.137386151545357204e-07 8.221447823702099549e-09 1.379329527843074655e-09 8.970640069824094722e-08 -1.663341424938649137e-07 6.032164895010957218e-09 -6.573087680293120238e-09 -8.252516716549426645e-08 -1.367314816877255909e-08 3.094775981737195318e-10
9.089780964569278421e-01 -3.572833435660478961e-08 -1.362037527318656595e-08 2.247541605675623475e-08 -1.481001646059883299e-07 -1.143672506642458855e-07 -3.572686791906489149e-09 2.087523189303091346e-08 -3.393633765593043852e-07 -1.330765997453491523e-07 7.622409162295539448e-09 -2.706042964693624883e-09 -1.283859047331233922e-07 -2.594473310246112802e-08 -1.079965446447769620e-08
9.131704587403689510e-01 -5.151703797283917672e-07 7.892211336691005571e-09 8.260266419620584898e-09 -3.629751387687852914e-08 -4.149838587357585928e-07 3.072757826212923237e-09 -5.713705065770091242e-10 6.271001923139332061e-08 -1.044845390800466459e-07 5.842992079165341121e-10 4.017264814949596045e-09 -6.594507947582899809e-08 -1.228076915488629579e-08 -3.394554926537005251e-08
9.173547920329833127e-01 3.375012920571991352e-09 -1.076632183873044612e-08 1.569600857498904919e-08 1.346253219411621066e-07 1.076332692269804427e-07 -4.754304953479843307e-09 -7.533805893172645609e-09 2.214323735413425917e-07 1.223237305767673959e-07 -4.577535606532288039e-09 2.411571283768408732e-09 1.217500970409301105e-07 5.332001320420043100e-08 -3.570623660264521926e-08
9.215425617950214754e-01 -3.620200633294552900e-07 -4.201756106466299991e-08 1.940287308347014596e-11 1.054220010858148795e-08 -4.228359478671395588e-07 -1.321423517315254522e-08 7.776770892229088644e-09 -6.698594297801988225e-09 -1.422610435782407822e-07 -6.151776821475469281e-09 8.607759422256542881e-09 -2.308049248237335558e-07 -1.143473917044710392e-08 -6.155845920135597255e-09
9.257400405750663142e-01 -2.839096378726365423e-07 -9.630978198258645859e-09 -4.900133930395083014e-09 -1.530642273827883266e-07 -2.933503968953580002e-07 -4.633896215733163457e-10 8.437740866232666915e-09 -8.071936268842856828e-08 -2.033214793518484751e-08 3.764976525254150094e-09 9.071906544245792196e-10 2.555656252652191810e-08 3.070154579718903848e-08 1.139200517324471607e-08
9.299303352268617484e-01 -2.154996162644677744e-07 -5.389484788474459252e-09 7.311062955362770203e-09 2.592074551343646601e-07 5.418597206943642975e-08 3.129280724424762055e-09 -1.250744543452638150e-09 1.736269831834065235e-07 3.606536394783104481e-08 1.348716211991614076e-09 -3.204584570035345842e-09 -1.094542979541587036e-08 -2.068516304200567935e-08 -7.531267899481884609e-09
9.341108300097852313e-01 -1.148473536482079434e-07 -2.316260955975930927e-08 4.404273002207582200e-08 -3.418290125896013443e-08 -3.466597089904138751e-07 2.826826217041549003e-10 -1.040293231030182366e-09 -5.572536289961924801e-08 -1.699766841724884717e-07 -7.164643542865233117e-10 3.609617728845961254e-09 1.402389279338389376e-07 -2.070906608158125855e-08 2.456933081745198832e-08
9.382896253999645220e-01 -2.335943536107832066e-07 -5.557459887073860250e-09 -1.516357546304305718e-08 -1.613124924840389829e-07 -1.349591280829880518e-07 -7.763686880402083662e-10 7.618506466970054767e-10 9.970789497443109766e-09 4.432708846169843462e-08 -8.920572273570033477e-10 -6.530779035748861503e-09 2.452499684325969171e-08 5.405074373151866979e-08 -1.901557540800626128e-08
9.424819561228944265e-01 -1.616469534723038307e-07 -5.063666134615472269e-09 7.227902725366667939e-09 -1.452698453244048540e-07 -4.270372029657077746e-07 9.979777337211258362e-09 1.030933496489358993e-09 -1.154376931149549201e-07 -3.148277607442283415e-07 6.136082455249490130e-09 1.351842223703968343e-10 -8.412899968547339823e-08 -6.156338040317608463e-08 1.072875857194739463e-09
9.466849863120379016e-01 -2.943302989912691436e-07 -3.156791475376544225e-08 5.226273687486179594e-08 -1.040471771466415322e-07 -1.115403901651944039e-07 -7.408258155528152719e-09 -1.182418242224832905e-09 -2.255390452555159820e-07 1.016688813277013644e-07 -5.251888628854812329e-09 2.496469988890336712e-09 -1.631165584842861928e-07 4.719179631022659562e-08 -1.342607245265494009e-08
9.508714331057195324e-01 2.219533327687036174e-07 3.547190610613224700e-08 3.524088411757882183e-09 -1.475545957212504737e-07 -2.440796854250288325e-08 1.164886628273012253e-08 -1.527767431098326443e-08 -1.697421989979721430e-07 -1.236574882636273351e-07 -1.015330603219765413e-09 -5.023305259738340516e-09 -1.555260113177490570e-07 -1.763031000604728181e-08 -5.667533572918531172e-09
9.550563230073290111e-01 9.869670070382065047e-08 -2.848464110831272894e-09 -3.062279664044880141e-08 2.697724701624956207e-07 -5.896268791133701463e-08 1.907886955474070337e-09 -5.043511710449097092e-09 2.022218847605324325e-07 -6.720285971736880060e-08 3.141302560507274433e-09 3.569575697906445850e-09 -7.858247604199956094e-08 3.309138078746417024e-09 -2.376504791844791943e-08
9.592513211539739348e-01 1.177399686548815352e-07 -1.943892206912752136e-08 6.776224267398214837e-09 -1.728877917775145865e-07 1.973814912017032610e-07 1.921673140102420646e-09 1.341857406845538708e-08 1.518157308931777994e-09 6.958822386639626843e-08 5.953488994842967261e-09 -4.089240185114225507e-09 2.591167386652505506e-07 2.607556902652480990e-08 4.919138192659246160e-08
9.634451052878124644e-01 -7.322734523086332168e-08 -1.206909680176181843e-08 -1.277072819076338535e-08 -8.886029650837623586e-08 -1.362931650772953609e-07 1.185316009957581524e-08 -6.934344679383459716e-09 1.083260433286008704e-08 -1.578273166082343442e-08 5.014967890936353163e-09 -1.006700674902518560e-08 9.441338614373361348e-08 5.348873529812849730e-09 -2.351791067982435568e-08
9.676230540453005791e-01 4.646948634087346757e-08 9.205778010193887884e-09 -1.414185883527993290e-08 1.701713992850873221e-07 6.257275135585827370e-10 1.373401075513594131e-08 -7.092137456397582661e-09 4.671567293378146348e-08 -8.928712858983174868e-08 -1.293518695709604461e-10 -7.084651732605902226e-09 -7.376013939354455164e-08 -3.122932869848267131e-08 4.913603416366924319e-09
9.718094297475188270e-01 5.272894808677658505e-08 8.604809348745373376e-09 -2.175580885170237990e-08 -1.637152932571141029e-08 -8.406093304158599172e-08 1.257677736289778232e-08 -1.577520275454300654e-08 -2.231201759140429165e-07 -7.215701557659153036e-08 6.228346756672014111e-09 -5.827658081935493593e-11 -2.034871344521866172e-07 -3.239755664839169796e-08 -6.683023788252760780e-08
9.760091362076940280e-01 -2.671015279331285490e-08 -2.866144193459865017e-08 3.895241437801226553e-08 6.085638819414387273e-08 -2.285921398087198349e-07 -1.862486637152584939e-08 -1.522927983194630390e-09 1.433753262144857521e-07 -1.153695540773873026e-07 -2.077521094300206541e-09 -1.793494596074023585e-09 9.447786949593738890e-08 -1.597292519707446679e-08 5.782396210220876910e-08
9.802075838006468755e-01 7.015042004447258250e-08 -3.275333167559353680e-08 2.186654293658446612e-08 4.925800421320870435e-09 -3.403125912090496869e-08 -1.242645167529832553e-08 2.793521590694728665e-09 -1.606788039350598396e-08 6.386258134237103620e-09 -2.011364957415574409e-09 1.160928310509643099e-09 -5.725310910013973058e-08 2.315873047484468077e-08 2.894722071050032610e-09
9.843901124947946890e-01 -1.409395599425063934e-08 -4.145204182689608496e-09 -1.361510799661893846e-08 -7.010752548509819648e-08 7.656405263579155928e-08 7.306602007432815229e-09 -1.094586085525808972e-08 -5.632518700935854261e-08 1.587468502845252198e-07 5.780188216834467067e-09 -4.844025781409316920e-09 -7.585706643465665436e-08 7.129302562053658852e-08 -5.759607481347315163e-09
9.885650797815361823e-01 -3.351315645951081627e-07 -5.616961654203162563e-08 3.445706683759789685e-08 1.028813866001643516e-07 -1.897880367809617867e-07 -1.747339917943906787e-08 6.903803697531878779e-09 -3.173909104703567379e-07 -2.513811303223066653e-07 1.413646183386485768e-10 4.193390768370907850e-10 -1.818597139329448849e-07 -7.321548302429926025e-08 -9.787004574688218695e-09
9.927561705083151056e-01 1.429225433248174139e-07 -1.227776520574503778e-08 1.166231220760246223e-08 -3.107506453295441077e-07 -2.759521846544789730e-07 1.470122422760369235e-10 3.073414846053262735e-09 -3.678036059893919208e-07 -1.974547345279644817e-07 3.806949395393849914e-09 -3.424701200134212063e-09 -3.224907615402227168e-07 -4.358267410338465522e-08 -6.618287345968583297e-08
9.969400597939003239e-01 2.480699119731830252e-08 -9.611108973000951371e-09 -4.713358952660693465e-09 3.901870439430388071e-08 2.255005334267391184e-07 7.490266095870027846e-09 8.063860450954208718e-09 -4.683390420195020098e-08 1.535320392045217801e-07 7.218457545532549046e-10 -2.731719934080552325e-09 7.195609201195773829e-08 3.040046934177059595e-08 1.073169969004751339e-08
1.001125867816581083e+00 3.310077504636343775e-07 3.357450502811470989e-08 -6.833418583271933227e-09 -9.668687569341875177e-08 7.292205953122883442e-08 9.117819620320005798e-09 -9.954623563635698506e-10 1.555535715005395321e-07 -3.813149012843670079e-08 2.096067450955299510e-09 3.754580853291914902e-09 5.534314747495281920e-08 -2.232768566969437269e-08 8.631117126635824132e-08
1.005315482813002204e+00 -2.006444191594320265e-07 -4.823780600877730704e-09 3.127656766146101230e-08 -2.712564676350150986e-07 -2.441328675245982889e-07 1.630954400566301697e-09 6.435542793247517401e-09 -6.256546682038905578e-07 -1.331314098962907230e-07 1.994997885770639328e-09 2.331829440608161579e-09 -4.392858193629585798e-07 -2.549323564419163556e-08 -8.160423122503717055e-08
1.009503724426713545e+00 2.054627741081120220e-07 -5.860244589323479991e-09 2.266939547289710434e-08 -1.095469913059482959e-09 1.588505827797665039e-07 7.672262895203580220e-09 8.001110119558313685e-09 5.077158023151712466e-08 1.127267008191101864e-07 -2.805426718026729390e-09 1.770931181810723268e-09 -2.099055409263605467e-07 1.273725290646942727e-08 -5.158100879793198224e-08
1.013699103815393299e+00 9.397426466827992799e-08 1.221934700736114631e-09 1.315960383770757861e-08 -1.960441695836120891e-07 -2.303236065762309207e-07 -2.405106764501732603e-09 -1.062863753583005764e-09 -2.459082720041230269e-07 -1.714522011860772370e-07 -1.051979446917889160e-10 -6.106855762281297619e-10 -1.409060772695638342e-07 -4.172491103592907909e-08 3.136703718707046145e-09
1.017885842421875964e+00 3.059330285688794104e-07 2.782592648183740939e-09 -1.495601497198050401e-08 2.202132690684262242e-08 2.628962108790135442e-07 -1.401047174582240460e-09 -2.260207453305115538e-09 1.722234561434196247e-07 1.040113613471754091e-07 1.243665301978596647e-09 -2.679227065063579290e-09 1.117340311644925607e-07 3.821548509804501076e-08 -3.222803645339420495e-08
1.022076284359184406e+00 -1.263555929325485820e-08 1.383275073906344441e-08 1.725857215918789971e-08 5.461853481776824805e-08 -7.848652783250611854e-08 -7.211433812405825032e-09 2.512587838418190579e-09 1.436644335032527052e-07 5.996206323743622069e-08 -1.232913645245740304e-09 7.674055903087442749e-09 9.163086453219805818e-08 2.628993724830763133e-08 -8.697779738851780464e-09
1.026273875264014812e+00 2.818956274696867262e-08 1.076248396867506009e-08 -8.916912807556038507e-09 -2.030233418156345712e-07 -1.712196060232795829e-07 -3.719418223426236169e-09 -3.451910012581155236e-09 -5.938027833402319000e-08 -9.264432065900340048e-08 -3.883107172971067171e-09 -2.704162111940608304e-09 5.335086944040811750e-08 -1.523174069703808335e-08 7.963744806023501184e-08
1.030463237552156075e+00 -2.351865791170604645e-07 -3.366282611418416978e-08 2.722882134561802837e-09 -1.782250765420606211e-07 -2.772265124023221225e-07 -1.082950491716539667e-08 -4.115274725751976095e-09 -2.681503545013522264e-07 -1.717890055027493340e-07 -1.304683988411138696e-08 -1.234603502745489314e-09 1.191804890661296352e-08 -1.762620752667807702e-08 -3.297137211192472081e-08
1.034646639530784062e+00 -3.327060834913567170e-07 -6.758687475383895738e-10 1.629248301277398114e-08 -1.160972356869909086e-08 -1.495456114640049393e-07 -2.041022968504525535e-09 5.035285920473970265e-09 -3.220911168821080714e-07 -7.512432291419242441e-08 -4.237137156949592381e-10 -6.982075489096874607e-09 -1.807318468660334618e-07 -4.051382043053063125e-08 8.032893134674660069e-08
1.038830480088573260e+00 3.603767749817541189e-07 -2.202037048731494902e-08 -1.054863149705830323e-08 6.707650322749390811e-08 2.835783523268451919e-07 5.875625167853819617e-09 -1.026904914519013743e-08 3.051365167713218660e-07 4.230673538334134474e-08 1.422620187268534033e-09 -1.141097193914119824e-09 1.071958317724376655e-07 -5.408799495654332021e-10 3.905208524587933304e-08
1.043023229532383578e+00 1.302060898120801856e-07 1.665110125442358459e-08 -1.820124951388938202e-08 1.043066090276475723e-07 1.757454242781201904e-07 1.018110437866677924e-08 -9.788704743420344207e-09 3.264707249848532185e-07 1.050949593720141168e-07 4.477960293432500477e-09 1.026039138967719582e-08 1.296073307404412986e-07 2.919889543960223997e-08 2.280311397725491532e-09
1.047211320931656031e+00 4.036338838846385885e-07 3.451313458348752214e-08 -2.486318289877495156e-08 2.441826397867970439e-07 6.700143167769180893e-07 -1.477879592774998948e-08 1.719282751555527338e-09 4.625272070782422659e-07 3.562236544934261423e-07 -8.211338696162936093e-09 3.339904128650051589e-09 2.845864655912511498e-07 8.890210743037159262e-08 1.147194496703567875e-08
1.051395396220772938e+00 -1.550848262547457870e-07 8.743034256033632466e-10 1.380216002370595063e-08 -3.070882717439550267e-07 -2.984597842024738005e-07 -8.236769671434051037e-09 -6.865817441887124831e-09 -4.207506428212094059e-07 -8.814494552847932589e-08 3.951773385299402548e-09 -9.125347008754754496e-10 -2.321825114392242049e-07 1.600688240652603109e-09 -1.180661432325571399e-07
1.055587561333155788e+00 -4.910618326467374679e-08 2.371848957096915169e-08 -1.758652948611247246e-08 1.528996866374779210e-07 -1.019406670391435919e-08 5.715978933987692908e-09 -3.122556347034875652e-09 1.466845601449745974e-07 4.061297915997233420e-08 -3.310553306147459205e-09 -1.055891838429809870e-09 -3.326656771842892119e-08 -1.286265982465739034e-08 -5.735743347879262061e-09
1.059780855230085139e+00 -8.871936180784571024e-08 -2.447500990829539133e-08 -1.818707672398690332e-08 -1.472272200902171908e-07 -3.817931396018552216e-07 -8.374030521080065155e-09 3.193973454987558034e-09 -1.165565725292592713e-07 -2.999771637726662031e-07 -8.820754407738697653e-09 -5.042009454780815538e-09 1.270848023712878224e-08 -9.463389337020332777e-08 8.032442876056654279e-09
1.063968553353427993e+00 -2.300634185951698918e-07 4.716657611053843846e-09 -3.734701885124787183e-08 -6.400075882671422904e-08 -5.027783394861188420e-07 4.576734030131140528e-09 -5.188931225368249401e-09 -1.705529241990103588e-07 -2.583171283033247325e-07 4.210782527084237259e-09 7.950057907231424983e-09 1.122628690490948820e-07 -2.969943111670715932e-08 4.062432406690944635e-08
1.068144877931138659e+00 -1.526112295945028583e-07 -2.203659160499163753e-08 6.650547511036047880e-10 -3.730349810719143037e-08 -2.530253470242808271e-07 -5.981087783147122075e-09 -4.970255234444956566e-09 2.879008654333472885e-07 -1.864528819199859368e-07 5.441534512938028160e-11 -2.530091009890413922e-09 -3.009576310763935960e-08 -3.542600598227443034e-08 -4.339123899363287450e-08
