# Columns: ('k', 'S1', 'S2', 'S3', 'S4', 'S5', 'S6', 'S7', 'S8', 'S9', 'S10', 'S11', 'S12', 'S13', 'S14')
5.345493089407682419e-03 -7.032683478461371429e+00 1.691866970486111086e+03 -9.259553697374132142e+00 -1.280176459418402679e+01 -2.555654398600260180e+01 8.015116102430555429e+02 -9.940471225314668757e+00 -2.926412285698784643e+01 -2.075885518391926965e+01 6.124650607638888005e+02 -1.068173048231336786e+01 -2.303390163845486072e+01 -5.822120666503906250e+00 -6.618103027343750000e+00
9.344366739594166943e-03 2.403761931388608630e+01 3.153895917338709751e+03 -1.713716450352822562e+02 1.857059601814516014e+01 2.057420103011592616e+01 1.064450352822580726e+03 -7.469464308215725623e+01 -8.228967482043850978e+00 -8.094784644342237101e+00 6.255957661290321994e+02 -3.610791803175403203e+01 -2.357749299080141014e+01 -5.662082795173891014e+00 -7.798005627047630561e+00
1.312833575873958818e-02 -3.597676179846938549e+00 3.424275510204081456e+03 -1.174551952128507537e+01 2.374107142857142705e+01 3.711527672592474403e+01 1.266210299744897839e+03 1.322438765545280503e+01 5.552903778698978954e+01 4.446499820631377276e+01 8.013405612244897611e+02 6.632425113600127098e+00 4.567895009566326081e+01 1.195031364596619738e+01 1.098264857700892705e+01
1.700891779646987109e-02 -4.367298177083333854e+01 3.207500595238095684e+03 -1.423504371279761926e+02 -2.247505115327381287e+00 -9.107196800595238528e+01 1.149188764880952476e+03 -5.176778738839286120e+01 -6.041164434523810201e+01 -5.788649553571428896e+01 6.573366071428572468e+02 -2.128921595982142989e+01 -4.909368489583333428e+01 -1.054575427827380985e+01 -9.864574032738095966e+00
2.135270783943789275e-02 -3.225442243303571388e+01 2.931798749999999927e+03 -1.683385602678571331e+02 -1.867225725446428442e+01 -9.626198660714285893e+01 1.010481517857142876e+03 -4.172335937500000114e+01 -9.132497767857142890e+01 -7.150678013392857224e+01 6.055407142857143299e+02 -2.724012276785714448e+01 -7.402292968749999602e+01 -2.085373604910714107e+01 -2.176205915178571360e+01
2.564347439342075027e-02 1.141572265625000071e+01 2.979886666666666770e+03 -2.976303819444444230e+02 5.830823784722222314e+01 -2.036852430555555671e+01 1.022347430555555547e+03 -8.002103298611110915e+01 -1.284052734374999893e+00 -2.593193142361111114e+01 5.681634722222222535e+02 -2.885251302083333158e+01 -2.669197048611111001e+01 -7.015534939236110823e+00 -8.141136610243055571e+00
2.962205054058980949e-02 -2.230264353197674687e+00 2.683068729235880255e+03 -3.537482090946843982e+02 3.883323167566445022e+01 -1.266915944248338910e+01 1.003359842192691076e+03 -1.317467945390365571e+02 -1.665713247508305628e+01 -1.601268557931893710e+01 5.942350498338870466e+02 -7.011451411960132418e+01 -3.167918786337209269e+01 -4.340883983726121720e+00 -9.009702359323089382e+00
3.361537140302770649e-02 -5.884260170603674567e+01 2.227096456692913307e+03 -2.973496965223097277e+02 -2.495359918389107534e+01 -1.114477526246719208e+02 7.717801837270341139e+02 -9.379848466207349134e+01 -1.001022904363517085e+02 -7.638780552821522463e+01 4.290120980971128688e+02 -4.492875963746718782e+01 -7.498827099737532365e+01 -1.799288724163385922e+01 -1.877543163549868765e+01
3.793950633336700545e-02 1.103962004706654954e+00 2.085826182136602256e+03 -3.616231118651488714e+02 2.788175298954684855e+00 -5.937434325744307984e+01 7.388226795096322803e+02 -1.290173352670753104e+02 -8.056390241900174942e+01 -6.154169631129597207e+01 4.000142020577933408e+02 -6.063071229203152512e+01 -7.783677895140105818e+01 -1.742679372810858140e+01 -2.047032344570928331e+01
4.227894994616508695e-02 1.037656812500000001e+02 2.076698200000000270e+03 -4.512675500000000284e+02 1.026646000000000072e+02 9.743703750000000241e+01 7.825687500000000227e+02 -1.697292125000000169e+02 7.110670000000000357e+01 3.972436250000000513e+01 4.217988500000000158e+02 -7.328689375000000439e+01 1.133539062500000050e+01 7.268965625000000763e+00 7.365921874999999952e-01
4.633325468672155889e-02 5.036896647805212268e+01 1.799059327846364795e+03 -4.470149605624142168e+02 4.861155049725650912e+01 -4.032943512088476723e+01 6.556835991083676163e+02 -1.536387067043895627e+02 -4.631974987139917488e+01 -5.942860510973936528e+01 3.443919110082304087e+02 -6.302984074931412550e+01 -7.049215534979423126e+01 -1.681630310142318052e+01 -1.975615408521947813e+01
5.038752484052157893e-02 8.375915621554575807e+01 1.628473676957001089e+03 -4.299571733737596446e+02 5.861358703142227000e+01 3.707031250000000000e+01 5.885398291069459447e+02 -1.462933951212789339e+02 8.032098435777287548e+00 -2.649857660901322909e+00 3.120291482910694754e+02 -6.346216923925027942e+01 -2.049762696389195327e+01 -3.201558408558434543e+00 -6.971219938671444183e+00
5.464179025701254577e-02 5.010244490358126512e+01 1.494325528007346065e+03 -4.512873622589531806e+02 5.297251635674930981e+01 -1.039439494375573858e+01 5.504651629935721076e+02 -1.628829057621671268e+02 -4.313384914485767041e+01 -4.684046430211203216e+01 2.752031967401285328e+02 -6.276534521349861961e+01 -7.287386650596877757e+01 -1.529481785181359044e+01 -1.972566216138659456e+01
5.886817576171304162e-02 1.100916107886309021e+02 1.366984087269815745e+03 -4.472659127301841409e+02 8.011003803042433447e+01 5.797850780624499123e+01 4.993675940752601718e+02 -1.582392914331465192e+02 9.460993795036028331e+00 -1.189352341247998268e+01 2.475438851080864424e+02 -6.231533351681344612e+01 -4.046317679143314194e+01 -8.249563713470775994e+00 -1.371284214871897511e+01
6.290140616743733482e-02 1.524739106598016747e+02 1.256997711670480612e+03 -4.498783371472159160e+02 1.024649241990846775e+02 1.292567815598779646e+02 4.822846109839817359e+02 -1.691047149122807127e+02 6.658800533943555422e+01 3.459177452803204034e+01 2.422627288329519502e+02 -6.864397406559878334e+01 -3.713196033562166321e+00 8.779013813405797118e-01 -5.747059883914950262e+00
6.703999982739437813e-02 1.429250393199520772e+02 1.266692929898142665e+03 -4.883125000000000000e+02 7.709918926003595629e+01 9.016805534751348716e+01 4.569458133612941992e+02 -1.749104254044337949e+02 2.509793710680047862e+00 -5.231149827741162106e+00 2.133039619532654285e+02 -6.423123876572797997e+01 -4.919824277261833601e+01 -9.084786572236369651e+00 -1.586539001647693325e+01
7.134254604642074893e-02 1.528171513970983426e+02 1.128761552928533092e+03 -4.380556152606126261e+02 1.116867527538957603e+02 1.204273240193444536e+02 4.186505239118753821e+02 -1.597170204191295113e+02 7.005395284793122812e+01 2.835580039293390797e+01 1.978956038420204209e+02 -6.018081676518001188e+01 -2.043993589635948460e+00 1.196092411883731943e+00 -4.019781031703385743e+00
7.561818311969153994e-02 1.227959382494004785e+02 1.062256235011990384e+03 -4.386033273381295317e+02 9.353194694244604079e+01 1.041519559352518058e+02 3.858980815347721887e+02 -1.559686600719424519e+02 5.073771732613909080e+01 2.051089253597122308e+01 1.784518735011990316e+02 -5.876946193045563405e+01 -9.259262589928058063e+00 -7.593604803657074687e-01 -5.548201438848921363e+00
7.973924982214039558e-02 1.764053464892152476e+02 9.633100045892610979e+02 -4.270889169343735716e+02 1.021779127466727886e+02 1.284637161541991759e+02 3.466533673703534078e+02 -1.494561438733364014e+02 6.035238354749885303e+01 2.096008776961909348e+01 1.544408989215236261e+02 -5.229603961106012378e+01 -7.952068215064249657e+00 -2.242587267668655571e+00 -6.290627957922212410e+00
8.385356877962653332e-02 1.461033099920540224e+02 8.669296781883193717e+02 -4.008053486293206333e+02 8.443115564163686315e+01 9.326339640444973611e+01 3.110346146205800437e+02 -1.424546459078267731e+02 3.625464963249900308e+01 7.520599765345649779e+00 1.345277984704012795e+02 -4.972272298371076715e+01 -1.863742488577671708e+01 -3.268335475019864766e+00 -6.940620188965037407e+00
8.809929214337092196e-02 1.934303027651382649e+02 8.273710185509274879e+02 -4.017156545327266031e+02 1.076820200385019177e+02 1.793140750787539446e+02 3.046220686034301934e+02 -1.455230027126356163e+02 9.001643441547076918e+01 6.018806877843891812e+01 1.300746193559677977e+02 -4.865786883094154547e+01 1.995910400988799438e+01 8.960011867780888650e+00 2.984059847523626186e+00
9.230415729057904473e-02 2.166884821130056764e+02 7.715145436308926037e+02 -3.952196171848879658e+02 1.170398173687729866e+02 2.023935765630223784e+02 2.808149866265462720e+02 -1.417218426111668350e+02 1.120585088599130614e+02 7.388684804413239249e+01 1.183548457873620805e+02 -4.798790120361083211e+01 3.607679287863590645e+01 1.141239865429622213e+01 6.408522442326980872e+00
9.643309047658384092e-02 2.219502044834898413e+02 6.828593607997576100e+02 -3.561077703726143682e+02 1.157825469554680353e+02 2.021981028476219251e+02 2.453367918812481037e+02 -1.254081433656467794e+02 1.121402037261435964e+02 7.010425817933959536e+01 9.988694713723114660e+01 -4.001222640866404134e+01 3.566227800287791894e+01 1.020601238261133048e+01 5.775662204634959274e+00
1.005689403076158450e-01 2.537009817671809344e+02 6.592715988779804093e+02 -3.603105189340813581e+02 1.335848176718092759e+02 2.476005610098176817e+02 2.398565392706872501e+02 -1.299463797335203310e+02 1.412734835203366117e+02 9.374496844319776301e+01 9.648189866760168343e+01 -4.246601946002805050e+01 5.029285589060308581e+01 1.428107030154277801e+01 8.153133217917250875e+00
1.047818677762802908e-01 2.369248195170525264e+02 5.793597834204630317e+02 -3.183995207866566943e+02 1.161593617749564373e+02 2.267490353497635169e+02 2.100550472989793320e+02 -1.121954194672641307e+02 1.259111821633059520e+02 8.875739046552153866e+01 8.628903721682847561e+01 -3.708482698531242505e+01 4.875497106049290608e+01 1.445962471994025300e+01 8.786781179985062806e+00
1.090277847809041356e-01 2.225046479200557883e+02 5.374321984661863780e+02 -3.103118754357424791e+02 1.155813386009760677e+02 2.168392836393213940e+02 1.957676911457122912e+02 -1.114197217057866567e+02 1.275479897745758819e+02 8.450444457355332872e+01 7.739961218917034103e+01 -3.605242708575412536e+01 4.946537299558447387e+01 1.345085006100395120e+01 8.510853619567743777e+00
1.132170039508717807e-01 2.336179406574012773e+02 5.343161261857488853e+02 -3.050952183984116459e+02 1.114720108096183537e+02 2.211096955658504157e+02 1.933066401941319157e+02 -1.082067201632472973e+02 1.208891324729759447e+02 8.577755487535847578e+01 7.666581871828810790e+01 -3.455945979483785635e+01 4.550201301566291789e+01 1.345558267151996468e+01 7.511090544341495701e+00
1.174008294871188018e-01 2.207812437261594027e+02 4.760942581810881506e+02 -2.790164625577193647e+02 1.138861548885765984e+02 2.264590192732383116e+02 1.731079978919895552e+02 -9.917390458743224713e+01 1.377318058622766443e+02 9.909242621963461772e+01 6.870975958642843295e+01 -3.195995407548685208e+01 6.351554030315197963e+01 1.811937550190724622e+01 1.294552267365990872e+01
1.215998224695146873e-01 2.312353317535545045e+02 4.483646445497629998e+02 -2.686143127962085373e+02 1.074476658767772506e+02 2.135390047393364910e+02 1.604396208530805552e+02 -9.514584123222748246e+01 1.200759478672985807e+02 8.161630331753553946e+01 6.149797393364928411e+01 -3.043707049763033012e+01 4.696310426540284055e+01 1.278787618483412203e+01 7.988062796208530436e+00
1.257670529567683493e-01 2.231868207732050564e+02 4.265378585426688005e+02 -2.596609433458044123e+02 1.121588833956885765e+02 2.263951986460003525e+02 1.545424906467129915e+02 -9.192394330126492719e+01 1.347412257259932460e+02 9.457598432210939166e+01 5.900079057544984806e+01 -2.854804694459290815e+01 5.909748574737217552e+01 1.633901907402458775e+01 1.143515889453055401e+01
1.299386816717305049e-01 2.268575456940556592e+02 4.129734068829244507e+02 -2.573185822493001638e+02 1.078103799604808160e+02 2.153001811295899870e+02 1.474433970031286094e+02 -9.038433434875679495e+01 1.243236662275646296e+02 8.476670817553103632e+01 5.417629260661946233e+01 -2.719687551457269947e+01 5.172463671167462707e+01 1.395462497941709223e+01 9.674586798122838616e+00
1.340949335765710126e-01 2.077389338410280857e+02 3.754329287640806001e+02 -2.331686300174520170e+02 1.090718110423607925e+02 2.207538275424401206e+02 1.374467912105346841e+02 -8.335370061875298120e+01 1.377387256068538761e+02 9.926521101062986929e+01 5.193779747739172592e+01 -2.562467773282564210e+01 6.503642114865937174e+01 1.829606933206409636e+01 1.318795613200063599e+01
1.382635144665005922e-01 2.205817453992175103e+02 3.528952325749891656e+02 -2.220995870163744428e+02 1.021115146355600700e+02 2.169806549775395013e+02 1.259748224894942865e+02 -7.788280683958846851e+01 1.263855328937835196e+02 9.290169902912622035e+01 4.648783237936530810e+01 -2.362101959860889977e+01 5.925283473409650981e+01 1.687678755796261498e+01 1.218482488950876785e+01
1.424925284902303357e-01 2.118029517419004719e+02 3.288239799376440260e+02 -2.078055442591839324e+02 9.766077843296731942e+01 2.111438254032804593e+02 1.184016283719669218e+02 -7.345271621255251659e+01 1.231355395147078724e+02 9.114546055307035033e+01 4.436642605395146433e+01 -2.285500542225836895e+01 5.834488104920698959e+01 1.641594758201165760e+01 1.185062525416836010e+01
1.466886314558672189e-01 2.177384822956429957e+02 3.128538567855732140e+02 -2.010708503356588039e+02 1.021131203106489380e+02 2.197033039357640973e+02 1.133193694879557682e+02 -7.123280571278135653e+01 1.315503652757667510e+02 9.494815387653019911e+01 4.161744767671449097e+01 -2.145552932078451747e+01 6.289045429116755770e+01 1.703083556831644074e+01 1.267992299591944061e+01
1.508619291163366127e-01 2.139403640452169668e+02 2.865859365503828826e+02 -1.854232861310319720e+02 9.498421356509055613e+01 2.114985110003646582e+02 1.023252780478910893e+02 -6.516716299987845673e+01 1.221430047404886352e+02 9.074305639965966463e+01 3.692266698067339092e+01 -1.951944815850249171e+01 5.879541448887808741e+01 1.625166372918439350e+01 1.195987677768323820e+01
1.550655720814744509e-01 2.083750728693016185e+02 2.724625743266876157e+02 -1.788906814737087529e+02 9.591915879678208512e+01 2.130937244957444250e+02 9.846647283432434961e+01 -6.364608108895883731e+01 1.297218724495744482e+02 9.607680424390812846e+01 3.577762475224437111e+01 -1.921605383584003590e+01 6.603279847265943658e+01 1.798084266060394043e+01 1.399357930366095282e+01
1.592593054631499527e-01 2.012378599583926473e+02 2.471137359027701734e+02 -1.612726924340304322e+02 9.033008047738968571e+01 2.043777510128106769e+02 8.936869046315558762e+01 -5.721566708639001320e+01 1.209338114529727335e+02 9.005985163692105289e+01 3.288723584802364996e+01 -1.755898595751669689e+01 6.019464442132924376e+01 1.620944309098872083e+01 1.215181382075988203e+01
1.634144798183441161e-01 1.912868400000000122e+02 2.297683466666666732e+02 -1.513299466666666717e+02 8.981031333333332611e+01 2.028430666666666582e+02 8.337751333333334003e+01 -5.349410333333333512e+01 1.253257733333333306e+02 9.425689333333333764e+01 3.033432666666666577e+01 -1.593632333333333406e+01 6.594350666666666427e+01 1.805677666666666781e+01 1.414999500000000054e+01
1.675823816150099899e-01 1.899406938815854460e+02 2.168225511515271364e+02 -1.428374271028961005e+02 8.571777700899475860e+01 1.967960857961846273e+02 7.832679524562617246e+01 -5.073075948897894705e+01 1.184262256597805703e+02 8.931928931501433055e+01 2.819215182366313854e+01 -1.513890913808441141e+01 6.149988262330730038e+01 1.671308194128694069e+01 1.296399624394583405e+01
1.718045808093531246e-01 1.756683449883449839e+02 1.981481585081585024e+02 -1.313738927738927771e+02 8.057214452214452649e+01 1.840826923076922981e+02 7.157125874125874532e+01 -4.652237470862471014e+01 1.128032167832167829e+02 8.476498834498833901e+01 2.582802738927738773e+01 -1.390175699300699286e+01 5.898365384615384954e+01 1.593827797202797214e+01 1.241178175990675925e+01
1.760135070798979073e-01 1.676905791822238427e+02 1.835283444130771500e+02 -1.202383890356069571e+02 7.547229305163463664e+01 1.737678717785265405e+02 6.652140629268737371e+01 -4.273150214006010117e+01 1.068283170931609192e+02 8.142938939987250535e+01 2.455596598670430808e+01 -1.305551065476732475e+01 5.724718263363992321e+01 1.571915979874328428e+01 1.230952611328658541e+01
1.801930856696074279e-01 1.672226366038700860e+02 1.746450217372773182e+02 -1.141861414201687950e+02 7.352062910237832227e+01 1.728468480947915964e+02 6.275614823970676071e+01 -4.028420690904441415e+01 1.049407126417185339e+02 8.036701900946211197e+01 2.287429673514619566e+01 -1.213490830918080299e+01 5.630685789787742124e+01 1.531196988747762333e+01 1.198436301253090086e+01
1.843742315857553882e-01 1.614895183428999417e+02 1.640448174028782944e+02 -1.077502183678562488e+02 7.232112553032193603e+01 1.699774769153980571e+02 5.928111741951585145e+01 -3.815054643956409564e+01 1.037972922385824859e+02 7.948477664087846506e+01 2.164010247691539846e+01 -1.152216693702687067e+01 5.587144372348390675e+01 1.516552283503868281e+01 1.191286602612095535e+01
1.885797910080431738e-01 1.496728686502736423e+02 1.490439470438603280e+02 -9.789516688506898845e+01 6.631542434286595267e+01 1.556499749479688433e+02 5.342655900716873418e+01 -3.440398086410236544e+01 9.554380251291142656e+01 7.292974350574269238e+01 1.931370683342326444e+01 -1.024455961419871919e+01 5.175408540815539737e+01 1.402243361211747441e+01 1.109804979572959205e+01
1.927656394953895236e-01 1.450351960333869386e+02 1.419137089363657367e+02 -9.347126502795008207e+01 6.493501608086377530e+01 1.531300827015851382e+02 5.158838731909028752e+01 -3.325310130944176734e+01 9.509917489853741301e+01 7.257770024504173989e+01 1.899239748449345555e+01 -1.011832476644459788e+01 5.213416992112719583e+01 1.407231602726089470e+01 1.123648800635577061e+01
1.969014248243030341e-01 1.391193285101432480e+02 1.316709536101214155e+02 -8.650245401003417101e+01 6.164718152403111873e+01 1.459519468479604427e+02 4.743344179451755593e+01 -3.058275921617101645e+01 9.027980258852613815e+01 6.929448120410091860e+01 1.731913718824983661e+01 -9.204888251654184117e+00 4.959267977895731860e+01 1.341113984221624378e+01 1.068431433141859976e+01
2.010715633173454087e-01 1.307396528590105333e+02 1.206127176082020327e+02 -7.871970687401088185e+01 5.797177114153994637e+01 1.385204534507672349e+02 4.371270126608408901e+01 -2.784476923209248156e+01 8.561761164246887290e+01 6.618595179935320516e+01 1.613994873735636304e+01 -8.406777893414986380e+00 4.733555958852267764e+01 1.285388748881855214e+01 1.022949494254455516e+01
2.052920281681521186e-01 1.261910344827586243e+02 1.128369129720853863e+02 -7.349609195402298667e+01 5.578074712643677913e+01 1.342368226600985111e+02 4.089499178981937888e+01 -2.609088259441707791e+01 8.298087848932676991e+01 6.450868226600985622e+01 1.508666871921182207e+01 -7.912962335796387414e+00 4.637723316912972393e+01 1.261657430213464615e+01 1.011200738916256192e+01
2.095172134954577381e-01 1.198758899880284758e+02 1.049487114863587607e+02 -6.854684644949908545e+01 5.140840211706886720e+01 1.250103254363304046e+02 3.768880347804171294e+01 -2.413201357822443427e+01 7.585972843551130040e+01 5.892707611366643050e+01 1.378188795602041417e+01 -7.300714550122865631e+00 4.169701814630457903e+01 1.126753197656102223e+01 8.892659961565119175e+00
2.136973926115405542e-01 1.124233178294573605e+02 9.635088372093022713e+01 -6.264658914728682504e+01 4.842677519379844853e+01 1.178310930232558178e+02 3.473955426356589271e+01 -2.216580038759689941e+01 7.237676744186046562e+01 5.620474418604651135e+01 1.269198449612403046e+01 -6.644881782945736504e+00 4.051339534883720717e+01 1.095533139534883738e+01 8.799186046511627168e+00
2.178750580088065492e-01 1.050475985401459837e+02 8.782970072992701205e+01 -5.675476642335766542e+01 4.458967153284671525e+01 1.097105255474452576e+02 3.151100000000000279e+01 -1.996498905109489286e+01 6.641906569343065314e+01 5.214189416058394499e+01 1.150560036496350413e+01 -5.989057025547445789e+00 3.698664963503649972e+01 1.008011678832116864e+01 7.988510948905109821e+00
2.220823861956562617e-01 1.003037315958707012e+02 8.276902465166131151e+01 -5.324846632255881218e+01 4.390458058329102897e+01 1.074462966096914300e+02 3.010698722288035256e+01 -1.894386211710949297e+01 6.727499717944378688e+01 5.275027500423083637e+01 1.131380450724882891e+01 -5.809726159248604027e+00 3.856162210187849126e+01 1.049348980368928785e+01 8.495688074688327873e+00
2.262696194198526023e-01 9.552854476587802424e+01 7.651678377339847259e+01 -4.883019638249986372e+01 4.158916465389471284e+01 1.022810012625569556e+02 2.781202654114288819e+01 -1.730322295108964070e+01 6.380955289015754772e+01 5.016261596311137794e+01 1.044509078058955964e+01 -5.277132108744579497e+00 3.668844348685293966e+01 9.997035735851127924e+00 8.099692251742878213e+00
2.304259489101245229e-01 8.911527387081365248e+01 7.002272305079348769e+01 -4.441216960352422660e+01 3.808541876758133782e+01 9.458206172708455028e+01 2.530339419351414421e+01 -1.566600266705588851e+01 5.868167825486970202e+01 4.637225001326893192e+01 9.534612016347328023e+00 -4.792292656308051235e+00 3.389500955363303802e+01 9.250746377580808755e+00 7.507953067777719092e+00
2.345870463846415066e-01 8.313318827301878855e+01 6.468209523082404644e+01 -4.088715198249096971e+01 3.474511375782562084e+01 8.695662187611340244e+01 2.308207359902275257e+01 -1.425747887718226714e+01 5.313589861047488228e+01 4.221262470097215669e+01 8.586147058075024319e+00 -4.286618981269405104e+00 3.052763144500432801e+01 8.365781035272560118e+00 6.736781537893826055e+00
2.388019837064606632e-01 7.742476946844976737e+01 5.920568000772462369e+01 -3.716859580939507168e+01 3.277216603099503089e+01 8.182594867957321583e+01 2.133470978371071425e+01 -1.307917883696229566e+01 5.044467846280114287e+01 3.997357335972577630e+01 8.030550710906194212e+00 -4.001761423984937061e+00 2.903444998310240166e+01 7.927397648819582088e+00 6.377477308936416733e+00
2.430077036534963875e-01 7.449797936575856738e+01 5.609443493557742499e+01 -3.506687705034945424e+01 3.177209622973422753e+01 7.948463129368136038e+01 2.034049915608805037e+01 -1.239332908405838474e+01 4.931543883421290531e+01 3.922454595159986468e+01 7.727689820757857042e+00 -3.799659686563970684e+00 2.863073800694147408e+01 7.834102957257642608e+00 6.334785664194360955e+00
2.471758823520590620e-01 6.918409404460795997e+01 5.125508162796045042e+01 -3.175431133593929900e+01 2.966296562428144412e+01 7.440223614624051152e+01 1.868228472062543233e+01 -1.128816538284663196e+01 4.660508162796045184e+01 3.710287997240745028e+01 7.209771642906415146e+00 -3.534489968958381301e+00 2.733580133363991749e+01 7.469558375488618118e+00 6.079174810301219090e+00
2.513692271335918882e-01 6.332249135705221477e+01 4.636256618966347531e+01 -2.858942715854886174e+01 2.662890847227692603e+01 6.693090564964334988e+01 1.669992970767143703e+01 -1.009877166207168209e+01 4.156443645792307251e+01 3.302921644566977477e+01 6.384086719399588716e+00 -3.150428318235526159e+00 2.420484333289571666e+01 6.587176162968797932e+00 5.332289205067612059e+00
2.555723892733414715e-01 5.930786550585410311e+01 4.254350902774800147e+01 -2.599712119912510389e+01 2.491856263670283766e+01 6.300223549341682627e+01 1.532619440751383166e+01 -9.162796993609813256e+00 3.922042930051036080e+01 3.135434446970022293e+01 5.901108231118926462e+00 -2.848989605223656962e+00 2.315547669082643623e+01 6.333248005746880516e+00 5.178931948792726558e+00
2.597674079539822323e-01 5.503647485274127860e+01 3.914591228323104133e+01 -2.382982092103637228e+01 2.275819448449149363e+01 5.792529966635086680e+01 1.401508114676442673e+01 -8.341913127651686466e+00 3.554657700704370171e+01 2.849058779915145934e+01 5.350977777320097495e+00 -2.590117446554351943e+00 2.074072810685010637e+01 5.672810170119866768e+00 4.576311297730362604e+00
2.639178238801485610e-01 5.261020053202373248e+01 3.706207284632699128e+01 -2.241191170452220049e+01 2.184977491303457953e+01 5.569862901575608305e+01 1.332927281563331157e+01 -7.880072769592796789e+00 3.447672396153058827e+01 2.771685850214855407e+01 5.151313433599344904e+00 -2.455991981276856695e+00 2.034811873337425681e+01 5.589487415592387265e+00 4.536736494782074303e+00
2.680749044740857179e-01 4.762077142413779285e+01 3.302742027776699985e+01 -1.978583863521744135e+01 2.016402946425107601e+01 5.136731873375489243e+01 1.202311532567792973e+01 -7.005632443651316876e+00 3.213842281879194474e+01 2.590796543430189658e+01 4.730490420238972149e+00 -2.212610503064747380e+00 1.915696042014198497e+01 5.273028644722038472e+00 4.299117793963610268e+00
2.723023151079725368e-01 4.492463486781290527e+01 3.070759382510630431e+01 -1.819641454058051266e+01 1.887632187095581315e+01 4.824708356442965140e+01 1.118662298946200728e+01 -6.461114577555925109e+00 3.004788084673691984e+01 2.429464087631724922e+01 4.429257949713441000e+00 -2.058591727907191693e+00 1.793184622850804288e+01 4.950949228138288305e+00 4.036261901460528989e+00
2.765128983200950685e-01 4.059761295430275396e+01 2.752515005339322940e+01 -1.623656538829767371e+01 1.694396932650881737e+01 4.357675737378944092e+01 9.996370641087011677e+00 -5.734285244135949533e+00 2.722540689325035856e+01 2.206813620797584363e+01 3.965058502411900943e+00 -1.824193578082998757e+00 1.637273308907463942e+01 4.518733659829877958e+00 3.696197976120337181e+00
2.807027537381580062e-01 3.843635564927078008e+01 2.569268362326480570e+01 -1.498173651379370952e+01 1.601171367070813645e+01 4.113204182041820189e+01 9.312042040063257531e+00 -5.303802055877701704e+00 2.563291820418204026e+01 2.076733658408012673e+01 3.703090955016692831e+00 -1.699363578457213197e+00 1.531294258478299142e+01 4.215815267527675658e+00 3.426905420839922556e+00
2.848857026249724811e-01 3.478477827841759051e+01 2.307686754114331507e+01 -1.340731990014265307e+01 1.425499504192616840e+01 3.680309488187606348e+01 8.286961570578615266e+00 -4.709848300337497129e+00 2.275864618489266178e+01 1.845985699871264174e+01 3.276744241675654923e+00 -1.508974548554329997e+00 1.355648616088514657e+01 3.730988070178490545e+00 3.024467985630284517e+00
2.890807262117984777e-01 3.227296044601325775e+01 2.121407481938442174e+01 -1.223249307227921889e+01 1.320850790090060300e+01 3.414132344208755399e+01 7.607993579487348335e+00 -4.290406549995051222e+00 2.116146125424734947e+01 1.719057211427440279e+01 3.022199633820472631e+00 -1.375354891053343298e+00 1.267693728763236827e+01 3.496143878039124964e+00 2.842534813858740073e+00
2.932785946948970324e-01 2.958280438192334216e+01 1.925605741267196080e+01 -1.095620016828415544e+01 1.219477971930856519e+01 3.161304855733098407e+01 6.958205690618567196e+00 -3.853426083635591581e+00 1.970232493546384589e+01 1.608872087703819886e+01 2.812557183936215566e+00 -1.250515165996797684e+00 1.189822995294579044e+01 3.296167859360193741e+00 2.681192918177956575e+00
2.974321087309398370e-01 2.789241449576474352e+01 1.798042792072878271e+01 -1.015297866389643566e+01 1.142951094773853349e+01 2.969301182675403794e+01 6.473519158542432983e+00 -3.569320361195461366e+00 1.847589899312769646e+01 1.511435192584305653e+01 2.618703052581109247e+00 -1.161052496204251216e+00 1.117421587821639761e+01 3.099107499600447735e+00 2.521217736135528131e+00
3.016123743882810904e-01 2.527931119732237875e+01 1.616355545413053463e+01 -9.089968431462041920e+00 1.030972729347329953e+01 2.689384984025559078e+01 5.814010915867944718e+00 -3.192652708048075549e+00 1.669109234748212600e+01 1.367799140422942372e+01 2.347266516430853489e+00 -1.034811919975658023e+00 1.009482922561996077e+01 2.800866708504488045e+00 2.275403639890460905e+00
3.058101292111336522e-01 2.327053466994571451e+01 1.476498253006628048e+01 -8.210120939927421091e+00 9.500101220646012479e+00 2.478840761179257868e+01 5.328540660708394938e+00 -2.888837705815313406e+00 1.540287504123804041e+01 1.263642293734816846e+01 2.176369009237321350e+00 -9.487044460231532916e-01 9.362158099151246304e+00 2.601272662177968265e+00 2.122830785322256553e+00
3.100168993294901143e-01 2.155984748486326907e+01 1.356518479726821447e+01 -7.441554994404430801e+00 8.777997575253236207e+00 2.295554929840167802e+01 4.888278716749404396e+00 -2.613255805403311705e+00 1.420518074406726150e+01 1.168924323510000285e+01 2.001098040833309444e+00 -8.602161288702688813e-01 8.602664351918276608e+00 2.394816745100289967e+00 1.939672318430945008e+00
3.142092030053749707e-01 1.890611879873189949e+01 1.183801909290834864e+01 -6.490290213634935412e+00 7.488970168223231916e+00 1.967236990546368602e+01 4.184059313683489378e+00 -2.247930233056293581e+00 1.207834411504298444e+01 9.923374889326820991e+00 1.692507961328649335e+00 -7.340939659912032456e-01 7.301548264216148887e+00 2.026528762531059957e+00 1.643411353461571522e+00
3.183867557675504334e-01 1.782086643939185677e+01 1.105878415995381303e+01 -5.979019894564649995e+00 7.222573234267176900e+00 1.899355978335578499e+01 3.989020873999945316e+00 -2.098565342080664475e+00 1.177997931157726974e+01 9.730510955928849626e+00 1.649390301528606440e+00 -6.956251245772964165e-01 7.198502323151788396e+00 2.008669291095042997e+00 1.635024498769691803e+00
3.225872781332082551e-01 1.623542584434655112e+01 9.989849486049926952e+00 -5.326267771325590594e+00 6.532453110399146112e+00 1.720494927246028638e+01 3.586006541182752638e+00 -1.870245336069950692e+00 1.070795120811640722e+01 8.861089140301695366e+00 1.494272084835135628e+00 -6.261377715758911222e-01 6.582359664931250798e+00 1.840320467894807077e+00 1.502525530636764195e+00
3.267666109043823597e-01 1.463371114075169821e+01 8.983579739045456591e+00 -4.789838983386598414e+00 5.901767319933441058e+00 1.557081660547793334e+01 3.235515272972187883e+00 -1.682781052732363225e+00 9.629394363593144490e+00 7.977341459549404767e+00 1.343739992175325693e+00 -5.629465346926917357e-01 5.881605576978949479e+00 1.643813885000396269e+00 1.332017218410765702e+00
3.309328770241455886e-01 1.340145353287912577e+01 8.167381152874531480e+00 -4.308444333869197784e+00 5.351545554875093202e+00 1.414305194059557635e+01 2.921527325907780526e+00 -1.506913212253438550e+00 8.715730179387072951e+00 7.222956378065274130e+00 1.211419738319426509e+00 -5.037759220540203309e-01 5.310037574319324882e+00 1.483739458138763512e+00 1.199266595058562368e+00
3.351106074107195187e-01 1.234028567412220312e+01 7.465278645507934741e+00 -3.885378139447706936e+00 4.900740347369736405e+00 1.299649037860802103e+01 2.662599767274771878e+00 -1.352767419249031544e+00 7.994172497813320177e+00 6.651094901911783097e+00 1.108584671373235020e+00 -4.520501101149568823e-01 4.895839841309508778e+00 1.373592422372860167e+00 1.112399451768086855e+00
3.393095620710060434e-01 1.115275932849277574e+01 6.725019083740052750e+00 -3.487774009448705304e+00 4.475812486476089980e+00 1.186441528622604835e+01 2.421824097504387652e+00 -1.225561824555814638e+00 7.360156757146635975e+00 6.125089408073474573e+00 1.022291630352463176e+00 -4.166208669427547973e-01 4.531545272040968797e+00 1.270895192700694842e+00 1.032049976859086948e+00
3.435164896197421824e-01 1.013480470318663862e+01 6.065259741218434364e+00 -3.101581877613209137e+00 4.062446849975196450e+00 1.079095283230576463e+01 2.185543783809321017e+00 -1.091108739045189235e+00 6.720027076984857572e+00 5.605202723052936875e+00 9.302007299270071972e-01 -3.733326486576665770e-01 4.159133388845581258e+00 1.169014679741572582e+00 9.499504855845321005e-01
3.477107812306902690e-01 9.139121103228340814e+00 5.458899024796062704e+00 -2.781236459512860471e+00 3.587460353453654882e+00 9.561571303122040177e+00 1.937161668361333966e+00 -9.654670637580015091e-01 5.861862116677836632e+00 4.894145887736002010e+00 8.123610746019458428e-01 -3.264627246637626379e-01 3.600113667876042811e+00 1.011775439506158669e+00 8.187555245187529973e-01
3.518857617074659383e-01 8.265911140989855355e+00 4.904365795266298456e+00 -2.463286019016497352e+00 3.240090373749063613e+00 8.654465075907140204e+00 1.741824239226632098e+00 -8.563421537091246982e-01 5.288468411736673147e+00 4.425733116617877272e+00 7.314975456407288856e-01 -2.893747464797921110e-01 3.239546103093017049e+00 9.122823626523247631e-01 7.353226869028978152e-01
3.560773577310688554e-01 7.513508734077650075e+00 4.443302576525595349e+00 -2.211616691974917170e+00 2.947811632873778898e+00 7.876852372785072554e+00 1.579655785029168147e+00 -7.704478775208110086e-01 4.839646512923594379e+00 4.054225430968559252e+00 6.701672051497737925e-01 -2.638410328907120350e-01 2.981752113876204202e+00 8.400580564902007108e-01 6.786945721995236713e-01
3.602869550449780967e-01 6.918018826902016194e+00 4.072536182868431887e+00 -2.012644711342308934e+00 2.720619873198908856e+00 7.277154598552685094e+00 1.452165905699070114e+00 -7.015010656230539210e-01 4.482702750220103560e+00 3.761758090145804978e+00 6.210289100581931621e-01 -2.421855707391182833e-01 2.772957533444995626e+00 7.829296312997916507e-01 6.334811147168717405e-01
3.644651285618699665e-01 6.223363507906602976e+00 3.648877913376659343e+00 -1.782946823599144803e+00 2.420677962065242994e+00 6.496845826541629343e+00 1.291946355897669374e+00 -6.186367874663943889e-01 3.985590560765469359e+00 3.352189133978280999e+00 5.516086995782086833e-01 -2.127521378985055001e-01 2.470580783356972177e+00 6.987678348398569383e-01 5.659419388640741788e-01
3.686396944457170921e-01 5.629123660998828882e+00 3.278380528198696631e+00 -1.580372517322203407e+00 2.192358537481752911e+00 5.892556078705513123e+00 1.163117842383370792e+00 -5.493263551925489097e-01 3.624967552994633913e+00 3.057072997409379767e+00 5.022049908634372839e-01 -1.916813066376935326e-01 2.257040036392047533e+00 6.399690725425087878e-01 5.186827286839238438e-01
3.728293470315630076e-01 5.086077778613702804e+00 2.953690503059484662e+00 -1.412116467298625944e+00 1.953787679305848179e+00 5.265524375564250015e+00 1.037730950320995271e+00 -4.861921566230314462e-01 3.208646178152272377e+00 2.708444929280770630e+00 4.439143375714715845e-01 -1.675276560462433673e-01 1.985536099408165445e+00 5.630064920002006978e-01 4.538455148460227018e-01
3.770363921861874523e-01 4.520973961887123416e+00 2.617128557851642778e+00 -1.236625386855443987e+00 1.742451445072619176e+00 4.707888195730578040e+00 9.238761392435910214e-01 -4.259244550516619876e-01 2.887712313578321588e+00 2.448659713422360884e+00 4.013108916561068384e-01 -1.482177425004873872e-01 1.803642685690613146e+00 5.140594538941417602e-01 4.155048692002144550e-01
3.812363453093803867e-01 4.118410005300183307e+00 2.380228510166714884e+00 -1.119808154452153870e+00 1.601428037968584350e+00 4.319378192155729046e+00 8.449137063939482495e-01 -3.885213016165558475e-01 2.656778211429122294e+00 2.251372928110244143e+00 3.681910716006553397e-01 -1.365926447913655140e-01 1.658353058446564665e+00 4.721043985496771733e-01 3.813422261973595795e-01
3.854150971210312249e-01 3.729887877776314919e+00 2.142154059626125928e+00 -9.922670604677185091e-01 1.428536334229778326e+00 3.867546734244823536e+00 7.534827355988941155e-01 -3.420896619289864882e-01 2.367876142497131742e+00 2.010204897222274578e+00 3.288209888007070925e-01 -1.209705065746478486e-01 1.480738726656385618e+00 4.220343045930265435e-01 3.411455884565474661e-01
3.896036578152083374e-01 3.309723527352458561e+00 1.898382079947671830e+00 -8.759236435474360150e-01 1.257038778490225273e+00 3.406940663405376490e+00 6.633122420448472889e-01 -3.007870978951320273e-01 2.065011032189117746e+00 1.752532048624546146e+00 2.861325246036242609e-01 -1.053157510698229243e-01 1.279444889724172141e+00 3.642240386564221666e-01 2.922656530698966026e-01
3.937795161075864914e-01 2.972001268898000426e+00 1.699142054485847986e+00 -7.749123540315734360e-01 1.124841176078789085e+00 3.052658984791286390e+00 5.924529497362859276e-01 -2.655022307317161379e-01 1.854224335296136283e+00 1.577931955909181116e+00 2.575976185019778764e-01 -9.346233890414175349e-02 1.155816779708469522e+00 3.302510956098838601e-01 2.657777912933728115e-01
3.979440095093054186e-01 2.685025529281886314e+00 1.529290232545716943e+00 -6.886814526539770664e-01 1.015049088780470621e+00 2.761665679920229710e+00 5.339277785073271998e-01 -2.360419082526130363e-01 1.681439021295917158e+00 1.434986717873613538e+00 2.341284467034508154e-01 -8.383491977862753131e-02 1.054268364612453546e+00 3.018962781111447780e-01 2.433846545812485829e-01
4.021139069446590386e-01 2.373176072137371584e+00 1.349763245318836846e+00 -6.046195476313745987e-01 9.011545835490551992e-01 2.449893217706445636e+00 4.727282808590042573e-01 -2.075540720187246668e-01 1.497329229225990099e+00 1.277969006169643595e+00 2.085321344594011639e-01 -7.427594155826645894e-02 9.394192499352834735e-01 2.690867956683061779e-01 2.169266114418845481e-01
4.063125452039867413e-01 2.140165851337924696e+00 1.212938546174830989e+00 -5.346611522342252787e-01 8.134284933187948541e-01 2.218962339811056950e+00 4.260864062526311669e-01 -1.836499924220736379e-01 1.355294234040045120e+00 1.161504028930838706e+00 1.892894299504908617e-01 -6.608298352300952250e-02 8.540544010912213269e-01 2.455342201261303536e-01 1.979331173010373257e-01
4.105412315868290918e-01 1.929829187721794348e+00 1.092277163158841491e+00 -4.787689125639830734e-01 7.285995324943989049e-01 1.988574015928306293e+00 3.816696716217762853e-01 -1.638079028786243452e-01 1.208877981446957461e+00 1.035906913849776734e+00 1.689254615263536541e-01 -5.893553649436213127e-02 7.592827177263732352e-01 2.181592937946654764e-01 1.754725458000130911e-01
4.147348487769681458e-01 1.723692690842820952e+00 9.720738799246457784e-01 -4.196094773834876390e-01 6.471378696043902368e-01 1.772350315341141958e+00 3.387456231059055023e-01 -1.428913704797690198e-01 1.072112401711851959e+00 9.224396449340650506e-01 1.500238521531247482e-01 -5.116158865898107894e-02 6.732014420714227398e-01 1.942029509480711069e-01 1.556313797710705271e-01
4.189107045044477284e-01 1.535013860185994838e+00 8.649355302638900289e-01 -3.714611194459899735e-01 5.774763904896271782e-01 1.578891160281376660e+00 3.017014744455925879e-01 -1.272536230849097838e-01 9.605928582783562764e-01 8.254112103568873593e-01 1.345910220521023826e-01 -4.632861867597964922e-02 6.048611870081869180e-01 1.742143410698672734e-01 1.398729979731341000e-01
4.230974437456921922e-01 1.359434360129495145e+00 7.643553392425305182e-01 -3.252506655160308791e-01 5.074726114556517009e-01 1.388771793821670819e+00 2.649755124229659087e-01 -1.109238483891099025e-01 8.387258415242998533e-01 7.210732116389733104e-01 1.174567841192760698e-01 -4.016278784177782640e-02 5.255580095951322139e-01 1.514350951224744390e-01 1.211957637954403505e-01
4.272931011032126136e-01 1.210100868169534438e+00 6.779944954539902646e-01 -2.846371720746751488e-01 4.438974184886330665e-01 1.218683322327740237e+00 2.320900372822419233e-01 -9.633464694709299725e-02 7.315268256561369142e-01 6.298230978136403202e-01 1.024818750644113374e-01 -3.485549597572216995e-02 4.578775435325281862e-01 1.320280831087683460e-01 1.054677510277188257e-01
4.314914587673138180e-01 1.085214918824127572e+00 6.070974203945498360e-01 -2.521436438562839055e-01 4.019407742835883202e-01 1.103567943195584933e+00 2.094961789898072135e-01 -8.561986633183021889e-02 6.681063956379652558e-01 5.768761404256591563e-01 9.394621514223537584e-02 -3.131890315122044105e-02 4.222821529927760498e-01 1.222313421220891094e-01 9.818822468441991413e-02
4.356511643511531418e-01 9.655866278027576133e-01 5.392764179974007810e-01 -2.219502214103789839e-01 3.557879931434205223e-01 9.793582553440987049e-01 1.856575685191132752e-01 -7.502809788971587235e-02 5.905866278027576133e-01 5.109744717520875446e-01 8.324418867777437503e-02 -2.743756341390716710e-02 3.730282607498169867e-01 1.081534835956522722e-01 8.664872190707019473e-02
4.398424702607344750e-01 8.614289373692524121e-01 4.802757972932587549e-01 -1.953537616383113351e-01 3.175385616345757223e-01 8.745059165492606867e-01 1.653973814021830469e-01 -6.613901522630889762e-02 5.271653618594258628e-01 4.568564196160468938e-01 7.436360350492393634e-02 -2.425542616254144912e-02 3.327372145345031118e-01 9.660712177267002931e-02 7.718384829636823485e-02
4.440501074980069407e-01 7.617988232072492316e-01 4.245310577353941239e-01 -1.717638782816122978e-01 2.798046813875414429e-01 7.715623088467502555e-01 1.458902718110303420e-01 -5.799342321685135859e-02 4.654324908957708229e-01 4.036852123845968143e-01 6.579992883986869601e-02 -2.141053233290538677e-02 2.949142899945943475e-01 8.569372403872142774e-02 6.871732890895060342e-02
4.482267968899237842e-01 6.757692804887390770e-01 3.754582146538156251e-01 -1.495240459864270177e-01 2.471793574679304051e-01 6.820660595150215277e-01 1.285812777692661169e-01 -5.049891575270380045e-02 4.104820111303397190e-01 3.564731552153989624e-01 5.807593262079195628e-02 -1.873941922407969599e-02 2.596305327433597321e-01 7.549516235880329718e-02 6.032968277748373964e-02
4.524052929840755577e-01 5.957417042580821498e-01 3.306136691784566928e-01 -1.308577997915384983e-01 2.160005003289248715e-01 5.976918657302986437e-01 1.126087694791880200e-01 -4.385680380591722854e-02 3.586392441562435973e-01 3.120550436573029662e-01 5.081952222592440310e-02 -1.620268100480144746e-02 2.268971383534959807e-01 6.610063286002323957e-02 5.272348537031815857e-02
4.566090347930675253e-01 5.293046278625954670e-01 2.933613456272817777e-01 -1.148955826833720495e-01 1.916334036881845448e-01 5.307558392797875335e-01 9.986016325091270907e-02 -3.851224770784932028e-02 3.177012892051112036e-01 2.768945506969797687e-01 4.510693894166942913e-02 -1.425690011253318880e-02 2.012746587703285739e-01 5.873046875000000056e-02 4.691765370892797549e-02
4.608167319022857811e-01 4.764984732315652449e-01 2.637061511776400136e-01 -1.019317338880880025e-01 1.729626322294192942e-01 4.794953888384217433e-01 9.004558860193925818e-02 -3.421451009082441402e-02 2.881910673966849856e-01 2.516671644812196740e-01 4.104863478473017718e-02 -1.277963530404126712e-02 1.829935697582184828e-01 5.350397225671268270e-02 4.262733818558527010e-02
4.649806979855051203e-01 4.174458047855904574e-01 2.307237545469953965e-01 -8.861348165800728149e-02 1.509084390564088274e-01 4.184496273582445913e-01 7.852342232297683522e-02 -2.972223908558129998e-02 2.514745904037210544e-01 2.196006517767506716e-01 3.583782821076546277e-02 -1.115526004301311061e-02 1.598957195905422457e-01 4.674833488193294584e-02 3.729579009749149632e-02
4.691538386770017222e-01 3.699423581550175810e-01 2.041444811184802421e-01 -7.751870801423359214e-02 1.338373877014366609e-01 3.716331710913052810e-01 6.957126613710362673e-02 -2.600498974407092212e-02 2.229705988781625070e-01 1.950996513657152209e-01 3.180682855633892164e-02 -9.782433967435198024e-03 1.417971273896849183e-01 4.152467891083260615e-02 3.308246664695058126e-02
4.733478629909182445e-01 3.241100174750090601e-01 1.786232244892878018e-01 -6.700236415436829074e-02 1.160168504291725355e-01 3.227723302372119685e-01 6.039212201734429908e-02 -2.232625882211747986e-02 1.928172927896525668e-01 1.690090032086793148e-01 2.758039885190902499e-02 -8.397136393281847550e-03 1.226117990156108117e-01 3.596538276863741473e-02 2.865430273469108530e-02
4.775500538217637980e-01 2.863371799627670300e-01 1.575598036967861548e-01 -5.861358451031979666e-02 1.033998076463114313e-01 2.874677411000475247e-01 5.365403453339995937e-02 -1.966633652393023901e-02 1.725089188050724642e-01 1.513349214589096992e-01 2.470628529864428782e-02 -7.477738335951115284e-03 1.099895425177633418e-01 3.229006506814359467e-02 2.572280097705999941e-02
4.817339644282710998e-01 2.534167435634023247e-01 1.392928492854285660e-01 -5.127373358084233446e-02 8.982549649532710345e-02 2.505652667672764178e-01 4.675742943682800745e-02 -1.696638992364873921e-02 1.496587565305405043e-01 1.315790271161375591e-01 2.147226666433703704e-02 -6.412030335667509399e-03 9.563840910502806325e-02 2.814583290718147487e-02 2.245888516447946612e-02
4.859144464692263798e-01 2.247708915955254627e-01 1.234587618670885956e-01 -4.498179402321901554e-02 8.015871656056813843e-02 2.235449707462466851e-01 4.167756303815866453e-02 -1.497877550504121170e-02 1.336634001508684166e-01 1.175835985796290784e-01 1.921339428631881063e-02 -5.711180131365910934e-03 8.541709596702973251e-02 2.514017135983956375e-02 2.003548052509566968e-02
4.901252990058800885e-01 1.955775819647254665e-01 1.072971810218746047e-01 -3.870537380463592164e-02 6.921446700347137770e-02 1.933948728148520702e-01 3.601338561176915809e-02 -1.279686769494713452e-02 1.147811794559964321e-01 1.011528525068502576e-01 1.651957259637340525e-02 -4.847291045342000219e-03 7.297436190645485710e-02 2.151029551795376540e-02 1.704003785440006552e-02
4.943123444065962158e-01 1.723259526996331059e-01 9.444899353197926117e-02 -3.373287087338407153e-02 6.069602634183755840e-02 1.696814829544147640e-01 3.158643149256874783e-02 -1.115187564088072382e-02 1.008325294432240310e-01 8.891178295937468556e-02 1.453885683636655171e-02 -4.251109829412062779e-03 6.431194254833404178e-02 1.896805893604724610e-02 1.506456070220939247e-02
4.984736335014697817e-01 1.512856167056986778e-01 8.284274847902453609e-02 -2.933727093886824219e-02 5.368679108648983372e-02 1.501241140017423037e-01 2.789411808171831167e-02 -9.737724181026131270e-03 8.974881609101528768e-02 7.928055863144735371e-02 1.297181130782676557e-02 -3.748956845657936809e-03 5.757086682343108552e-02 1.701720425609733536e-02 1.353823280470420505e-02
5.026590164608074618e-01 1.330580775204618371e-01 7.280863182370106435e-02 -2.556270330325024001e-02 4.658332365017987114e-02 1.305094815547958864e-01 2.424333514706246417e-02 -8.395711695879996134e-03 7.720368411616759796e-02 6.825953896615549743e-02 1.116800005552056642e-02 -3.208843387354443511e-03 4.915932537527090140e-02 1.453310716724101094e-02 1.148856740437399077e-02
5.068609875937976073e-01 1.158373519085832137e-01 6.332962539988071238e-02 -2.206367385534145978e-02 4.052129152998427963e-02 1.136203014016158030e-01 2.108788972484479385e-02 -7.254277352222049217e-03 6.729227277117334760e-02 5.955959535799490445e-02 9.739062478819877564e-03 -2.776430118939096289e-03 4.294662206697663631e-02 1.271054895065201057e-02 1.006053570248536047e-02
5.110594965365916620e-01 1.031572151613954075e-01 5.633970572674667360e-02 -1.936113701828716394e-02 3.566408158876614026e-02 1.001472818264598774e-01 1.857300697843566190e-02 -6.314288721697722782e-03 5.912488709464222558e-02 5.239354664518377364e-02 8.575963285898062852e-03 -2.424549070145520270e-03 3.772614033576868198e-02 1.117634218851806804e-02 8.837764931212015174e-03
5.152492140965455603e-01 8.901026609724048411e-02 4.857873583278581042e-02 -1.656548486777266807e-02 3.062552357095926769e-02 8.607808393561104665e-02 1.596135712672470605e-02 -5.393224889126150591e-03 5.051922840013141347e-02 4.480914811925099106e-02 7.333899038066689184e-03 -2.062671475905469842e-03 3.213228379599211704e-02 9.525837841861038019e-03 7.513164986448752670e-03
5.194329442812991582e-01 7.836206375441397143e-02 4.269365218654255778e-02 -1.435801956755984772e-02 2.712165391562159147e-02 7.626325309465388502e-02 1.410559258889624440e-02 -4.689239424300254214e-03 4.502811680492807556e-02 4.002024324758528956e-02 6.555312703862556552e-03 -1.812017848572515825e-03 2.887441802818455430e-02 8.582431064028664056e-03 6.804596801447200700e-03
5.236343964239100757e-01 6.790712115991354159e-02 3.697580414124683468e-02 -1.232863607299537409e-02 2.328281956164818950e-02 6.556460556911840321e-02 1.212164224933670945e-02 -3.998884258601024567e-03 3.845194524763687061e-02 3.420879414002996055e-02 5.601773970157915804e-03 -1.539126731394369800e-03 2.452134674773270850e-02 7.291426368998229698e-03 5.747949373420586580e-03
5.278273205415198177e-01 6.002718286473742587e-02 3.265731464708265808e-02 -1.079122540889074396e-02 2.057050361780824246e-02 5.798578593101567924e-02 1.070482452068103295e-02 -3.491068020683715540e-03 3.418905998357937154e-02 3.047304033940597887e-02 4.993172138316992990e-03 -1.354703663713198837e-03 2.197403180124599814e-02 6.548429417280599539e-03 5.187610497686470645e-03
5.319960279023402405e-01 5.218446953878990574e-02 2.836659832420811850e-02 -9.277740078260331841e-03 1.778931842172420258e-02 5.019961411160604042e-02 9.261711137597439247e-03 -2.992279271741988319e-03 2.945253050760950411e-02 2.627809339040460337e-02 4.304043345745174262e-03 -1.157174982431058343e-03 1.885660263548626439e-02 5.623245522457312462e-03 4.436633877753031439e-03
5.361714592099571242e-01 4.571592425955708222e-02 2.482599678926482312e-02 -8.023194278903002241e-03 1.558647724155360834e-02 4.399915359704528045e-02 8.108789980602378739e-03 -2.591653739892890197e-03 2.586264462298420302e-02 2.310673365937435803e-02 3.787675141334542923e-03 -1.007863726263536841e-03 1.659407915776062864e-02 4.956133572072899188e-03 3.909751690943093043e-03
5.403746330902056139e-01 3.976889995597295696e-02 2.157833853410137323e-02 -6.912762076210090569e-03 1.344972564316856967e-02 3.804934873953319530e-02 7.007009540576077632e-03 -2.216843341056978257e-03 2.226830761949602500e-02 1.992496508839822211e-02 3.265692892941314367e-03 -8.601634048108884210e-04 1.428899105619202935e-02 4.273296503707289633e-03 3.369647295659954338e-03
5.445761264886261888e-01 3.444852882224280766e-02 1.868049302867528030e-02 -5.928373062487054396e-03 1.157280418570761152e-02 3.273159590722181378e-02 6.028647526631332985e-03 -1.900892598977850121e-03 1.906520765245897642e-02 1.705011943865157933e-02 2.796040890599844377e-03 -7.386962480325869312e-04 1.217827123474763025e-02 3.638861964173700694e-03 2.860461014677611463e-03
5.487504490749764985e-01 2.989749942150730574e-02 1.619843111065046026e-02 -5.090845836116233633e-03 1.008911549380194818e-02 2.855661252208790274e-02 5.251993622227617460e-03 -1.634429457152901432e-03 1.672364879043897537e-02 1.498424470219020949e-02 2.459825389795973396e-03 -6.407684225453795469e-04 1.075975067877936973e-02 3.222292637760146641e-03 2.544901923119343573e-03
5.529407179677009454e-01 2.604716458294682041e-02 1.410493367643748074e-02 -4.393971699846771668e-03 8.692829263923736172e-03 2.463969433276468751e-02 4.530167477592010085e-03 -1.398067542893556949e-03 1.433492149390933577e-02 1.285544216556784233e-02 2.109938101888158939e-03 -5.458509445069597990e-04 9.184518632823457721e-03 2.751761322475807913e-03 2.163431068918302003e-03
5.571409157079509900e-01 2.260013563480715165e-02 1.222940729892234117e-02 -3.772052118059944330e-03 7.456817476791243772e-03 2.117283180395175199e-02 3.892005285804005926e-03 -1.190938147200461565e-03 1.229033279567040733e-02 1.103683321380043506e-02 1.811470271928408964e-03 -4.632389322328877125e-04 7.882143151625459893e-03 2.365097012973034138e-03 1.859722656990614974e-03
5.613298693710127019e-01 1.964958237642169467e-02 1.062287775847384555e-02 -3.240545968919979463e-03 6.582682352077754394e-03 1.867080624154935156e-02 3.426315998164469138e-03 -1.035269267279435249e-03 1.089047622475023541e-02 9.789991165137264598e-03 1.609341004738921738e-03 -4.082832824231833174e-04 6.999682833157139759e-03 2.102486560949333623e-03 1.653150910099946726e-03
5.655062246218995892e-01 1.690807502136549775e-02 9.135397954095245479e-03 -2.762585049969010394e-03 5.621508299479418581e-03 1.596202177507435177e-02 2.928087600922428362e-03 -8.782073749850138411e-04 9.293836835153479123e-03 8.361546265519546536e-03 1.374414140480982116e-03 -3.461586273845080079e-04 5.972209507049514379e-03 1.795117645933653073e-03 1.410134612962726536e-03
5.696867424029971039e-01 1.477966405532340176e-02 7.982010486487603126e-03 -2.396210859362256449e-03 4.882486576740520043e-03 1.387720036556391173e-02 2.544426557580340646e-03 -7.574557418850096742e-04 8.058168586775955183e-03 7.256589149665503870e-03 1.192838782283966873e-03 -2.984938304382796551e-04 5.182578059941106083e-03 1.559242810975475756e-03 1.225352509375187944e-03
5.738956954203543459e-01 1.280323440449997532e-02 6.912091701295739778e-03 -2.058196845168232692e-03 4.211782519878646928e-03 1.198764982570705434e-02 2.196664302261209633e-03 -6.469258695938833554e-04 6.915585173391522629e-03 6.235470933917955025e-03 1.024959677037199941e-03 -2.538020823204352114e-04 4.428071867194662004e-03 1.333327049942734663e-03 1.043616016567816595e-03
5.780928920821047923e-01 1.097476104658753372e-02 5.923167002207180634e-03 -1.748901548451145798e-03 3.591389158783971601e-03 1.022704953186215869e-02 1.873798600941230675e-03 -5.489845376047551746e-04 5.895544265950479479e-03 5.318454070405634684e-03 8.746659607994037439e-04 -2.159561282549379781e-04 3.777164938021842448e-03 1.137904810262800994e-03 8.902697396396991618e-04
5.822632071880226023e-01 9.531485910847577181e-03 5.136607792617473023e-03 -1.494938108433169037e-03 3.122867316587568318e-03 8.896664463321915864e-03 1.627615712086376201e-03 -4.703615998553015848e-04 5.144743015582672538e-03 4.647643424572474313e-03 7.646198173315448031e-04 -1.863405775188968353e-04 3.306352772910341447e-03 9.975058070798108450e-04 7.809385517691955561e-04
5.864430803127811398e-01 8.209250029690398978e-03 4.424160816529030919e-03 -1.280258138279331609e-03 2.666574189486914121e-03 7.606590116502847179e-03 1.391507246815593731e-03 -3.991799135510052917e-04 4.388416309664407849e-03 3.968535939500461400e-03 6.529739553355419545e-04 -1.575999723652571534e-04 2.825919969528407297e-03 8.537034620794091682e-04 6.697112181739808606e-04
5.906376733072625784e-01 7.110944711305200623e-03 3.828764566648934931e-03 -1.098124076293311314e-03 2.313602092121012314e-03 6.598173295971784987e-03 1.205512843141521174e-03 -3.430990675052413355e-04 3.803167784055554949e-03 3.441044809410838574e-03 5.664423524417056032e-04 -1.362903656608869163e-04 2.444128464959074553e-03 7.384817707082862864e-04 5.777036667740195102e-04
5.948356627105599870e-01 6.133322689511909453e-03 3.300476158090508236e-03 -9.380785425989243004e-04 1.972011961527588963e-03 5.629692907667587301e-03 1.028995648859684512e-03 -2.911960365078601252e-04 3.239018048543002709e-03 2.932494567947297164e-03 4.828826046168966041e-04 -1.154921456245082997e-04 2.083766047705995321e-03 6.301218134636260831e-04 4.934370866416316935e-04
5.990145239901687457e-01 5.295494198400859526e-03 2.847057406972727713e-03 -7.997867616105372533e-04 1.695421806614753847e-03 4.846775037628773576e-03 8.848728420762348940e-04 -2.469223831287472117e-04 2.769696261648522170e-03 2.511351812641990366e-03 4.133628375788379558e-04 -9.731039808882198611e-05 1.774136953707211020e-03 5.371976825922915007e-04 4.186257577669455976e-04
6.031829950841108845e-01 4.512259892720584323e-03 2.425907051522878562e-03 -6.776266969008422304e-04 1.444968420325667318e-03 4.132127480156825086e-03 7.542381209551767126e-04 -2.092512233550131748e-04 2.367167916537435673e-03 2.147883351024590642e-03 3.538477280422761126e-04 -8.294643483945476935e-05 1.521923345008743041e-03 4.611627515482825783e-04 3.604759246139991550e-04
6.073740526175752663e-01 3.886650033794589263e-03 2.087693774908104104e-03 -5.762950951894690432e-04 1.242018117041377139e-03 3.554354017251456794e-03 6.480155039054244894e-04 -1.779246303447755753e-04 2.036178733868700217e-03 1.849341693223910572e-03 3.046280233508759589e-04 -7.088929177431898491e-05 1.309549318031556948e-03 3.971040050469132028e-04 3.099227956294621261e-04
6.115768023320514724e-01 3.364383270701808062e-03 1.806390394532674708e-03 -4.945856177646532027e-04 1.068435489398081480e-03 3.060950040187326773e-03 5.578618209997518972e-04 -1.517203345310017134e-04 1.746193579623237695e-03 1.587815092057847039e-03 2.614482512509443200e-04 -6.007173658459794349e-05 1.122137600578792908e-03 3.407137543414406867e-04 2.658457956237359073e-04
6.157710000000914397e-01 2.867233909392123085e-03 1.538907555094462748e-03 -4.186227444344978285e-04 9.045282966897580856e-04 2.592266891688178344e-03 4.724412422321491462e-04 -1.280519795341754895e-04 1.477206447172400025e-03 1.343094726030278187e-03 2.213666735821953320e-04 -5.105692932527623208e-05 9.491245269410162949e-04 2.880292675524489220e-04 2.245955165524470432e-04
6.199632023912512446e-01 2.470592547420541810e-03 1.324855298402767122e-03 -3.559303321065157523e-04 7.745069890381031533e-04 2.221195235093922655e-03 4.045512016609606183e-04 -1.085129427008209361e-04 1.258296800031909321e-03 1.145126423500740119e-03 1.886863387635517994e-04 -4.304332165211699073e-05 8.052991950242789415e-04 2.446118111085899540e-04 1.901250067133223622e-04
6.241630060990407403e-01 2.130645400149786591e-03 1.141814439462396054e-03 -3.036165736064422803e-04 6.740139708315953443e-04 1.933222080120297831e-03 3.515568853058555275e-04 -9.296331055401998382e-05 1.095960523056062428e-03 9.988021346842767753e-04 1.645845750647858380e-04 -3.701538169803930234e-05 7.012318405869677300e-04 2.132820672075686885e-04 1.654699649522840496e-04
6.283593402461892241e-01 1.820886261630054936e-03 9.752110618206592937e-04 -2.571208785022060985e-04 5.671856020089301176e-04 1.629474168669553047e-03 2.963246973945516576e-04 -7.788971461297679744e-05 9.247997741994862242e-04 8.436392487510341797e-04 1.390767997588967706e-04 -3.105892892263756143e-05 5.952504681999036193e-04 1.812738788821910342e-04 1.412916342960267128e-04
6.325410955997395890e-01 1.554412847147644376e-03 8.320870713665587306e-04 -2.172764853282074706e-04 4.858530173442321821e-04 1.396573711445694803e-03 2.537191978037497400e-04 -6.591602775840466207e-05 7.911807604448388778e-04 7.225669884650767240e-04 1.191337968831845338e-04 -2.630933845938182350e-05 5.081690431673705497e-04 1.548933498771703089e-04 1.202929340556112921e-04
6.367142920629192959e-01 1.324483377025526898e-03 7.088810953278023652e-04 -1.840536753766459064e-04 4.153960375028082101e-04 1.194009745156285633e-03 2.167642510914446607e-04 -5.589225120921052380e-05 6.778545680591896178e-04 6.194084780546005743e-04 1.021973328111295778e-04 -2.247925665569002021e-05 4.355294792456533451e-04 1.328059075057872872e-04 1.030318562323853101e-04
6.409035099394975177e-01 1.133749054723422059e-03 6.064167791023145938e-04 -1.560599343545809067e-04 3.483188033538720538e-04 1.002406590132426823e-03 1.820540738578443082e-04 -4.677333469196943901e-05 5.620332555954112410e-04 5.135899658426975462e-04 8.466575583851219760e-05 -1.858244156848312575e-05 3.587985011715274716e-04 1.093928441515104106e-04 8.457716154971383271e-05
6.451032402190634008e-01 9.697128628180529683e-04 5.181883705909033893e-04 -1.318156745079735338e-04 2.966195937791111939e-04 8.545032431906108249e-04 1.550701224326049251e-04 -3.940652850945549403e-05 4.806330047520402911e-04 4.398190632644301918e-04 7.251674568876242824e-05 -1.570402579627286054e-05 3.083880197991592086e-04 9.417232167517082661e-05 7.304217757461874258e-05
6.492879941711476866e-01 8.259643797234476675e-04 4.412795830967116361e-04 -1.114455162109739649e-04 2.526164158994628674e-04 7.280697642396497795e-04 1.320770158676706784e-04 -3.331143392545659503e-05 4.081860116015200357e-04 3.737460703808428595e-04 6.167386413834264616e-05 -1.329536288685559227e-05 2.613702099934615570e-04 7.984549335116550848e-05 6.179777013671236899e-05
6.534659541563927476e-01 7.097419258992070839e-04 3.787889194916942842e-04 -9.429093813582661138e-05 2.162967448381760175e-04 6.236324730987296205e-04 1.129922564434772441e-04 -2.811400754357477923e-05 3.492735758770588637e-04 3.201601837022306708e-04 5.282738592459891949e-05 -1.124082588418452983e-05 2.234912864806237612e-04 6.835172510130569604e-05 5.280245415942035785e-05
6.576591076962554627e-01 6.010613924788203418e-04 3.206864090175461091e-04 -7.936419764497092697e-05 1.817189934540644123e-04 5.245044390869886292e-04 9.502621339321875281e-05 -2.349661070988270261e-05 2.934823791998402765e-04 2.692291016837871026e-04 4.441648973120936451e-05 -9.367554760220432811e-06 1.883302811081254732e-04 5.765687466800004763e-05 4.466353849305220770e-05
6.618529307405217610e-01 5.088541167336202648e-04 2.714706581634239359e-04 -6.676375732289308799e-05 1.542008047025719187e-04 4.451942101467726439e-04 8.060983318417777902e-05 -1.974776460987026356e-05 2.493978749133863118e-04 2.289926646862882611e-04 3.779493663774024522e-05 -7.907326922172176935e-06 1.600448645731252515e-04 4.903235767417698626e-05 3.793046913412834550e-05
6.660240791386257131e-01 4.353109763979917061e-04 2.320154191668795851e-04 -5.640878903863022942e-05 1.298521882224583607e-04 3.753265197201193621e-04 6.794199416050257024e-05 -1.656555214695154760e-05 2.084505874626933167e-04 1.914374861817978951e-04 3.157877262277917200e-05 -6.595018219706564055e-06 1.329571533164500654e-04 4.072341655334988796e-05 3.134362352382235797e-05
6.702067828716186115e-01 3.719836419265135649e-04 1.982226057235937200e-04 -4.782419586101136421e-05 1.120567943318059780e-04 3.237859178534602191e-04 5.855387100054834464e-05 -1.410671155023524704e-05 1.809106131402473425e-04 1.663391533987361990e-04 2.747916745541959264e-05 -5.675894280482258790e-06 1.162337847211008401e-04 3.565786191321146495e-05 2.758696037388943588e-05
6.744172070879622671e-01 3.138793590130772772e-04 1.671705549522486110e-04 -4.002296191909745956e-05 9.331775256856725232e-05 2.699583147875962100e-04 4.880962285561781715e-05 -1.169092057353984558e-05 1.493589320542051534e-04 1.374079585935264773e-04 2.266826454671731685e-05 -4.654212402052656798e-06 9.516716589737177321e-05 2.919674607586905313e-05 2.243211432633730843e-05
6.786118453466847278e-01 2.673238518579787166e-04 1.422960818760671048e-04 -3.374580304911014992e-05 7.931445189309434848e-05 2.295921821376747409e-04 4.149041832531039049e-05 -9.843802218749912031e-06 1.272895357304148036e-04 1.172155202708995587e-04 1.935109979056189665e-05 -3.938937485954042876e-06 8.143251663831870338e-05 2.501466884210039524e-05 1.927417692438400978e-05
6.827984616056306244e-01 2.264137661047966688e-04 1.204494171604052709e-04 -2.827376605279112573e-05 6.713463055912635496e-05 1.944645017702099497e-04 3.511475412814081678e-05 -8.245560093237658240e-06 1.078464279754151004e-04 9.941944243804237084e-05 1.641290217886722460e-05 -3.306134440948231346e-06 6.908240941704308778e-05 2.124331569631240411e-05 1.636861779905521993e-05
6.869817177358829019e-01 1.921628682986715510e-04 1.021867891676061011e-04 -2.377647854981863884e-05 5.664003957335173647e-05 1.641445373940276804e-04 2.962168573669675194e-05 -6.895548999921606427e-06 9.090367834472292937e-05 8.384242357127484407e-05 1.383787763116260149e-05 -2.766338193629842732e-06 5.818693525085712784e-05 1.789836949967456436e-05 1.377645097935728728e-05
6.911718524128840357e-01 1.609957443446363419e-04 8.557873946674259891e-05 -1.975682782200226053e-05 4.718308849784521339e-05 1.368347828050875002e-04 2.468509907677653590e-05 -5.698381157094567507e-06 7.546879830786462726e-05 6.964654711774844874e-05 1.150218686245752543e-05 -2.280743583199836937e-06 4.829978212230606749e-05 1.486468945565250731e-05 1.143988423898696463e-05
6.953555746427921846e-01 1.358740655436924290e-04 7.220005834946589070e-05 -1.652162690265012902e-05 3.977778964271594278e-05 1.153750758643065893e-04 2.080191593925851377e-05 -4.762867501869108657e-06 6.347094097171523334e-05 5.861516445797999690e-05 9.676224254840575054e-06 -1.903997976325641148e-06 4.053034826886242511e-05 1.248068454334834075e-05 9.595067685342082968e-06
6.995344561305086861e-01 1.152801344369980404e-04 6.122271236168352112e-05 -1.389381288617293386e-05 3.347127486930574780e-05 9.712898529575226365e-05 1.751858408490733295e-05 -3.993247683180149097e-06 5.326360781706694961e-05 4.918039340555180788e-05 8.122265175768275531e-06 -1.597333530548682549e-06 3.388362536996788115e-05 1.043463467673924802e-05 7.981060884070892108e-06
7.037287066792784485e-01 9.744235626586268348e-05 5.170940859807493279e-05 -1.164169392884589777e-05 2.824057166148822120e-05 8.202582773120444817e-05 1.477306109980504603e-05 -3.331202093481614298e-06 4.499449297096398681e-05 4.159093857597153412e-05 6.867568681992201165e-06 -1.334511402163424585e-06 2.870341276432245998e-05 8.847015026400259743e-06 6.782686319089624037e-06
7.079143033440539190e-01 8.230857836141808250e-05 4.363043906435580988e-05 -9.707077010068608847e-06 2.359901759683832249e-05 6.861059099551669398e-05 1.234870281638543141e-05 -2.756707756060906730e-06 3.737453491907478573e-05 3.458645130167534892e-05 5.711802103349179802e-06 -1.099941294748996636e-06 2.378919605302299355e-05 7.339872673211143391e-06 5.619081993905402329e-06
7.121186686741065586e-01 6.906587741356747803e-05 3.663833283249391681e-05 -8.121308918797273170e-06 1.966310087529443684e-05 5.723008632245748888e-05 1.030743489051926499e-05 -2.291435889596149252e-06 3.112012029092035901e-05 2.881488336081982775e-05 4.758216120897832538e-06 -9.110637076339510169e-07 1.979441792302756209e-05 6.114362530098242784e-06 4.679579184694688920e-06
7.163134555705721329e-01 5.835116566219805472e-05 3.094039781009977428e-05 -6.785592459031612701e-06 1.667185826376004976e-05 4.849844113664816131e-05 8.726743073112926108e-06 -1.919305082427376826e-06 2.642309016205849102e-05 2.447685520546174248e-05 4.044335072448751842e-06 -7.682666559313995190e-07 1.683302299245274927e-05 5.200982585886229909e-06 3.973831776789743066e-06
7.204913713645887396e-01 4.936104135525470101e-05 2.615894914002522413e-05 -5.688390835436628897e-06 1.402142626429922509e-05 4.086155008141463692e-05 7.347386300513450212e-06 -1.600742591580221593e-06 2.222857310091360330e-05 2.061357660407161550e-05 3.403396314303609079e-06 -6.386139707205365975e-07 1.417932752065239135e-05 4.384241425882185784e-06 3.356135323730375609e-06
7.246803275165087932e-01 4.138696590207538391e-05 2.191520679919868220e-05 -4.709548484703750212e-06 1.175678686990049125e-05 3.425006357437822339e-05 6.150976893076117760e-06 -1.322049809962692284e-06 1.860300808092183453e-05 1.726755053121211894e-05 2.852073041973694563e-06 -5.276404373072275078e-07 1.186061949083958559e-05 3.671576111804429711e-06 2.804395477074472615e-06
7.288763115175647123e-01 3.454370226906086758e-05 1.829582764545471400e-05 -3.904396040858773966e-06 9.669583680432154320e-06 2.819587014192289121e-05 5.069640410371598831e-06 -1.087710840360122113e-06 1.514108762993874765e-05 1.405399323607750019e-05 2.319263564107631141e-06 -4.312817619363258008e-07 9.568059426023774433e-06 2.959267599078534857e-06 2.246647492231652630e-06
7.330585840505703388e-01 2.878750264571252183e-05 1.523475100871234663e-05 -3.221790139240000142e-06 8.110482183845594639e-06 2.363163733689796329e-05 4.238827544045598263e-06 -9.001897872254535793e-07 1.278524984918600832e-05 1.190283672288663915e-05 1.965339750702310209e-06 -3.620973818354943688e-07 8.150363897721414296e-06 2.526532394209921295e-06 1.927003188637004836e-06
7.372316440474646626e-01 2.427039372397548036e-05 1.282428722909085310e-05 -2.690842779221499535e-06 6.773223764932978019e-06 1.977284357670122927e-05 3.546281595714853963e-06 -7.461058005770975362e-07 1.065388341842966462e-05 9.912574918588582483e-06 1.634722874420359753e-06 -2.979447351103265744e-07 6.770292905647406122e-06 2.100375918877607800e-06 1.600346018634287296e-06
7.414228560306842519e-01 2.044220123408063643e-05 1.079662309956114931e-05 -2.245048737104329657e-06 5.660003461267498697e-06 1.652518390809210917e-05 2.967000152364801686e-06 -6.200234349400411671e-07 8.902382407720290470e-06 8.276828104490097906e-06 1.368012424480602084e-06 -2.476149548512842082e-07 5.659911411970769856e-06 1.756163567413768282e-06 1.337898375938360533e-06
7.456189213758863676e-01 1.711315844153520478e-05 9.039203486859338579e-06 -1.868439792416297960e-06 4.765998784237193383e-06 1.391504242635673229e-05 2.494840952033034421e-06 -5.174891887784911234e-07 7.460517937351987220e-06 6.956137106000798661e-06 1.149392681752964626e-06 -2.071328104511919037e-07 4.720157023208036152e-06 1.467318340252409201e-06 1.112424217568176998e-06
7.498104337627916616e-01 1.429470954762735974e-05 7.566976381033073580e-06 -1.547187186653891524e-06 3.947790625113019506e-06 1.155377849822009808e-05 2.073748822756627863e-06 -4.244958949964784683e-07 6.195574898235650306e-06 5.781348535202259196e-06 9.579315475806507756e-07 -1.711352917428094080e-07 3.939874399436897216e-06 1.224893069738037880e-06 9.322228563458952771e-07
7.539974189770904944e-01 1.193073821545558958e-05 6.301594953738399016e-06 -1.276059859667096174e-06 3.267334150172710483e-06 9.562133457842061739e-06 1.712675945013815123e-06 -3.487428038362167483e-07 5.101835460928046882e-06 4.761160820624879931e-06 7.847519624362204915e-07 -1.386709336203628343e-07 3.230784372593164156e-06 1.006497669841969948e-06 7.604536534272072872e-07
7.581896411468850294e-01 9.971028552471464612e-06 5.263758798560130335e-06 -1.060139644854045369e-06 2.725396040879210267e-06 7.976200521910802304e-06 1.428263245193660661e-06 -2.889987238749810975e-07 4.270364222461246538e-06 3.975042858671993895e-06 6.571560000116176773e-07 -1.146364195057467427e-07 2.703493851126916734e-06 8.399893735192363797e-07 6.372309729701836246e-07
7.623808615479977790e-01 8.367959661787263196e-06 4.431023407853101415e-06 -8.888124726769711744e-07 2.266971378427720085e-06 6.663120387684516275e-06 1.190990338878377621e-06 -2.411179449767742387e-07 3.555451947161645603e-06 3.317193520760649116e-06 5.477754049106485126e-07 -9.654336827142718608e-08 2.257882282152580186e-06 7.015365633135395622e-07 5.345359714911783822e-07
7.665651159623174671e-01 6.894597484560854186e-06 3.626132489063609112e-06 -7.194404112603842782e-07 1.873328096809740186e-06 5.481878162417019055e-06 9.768111621854461672e-07 -1.960766165678030035e-07 2.910447387511996440e-06 2.710961135541172009e-06 4.480365677936305586e-07 -7.774407246396639404e-08 1.832011481995350352e-06 5.718269219578666860e-07 4.317718850048170926e-07
7.707536355579491794e-01 5.759713877600949056e-06 3.040184398967218103e-06 -6.003598882709645441e-07 1.555369362295442762e-06 4.553322082796403611e-06 8.157073981080622674e-07 -1.607817860948934002e-07 2.424047408692211443e-06 2.265925647702979060e-06 3.723459812162673125e-07 -6.468284623545896789e-08 1.533517121334115503e-06 4.792436113463408847e-07 3.607771044566536287e-07
7.749462413082437440e-01 4.808569581125441860e-06 2.538569643144775535e-06 -4.981682379524723800e-07 1.286755973219529095e-06 3.769123017102491837e-06 6.754140073623360393e-07 -1.312825557112970809e-07 1.996520437450448082e-06 1.862556876878046655e-06 3.087866790123140304e-07 -5.266598938957744802e-08 1.263277186340247288e-06 3.947144919620012628e-07 2.974468614035255980e-07
7.791369682448587852e-01 4.005680162563022236e-06 2.107645278636926928e-06 -4.086901991609204007e-07 1.065921209550404547e-06 3.147595404862888556e-06 5.599975906476679451e-07 -1.091310869655021323e-07 1.660764125990110402e-06 1.548463718171170930e-06 2.558572964000169220e-07 -4.435016666298732897e-08 1.046434732638739757e-06 3.263497761946194139e-07 2.476802883971671754e-07
7.833258353347896108e-01 3.309081813103135361e-06 1.740292916690891970e-06 -3.360917487412857297e-07 8.783034230245010095e-07 2.579610651319032029e-06 4.605192960130721910e-07 -9.061342269304123349e-08 1.361346386610945506e-06 1.273972829177156528e-06 2.106821801141390905e-07 -3.566566625848260834e-08 8.577798039163595984e-07 2.676596592480482878e-07 2.009622876788005625e-07
7.875159900600451346e-01 2.748490900227577899e-06 1.459344684426588703e-06 -2.804230453079547101e-07 7.288566847518158741e-07 2.153761485972513226e-06 3.833856772588201639e-07 -7.334048529431951031e-08 1.129784760375382084e-06 1.068470263826487779e-06 1.742926040261269469e-07 -2.887978034353903103e-08 7.160775597749119331e-07 2.248949958130996806e-07 1.693655558407285966e-07
7.917084457625156446e-01 2.270284901139878877e-06 1.198577561133851610e-06 -2.233700029317466463e-07 6.064618253354169424e-07 1.778205280057946864e-06 3.145743307576898452e-07 -6.026444380203317888e-08 9.369585668142314176e-07 8.711470245998993518e-07 1.440293110528830880e-07 -2.505738417704094435e-08 5.830575319857679161e-07 1.832914360118022030e-07 1.367658870621859386e-07
7.958821468706197555e-01 1.895052788951334382e-06 9.950296368632016813e-07 -1.879596940466110042e-07 4.912977838004708746e-07 1.448725085187818374e-06 2.595819957963957126e-07 -4.930335955703006853e-08 7.649007459070717306e-07 7.099953018129963900e-07 1.183795568590214373e-07 -2.058127033230011179e-08 4.774714408391031662e-07 1.493674927438775705e-07 1.130826966593624778e-07
8.000624692379799674e-01 1.560644188138586160e-06 8.285719939633770955e-07 -1.530081071709078035e-07 4.088518140442358994e-07 1.187203813735467277e-06 2.147472910664244633e-07 -4.077047296892224439e-08 6.227404840380266825e-07 5.753376618214910403e-07 9.630207050943245500e-08 -1.545277375790326670e-08 3.940257497689766113e-07 1.234152114770521006e-07 9.405752867069201934e-08
8.042564613727184453e-01 1.288965598430835262e-06 6.724809171435261744e-07 -1.299219063682709666e-07 3.469364320600203139e-07 9.978567970164414301e-07 1.772232213880103141e-07 -3.391932216753644419e-08 5.101868183860053442e-07 4.831639722008359080e-07 7.994705649254570073e-08 -1.182574302823376405e-08 3.203354850201302163e-07 1.000765880430466952e-07 7.641458427127157844e-08
8.084384822996342201e-01 1.060555009683032350e-06 5.683444791508464175e-07 -1.062681937705989252e-07 2.883948956152405537e-07 8.158302649320874150e-07 1.459380923195157657e-07 -2.670259739551592834e-08 4.297766385782026443e-07 4.071889188272113980e-07 6.484769733360859696e-08 -1.044150832858076990e-08 2.668163269816795973e-07 8.465348034469930801e-08 6.078014408483401429e-08
8.126333810499198895e-01 8.968024307278027471e-07 4.653970316993120969e-07 -8.430750063836135380e-08 2.335145315209861724e-07 6.702152238928417709e-07 1.182914464437550290e-07 -2.047724082817936273e-08 3.429196948431722815e-07 3.256209846349500283e-07 5.343953946831216445e-08 -7.818113752522543483e-09 2.150572851929683920e-07 6.829725810688306642e-08 4.957742688710761585e-08
8.168271958201180905e-01 7.395861253187886247e-07 3.790059477496913573e-07 -6.666141972039756611e-08 1.913299341926811809e-07 5.658261186691560598e-07 9.527579867694369632e-08 -1.732040110579527970e-08 2.900406574671630452e-07 2.704486467281564804e-07 4.303333822941309093e-08 -6.601995833298257773e-09 1.793840172681586094e-07 5.725110094250678840e-08 4.077032972571171291e-08
8.210214995694952167e-01 5.930079230653801676e-07 3.170652396610006965e-07 -5.723368931055723674e-08 1.545182961353285707e-07 4.426714799283476844e-07 8.187526598141380322e-08 -1.408808086440451520e-08 2.334176034278231550e-07 2.207463282794249284e-07 3.660514504642846238e-08 -5.785991616688073851e-09 1.462086244111241650e-07 4.665250670418700381e-08 3.489237390534678044e-08
8.252154145000215602e-01 4.838988172995971238e-07 2.573744251665346106e-07 -4.154115187696127458e-08 1.218364067076265942e-07 3.689938554900674076e-07 6.518291914498046815e-08 -1.177625278062329602e-08 1.909546126492182495e-07 1.829712423357209086e-07 3.085827898928763093e-08 -5.223880896788402859e-09 1.231149352724524125e-07 3.641976312416950957e-08 2.892269002312040364e-08
8.294030907808404018e-01 4.028659120672738456e-07 2.125580049298321693e-07 -3.572481460063863082e-08 1.011699114405022438e-07 2.821831923242120130e-07 5.239692234993270738e-08 -8.053261165704305912e-09 1.582414307037905359e-07 1.411261067915711390e-07 2.403648351237558603e-08 -3.485121898294167298e-09 8.905134909683368322e-08 2.860923064733862565e-08 2.100530807187664906e-08
8.335906150371191758e-01 3.527724911163283137e-07 1.729518347698319350e-07 -2.566480079090378387e-08 8.485528903200596441e-08 2.656174120326435391e-07 4.342874845010846789e-08 -7.696990627834051580e-09 1.236788993388834920e-07 1.213979638397527100e-07 1.914782452973181840e-08 -2.822779883870079401e-09 7.251242491384436229e-08 2.584387025245405513e-08 1.830199106335031987e-08
8.377685032221774408e-01 2.497225068045497188e-07 1.498682990612999614e-07 -2.932355543731111538e-08 7.596553180089537974e-08 2.050224685644614042e-07 3.733302573670215344e-08 -8.327424637950586997e-09 1.091333587654057488e-07 9.836874580495072291e-08 1.716802508900282732e-08 -3.315348962899038972e-09 6.643313333121208001e-08 1.939440250941330122e-08 1.504464314413097616e-08
8.419567297582307708e-01 2.274797645427469889e-07 1.208838616068337903e-07 -2.141696541037475536e-08 6.179887725505617899e-08 1.604165401122922947e-07 2.944973936092878086e-08 -5.443043625389553028e-09 8.354228041905911278e-08 8.204131429517128933e-08 1.342851041725024629e-08 -2.573018236175088196e-09 5.404350837001102964e-08 1.751500726921459648e-08 1.046874811254341321e-08
8.461556544987137718e-01 1.681509408358804636e-07 9.806152525897674261e-08 -1.564287495208997325e-08 4.499653465174664869e-08 1.279089212817252646e-07 2.383119584392814078e-08 -3.865925364341214789e-09 7.301264582197673599e-08 6.401312446224817219e-08 1.038827214768232100e-08 -7.747040646020189392e-10 4.718670618928128767e-08 1.507444512487970797e-08 9.964339469554141647e-09
8.503430790983292908e-01 1.544614001878253914e-07 7.992793013566288492e-08 -1.294628559439788023e-08 3.667359197182559010e-08 1.155533290672345817e-07 2.120289205015161642e-08 -4.724233079424241763e-09 5.410698387745414936e-08 5.490151250589055430e-08 9.670546567303908284e-09 -2.077819009720478819e-09 3.464107217615905215e-08 1.151277835871049300e-08 9.101026785007900818e-09
8.545245840949285965e-01 1.355546260698423317e-07 6.303752300246129433e-08 -1.108011487026428058e-08 3.036970702064969301e-08 1.064126455715548676e-07 1.687415499299339560e-08 -4.450704673205521190e-09 6.039619108658309738e-08 4.788224680100800640e-08 7.955340887463593327e-09 -1.371605597097489225e-09 3.439628418704320868e-08 9.957681215129086934e-09 6.701008241878792097e-09
8.587196449246210506e-01 7.934955806594228642e-08 5.757790750264245471e-08 -8.896904593550475633e-09 2.930197637304505484e-08 6.966942501329421504e-08 1.370553671460041940e-08 -2.857893942086962331e-09 4.695466858036409826e-08 3.885147877115898016e-08 7.025497000741146861e-09 -1.778474180644947523e-09 2.541982468914472091e-08 9.471857082892349326e-09 6.023279408558354024e-09
8.629074348139629258e-01 9.285647428583471576e-08 4.281966570067166066e-08 -5.173415971198995140e-09 2.528954703806544360e-08 6.082055346227677301e-08 1.101769214076406368e-08 -1.429120400663043005e-09 3.049993666061091636e-08 3.519205998235648999e-08 5.134862711077025620e-09 -5.881759591763592284e-10 1.568527969283113598e-08 6.792540882907451746e-09 3.222902228587404140e-09
8.670852844200982457e-01 6.128381759039902991e-08 3.822995538179988368e-08 -3.353558127192414885e-09 6.747112134440047092e-09 6.092833475805570490e-08 8.082461839249363530e-09 1.652212083910626031e-11 2.143958218942144976e-08 2.413368399992278577e-08 3.643846797952583433e-09 -2.341294328321688528e-10 1.687817583431364925e-08 3.975590218249182140e-09 4.416024059601320151e-09
8.712764316473343706e-01 8.579954317925163743e-08 2.659133650882675440e-08 -6.075950838773174841e-09 1.401441417924908276e-08 6.302242558338938956e-08 7.783284559844555884e-09 -9.644583550611660873e-10 2.049674398549028521e-08 2.600790304384692111e-08 3.508339061569878638e-09 -6.757549679120164086e-10 1.473177800241974106e-08 4.070956920156923299e-09 5.104115141666474676e-09
8.754762476624626810e-01 4.362713245823903409e-08 2.455124455739075320e-08 -3.605921426810110579e-09 5.323602244141823351e-09 3.943780826110125162e-08 4.907957386052590546e-09 -2.118813737256257376e-09 9.224616716535459684e-09 1.587939920272891283e-08 2.797882413115100606e-09 -8.125717895598389247e-10 1.215114732734347726e-08 3.076369292743654837e-09 2.167537169873560636e-09
8.796707865602606535e-01 4.268671130608634793e-08 2.232773339756000335e-08 -1.947070224340424427e-09 1.351440792340182008e-08 4.393027580269293830e-08 5.389446758693848184e-09 -1.833263825223038617e-09 1.248605738026891694e-08 1.498728275168238985e-08 2.546781806077808733e-09 -5.586502063737830218e-10 7.478826309306906413e-09 3.025030646370001062e-09 2.938664062044784741e-10
8.838562222970675064e-01 3.305549669454349154e-08 1.706902593663924939e-08 -4.938694628948742963e-09 1.083688297154398815e-08 1.928686333716715095e-08 3.093923997363810580e-09 -2.903438430728616657e-10 1.131336493916413067e-08 1.122679449172489761e-08 1.702384154672311231e-09 1.605647057884093982e-10 4.640923220287077177e-09 2.295860661656538792e-09 1.062672741716718460e-09
8.880381764417510926e-01 2.513487768864638573e-08 1.501127760926036342e-08 -1.169062884438938304e-09 4.026056996530983934e-09 1.752000175024266876e-08 2.688410622937050447e-09 1.606969164273491649e-10 1.394146075289615556e-08 5.108975231803115928e-09 9.837439684568847036e-10 -4.549434441987890585e-10 5.117371299162561191e-09 1.223090967513843054e-09 2.425799469018999729e-09
8.922270316229049536e-01 1.378783782715345962e-08 1.003765050859061448e-08 -7.397910323210043034e-10 5.519946144112217076e-09 9.818527836727940988e-09 1.397302808569484839e-09 -1.279391722880017977e-09 9.336935133830077679e-09 1.096697655474347202e-08 1.752173703227738056e-09 -8.478465033923747544e-10 6.945028736232290461e-09 2.495346733144332900e-09 1.779786361184409966e-09
8.964225585562245469e-01 5.245220614249224569e-10 5.047079198123315024e-09 -3.901659424237267686e-09 4.045091419885527980e-09 1.161599986164975900e-08 1.418420184746125703e-09 -8.647860677657902704e-10 4.953554477302946824e-09 8.610170550630213631e-09 8.867252822048790420e-10 3.533832405772005131e-10 1.706804355937194292e-10 9.396645403410037594e-10 -4.018395928598518708e-10
9.006049913569987853e-01 1.490963634298732313e-08 5.656279021363764002e-09 6.164520403390574713e-10 2.721071294259435716e-10 2.345752809682155268e-08 3.116264180738831270e-10 -2.641280803165348526e-10 4.446729315812753297e-09 1.061740817456804864e-08 8.563781249167514222e-10 -4.529160489510964218e-10 2.104595396423869220e-09 1.039552157861665014e-09 -1.190787143517856724e-09
9.047836582182254839e-01 1.431804817575633221e-08 8.021810095056505267e-09 -1.804244677291799021e-09 4.511192014661975529e-09 1.527632294892381501e-08 1.785404058468025470e-09 2.779264591104879052e-10 7.960717225856542767e-09 1.417831941685810686e-08 6.154846475785710959e-10 1.382947890116045040e-10 1.352956955013662832e-10 2.970250471601803389e-09 -5.823522593304230369e-10
9.089780964569278421e-01 8.281637071455798101e-09 2.355645469734377945e-09 1.090695527381207919e-09 -5.574589945639602330e-11 2.392612111890896998e-09 7.018391510233731362e-10 3.466586594036184143e-11 -5.450448703117207733e-09 3.212947416134201847e-09 6.025303577379933834e-10 -4.751869134495462038e-10 -1.355228286756307714e-09 5.565632789258602940e-10 6.981371697966090445e-10
9.131704587403689510e-01 2.743395460798478911e-08 9.121135478007697368e-09 -3.674303810043727490e-09 6.421500834934053337e-09 1.230344476693821021e-08 2.147370721739613045e-09 -5.519831751022254300e-10 8.621553865764782266e-09 9.780838860277867126e-09 1.048296846446245991e-09 -4.000185205765828894e-10 8.991940188738339141e-09 2.108106733069405641e-09 2.648386085724339754e-09
9.173547920329833127e-01 5.631921154671031100e-09 5.485103669090100936e-09 -2.984778199573959023e-10 -3.658357691162820745e-09 6.222593253078252475e-09 1.234652745250405354e-09 -4.357843798732021445e-10 -1.772628660164900457e-09 4.412709884088824118e-09 3.735580499032945206e-10 -4.940057389312724947e-10 -1.080074778422865564e-09 1.580750356186092600e-09 -6.102655578772216700e-10
9.215425617950214754e-01 -1.655155426026993007e-09 2.437053721149628233e-10 4.420294649620428714e-10 5.187056204395209867e-11 8.381343502764574308e-09 5.261852965293701494e-10 -3.605434163674705255e-10 -4.173487619989331826e-09 4.462822576474118668e-09 4.080767370746334287e-10 -9.551976108981054802e-11 -6.167027795586933193e-09 1.737545953028402121e-09 -8.563539839031007225e-10
9.257400405750663142e-01 1.956623734252166525e-08 -3.143774766235690268e-11 3.388941884997196380e-09 -1.407150415129262411e-09 1.397023710411848247e-08 6.628947968296122916e-10 -4.062688319607744564e-10 -3.514359106819033027e-10 8.868047940474279020e-09 1.747601741811947755e-10 1.551209258038512377e-10 -3.475527065965016972e-09 1.016672961862457655e-09 -2.139986479214371053e-10
9.299303352268617484e-01 1.064297396423015075e-08 3.174689604321781508e-09 6.677367483965576455e-10 3.074641335497549030e-09 5.471971987444095090e-09 -1.461978294049367598e-10 2.673721251915877304e-10 -9.736433562333597058e-10 -3.450259105364468681e-09 -2.126853842286938960e-10 -1.556579615976941256e-11 -1.705831061847290617e-09 -8.728793567890862097e-10 -4.078725515290770647e-10
9.341108300097852313e-01 1.348378127422116596e-08 3.393932483930857054e-10 2.703768797231560174e-09 3.618304911002504397e-09 8.126915927560649088e-09 7.702953021434195287e-10 -3.838542168558345386e-10 6.164426694365936533e-09 2.855527273061745759e-09 1.598673393944565410e-10 -8.028323817108568166e-13 -2.218249602844059266e-09 8.274736661363119944e-10 7.180968345756253223e-10
9.382896253999645220e-01 5.963328160035531125e-09 -3.550582561499945615e-10 3.618900534505022554e-09 4.802731189978256881e-10 8.483084049472237346e-09 -7.132284611810747335e-10 2.732087781603998704e-10 -7.384953304003631546e-09 3.962540209804320658e-09 5.326604957466300040e-10 6.222689238333962987e-10 -3.981849529164509564e-09 1.714570024638292594e-10 -1.903603912713006999e-09
9.424819561228944265e-01 1.518270926734224040e-08 -3.472095849244010226e-09 2.104787416443289435e-09 4.442307524611102869e-09 6.540779772613346697e-09 -1.018888231214985381e-09 9.455071245921034766e-10 5.397924726639262868e-09 4.507280240986830198e-09 -1.809622295135222306e-10 3.863390684498349685e-10 3.958663501129631279e-09 3.235112808466375210e-10 -3.267270354043832884e-11
9.466849863120379016e-01 -4.146231505209072842e-09 -8.552682363173247066e-10 -1.742395632648243209e-09 4.827078101087111426e-09 4.045215610279522426e-09 9.099148363430283766e-10 2.490821088007820057e-10 9.877973518715196940e-09 2.872599134960938215e-09 2.850646441660805621e-10 3.193134991957829404e-10 3.451108074400303045e-09 6.055876683072237174e-10 -8.626621339867142911e-10
9.508714331057195324e-01 -2.198063085032887944e-08 2.729928249556083766e-09 -2.496357816226314425e-09 -7.721866742415557937e-11 1.432881052118775620e-09 1.200825520619849837e-09 -1.055919195325924714e-09 4.547839101028166896e-09 3.965870621931382717e-09 5.741417566291877467e-10 -1.865048744810711431e-10 -9.501641436095016485e-10 1.217728588359594364e-09 -4.168708966650520017e-10
9.550563230073290111e-01 -5.402751197978972306e-10 5.021067882462425878e-10 1.238902440198653726e-10 1.242739127502494035e-09 1.065446656938901601e-09 7.152930923198122399e-10 2.044250708687390158e-10 -1.936805961531967703e-09 -1.990972247686883401e-09 -1.780255887889760778e-10 5.647729258236350389e-11 -2.943207324474676400e-09 -4.087461056421331017e-10 -3.496265255984080357e-10
9.592513211539739348e-01 2.077693343930658954e-09 -9.466531073625042513e-10 1.520576189944091401e-09 1.828889699060727095e-09 2.944642745057471789e-10 -8.795550148166286720e-10 -5.536532155975670588e-10 4.892027837999280473e-10 -1.096579683199492188e-09 -8.144108439275784548e-10 -1.708539863506183100e-10 2.362087257738555055e-09 -1.074549524847271677e-09 1.097595405323171108e-09
9.634451052878124644e-01 1.499271062077943977e-08 -7.499397032567912292e-11 -2.534847009146840030e-10 -3.467321570792490974e-10 6.869452270863709811e-09 -4.613572311586715506e-10 1.768437368162989918e-10 5.726466310706385441e-10 9.478588518723656246e-10 -2.873922577349181082e-10 2.095683700533422499e-10 3.663670464926463983e-09 7.998272924181347651e-10 -1.313909693076039779e-09
9.676230540453005791e-01 -3.082617498432605939e-09 -9.566923533994420946e-10 -1.786075762220945236e-09 2.072321479898163015e-09 -8.205975054565531059e-09 -6.252539858760628047e-10 3.281176984954395202e-10 2.547003388870221415e-09 -4.247166042750988028e-10 -6.485050368566316759e-10 3.208434854798837813e-10 6.162415202103281269e-10 -3.663287263233912926e-10 1.190518246955441349e-10
9.718094297475188270e-01 -1.809608367127125318e-09 -3.062972060193448487e-09 1.766717212363123959e-09 -9.668703305514194967e-10 -3.416039823042523474e-09 -9.921890523460022408e-11 3.879979827128594336e-10 -8.108694378048051364e-10 1.179666283304635242e-09 2.748832943265584852e-10 -2.830699547767481834e-10 2.214273994741439944e-10 4.868785889318065674e-10 2.416368760565202027e-10
9.760091362076940280e-01 3.931232546446322348e-09 -1.242771525986876630e-09 -4.442625617040474349e-11 -3.313021117414775443e-09 5.304033085431677568e-10 4.831371650844056616e-11 3.790047069369006915e-10 -5.257874627394720947e-09 3.197217267525278149e-09 -4.716728655532385991e-11 4.562325383817476678e-10 -3.932669999996963654e-09 1.235892040399613175e-10 -1.732390201955538630e-09
9.802075838006468755e-01 -1.153427496902944431e-09 -4.089839355233713093e-10 1.643882267812676063e-09 3.700809057541410887e-09 2.604555654488126709e-09 -3.555735112123177313e-10 -2.601253949175693018e-10 -4.774694499699717688e-09 -1.104374912670030203e-10 8.357151581339159339e-11 4.341236923013665134e-11 -3.636103751053763417e-09 -7.903306043820298108e-10 3.433124282462402889e-11
9.843901124947946890e-01 1.202080631630661346e-08 -1.056399113749619185e-09 -1.343210993127932017e-09 3.517562417573982688e-09 7.634660310630787375e-09 9.104617905943312234e-10 -6.738030280273765300e-10 4.290298232625717904e-09 4.022088659534990845e-09 5.864117401536765517e-10 -1.061504822020629662e-10 -5.141070970649995517e-09 -3.956788661722091569e-10 -2.203319245820019808e-10
9.885650797815361823e-01 -3.166914158898322498e-09 -3.591245553489301984e-09 -8.770989963907853919e-11 -2.464853652628708589e-09 3.178588481509066260e-09 -3.932207284762910818e-10 -7.839378230540459388e-10 -2.937797105971342225e-09 2.442617788954878665e-09 1.838780042309311595e-11 -4.219941629786598394e-10 -2.534187467902841976e-09 1.082461614243578987e-10 -1.471374446248521712e-09
9.927561705083151056e-01 -1.150388513932212128e-08 3.352163347979974450e-10 -3.405218112076787589e-10 -1.431026082786730415e-09 1.183980110486111457e-09 6.598107460584959106e-10 -1.164395728880782067e-09 -2.571507955755269288e-09 1.761990047629527888e-09 5.614225412677550539e-10 -1.804484340707725863e-10 -9.114223518090674363e-10 -7.115663874087865258e-10 -1.618271660365659107e-11
9.969400597939003239e-01 2.177151482387651100e-08 -1.903796000272392177e-09 6.764613590032891532e-10 1.148597336841249824e-09 1.242872234486614488e-08 -1.668192532722044296e-09 -3.114664499474968988e-11 2.663434001814385836e-10 2.252212397437925472e-09 1.114911330053371978e-10 -4.102666991092082196e-10 -3.557551913006724612e-09 5.920609802398291721e-10 1.567094714392297832e-10
1.001125867816581083e+00 -6.812054789699091857e-10 -1.371261061914892559e-09 1.632728118056004489e-09 -6.853115697913560033e-09 -8.120990218154755519e-09 5.841076515021063939e-11 2.753959902246868361e-10 -2.210960325681605597e-09 -1.348816905561658394e-09 2.342617115531899977e-10 -6.874170793281095296e-10 7.866268064017033912e-11 1.328235541341383834e-10 -4.106385031718469905e-10
1.005315482813002204e+00 1.419662324181061781e-09 -2.499941708091304642e-09 7.226456320329123201e-10 1.457928108968879876e-09 3.975018209014726022e-09 1.082199733019617742e-09 -3.670177375075725208e-10 4.231316634180141825e-09 1.348145518873587050e-09 6.657805552982714457e-10 -6.657394936115488485e-10 3.149594328897805546e-09 4.532389786363926918e-10 1.029225402212176007e-09
1.009503724426713545e+00 -9.606680013594337993e-09 -5.153042237712045591e-10 -7.193841771839684085e-10 -1.093788876512534964e-09 -1.272366027061679224e-09 3.105039653749081308e-10 -6.292716743828710015e-10 -5.654087092447482186e-09 4.365717400120477506e-10 1.633578854552034937e-10 -2.342991833675967456e-10 -1.640417305814128216e-09 5.894185119840314197e-11 6.336622942156596651e-11
1.013699103815393299e+00 6.349032613087523383e-09 -2.131842598795159691e-09 -1.802182662885833946e-09 4.009299662141802149e-09 9.507545413107873420e-09 -4.133293878422979044e-10 4.873375435320803400e-10 4.227209317819369714e-09 9.048801621656081553e-09 1.017474761021475785e-10 3.844863861826920435e-10 4.257195144805542168e-09 1.492816472017527648e-09 3.682331558457866155e-11
1.017885842421875964e+00 2.409071390697209387e-08 -5.467919396055643935e-10 -1.427730772831436402e-10 6.645990010127786546e-09 1.177911412665100240e-08 1.259524987944049472e-10 -2.555451859989281925e-10 2.271786165982740454e-09 1.304220916529487674e-09 3.337097653984437153e-10 -3.143983848917270851e-10 4.544495297880372762e-09 -1.411818409929829794e-09 1.516914750549571511e-09
1.022076284359184406e+00 1.410817296729822369e-08 -4.868893401513341587e-10 -1.302917824334063528e-10 -5.030983422676658716e-09 5.221974211143866140e-09 1.828276613619911325e-10 -2.271974646183715955e-10 -8.007044090946421501e-09 3.743277488216169405e-09 6.972868981898645588e-10 1.086529670505054715e-10 -4.430333014144819977e-09 1.175637731500534692e-09 -1.630455430927673838e-09
1.026273875264014812e+00 -2.148162228922983919e-09 7.661217307642004153e-10 1.444163107092479072e-09 -3.381348878966171355e-10 -3.024364778256083116e-09 -3.575200918012345975e-10 7.401999184871901019e-10 -3.990261901202497703e-09 1.725690827686309383e-10 -2.494556399479399930e-10 1.455220920995727214e-13 -4.710329189278598952e-09 7.647646731878675097e-10 -5.377844752356139784e-10
1.030463237552156075e+00 -4.616011815824498879e-09 8.332097539127545315e-10 -2.250808277596290167e-10 -1.108047556345922408e-09 -4.600264151980486770e-09 -2.247837554364867959e-10 -4.657543949609105120e-11 -1.125141096289407528e-08 3.475831255299851615e-09 -3.234639819812361040e-10 5.796177484780608955e-10 -3.396210976321566303e-09 8.286161114975014346e-10 9.080562191337830592e-10
1.034646639530784062e+00 -1.120296764130596895e-09 1.011227166008728267e-09 -2.910840153557942349e-09 2.538966890682957198e-10 5.888438780487443400e-09 -9.044821138492012841e-10 -6.942398372346761558e-10 -7.290915707859558706e-10 4.632839606216590876e-09 -3.882945969819549468e-10 -3.770677940213928320e-11 1.215695941487171592e-10 3.781991788895718223e-10 -1.107824575500059856e-09
1.038830480088573260e+00 8.059260843400452811e-09 1.929179816931000049e-09 1.571208185753654261e-09 1.010896698292541924e-09 -3.202748658754906396e-09 4.994682398407975626e-10 -3.928286362355216267e-10 -5.601179949743205369e-09 -2.245560793186199478e-09 3.820222719036077732e-10 -1.834606490250454380e-10 -5.144108784102619255e-10 -2.952130907599635745e-10 4.307740067380048571e-10
1.043023229532383578e+00 4.938506236728059728e-10 1.921433159292883067e-09 -2.687866700932240746e-09 1.320936922142722373e-09 -1.147950503098251498e-08 1.003054819292620918e-09 -1.206110281847604979e-09 1.730432893790857327e-09 -5.813740985060844479e-09 -4.598956820069502412e-10 -3.313907482881788406e-10 -1.047994253398395578e-09 -8.775792872260816873e-10 -5.318233298093937811e-10
1.047211320931656031e+00 -3.554551789516282568e-10 -8.394679536180122765e-10 1.076132753471787183e-09 1.830409827748634359e-09 -5.588919832026640516e-09 1.139178380627566664e-10 -2.321359565642849370e-10 -1.647416015863588776e-09 -1.994932184145093917e-09 3.098083259617398115e-10 -1.595786341472400421e-10 5.273361125234572729e-09 -3.598568552812331743e-10 1.837677974261254954e-10
1.051395396220772938e+00 -6.773746386239117827e-09 -1.726212839053820164e-09 1.117198061156654349e-10 5.589521307118118661e-09 8.262112823095115329e-09 -5.082973680446720678e-10 1.641970235760622072e-10 7.664245290889375274e-10 1.097336017745194608e-10 -2.036037362359441044e-10 1.464627423194724784e-10 1.435925684600148681e-09 -9.003717622400078353e-10 4.946715550006086326e-11
1.055587561333155788e+00 -1.304938117176883797e-09 2.954557664014069801e-09 -1.070986798869961737e-09 7.505450552052132259e-10 1.589583363104282364e-09 9.963871596973795646e-10 -3.927904955647785817e-10 -1.527316751400899905e-09 3.761743095661492317e-09 1.226538071633109839e-10 -6.039368910406950041e-12 9.948830005460404369e-10 3.149547190283563966e-10 3.501845450645167849e-10
1.059780855230085139e+00 -3.736287654737568809e-09 -1.647762763144116296e-10 -9.870661274628287527e-11 -9.003769812886142554e-10 -3.549394496324572327e-09 1.200567986818805703e-10 -3.059825073328243323e-10 1.392284944183648711e-09 -9.264981971750976622e-10 2.996305224518097287e-10 -4.582541664573540625e-11 -8.229108585896687497e-10 4.638805188224125951e-10 4.175999537253423261e-10
1.063968553353427993e+00 -1.357061294104242749e-08 -6.894869458952589236e-10 1.793083992561970848e-09 9.546338242727905958e-10 2.288803887090411174e-09 -1.043168751445935561e-10 4.338006908364502197e-10 9.498352064212633223e-10 2.900757193270861064e-09 3.112858777035048938e-10 -8.044306108119823170e-11 2.825096365542727194e-09 1.274633954318411562e-09 1.085040986502960447e-09
1.068144877931138659e+00 5.119590530603510310e-11 2.456804103072500863e-09 4.996830782823136992e-10 2.449328093251566989e-10 8.606779669328066617e-09 1.194861473506466056e-09 -3.116109629601814808e-10 -3.764825466000960999e-09 1.280960666034937213e-09 1.351977160090250919e-10 2.375257972115854366e-10 5.180257708444609272e-10 -5.623797940792617370e-10 3.213257399786838787e-10
