# Columns: ('k', 'P')
5.345493089407682419e-03 1.101866319444444464e+01
9.344366739594166943e-03 1.802271169354838548e+03
1.312833575873958818e-02 -7.257888392857142208e+03
1.700891779646987109e-02 -1.610007142857142981e+03
2.135270783943789275e-02 -1.903124285714285634e+03
2.564347439342075027e-02 -4.806533333333333076e+02
2.962205054058980949e-02 2.082055647840531492e+03
3.361537140302770649e-02 1.302173228346456654e+03
3.793950633336700545e-02 -7.070626094570927762e+02
4.227894994616508695e-02 1.982820000000000107e+02
4.633325468672155889e-02 3.581440329218106626e+02
5.038752484052157893e-02 9.368156008820286615e+02
5.464179025701254577e-02 3.413195592286501210e+02
5.886817576171304162e-02 7.370600480384307502e+02
6.290140616743733482e-02 1.080336384439359335e+03
6.703999982739437813e-02 -2.329730377471539953e+02
7.134254604642074893e-02 1.696778613648576197e+02
7.561818311969153994e-02 5.717491606714628460e+02
7.973924982214039558e-02 1.716087654887563190e+02
8.385356877962653332e-02 3.023273738577671566e+02
8.809929214337092196e-02 3.861008050402519984e+02
9.230415729057904473e-02 2.802490805750584855e+02
9.643309047658384092e-02 1.761817631020902866e+02
1.005689403076158450e-01 2.721245441795231272e+02
1.047818677762802908e-01 1.441886980333582358e+02
1.090277847809041356e-01 1.657968858935626315e+02
1.132170039508717807e-01 2.286121773659827738e+02
1.174008294871188018e-01 2.097088937964264233e+02
1.215998224695146873e-01 1.880354502369668239e+02
1.257670529567683493e-01 1.854234812043470413e+02
1.299386816717305049e-01 2.104990943520500650e+02
1.340949335765710126e-01 1.702171981596065393e+02
1.382635144665005922e-01 1.230194174757281615e+02
1.424925284902303357e-01 5.805950928561745172e+01
1.466886314558672189e-01 1.293855469264183000e+02
1.508619291163366127e-01 1.562738543819132246e+02
1.550655720814744509e-01 1.208294275387664669e+02
1.592593054631499527e-01 1.264739954012920151e+02
1.634144798183441161e-01 1.190089600000000019e+02
1.675823816150099899e-01 9.003904319462290573e+01
1.718045808093531246e-01 7.535645687645687474e+01
1.760135070798979073e-01 6.627483835716236626e+01
1.801930856696074279e-01 8.858443440456909457e+01
1.843742315857553882e-01 8.115140171366775235e+01
1.885797910080431738e-01 2.581253372388807321e+01
1.927656394953895236e-01 6.705605329657707614e+01
1.969014248243030341e-01 8.355544244892023187e+01
2.010715633173454087e-01 7.222053258102251050e+01
2.052920281681521186e-01 9.237996715927749847e+01
2.095172134954577381e-01 6.084235397895532316e+01
2.136973926115405542e-01 2.064998449612403064e+01
2.178750580088065492e-01 3.923684671532846835e+01
2.220823861956562617e-01 4.371974953460822633e+01
2.262696194198526023e-01 3.719245759455453992e+01
2.304259489101245229e-01 6.392346478424712330e+01
2.345870463846415066e-01 4.192741894436809957e+01
2.388019837064606632e-01 3.010746873943900326e+01
2.430077036534963875e-01 4.018461465316407555e+01
2.471758823520590620e-01 2.830843872154518337e+01
2.513692271335918882e-01 2.596520940002625721e+01
2.555723892733414715e-01 2.204511729639319029e+01
2.597674079539822323e-01 3.228273674671499549e+01
2.639178238801485610e-01 1.401894822999795309e+01
2.680749044740857179e-01 1.518093649377351717e+01
2.723023151079725368e-01 1.884840081345905105e+01
2.765128983200950685e-01 1.018625032220053761e+01
2.807027537381580062e-01 2.918643472149007323e+00
2.848857026249724811e-01 1.894140774503322788e+01
2.890807262117984777e-01 2.036357338435654540e+01
2.932785946948970324e-01 2.521788713524817993e+01
2.974321087309398370e-01 2.924880933354642920e+01
3.016123743882810904e-01 1.175384147269131319e+00
3.058101292111336522e-01 2.100830759079866716e+00
3.100168993294901143e-01 1.615297426038049977e+01
3.142092030053749707e-01 9.954045640190786415e+00
3.183867557675504334e-01 1.007577048909905670e+01
3.225872781332082551e-01 1.820379121612601736e+01
3.267666109043823597e-01 4.977311745595732084e+00
3.309328770241455886e-01 -3.271632345811324782e+00
3.351106074107195187e-01 3.668874172185430105e-01
3.393095620710060434e-01 1.089065467746976701e+01
3.435164896197421824e-01 9.778352585453427892e+00
3.477107812306902690e-01 5.878677235227509179e+00
3.518857617074659383e-01 9.330042889236842996e+00
3.560773577310688554e-01 1.050977736022198350e+01
3.602869550449780967e-01 1.142390860873113034e+00
3.644651285618699665e-01 4.453311882131290034e-01
3.686396944457170921e-01 7.968624709583239651e-01
3.728293470315630076e-01 -3.286608486307553534e+00
3.770363921861874523e-01 5.261000097475387882e+00
3.812363453093803867e-01 -4.216247470367158634e+00
3.854150971210312249e-01 -3.259191695033193614e+00
3.896036578152083374e-01 -1.245149521861699027e+00
3.937795161075864914e-01 -1.024131640265159016e+00
3.979440095093054186e-01 -1.774541051619451248e-01
4.021139069446590386e-01 -4.049633272931227879e+00
4.063125452039867413e-01 -5.749035919370863112e+00
4.105412315868290918e-01 -4.676331583509133694e+00
4.147348487769681458e-01 -5.716864608076010157e+00
4.189107045044477284e-01 -5.980478499324378028e+00
4.230974437456921922e-01 -4.024494890397066982e+00
4.272931011032126136e-01 -4.554559750828282461e+00
4.314914587673138180e-01 -5.218572860112771217e+00
4.356511643511531418e-01 -5.917138461078828016e+00
4.398424702607344750e-01 -7.436052882494414540e+00
4.440501074980069407e-01 -3.312758723700869101e+00
4.482267968899237842e-01 -6.966252071813585189e+00
4.524052929840755577e-01 -7.615036566195064971e+00
4.566090347930675253e-01 -8.555167607036176847e+00
4.608167319022857811e-01 -6.612846742235738873e+00
4.649806979855051203e-01 -6.593449719031538869e+00
4.691538386770017222e-01 -8.522126360330913641e+00
4.733478629909182445e-01 -8.843257105155050368e+00
4.775500538217637980e-01 -8.076391512595824551e+00
4.817339644282710998e-01 -7.322290507533607773e+00
4.859144464692263798e-01 -8.231981159846922580e+00
4.901252990058800885e-01 -7.590822378689605188e+00
4.943123444065962158e-01 -1.117708489079554290e+01
4.984736335014697817e-01 -1.135897000758012787e+01
5.026590164608074618e-01 -1.317548761839803895e+01
5.068609875937976073e-01 -1.248227511793092326e+01
5.110594965365916620e-01 -1.041259973723843935e+01
5.152492140965455603e-01 -9.174444152431012967e+00
5.194329442812991582e-01 -1.084867840265877348e+01
5.236343964239100757e-01 -1.214601470840437081e+01
5.278273205415198177e-01 -1.163459111241253296e+01
5.319960279023402405e-01 -1.087228903736698804e+01
5.361714592099571242e-01 -1.399959124485406292e+01
5.403746330902056139e-01 -1.575199605062041286e+01
5.445761264886261888e-01 -1.318784894504439187e+01
5.487504490749764985e-01 -1.244303892145588541e+01
5.529407179677009454e-01 -1.515366933038905906e+01
5.571409157079509900e-01 -1.319267612246187760e+01
5.613298693710127019e-01 -1.341270093763531968e+01
5.655062246218995892e-01 -1.040282629545874471e+01
5.696867424029971039e-01 -1.284450682943999489e+01
5.738956954203543459e-01 -1.444735049491628232e+01
5.780928920821047923e-01 -1.470387335464223710e+01
5.822632071880226023e-01 -1.439258878791142493e+01
5.864430803127811398e-01 -1.428231328347203011e+01
5.906376733072625784e-01 -1.229149360159419935e+01
5.948356627105599870e-01 -1.479664863251957030e+01
5.990145239901687457e-01 -1.327196188948894928e+01
6.031829950841108845e-01 -1.422619203085030470e+01
6.073740526175752663e-01 -1.510024379750466039e+01
6.115768023320514724e-01 -1.549439941649734820e+01
6.157710000000914397e-01 -1.547223101906747011e+01
6.199632023912512446e-01 -1.495634756482549932e+01
6.241630060990407403e-01 -1.461545379920768006e+01
6.283593402461892241e-01 -1.434536866147634271e+01
6.325410955997395890e-01 -1.546161938492828902e+01
6.367142920629192959e-01 -1.522284622230808004e+01
6.409035099394975177e-01 -1.439134864198537045e+01
6.451032402190634008e-01 -1.554426406854135934e+01
6.492879941711476866e-01 -1.543611438934784097e+01
6.534659541563927476e-01 -1.414138587187518326e+01
6.576591076962554627e-01 -1.632684672162268313e+01
6.618529307405217610e-01 -1.439386486607342519e+01
6.660240791386257131e-01 -1.502889452801174563e+01
6.702067828716186115e-01 -1.495456492188518283e+01
6.744172070879622671e-01 -1.644601018985762053e+01
6.786118453466847278e-01 -1.490841184182444756e+01
6.827984616056306244e-01 -1.564846904993408572e+01
6.869817177358829019e-01 -1.547721522755007761e+01
6.911718524128840357e-01 -1.571528137043474338e+01
6.953555746427921846e-01 -1.554783863516021825e+01
6.995344561305086861e-01 -1.556250675679520334e+01
7.037287066792784485e-01 -1.640916554288519436e+01
7.079143033440539190e-01 -1.552218559484167493e+01
7.121186686741065586e-01 -1.488577577965814491e+01
7.163134555705721329e-01 -1.574576419452721332e+01
7.204913713645887396e-01 -1.525138985313033224e+01
7.246803275165087932e-01 -1.554252020022022052e+01
7.288763115175647123e-01 -1.507157547688201582e+01
7.330585840505703388e-01 -1.521749629404585313e+01
7.372316440474646626e-01 -1.561559036280655199e+01
7.414228560306842519e-01 -1.534315642954751979e+01
7.456189213758863676e-01 -1.550582539340806854e+01
7.498104337627916616e-01 -1.441729691563365456e+01
7.539974189770904944e-01 -1.560098987029455309e+01
7.581896411468850294e-01 -1.488184341709419201e+01
7.623808615479977790e-01 -1.520964689680411119e+01
7.665651159623174671e-01 -1.539238144080231407e+01
7.707536355579491794e-01 -1.586008592577255527e+01
7.749462413082437440e-01 -1.490197106262959892e+01
7.791369682448587852e-01 -1.473484628736918012e+01
7.833258353347896108e-01 -1.436976751593805801e+01
7.875159900600451346e-01 -1.530635565209179383e+01
7.917084457625156446e-01 -1.524354993205764863e+01
7.958821468706197555e-01 -1.480778841502115029e+01
8.000624692379799674e-01 -1.489585989894549911e+01
8.042564613727184453e-01 -1.448435995214918393e+01
8.084384822996342201e-01 -1.452513198628113322e+01
8.126333810499198895e-01 -1.471145707439707806e+01
8.168271958201180905e-01 -1.491279291513162519e+01
8.210214995694952167e-01 -1.466746858687354482e+01
8.252154145000215602e-01 -1.436566394940555824e+01
8.294030907808404018e-01 -1.399915266949650672e+01
8.335906150371191758e-01 -1.420788520355736750e+01
8.377685032221774408e-01 -1.401594572076650991e+01
8.419567297582307708e-01 -1.426201328451594996e+01
8.461556544987137718e-01 -1.380993384437677385e+01
8.503430790983292908e-01 -1.415882346103324885e+01
8.545245840949285965e-01 -1.373548895717965124e+01
8.587196449246210506e-01 -1.387978698144567780e+01
8.629074348139629258e-01 -1.399791714618841532e+01
8.670852844200982457e-01 -1.336675462720690000e+01
8.712764316473343706e-01 -1.368389171705291041e+01
8.754762476624626810e-01 -1.375810824051997372e+01
8.796707865602606535e-01 -1.336025719247195909e+01
8.838562222970675064e-01 -1.388711705676032970e+01
8.880381764417510926e-01 -1.345009972615163285e+01
8.922270316229049536e-01 -1.333611922298919872e+01
8.964225585562245469e-01 -1.337181367704529755e+01
9.006049913569987853e-01 -1.329625030696915111e+01
9.047836582182254839e-01 -1.318007874795531897e+01
9.089780964569278421e-01 -1.304130232182570026e+01
9.131704587403689510e-01 -1.289079210415791543e+01
9.173547920329833127e-01 -1.289448162253356855e+01
9.215425617950214754e-01 -1.260241824749498640e+01
9.257400405750663142e-01 -1.284132834151796665e+01
9.299303352268617484e-01 -1.315581295052676936e+01
9.341108300097852313e-01 -1.270246148034561351e+01
9.382896253999645220e-01 -1.264633427909983432e+01
9.424819561228944265e-01 -1.229211304171032637e+01
9.466849863120379016e-01 -1.255259629771336627e+01
9.508714331057195324e-01 -1.266049717171279454e+01
9.550563230073290111e-01 -1.247447550842399977e+01
9.592513211539739348e-01 -1.239519119298489969e+01
9.634451052878124644e-01 -1.255695513100206817e+01
9.676230540453005791e-01 -1.227916947653943502e+01
9.718094297475188270e-01 -1.247857544688483955e+01
9.760091362076940280e-01 -1.227646098997835011e+01
9.802075838006468755e-01 -1.222429322462017431e+01
9.843901124947946890e-01 -1.205910671185968042e+01
9.885650797815361823e-01 -1.205910026169120464e+01
9.927561705083151056e-01 -1.184959654905606463e+01
9.969400597939003239e-01 -1.213843189941443335e+01
1.001125867816581083e+00 -1.238557376502095408e+01
1.005315482813002204e+00 -1.171922326064382069e+01
1.009503724426713545e+00 -1.153284302333529254e+01
1.013699103815393299e+00 -1.165007563392636492e+01
1.017885842421875964e+00 -1.173097646369675751e+01
1.022076284359184406e+00 -1.164448289560332661e+01
1.026273875264014812e+00 -1.169091732837351394e+01
1.030463237552156075e+00 -1.155934076911146491e+01
1.034646639530784062e+00 -1.140965454416950031e+01
1.038830480088573260e+00 -1.113727279071029663e+01
1.043023229532383578e+00 -1.150155954619257770e+01
1.047211320931656031e+00 -1.151812156865745074e+01
1.051395396220772938e+00 -1.111115548018429422e+01
1.055587561333155788e+00 -1.115597192097646229e+01
1.059780855230085139e+00 -1.113990101396090715e+01
1.063968553353427993e+00 -1.098887777160150669e+01
1.068144877931138659e+00 -1.104869581465791839e+01
