# Columns: ('k', 'P')
5.345493089407682419e-03 8.865131250000000000e+04
9.344366739594166943e-03 1.657439516129032199e+04
1.312833575873958818e-02 6.887074489795917179e+04
1.700891779646987109e-02 3.117913095238095411e+04
2.135270783943789275e-02 1.662161999999999898e+04
2.564347439342075027e-02 4.468488444444444758e+04
2.962205054058980949e-02 2.479485382059800759e+04
3.361537140302770649e-02 2.198822047244094574e+04
3.793950633336700545e-02 1.820821015761821400e+04
4.227894994616508695e-02 3.007630400000000009e+04
4.633325468672155889e-02 2.657608779149519614e+04
5.038752484052157893e-02 2.039582359426681433e+04
5.464179025701254577e-02 2.041697337006427915e+04
5.886817576171304162e-02 1.808810728582866068e+04
6.290140616743733482e-02 2.055181693363844533e+04
6.703999982739437813e-02 1.506258957459556586e+04
7.134254604642074893e-02 1.739671574422353660e+04
7.561818311969153994e-02 1.428486043165467709e+04
7.973924982214039558e-02 1.688330059660394545e+04
8.385356877962653332e-02 1.338506793802145330e+04
8.809929214337092196e-02 1.443684984249212357e+04
9.230415729057904473e-02 1.357747642928786263e+04
9.643309047658384092e-02 1.412954619812178134e+04
1.005689403076158450e-01 1.361792987377279132e+04
1.047818677762802908e-01 1.347813691809808370e+04
1.090277847809041356e-01 1.390588705554264379e+04
1.132170039508717807e-01 1.300188660930950755e+04
1.174008294871188018e-01 1.304468500301144377e+04
1.215998224695146873e-01 1.323197270142180059e+04
1.257670529567683493e-01 1.246882308925708276e+04
1.299386816717305049e-01 1.262979087765519580e+04
1.340949335765710126e-01 1.433641630969379730e+04
1.382635144665005922e-01 1.261888421967830800e+04
1.424925284902303357e-01 1.327757299715331283e+04
1.466886314558672189e-01 1.359756746083980397e+04
1.508619291163366127e-01 1.293364969004497470e+04
1.550655720814744509e-01 1.328356488282616192e+04
1.592593054631499527e-01 1.299500361327055725e+04
1.634144798183441161e-01 1.294217216000000008e+04
1.675823816150099899e-01 1.272903034496392138e+04
1.718045808093531246e-01 1.305135738927738930e+04
1.760135070798979073e-01 1.303655404790091961e+04
1.801930856696074279e-01 1.289276753899923278e+04
1.843742315857553882e-01 1.252072606272356643e+04
1.885797910080431738e-01 1.265041794496261355e+04
1.927656394953895236e-01 1.354791147867371365e+04
1.969014248243030341e-01 1.340444004944375774e+04
2.010715633173454087e-01 1.335168017615083045e+04
2.052920281681521186e-01 1.297290298850574618e+04
2.095172134954577381e-01 1.346751887089660340e+04
2.136973926115405542e-01 1.283113972093023222e+04
2.178750580088065492e-01 1.277708519708029235e+04
2.220823861956562617e-01 1.380049867433857980e+04
2.262696194198526023e-01 1.319279530109238658e+04
2.304259489101245229e-01 1.359353664879783537e+04
2.345870463846415066e-01 1.325437980353234707e+04
2.388019837064606632e-01 1.316330729493554827e+04
2.430077036534963875e-01 1.402702420006656212e+04
2.471758823520590620e-01 1.334806015175902576e+04
2.513692271335918882e-01 1.318226353332458166e+04
2.555723892733414715e-01 1.325351563237123264e+04
2.597674079539822323e-01 1.315136466614491110e+04
2.639178238801485610e-01 1.340204788213627944e+04
2.680749044740857179e-01 1.313284245645342708e+04
2.723023151079725368e-01 1.350570027731558548e+04
2.765128983200950685e-01 1.353434679824722843e+04
2.807027537381580062e-01 1.347179307678791156e+04
2.848857026249724811e-01 1.348666782645001877e+04
2.890807262117984777e-01 1.291872081285257082e+04
2.932785946948970324e-01 1.322750736855863943e+04
2.974321087309398370e-01 1.348023397794470293e+04
3.016123743882810904e-01 1.300185948577514137e+04
3.058101292111336522e-01 1.337376864709234360e+04
3.100168993294901143e-01 1.327226193004103516e+04
3.142092030053749707e-01 1.379980967069374310e+04
3.183867557675504334e-01 1.344822148296813612e+04
3.225872781332082551e-01 1.349204752369510061e+04
3.267666109043823597e-01 1.357931211536937735e+04
3.309328770241455886e-01 1.287215085865931906e+04
3.351106074107195187e-01 1.336371420717231013e+04
3.393095620710060434e-01 1.281180967951338062e+04
3.435164896197421824e-01 1.332550511421349620e+04
3.477107812306902690e-01 1.312233383403045809e+04
3.518857617074659383e-01 1.332557496539360363e+04
3.560773577310688554e-01 1.330406589613056713e+04
3.602869550449780967e-01 1.327882840516223223e+04
3.644651285618699665e-01 1.317020936090941905e+04
3.686396944457170921e-01 1.301497904887225923e+04
3.728293470315630076e-01 1.337052895977530534e+04
3.770363921861874523e-01 1.306372316989960200e+04
3.812363453093803867e-01 1.318697519514310625e+04
3.854150971210312249e-01 1.293388208301205486e+04
3.896036578152083374e-01 1.292243052714977966e+04
3.937795161075864914e-01 1.296087220706970402e+04
3.979440095093054186e-01 1.317146688983458444e+04
4.021139069446590386e-01 1.290435274829579794e+04
4.063125452039867413e-01 1.313875284172237662e+04
4.105412315868290918e-01 1.294464864511275664e+04
4.147348487769681458e-01 1.273941885494307462e+04
4.189107045044477284e-01 1.279028274382004565e+04
4.230974437456921922e-01 1.274926630782432221e+04
4.272931011032126136e-01 1.284164196833442656e+04
4.314914587673138180e-01 1.260002357128969015e+04
4.356511643511531418e-01 1.274519803414845410e+04
4.398424702607344750e-01 1.279982330757517593e+04
4.440501074980069407e-01 1.273739476791328161e+04
4.482267968899237842e-01 1.265498313299998517e+04
4.524052929840755577e-01 1.294055066639327379e+04
4.566090347930675253e-01 1.271205767009625015e+04
4.608167319022857811e-01 1.289199141619600596e+04
4.649806979855051203e-01 1.267527931263771461e+04
4.691538386770017222e-01 1.284576154460111684e+04
4.733478629909182445e-01 1.270847718756613540e+04
4.775500538217637980e-01 1.263651143800806858e+04
4.817339644282710998e-01 1.257748601767337095e+04
4.859144464692263798e-01 1.265330906093611884e+04
4.901252990058800885e-01 1.233686887956250757e+04
4.943123444065962158e-01 1.243037565413412813e+04
4.984736335014697817e-01 1.251849673601918767e+04
5.026590164608074618e-01 1.234301827262626466e+04
5.068609875937976073e-01 1.245329024562164523e+04
5.110594965365916620e-01 1.254171948601275290e+04
5.152492140965455603e-01 1.236028282785808187e+04
5.194329442812991582e-01 1.237179523290232100e+04
5.236343964239100757e-01 1.242705975163174480e+04
5.278273205415198177e-01 1.250918796005533295e+04
5.319960279023402405e-01 1.238843359564464299e+04
5.361714592099571242e-01 1.232953512861188574e+04
5.403746330902056139e-01 1.219527950404906369e+04
5.445761264886261888e-01 1.225292361575325049e+04
5.487504490749764985e-01 1.233375181144176713e+04
5.529407179677009454e-01 1.224032942070825266e+04
5.571409157079509900e-01 1.219540076380675418e+04
5.613298693710127019e-01 1.227586139611336330e+04
5.655062246218995892e-01 1.228122533810835193e+04
5.696867424029971039e-01 1.219227884375992653e+04
5.738956954203543459e-01 1.206370262974207253e+04
5.780928920821047923e-01 1.221800209733303018e+04
5.822632071880226023e-01 1.219715222560041184e+04
5.864430803127811398e-01 1.201918226385433627e+04
5.906376733072625784e-01 1.193387824221907431e+04
5.948356627105599870e-01 1.193729783040572875e+04
5.990145239901687457e-01 1.193886243897837267e+04
6.031829950841108845e-01 1.206727799841753949e+04
6.073740526175752663e-01 1.189980601870372266e+04
6.115768023320514724e-01 1.193242920192615566e+04
6.157710000000914397e-01 1.193403895979555455e+04
6.199632023912512446e-01 1.201781803139491785e+04
6.241630060990407403e-01 1.184442716727934567e+04
6.283593402461892241e-01 1.194780440823946083e+04
6.325410955997395890e-01 1.186886093207560407e+04
6.367142920629192959e-01 1.178368478643328672e+04
6.409035099394975177e-01 1.192023678830728750e+04
6.451032402190634008e-01 1.184044404970984760e+04
6.492879941711476866e-01 1.190031052347328659e+04
6.534659541563927476e-01 1.163888601900228241e+04
6.576591076962554627e-01 1.178112421732723305e+04
6.618529307405217610e-01 1.162025703170415363e+04
6.660240791386257131e-01 1.159504811324933689e+04
6.702067828716186115e-01 1.159067175638853223e+04
6.744172070879622671e-01 1.168350521362787003e+04
6.786118453466847278e-01 1.178258751791213217e+04
6.827984616056306244e-01 1.170361140771052487e+04
6.869817177358829019e-01 1.166633382742506728e+04
6.911718524128840357e-01 1.136556488580679434e+04
6.953555746427921846e-01 1.140926513013575095e+04
6.995344561305086861e-01 1.144775369418887203e+04
7.037287066792784485e-01 1.139924612789103230e+04
7.079143033440539190e-01 1.135402401789349824e+04
7.121186686741065586e-01 1.138495675212087735e+04
7.163134555705721329e-01 1.139285307673382340e+04
7.204913713645887396e-01 1.142329752275161445e+04
7.246803275165087932e-01 1.142098082375407648e+04
7.288763115175647123e-01 1.132016097548211474e+04
7.330585840505703388e-01 1.130429966109507586e+04
7.372316440474646626e-01 1.124994928819685083e+04
7.414228560306842519e-01 1.130089878028336352e+04
7.456189213758863676e-01 1.120550281631610778e+04
7.498104337627916616e-01 1.128533174217223313e+04
7.539974189770904944e-01 1.116166844751574172e+04
7.581896411468850294e-01 1.122136743839047449e+04
7.623808615479977790e-01 1.119185704448820979e+04
7.665651159623174671e-01 1.103553394019687403e+04
7.707536355579491794e-01 1.117756360436499199e+04
7.749462413082437440e-01 1.117235045855387398e+04
7.791369682448587852e-01 1.110981961499325371e+04
7.833258353347896108e-01 1.100594158092802536e+04
7.875159900600451346e-01 1.106413674567947783e+04
7.917084457625156446e-01 1.116591466440934528e+04
7.958821468706197555e-01 1.108016684641980646e+04
8.000624692379799674e-01 1.093267855355409847e+04
8.042564613727184453e-01 1.100944277983874053e+04
8.084384822996342201e-01 1.100591185500134816e+04
8.126333810499198895e-01 1.087306014679810869e+04
8.168271958201180905e-01 1.094387044045717994e+04
8.210214995694952167e-01 1.076093810634039801e+04
8.252154145000215602e-01 1.084558999609864441e+04
8.294030907808404018e-01 1.069291357634285669e+04
8.335906150371191758e-01 1.077852626319203955e+04
8.377685032221774408e-01 1.070859600320508980e+04
8.419567297582307708e-01 1.074714640889409748e+04
8.461556544987137718e-01 1.069835391119356427e+04
8.503430790983292908e-01 1.065864712742997290e+04
8.545245840949285965e-01 1.070314758841336152e+04
8.587196449246210506e-01 1.071575482514161740e+04
8.629074348139629258e-01 1.054941765369536733e+04
8.670852844200982457e-01 1.062773445566528972e+04
8.712764316473343706e-01 1.053712993586091579e+04
8.754762476624626810e-01 1.053672171959659318e+04
8.796707865602606535e-01 1.052313780592149305e+04
8.838562222970675064e-01 1.051910155094027323e+04
8.880381764417510926e-01 1.038310526334435053e+04
8.922270316229049536e-01 1.051154324497715970e+04
8.964225585562245469e-01 1.046572804727079892e+04
9.006049913569987853e-01 1.049325686140904872e+04
9.047836582182254839e-01 1.044810856699893702e+04
9.089780964569278421e-01 1.042442029048895893e+04
9.131704587403689510e-01 1.024162222931541328e+04
9.173547920329833127e-01 1.029782424320767859e+04
9.215425617950214754e-01 1.026924572674198498e+04
9.257400405750663142e-01 1.030996694380966255e+04
9.299303352268617484e-01 1.031541145760711333e+04
9.341108300097852313e-01 1.015088233618142476e+04
9.382896253999645220e-01 1.011118764707942864e+04
9.424819561228944265e-01 1.006924898891165321e+04
9.466849863120379016e-01 1.023452128768154580e+04
9.508714331057195324e-01 1.012627118738525132e+04
9.550563230073290111e-01 1.008815579121333030e+04
9.592513211539739348e-01 1.012395371292448363e+04
9.634451052878124644e-01 9.983872894743968573e+03
9.676230540453005791e-01 9.958433376792698255e+03
9.718094297475188270e-01 1.006563389756624929e+04
9.760091362076940280e-01 9.948014166820461469e+03
9.802075838006468755e-01 9.969397839817835120e+03
9.843901124947946890e-01 9.833243725693506349e+03
9.885650797815361823e-01 9.760293961696626866e+03
9.927561705083151056e-01 9.858782159164018594e+03
9.969400597939003239e-01 9.704522824124536783e+03
1.001125867816581083e+00 9.724255197020976993e+03
1.005315482813002204e+00 9.676434209761162492e+03
1.009503724426713545e+00 9.618201123703025587e+03
1.013699103815393299e+00 9.558317553860319094e+03
1.017885842421875964e+00 9.522810384155443899e+03
1.022076284359184406e+00 9.409777801476488094e+03
1.026273875264014812e+00 9.444404066417086142e+03
1.030463237552156075e+00 9.408640819320055016e+03
1.034646639530784062e+00 9.239684977370117849e+03
1.038830480088573260e+00 9.264202417535270797e+03
1.043023229532383578e+00 9.159545084479692377e+03
1.047211320931656031e+00 9.033064614427385095e+03
1.051395396220772938e+00 8.983366483770607374e+03
1.055587561333155788e+00 8.864401792214224770e+03
1.059780855230085139e+00 8.765651526407456913e+03
1.063968553353427993e+00 8.715209546044097806e+03
1.068144877931138659e+00 8.578521738061461292e+03
