# Columns: ('k', 'S1', 'S2', 'S3', 'S4', 'S5', 'S6', 'S7', 'S8', 'S9', 'S10', 'S11', 'S12', 'S13', 'S14')
5.345493089407682419e-03 -6.731650797526040719e+01 2.097927300347222172e+03 -5.969431559244791075e+00 -7.753723822699652146e+01 -1.511757541232638857e+02 1.938274088541666515e+03 -1.479417588975694287e+01 -1.619844970703125000e+02 -1.335331217447916572e+02 1.898546440972222172e+03 -1.718288506401909643e+01 -1.384384629991319287e+02 -4.075694444444444287e+01 -4.320079888237847143e+01
9.344366739594166943e-03 -6.634893208165321710e+01 -8.662420614919354875e+02 3.613081212197580783e+01 -2.429689075100806406e+01 -2.449686239919354875e+02 -9.999569997479838435e+01 3.582326581401209609e+01 -1.917289094002016157e+02 -2.299748613911290249e+02 -4.095351877520160855e+01 4.045177041330644840e+01 -2.211337260584677438e+02 -6.977447706653225623e+01 -7.063752205141129537e+01
1.312833575873958818e-02 3.452197066326530148e+02 1.544889668367346758e+03 -7.172182916135203357e+01 2.515988321109693686e+02 7.677850765306121730e+02 1.568055963010203868e+03 -1.345323461415816269e+02 6.573336256377550626e+02 5.494963329081632537e+02 1.325099410076530603e+03 -1.018145228794642776e+02 4.890733816964285552e+02 1.338767837213010239e+02 1.200226203762754977e+02
1.700891779646987109e-02 -9.862313058035715585e+01 2.346357738095238346e+03 -3.739477678571428783e+02 -7.802004278273810378e+00 -2.901886904761905157e+02 1.222564806547619128e+03 -1.405535807291666686e+02 -1.884021763392857451e+02 -1.788957031250000114e+02 7.451284226190476829e+02 -5.173249627976191078e+01 -1.407420386904761926e+02 -2.265990513392857508e+01 -1.661317894345238244e+01
2.135270783943789275e-02 -3.049806249999999750e+02 6.368091964285714539e+02 1.047577008928571445e+02 -2.308823660714285779e+02 -7.142744642857143162e+02 4.288378571428571604e+02 6.037510044642856855e+01 -6.747405357142856701e+02 -5.974403125000000045e+02 3.275570535714285825e+02 3.639254185267856911e+01 -5.881977678571428214e+02 -1.709307589285714357e+02 -1.704556026785714380e+02
2.564347439342075027e-02 5.889074218750000256e+01 1.428883055555555529e+03 -2.571742013888888891e+02 9.836652777777777601e+01 -8.282700520833333258e+01 8.360541666666666742e+02 -1.187384548611111086e+02 -7.131543402777778340e+01 -1.045083506944444451e+02 5.518618402777777874e+02 -6.754806423611111654e+01 -1.298648263888889005e+02 -3.018040364583333357e+01 -4.251715277777778113e+01
2.962205054058980949e-02 8.209995976951827856e+01 6.232713351328903855e+02 -1.102753322259136297e+02 2.006623235049833909e+02 1.813034546303986758e+02 4.444890988372093261e+02 -6.601167981727574841e+01 3.163841621677740932e+02 1.834895400747508347e+02 3.018106831395348877e+02 -3.974512692068106645e+01 2.120103820598006621e+02 5.824998702242525184e+01 5.355013237126245684e+01
3.361537140302770649e-02 -2.149769520997375309e+02 1.731982037401574814e+02 1.908731955380577290e+02 -9.047863353018372834e+01 -4.450249343832020941e+02 2.204393864829396250e+02 6.604139497211285459e+01 -3.019036458333333144e+02 -3.230439427493438416e+02 1.922428846784776795e+02 2.049277958907480368e+01 -2.733628608923884258e+02 -8.663186925853018749e+01 -8.169015542979002475e+01
3.793950633336700545e-02 -3.755773861646234479e+01 2.111956271891418453e+02 -1.655409232705779488e+01 6.469055111646234479e+01 -8.136841205122591703e+01 2.133598128283712754e+02 -2.222390816549912529e+01 -1.096720391856392318e+01 -7.148328727014011008e+01 1.654958132661996615e+02 -1.615592675952276736e+01 -6.345491735989492099e+01 -1.931563320928196248e+01 -2.318088126641856306e+01
4.227894994616508695e-02 3.971113500000000158e+02 1.088679399999999987e+03 -4.902884500000000116e+02 5.469987499999999727e+02 8.553472000000000435e+02 6.762776999999999816e+02 -2.597679499999999848e+02 8.708796000000000959e+02 5.973258500000000595e+02 4.073291250000000332e+02 -1.170381875000000065e+02 5.220080000000000382e+02 1.478609749999999963e+02 1.238119750000000039e+02
4.633325468672155889e-02 -9.393921467764059230e+01 3.932638031550068263e+02 -1.119802812071330465e+02 6.567385759602194639e+01 -1.603647333676268829e+02 2.464490526406035542e+02 -5.867223936899862480e+01 -6.362225115740740478e+01 -1.356263288751714526e+02 1.645906742969821437e+02 -3.581062725051440054e+01 -1.188676697530864175e+02 -3.656002443415637515e+01 -3.910555180469821579e+01
5.038752484052157893e-02 1.656697560639470908e+02 4.086460515435501861e+02 -1.355413278665931784e+02 3.239604465270121523e+02 4.613537417309812554e+02 3.179678541896361708e+02 -1.069943839581036400e+02 5.363439567254686153e+02 3.264024944873208369e+02 2.035884612734288908e+02 -5.615125844128996846e+01 3.143345162624035538e+02 7.565942840407937808e+01 6.649281628996692461e+01
5.464179025701254577e-02 1.310288969237832930e+02 3.965138028007345952e+02 -2.035381370523415967e+02 2.071094323921028320e+02 2.267848800505050519e+02 2.436859217171717091e+02 -1.045035296143250747e+02 2.409094639577594137e+02 1.135878601354453679e+02 1.229832415059687776e+02 -3.180473771808999217e+01 8.335243055555555713e+01 1.906174314164370998e+01 1.098583670511937527e+01
5.886817576171304162e-02 1.616273018414731553e+02 3.470907225780624117e+02 -1.822135708566853225e+02 2.680165132105684620e+02 3.617461969575660419e+02 2.371947558046437052e+02 -1.122774719775820529e+02 3.877295086068854744e+02 2.210908726981585062e+02 1.379338720976781474e+02 -5.520077311849479429e+01 1.863645916733386514e+02 4.306966197958366394e+01 3.008336043835067741e+01
6.290140616743733482e-02 3.388385297482837473e+02 4.183711384439359335e+02 -2.052655892448512702e+02 4.411882627765065195e+02 7.891705758962624486e+02 3.036513634630053389e+02 -1.333042763157894797e+02 7.599861746758200525e+02 5.305015255530130389e+02 1.808706140350877263e+02 -5.721532942410374289e+01 4.581613749046529733e+02 1.208535707475209762e+02 1.010995304157132040e+02
6.703999982739437813e-02 1.525343207010185722e+02 2.873385260635110967e+02 -1.710301265727980820e+02 2.470114215098861621e+02 3.401618484122229233e+02 2.051267413121629772e+02 -1.105610957159976095e+02 3.293312612342720058e+02 1.772731426003595061e+02 1.074011384062312828e+02 -4.559030482324745748e+01 1.241950082384661442e+02 2.538259249550629093e+01 1.322293008538046699e+01
7.134254604642074893e-02 2.526835538688877136e+02 3.866657710908114041e+02 -2.226581642933906551e+02 3.568316093498119699e+02 6.078612305212251385e+02 2.617933906501880870e+02 -1.283531031703385281e+02 6.087761955937668290e+02 4.139538218699624395e+02 1.496925040300913565e+02 -5.376748052122515276e+01 3.693255977968834145e+02 9.717319317571198667e+01 8.475936156636217333e+01
7.561818311969153994e-02 2.535722422062350176e+02 2.289107613908873020e+02 -1.159842850719424519e+02 3.207323141486810414e+02 5.907935251798561467e+02 1.807255095923261479e+02 -8.579371252997601971e+01 5.890398081534772246e+02 4.157312350119904067e+02 1.146456534772182323e+02 -4.592994229616306967e+01 3.815866906474820439e+02 9.894994004796163267e+01 8.954208633093524838e+01
7.973924982214039558e-02 1.861731155346489288e+02 2.109303005966039564e+02 -1.179078920949977061e+02 2.895725676916016482e+02 5.000752638825149461e+02 1.672827558513079396e+02 -8.671209557136300816e+01 5.103018012849931324e+02 3.392624483708123080e+02 9.910384637448370881e+01 -4.202585761817347532e+01 3.060264169343735716e+02 7.453099185406149729e+01 6.564948801055530225e+01
8.385356877962653332e-02 1.812618692888359249e+02 1.941986491855383292e+02 -1.144819974175605921e+02 2.682189858959078492e+02 5.033611442193086987e+02 1.521199344457687630e+02 -7.913626092570520143e+01 5.119631009137862634e+02 3.684666269368295843e+02 9.427490564163686315e+01 -4.069862125049662183e+01 3.424913587604290797e+02 9.022608139650377268e+01 8.246169795391338653e+01
8.809929214337092196e-02 2.323521613580678888e+02 1.907844767238361783e+02 -9.775387206860342815e+01 2.919718017150857463e+02 6.092247112355618128e+02 1.499553946447322232e+02 -7.069956466573329124e+01 5.747302677633881558e+02 4.501872593629681205e+02 9.384926277563877761e+01 -3.631655801540077277e+01 3.957934021701084930e+02 1.110011375568778362e+02 9.746534826741337554e+01
9.230415729057904473e-02 2.349808383483784553e+02 1.848325392845202089e+02 -1.070157660481444282e+02 3.095054329655633296e+02 6.399345118689401488e+02 1.526682129722500747e+02 -7.968252152290203583e+01 6.285292962219992887e+02 4.792313607489134029e+02 9.755440279170845486e+01 -4.217393848211300167e+01 4.410207706452691241e+02 1.192610435473085886e+02 1.097007898696088262e+02
9.643309047658384092e-02 1.813989700090881456e+02 1.415135754316873715e+02 -7.987337170554377508e+01 2.470617237200848137e+02 4.997661693426234706e+02 1.173312632535595270e+02 -6.005562234928809318e+01 4.854014692517419007e+02 3.641704786428355192e+02 7.386008027870342119e+01 -3.162042752196304107e+01 3.296738109663738214e+02 8.795732353832171668e+01 7.974007876401090300e+01
1.005689403076158450e-01 2.016293653576437634e+02 1.489863604488078579e+02 -8.561919705469846065e+01 2.583641304347826235e+02 5.420103436185133887e+02 1.209210553997195063e+02 -6.393661903927068835e+01 5.120412342215988701e+02 3.917976507713885326e+02 7.466879382889200656e+01 -3.353724798387096939e+01 3.460014025245441758e+02 9.294197054698457805e+01 8.188387973352034521e+01
1.047818677762802908e-01 1.763298481453821296e+02 1.243245425690814017e+02 -6.901902850385860688e+01 2.254181914363953183e+02 4.907689818272342563e+02 1.065638069454817014e+02 -5.481612132810555238e+01 4.645847025143141877e+02 3.649664239482200401e+02 7.032356235997012561e+01 -3.123911656708986939e+01 3.268501369180980873e+02 8.934564818272342279e+01 8.014954412496888381e+01
1.090277847809041356e-01 1.661037648152451709e+02 1.180889277829421360e+02 -6.772137171740645556e+01 2.085651580292818892e+02 4.445523181501278032e+02 9.661139757146176521e+01 -5.094128732860794884e+01 4.224076806878921957e+02 3.247720195212642125e+02 6.146855391587264705e+01 -2.805062964792005431e+01 2.903988496397861923e+02 7.786140483383685762e+01 6.938600976063212045e+01
1.132170039508717807e-01 1.270095962938451351e+02 8.359963738142509726e+01 -4.116003474520184824e+01 1.662041969997793842e+02 3.672564526803441254e+02 7.685441484667990153e+01 -3.617598375799691013e+01 3.380255073902492882e+02 2.680154423119346916e+02 5.065718756893888752e+01 -2.058694917824839976e+01 2.314197827046106113e+02 6.362768172292079782e+01 5.485432177917493846e+01
1.174008294871188018e-01 1.468810228869704986e+02 9.181188516362176699e+01 -4.703653257378036301e+01 1.762930134511142342e+02 3.992036237703272263e+02 7.843761292913069383e+01 -3.737637397109014614e+01 3.716494679783176025e+02 2.984390182694237978e+02 5.241954426821923363e+01 -2.157315298132905212e+01 2.658937462356956303e+02 7.355583718128889359e+01 6.574355676570969820e+01
1.215998224695146873e-01 9.901177725118482442e+01 6.647484597156397967e+01 -3.663126184834123222e+01 1.349942417061611479e+02 2.950122748815165892e+02 6.064211492890994748e+01 -3.083694905213270232e+01 2.797848578199051985e+02 2.187066824644549570e+02 4.017948755924170712e+01 -1.804158915876777058e+01 1.954835308056871952e+02 5.273241113744075648e+01 4.707928909952606489e+01
1.257670529567683493e-01 1.020247416711206085e+02 6.320568880277926382e+01 -3.088060083734188410e+01 1.251205460538036789e+02 2.838609923392125438e+02 5.559804805807945627e+01 -2.581022292000712781e+01 2.643965125601282580e+02 2.129269107429182384e+02 3.776022737395332030e+01 -1.522111615891680003e+01 1.898661143773383344e+02 5.277641746837698378e+01 4.729323111526812795e+01
1.299386816717305049e-01 7.977404598221636434e+01 4.920925098797957986e+01 -2.564309237609089465e+01 1.038680635600197633e+02 2.328634735715461943e+02 4.472553721389758152e+01 -2.154200585583731353e+01 2.180801086777539979e+02 1.741813971677918573e+02 2.994138245101267870e+01 -1.247700374608924712e+01 1.554581034908611912e+02 4.281061151819529442e+01 3.845636423513914082e+01
1.340949335765710126e-01 8.560924361415199257e+01 5.151870141202602582e+01 -2.510265448992543469e+01 9.971243852133905250e+01 2.318949904807234930e+02 4.407797874028241125e+01 -2.010004660479136973e+01 2.110305211803903092e+02 1.723892590829763662e+02 2.956839005235602258e+01 -1.172418887831191547e+01 1.510343784705695782e+02 4.230868237347295491e+01 3.725759063144534622e+01
1.382635144665005922e-01 6.317253840023185063e+01 3.741655421315751795e+01 -1.782432120344877546e+01 8.200025358643675588e+01 1.902420663671931607e+02 3.554068930227503387e+01 -1.596008843826981582e+01 1.768247355455731054e+02 1.447814990581075278e+02 2.465974587016374642e+01 -9.726314573974786271e+00 1.285205405013766153e+02 3.604704707651065121e+01 3.212305734676134250e+01
1.424925284902303357e-01 5.286631167818896415e+01 3.103880303646468519e+01 -1.424173317405449346e+01 6.762472888708146002e+01 1.573822353260132729e+02 2.931137318693235372e+01 -1.285278144909854880e+01 1.456998779991866400e+02 1.195352107902941441e+02 2.055035287040802316e+01 -8.008446861867966504e+00 1.060858750169445557e+02 2.979851650399891483e+01 2.658266402331570788e+01
1.466886314558672189e-01 4.861429676187968596e+01 2.845930548242727198e+01 -1.267395127188363801e+01 6.117480995787810372e+01 1.438228412531262279e+02 2.682718712978807218e+01 -1.157245664407002650e+01 1.325600401474266050e+02 1.093618286823746075e+02 1.873134543240752947e+01 -7.136073964229300515e+00 9.671057654337236897e+01 2.726980633802816811e+01 2.424617447676714121e+01
1.508619291163366127e-01 3.636989865686155099e+01 2.068636805639966170e+01 -9.145710199647501426e+00 4.779526255013978187e+01 1.124687006199100523e+02 2.042787278169442189e+01 -8.742471435517199296e+00 1.033068554758721262e+02 8.529980551841497061e+01 1.439032302175762723e+01 -5.536818079950164062e+00 7.496829038531663514e+01 2.109310995806490752e+01 1.863821487176370439e+01
1.550655720814744509e-01 3.582840736854377894e+01 2.058548297773113944e+01 -9.675124059986009328e+00 4.562542264194939889e+01 1.078624008977497937e+02 1.961657813046519649e+01 -8.720868674944618704e+00 9.981223767051416473e+01 8.237881106447476043e+01 1.378410283315844609e+01 -5.505765783490731202e+00 7.338015914655473182e+01 2.059771591174069982e+01 1.845475727235630004e+01
1.592593054631499527e-01 2.800492376546589313e+01 1.606982234753093053e+01 -7.071996811015000439e+00 3.556616117376546526e+01 8.464620059126245621e+01 1.542324879557648032e+01 -6.503089329218219916e+00 7.710938355414431555e+01 6.404735574291032663e+01 1.082362038760538780e+01 -4.094022021789116117e+00 5.608130885251286912e+01 1.583449270502573114e+01 1.395818049928829474e+01
1.634144798183441161e-01 2.651524333333333416e+01 1.460661666666666747e+01 -5.957885000000000097e+00 3.198811666666666653e+01 7.773506666666666831e+01 1.376435583333333312e+01 -5.428518333333332890e+00 7.074777333333332763e+01 5.976823333333333466e+01 9.857218333333333860e+00 -3.451986041666666782e+00 5.269604666666666759e+01 1.512539833333333306e+01 1.342876666666666630e+01
1.675823816150099899e-01 1.961619365918750546e+01 1.081639968617179015e+01 -4.626210061035879839e+00 2.514031148067608967e+01 6.067937011960066940e+01 1.070945253039438505e+01 -4.391977534718789933e+00 5.538312988039932350e+01 4.646810442819017339e+01 7.636777824453889529e+00 -2.834446352673717584e+00 4.082750568350301279e+01 1.160578419986161869e+01 1.026357168009291243e+01
1.718045808093531246e-01 1.668088869463869628e+01 9.275996503496504175e+00 -3.869433275058275168e+00 2.085090472027972197e+01 5.045835664335664461e+01 9.016628787878788742e+00 -3.663298368298368413e+00 4.593554487179487467e+01 3.854509615384615273e+01 6.441724941724941367e+00 -2.386444675116550229e+00 3.391589452214451939e+01 9.646427738927739526e+00 8.539855769230769056e+00
1.760135070798979073e-01 1.416967944631636556e+01 7.916987296238958471e+00 -3.266553450277752457e+00 1.797574645979419117e+01 4.397072784810126933e+01 7.833248195747199993e+00 -3.071463636053182622e+00 4.022904334760040257e+01 3.411357686003096035e+01 5.696415257034878721e+00 -2.012900300803660780e+00 3.013998895820052937e+01 8.668237324697203761e+00 7.694144288999180681e+00
1.801930856696074279e-01 1.186343342426050640e+01 6.515430536612394796e+00 -2.594564148942971826e+00 1.505639038658256013e+01 3.703091168698320956e+01 6.531497075057540513e+00 -2.503366480905293567e+00 3.370401340465433293e+01 2.868728688943824068e+01 4.765037281028898342e+00 -1.656810081195124074e+00 2.525440073310033284e+01 7.278007389608728950e+00 6.448454548844940959e+00
1.843742315857553882e-01 9.622052033940603266e+00 5.223449458239747045e+00 -2.021507609079943535e+00 1.204700498086681648e+01 2.980319856917061827e+01 5.223680824182680205e+00 -1.958573797936943750e+00 2.685173342483986403e+01 2.296290346061059751e+01 3.794451181786041349e+00 -1.291555533025538605e+00 2.002206165252474790e+01 5.792963875717494382e+00 5.088155623492221835e+00
1.885797910080431738e-01 7.744940212364140208e+00 4.201847707739150728e+00 -1.597534000905727281e+00 9.764769256340089854e+00 2.429531527017651982e+01 4.250830149637708999e+00 -1.558063351528173879e+00 2.193463346951360293e+01 1.884372832035766621e+01 3.114756368997147806e+00 -1.034222519848916999e+00 1.650736144299699149e+01 4.798212212383411668e+00 4.238409822323286669e+00
1.927656394953895236e-01 6.397105205222452184e+00 3.494398020522245574e+00 -1.347901830155448399e+00 8.054895091507773941e+00 1.994724064821196308e+01 3.504497616586262687e+00 -1.313111706964545711e+00 1.808641789187533533e+01 1.547636089095643008e+01 2.569308642507083462e+00 -8.805887432757103506e-01 1.360483670265717215e+01 3.939143981162417152e+00 3.487301621487097325e+00
1.969014248243030341e-01 5.019672412382752746e+00 2.734655904620809874e+00 -1.019222652557623787e+00 6.437135306842143301e+00 1.612636333890787554e+01 2.823429433578128478e+00 -1.007730699665527530e+00 1.458035065076710524e+01 1.259947261506580318e+01 2.088071551434232287e+00 -6.731236622236965728e-01 1.104770663673380326e+01 3.228324047480549464e+00 2.852970147422380531e+00
2.010715633173454087e-01 4.310404553430124963e+00 2.306600979236909321e+00 -8.054630786399917808e-01 5.370116717126539818e+00 1.356341171815867419e+01 2.356518892348448357e+00 -8.087641595850822984e-01 1.219786434321888180e+01 1.059785918255005832e+01 1.751445928017271170e+00 -5.494147479013280488e-01 9.278538498589417927e+00 2.722608406299456441e+00 2.403500868712585170e+00
2.052920281681521186e-01 3.370826149425287355e+00 1.821810088259441684e+00 -6.704289819376025861e-01 4.262786843185550012e+00 1.074459359605911324e+01 1.875807804802955614e+00 -6.627597111042692335e-01 9.728963464696223085e+00 8.431741584564861114e+00 1.398618893678160946e+00 -4.514891215106732192e-01 7.414966133004925908e+00 2.170135981116584567e+00 1.921686678981937568e+00
2.095172134954577381e-01 2.661197604908323466e+00 1.427002030039064895e+00 -4.915041031500063107e-01 3.372631292924201052e+00 8.529802784953689709e+00 1.485670109791443538e+00 -5.069202968464494585e-01 7.660669420641421645e+00 6.661095216905046357e+00 1.106614708036670613e+00 -3.481581911879371161e-01 5.818163828681242045e+00 1.707156281504000894e+00 1.503485868486547750e+00
2.136973926115405542e-01 2.049149224806201541e+00 1.094825823643410967e+00 -3.759286579457364330e-01 2.643759689922480671e+00 6.710068798449612792e+00 1.164656976744186112e+00 -3.918495639534883557e-01 6.045565406976744605e+00 5.273670058139535044e+00 8.748107437015504306e-01 -2.714418604651162581e-01 4.612765988372093062e+00 1.357313347868217113e+00 1.195675145348837232e+00
2.178750580088065492e-01 1.474421646897810190e+00 7.889830063868613630e-01 -2.660510378649635355e-01 1.939374087591240858e+00 4.930834854014598534e+00 8.571357208029197761e-01 -2.848025205291970785e-01 4.399416970802920268e+00 3.843536496350365095e+00 6.381662864963504322e-01 -1.952831888686131501e-01 3.331368156934306768e+00 9.814993156934307406e-01 8.587407618613138727e-01
2.220823861956562617e-01 1.335161957219213713e+00 7.147263553654030765e-01 -2.309874679161730837e-01 1.719283481765104149e+00 4.416896718282845136e+00 7.683611598832289502e-01 -2.431434041292943049e-01 3.977859515146386915e+00 3.504543299063575201e+00 5.848672311304788929e-01 -1.698181562068102335e-01 3.071044522479833283e+00 9.124319761169402687e-01 8.054235990649856181e-01
2.262696194198526023e-01 1.056170060932096311e+00 5.637982057453203577e-01 -1.816999413751578252e-01 1.347571121754405299e+00 3.461562774468902592e+00 6.009254855526431349e-01 -1.917802942907037289e-01 3.101814668304331057e+00 2.730111297140033866e+00 4.545396942073338109e-01 -1.347976016993056025e-01 2.382165353790415718e+00 7.063784750336223883e-01 6.209601608387769200e-01
2.304259489101245229e-01 7.913818165005838123e-01 4.199809113933708482e-01 -1.298738196867867956e-01 1.025693633565097462e+00 2.647202245103763119e+00 4.580033031354492912e-01 -1.415242294895440733e-01 2.368152400350299835e+00 2.093531477230508031e+00 3.484537855441590115e-01 -1.002211972891566272e-01 1.823962701024361754e+00 5.432045327510482968e-01 4.769859656135555515e-01
2.345870463846415066e-01 5.684312490456557843e-01 2.991609773836336195e-01 -8.918993104266872973e-02 7.688227985665750941e-01 1.991474923016236520e+00 3.429653501488776901e-01 -1.028680875658497529e-01 1.788902249707334580e+00 1.588522579783173017e+00 2.637366411697714685e-01 -7.340979419567873754e-02 1.388558944272662465e+00 4.153922692554842810e-01 3.664547923188018475e-01
2.388019837064606632e-01 4.764534482420461070e-01 2.531365228057259054e-01 -7.660600754960653069e-02 6.181361041374981991e-01 1.603138352121855847e+00 2.779429924745329128e-01 -8.415432341894281409e-02 1.427473084536281744e+00 1.266405099605320439e+00 2.114139944192656995e-01 -5.970017980103075467e-02 1.099635494616907350e+00 3.284429143985661548e-01 2.878584280931661410e-01
2.430077036534963875e-01 3.740051440741929412e-01 1.981356770461893124e-01 -5.835750828125742945e-02 4.905481954696191416e-01 1.277958483395140954e+00 2.211489924315361566e-01 -6.527995650621939983e-02 1.139180005081300795e+00 1.014050558200209284e+00 1.693495089933081399e-01 -4.682981198815551471e-02 8.813770696643370428e-01 2.639392654548804451e-01 2.314208206672253021e-01
2.471758823520590620e-01 3.067688198795699983e-01 1.618884078056737341e-01 -4.570456772569844034e-02 3.942700548976776354e-01 1.032586873419176765e+00 1.783993985686364858e-01 -5.090605980721142620e-02 9.188170053460565923e-01 8.217122470682916013e-01 1.371356022936307262e-01 -3.651921598355944293e-02 7.149028063204184713e-01 2.151289718182340938e-01 1.889392227379857458e-01
2.513692271335918882e-01 1.995193129540282773e-01 1.057743023930845516e-01 -3.086747990035994260e-02 2.728391092020043263e-01 7.122056508741412273e-01 1.232282576699323950e-01 -3.582271939685353207e-02 6.344115137193121479e-01 5.662776143549517194e-01 9.466814225854448817e-02 -2.573357147594744487e-02 4.909015709104634917e-01 1.474209151473130364e-01 1.288800527739486224e-01
2.555723892733414715e-01 1.625926094694857826e-01 8.603946171918558372e-02 -2.396774962758529276e-02 2.199098799963546125e-01 5.780508269851396541e-01 9.994312215537484723e-02 -2.777147250145414401e-02 5.179490319562980449e-01 4.649609358247202007e-01 7.790819261261901219e-02 -2.025494078765292111e-02 4.062341686055239154e-01 1.226803447122807450e-01 1.081165507261332981e-01
2.597674079539822323e-01 1.211978242813413903e-01 6.413700025036557506e-02 -1.780884276800701396e-02 1.631495345388639384e-01 4.283989861803352839e-01 7.422058530354090633e-02 -2.083170712030998906e-02 3.800212295845862287e-01 3.405643555371339337e-01 5.715397699919162050e-02 -1.511685221769833685e-02 2.947626209349384352e-01 8.879160316348808091e-02 7.759371733662520643e-02
2.639178238801485610e-01 9.602392987773684940e-02 5.050674541513198307e-02 -1.333436444904849590e-02 1.311460091825250585e-01 3.463728706261510193e-01 5.982515394797421199e-02 -1.611628117726237805e-02 3.078202933164517763e-01 2.773840754169224487e-01 4.650587656026191480e-02 -1.179665568808190013e-02 2.403400843436668544e-01 7.279114931035143843e-02 6.363443211102158548e-02
2.680749044740857179e-01 7.766300149176105783e-02 4.091195260673274187e-02 -1.067604851943774850e-02 1.018872978606170099e-01 2.701687982806862398e-01 4.667530799016565007e-02 -1.234117741682265110e-02 2.396285364920762440e-01 2.164486736601427541e-01 3.630020515124311037e-02 -9.038319972292400625e-03 1.876773966678143279e-01 5.696251991995043840e-02 4.982502702718265980e-02
2.723023151079725368e-01 5.372622957686263440e-02 2.823797540846274823e-02 -7.151930123694305586e-03 7.420237014553290877e-02 1.973405688147069625e-01 3.403327534260029708e-02 -8.721816630124560460e-03 1.760136823465520417e-01 1.595609603207616967e-01 2.676696156723747458e-02 -6.449195324415904311e-03 1.389324902650674876e-01 4.233210671739230657e-02 3.721080010601543475e-02
2.765128983200950685e-01 4.297290786129036311e-02 2.262196584904444321e-02 -5.698723105964276572e-03 5.743505070055602429e-02 1.529583403335235681e-01 2.643012403498061838e-02 -6.763783997910298440e-03 1.359311207170342817e-01 1.232794904830016164e-01 2.072267279154545519e-02 -4.997621725816835288e-03 1.069722056726856718e-01 3.259051021246248125e-02 2.852202495989753644e-02
2.807027537381580062e-01 3.095435218093810573e-02 1.629063819586298520e-02 -3.973084890325047185e-03 4.244609773106659822e-02 1.134216683963714667e-01 1.958977982985745173e-02 -4.872526290483328651e-03 1.002789148985239881e-01 9.122404756413635130e-02 1.534119456707959926e-02 -3.594534201480407802e-03 7.888425975498594700e-02 2.410451312241916957e-02 2.106605413152345951e-02
2.848857026249724811e-01 2.228091553728232463e-02 1.170681097044509560e-02 -2.890547466387575516e-03 3.106900329260681506e-02 8.293339212438241570e-02 1.432262643767831696e-02 -3.595634548845181872e-03 7.320718163675150880e-02 6.650656163288072575e-02 1.117915768061088742e-02 -2.651256673964241025e-03 5.743278874256289163e-02 1.752054816990264441e-02 1.529728298267555436e-02
2.890807262117984777e-01 1.511198293056506201e-02 7.944207415940818251e-03 -1.958169440995367449e-03 2.221245174692994609e-02 5.930730137441031502e-02 1.023518374149240753e-02 -2.545153733288935301e-03 5.266902491814567933e-02 4.791319163807607195e-02 8.059010008436716735e-03 -1.895336357129031712e-03 4.147872947456536508e-02 1.267158141592509765e-02 1.108233270282397293e-02
2.932785946948970324e-01 1.287572351081797684e-02 6.739285538890948599e-03 -1.542161579354582330e-03 1.774333855009108812e-02 4.773056518407101101e-02 8.227467462914686211e-03 -1.949712801099591107e-03 4.204300924465126377e-02 3.843480897246593503e-02 6.460789578048925334e-03 -1.451399880788086698e-03 3.313090913970342249e-02 1.016389819191541692e-02 8.850884453921490508e-03
2.974321087309398370e-01 9.429470243327473314e-03 4.938040683496983281e-03 -1.134184059556421747e-03 1.339391092913437033e-02 3.604546501668131481e-02 6.215276195348709912e-03 -1.468532367771533537e-03 3.191274600572359399e-02 2.919746095310752146e-02 4.916212104162088342e-03 -1.102532741454570952e-03 2.526774699836183483e-02 7.759793406384849455e-03 6.782150573389054797e-03
3.016123743882810904e-01 6.370091521720010544e-03 3.326542998092932562e-03 -7.544035384159155375e-04 9.354291875558629760e-03 2.517638816583941952e-02 4.333241664527232549e-03 -1.010932614773208229e-03 2.225308925362277576e-02 2.037610359139662222e-02 3.427289773861821008e-03 -7.594798192683373857e-04 1.758850645514795433e-02 5.405268051771927422e-03 4.714768962665687874e-03
3.058101292111336522e-01 5.052469110129937692e-03 2.643930830859831955e-03 -5.741809835474860580e-04 7.196612018159265559e-03 1.946620599655006154e-02 3.355401902930571934e-03 -7.562945371940770021e-04 1.723195463745201550e-02 1.583457301288876407e-02 2.670670894234617333e-03 -5.733474087558553195e-04 1.371321738082674838e-02 4.228213515346174352e-03 3.699017311835036716e-03
3.100168993294901143e-01 3.684350628672092547e-03 1.921878394247548364e-03 -4.112988059608087168e-04 5.268431773004157714e-03 1.427096231941061763e-02 2.456250390916436040e-03 -5.487711680199194647e-04 1.254013864110609458e-02 1.153359362109565578e-02 1.941857691929601681e-03 -4.138744025528832819e-04 9.918489614625330617e-03 3.059482878224402142e-03 2.659758124728740705e-03
3.142092030053749707e-01 2.387384915792437751e-03 1.247980503865305478e-03 -2.641807780373261159e-04 3.611363322236450877e-03 9.777288845727837019e-03 1.685308367571453471e-03 -3.735093392487700854e-04 8.607071816684606219e-03 7.917647189749164177e-03 1.337026823177451607e-03 -2.836797448011915928e-04 6.800701041231560842e-03 2.098023573108113559e-03 1.820472941941876990e-03
3.183867557675504334e-01 1.900021074773441346e-03 9.921558472313985258e-04 -2.066612741818896410e-04 2.775704323519506255e-03 7.541011604428851829e-03 1.298508140562496622e-03 -2.821251167022794997e-04 6.668474670750797542e-03 6.150442284976365311e-03 1.037438662461896656e-03 -2.151141249146685890e-04 5.319218985193344129e-03 1.645429544766368202e-03 1.438497241760661790e-03
3.225872781332082551e-01 1.347020477307143667e-03 7.038220339505062498e-04 -1.462951169251409098e-04 2.041500093080446474e-03 5.554217143906020962e-03 9.564714555252762157e-04 -2.047392478884818014e-04 4.902832454935506130e-03 4.528424832455196433e-03 7.643302822762314914e-04 -1.562683529154256044e-04 3.907137295223017670e-03 1.210176373431972501e-03 1.055012963798746027e-03
3.267666109043823597e-01 9.878390356955375762e-04 5.157239268149190229e-04 -1.038265399555532697e-04 1.452887317388151713e-03 3.965573927852457208e-03 6.826975112551917323e-04 -1.423403438494463076e-04 3.477766227868263511e-03 3.218811950820621264e-03 5.433881142063805812e-04 -1.085469331124458593e-04 2.763369077044361237e-03 8.572491553898945599e-04 7.441586106311109689e-04
3.309328770241455886e-01 6.602280794967327728e-04 3.434598830693557097e-04 -6.717683928927063210e-05 1.014892084411342377e-03 2.773955299719887187e-03 4.765912747844879200e-04 -9.737335022466370030e-05 2.429241153261777354e-03 2.252334944764873472e-03 3.795505266604004948e-04 -7.403216585518830584e-05 1.928096287358019995e-03 5.992207627786925572e-04 5.186018098988237233e-04
3.351106074107195187e-01 5.029970298003483145e-04 2.611059703395528231e-04 -4.800788822672180439e-05 7.640885812229593083e-04 2.093928178727410584e-03 3.597401327361736097e-04 -7.157208963318138230e-05 1.841957200009957133e-03 1.711579494054475681e-03 2.887852621215530402e-04 -5.508592899450730972e-05 1.472343493443376743e-03 4.584579725168979637e-04 3.986213738421090069e-04
3.393095620710060434e-01 3.605506386487599161e-04 1.883247794992171217e-04 -3.680863177627587048e-05 5.482947024166852064e-04 1.501667551991687100e-03 2.585868201699354331e-04 -5.217209905102945116e-05 1.319836186442082705e-03 1.225347566841926590e-03 2.070839818407342809e-04 -4.000908292139800185e-05 1.053948127604057176e-03 3.279595015882611690e-04 2.852179112020638793e-04
3.435164896197421824e-01 2.517524027000443156e-04 1.307220689670246364e-04 -2.424380100781812691e-05 3.884356739338944392e-04 1.066742833662660470e-03 1.830999381463414171e-04 -3.583373572428598549e-05 9.371179193163245696e-04 8.723225833601851642e-04 1.470903016290147909e-04 -2.757674721331322836e-05 7.496821343331351063e-04 2.338409964498136366e-04 2.031989515825996387e-04
3.477107812306902690e-01 1.716711730900612491e-04 8.949192027637059869e-05 -1.676765448109403245e-05 2.690788127819919526e-04 7.384722953424200081e-04 1.271233119977382010e-04 -2.504360920164227125e-05 6.480276153496045176e-04 6.026067741037371625e-04 1.019435596331629273e-04 -1.935386631268579862e-05 5.170726804773166782e-04 1.610761496164138092e-04 1.397849236709763768e-04
3.518857617074659383e-01 1.159307378706203812e-04 5.995176300894402720e-05 -1.043193683913830304e-05 1.888647163220232223e-04 5.197002815930278682e-04 8.907922344860036716e-05 -1.685704215831844327e-05 4.558039941864979513e-04 4.251976860663254833e-04 7.168420564866735255e-05 -1.305104340792140464e-05 3.646205064401889006e-04 1.139283182941999137e-04 9.886777584652369129e-05
3.560773577310688554e-01 8.590747166728015974e-05 4.466275046350926155e-05 -7.907431465643504471e-06 1.392517859967692560e-04 3.837078367609711720e-04 6.590649231966526193e-05 -1.240328523068731165e-05 3.372031023510215419e-04 3.148458375359652352e-04 5.322937916531035661e-05 -9.632245513249907865e-06 2.703978924762845729e-04 8.455679595799907744e-05 7.342209249533673712e-05
3.602869550449780967e-01 5.977356363984716900e-05 3.107241367381945944e-05 -5.396159432609079699e-06 9.762232492382144525e-05 2.694409785792591517e-04 4.628346679971908132e-05 -8.594764766485459728e-06 2.357908089699663364e-04 2.202901045839741781e-04 3.723399471050402282e-05 -6.672644564488465000e-06 1.886670842205836335e-04 5.900404436843400906e-05 5.112893058824201993e-05
3.644651285618699665e-01 3.802849771550549028e-05 1.971213888608722189e-05 -3.313266362134304969e-06 6.641147779634586188e-05 1.833251980258053049e-04 3.146233174370812455e-05 -5.720881917726534978e-06 1.615638840311823621e-04 1.510651186955550983e-04 2.554586510615969950e-05 -4.472391160074138107e-06 1.298697226593457617e-04 4.069826443902589539e-05 3.539147638755254149e-05
3.686396944457170921e-01 2.815556653145884799e-05 1.453179303494409982e-05 -2.397161385293270442e-06 4.892562774288632138e-05 1.355757247529821316e-04 2.319728901436408523e-05 -4.063891053707125773e-06 1.196380674999560323e-04 1.122750476544057900e-04 1.893630385518963922e-05 -3.191403663038072757e-06 9.680792358744794526e-05 3.043013624712896428e-05 2.653063437968935864e-05
3.728293470315630076e-01 1.937820603130263109e-05 9.947683378547350269e-06 -1.575734194643531755e-06 3.372032719613174293e-05 9.341837350816830201e-05 1.599200451812912512e-05 -2.781985360672773331e-06 8.197907447719278689e-05 7.695015723517073872e-05 1.299438415337546435e-05 -2.185061494760497017e-06 6.600458483983454732e-05 2.074332758134078092e-05 1.798911586856756186e-05
3.770363921861874523e-01 1.327451970310213071e-05 6.849519550387815095e-06 -1.023661914258942582e-06 2.339217894978313874e-05 6.505606153320646313e-05 1.112206287348708640e-05 -1.863307487617193062e-06 5.721290135478890310e-05 5.388420708103479573e-05 9.092809117692107588e-06 -1.474877107514079248e-06 4.630297965642734192e-05 1.458820398235683696e-05 1.267961782255952727e-05
3.812363453093803867e-01 8.835726026924885571e-06 4.592933923141040327e-06 -7.590133410675558155e-07 1.602866946703162889e-05 4.437087162779144507e-05 7.613415523704403090e-06 -1.329535967905971472e-06 3.910678607300663512e-05 3.665646939674209318e-05 6.198526933678682823e-06 -1.042849085654230951e-06 3.159734754074374483e-05 9.897614049236014232e-06 8.627566986142801796e-06
3.854150971210312249e-01 5.762148694389618312e-06 2.953429316984731286e-06 -4.952082767164274465e-07 1.094665144962909572e-05 3.046186880568291260e-05 5.204732105133955937e-06 -8.896098042203410234e-07 2.669440866662280517e-05 2.515564861968029329e-05 4.241682665139061304e-06 -7.027068342450594170e-07 2.150680590489269638e-05 6.774126785011729859e-06 5.864803130981841919e-06
3.896036578152083374e-01 3.919771414650236701e-06 1.949548409414021535e-06 -2.951178708449087087e-07 7.393668830540810045e-06 2.057923146561819127e-05 3.524532480302950617e-06 -5.787108371834708212e-07 1.804438725550692679e-05 1.696355240992477971e-05 2.867367741915461395e-06 -4.597134045137575026e-07 1.452375187103404668e-05 4.579785530276311883e-06 3.969653911803897450e-06
3.937795161075864914e-01 2.532154701177374184e-06 1.295791794264430379e-06 -1.875534251278721355e-07 5.086860183372129988e-06 1.416123374367204711e-05 2.413228830565904626e-06 -3.854865978889106102e-07 1.237734918349925590e-05 1.171237783358108010e-05 1.978460005777814964e-06 -3.121572967735180005e-07 9.985882244196581036e-06 3.173291675660715500e-06 2.744416915110536515e-06
3.979440095093054186e-01 1.807966609025018167e-06 9.494904043395937169e-07 -1.530367409768402491e-07 3.591149334842919159e-06 1.003319240593230567e-05 1.722030149659434611e-06 -2.837380579174614779e-07 8.743890268621242869e-06 8.303811306843987176e-06 1.405370192778157097e-06 -2.201569057056867099e-07 7.081323873856429042e-06 2.240282299575429525e-06 1.934177409260852422e-06
4.021139069446590386e-01 1.070765246903889093e-06 5.890260965586099708e-07 -6.640642567657706828e-08 2.383340247517387737e-06 6.547039192285948192e-06 1.122440349778989923e-06 -1.719031013295714108e-07 5.844677479008519738e-06 5.473937514283143356e-06 9.286140323724170570e-07 -1.379748969814982990e-07 4.719824321482506103e-06 1.471533449455891251e-06 1.288140773649756423e-06
4.063125452039867413e-01 9.528525731864807905e-07 4.553268578816842401e-07 -6.679666232183874846e-08 1.727285302504579441e-06 4.864588372080997251e-06 8.142989125001318244e-07 -1.293858428389286160e-07 4.260745432430541109e-06 4.017317224612444067e-06 6.698518993979667167e-07 -9.812878276446084839e-08 3.469047187371691522e-06 1.089085604421291273e-06 9.608980534668210460e-07
4.105412315868290918e-01 6.227391527692097016e-07 2.964716135707907094e-07 -6.561161369861696371e-08 1.140654171869412434e-06 3.215859880993088678e-06 5.520244323448370381e-07 -8.962059610375290279e-08 2.778207447314824303e-06 2.638609673020127904e-06 4.421101834651628156e-07 -6.632208813191839830e-08 2.202259010476265275e-06 7.103589260910932960e-07 5.951441999768334996e-07
4.147348487769681458e-01 4.558902801679582669e-07 1.709610290897987181e-07 -2.076715848517951003e-08 8.203482850488998834e-07 2.262079995957002254e-06 3.567229852950566307e-07 -5.356552248207510830e-08 1.993995547070043624e-06 1.844215504376579177e-06 3.028426370316870401e-07 -4.096666712688281099e-08 1.610143880448086342e-06 5.111321337012735655e-07 4.452489910239776888e-07
4.189107045044477284e-01 1.040744575168548055e-07 1.022361965704756438e-07 -1.239946708539153615e-08 4.825347115244757697e-07 1.185409699247387664e-06 2.357938498857906158e-07 -3.704518570106687753e-08 1.155196146976018241e-06 1.020362964448503646e-06 1.932478426712020301e-07 -2.811384218460747456e-08 9.566040924438544729e-07 2.791543812680136307e-07 2.641387460872503613e-07
4.230974437456921922e-01 1.484336673966974524e-07 1.011649673401133007e-07 -2.003197919811879968e-08 2.728124910606516906e-07 8.783435354702222682e-07 1.651374634077195643e-07 -2.501868159078716507e-08 7.477175781177984371e-07 7.586886873668548146e-07 1.392770933187996468e-07 -2.426756074391546531e-08 6.334822006219633414e-07 2.142034947049162980e-07 1.769358288880043032e-07
4.272931011032126136e-01 1.760229810974293009e-07 5.593967281763926084e-08 -2.688719719995994905e-08 2.582446858906819475e-07 6.247015556841458164e-07 1.088222068011372076e-07 -1.904797957594442611e-08 5.597531780031092529e-07 5.300356027419191044e-07 8.258216446723014062e-08 -1.032237152883370862e-08 4.616756128850219048e-07 1.524991979225447379e-07 1.144308171350613741e-07
4.314914587673138180e-01 6.025456198194895223e-08 4.219158634672013743e-08 -1.167525311923080767e-08 1.471274461213258704e-07 4.280013163624171056e-07 7.719776990591567008e-08 -1.101750768265896251e-08 3.776906471305501775e-07 3.678503112773285048e-07 5.799805030439100102e-08 -9.836289410483363626e-09 3.030088313491217876e-07 1.015990732490345112e-07 8.194713058957138772e-08
4.356511643511531418e-01 9.363994742247214458e-09 1.476028827247821580e-08 -8.692460254353592665e-10 7.373406992724629488e-08 1.817934208724866383e-07 4.535679573177972641e-08 -8.215416201274702050e-10 2.060914617067149717e-07 1.525301256146402534e-07 3.806443827455836123e-08 -4.220201928794749954e-09 1.972077325550290411e-07 4.470483306229133100e-08 5.374091093877253379e-08
4.398424702607344750e-01 7.534274911545948899e-08 1.397068188438195754e-08 -1.690383143238986778e-08 1.008163081920033769e-07 2.281658002478568443e-07 3.740278218220326954e-08 -7.460441332034814537e-09 2.542362585136829295e-07 1.340680919954155891e-07 2.509379817826582752e-08 -4.269433229532700366e-09 1.974809685750806942e-07 3.628960922953124507e-08 4.702065030321502010e-08
4.440501074980069407e-01 2.945031909955718687e-08 1.604556767616149489e-08 -4.991461142952931140e-09 7.131806938523107667e-08 1.729069509782572287e-07 1.694119244465009219e-08 -4.834771935820226795e-09 1.339047031368536458e-07 1.600916439288625542e-07 2.058818471594189438e-08 -5.435834740111385097e-09 1.019424813130211299e-07 2.982214198983516083e-08 2.341619750837046012e-08
4.482267968899237842e-01 6.216533109218823116e-08 1.637728159625425696e-08 -7.738577870026252016e-09 3.381326696247649553e-08 9.998696776516103882e-08 1.402465177234943301e-08 2.615666479374144768e-09 1.150527710997430871e-07 7.489654973172337835e-08 1.167649877482404170e-08 -1.063363414954547821e-09 4.058546486449729570e-08 2.047755353143723550e-08 9.127487716391197166e-09
4.524052929840755577e-01 1.023458168608224381e-08 -7.019853454273402581e-09 -4.927954223972213437e-09 4.343199370197600979e-09 6.952725631443883972e-08 2.068796784335464788e-09 -1.269016421978180312e-09 3.560189804195029669e-08 5.493056522782245585e-08 3.646375971324509735e-09 4.693264682801987209e-10 4.218495334745243698e-08 1.597027730686341280e-08 2.123323967409805103e-08
4.566090347930675253e-01 -7.670179227044959383e-08 8.497768292840912257e-09 -5.273190996193268472e-10 1.656829505921438715e-08 1.019095940780608064e-08 4.117087551621041089e-09 -3.703758680010371967e-09 2.556199030477740421e-08 -1.110768080415458255e-08 8.294812301306719268e-09 -6.044303987223446362e-09 4.882352421084314488e-08 -1.000985688657567493e-08 8.119205603301228990e-09
4.608167319022857811e-01 6.836414329703405154e-08 1.406244885688496216e-08 -5.490378589568024718e-09 4.131943882753500644e-09 5.049310320620241270e-08 3.636408992678542042e-09 -3.328493171569501084e-10 -1.167756319762073588e-08 -8.756874628770248288e-09 2.592289677470687624e-10 -1.392497802086896884e-09 -4.759846505041579785e-08 -6.274644383088495772e-09 -1.130276646222831310e-08
4.649806979855051203e-01 2.505372806873161156e-08 4.729900840513911590e-09 1.097804157411103763e-09 4.385643344201106893e-08 9.480305008755263549e-08 2.597903627923883403e-10 -2.767954365848989277e-09 7.514731587941699776e-08 4.711362483328944077e-08 5.303059874196966494e-09 -3.771613424115405838e-09 4.748255237842747241e-08 1.535144544070599402e-08 1.426935926419547624e-08
4.691538386770017222e-01 3.199316868937388551e-08 -5.215254654495280769e-09 1.450099283513710922e-09 3.219325738549557504e-08 1.166863071635011869e-07 4.926115235398559933e-09 -1.819386694632184547e-09 1.051153619001271011e-07 7.850340308106787332e-08 4.711776417787867387e-09 -3.824957957421995466e-10 5.075137554838796931e-08 2.094293690589914680e-08 1.343491631399385678e-08
4.733478629909182445e-01 6.520396538620357199e-08 -1.811705384581131371e-08 -7.125694764702356901e-09 1.897623947039308753e-08 6.730087591833087170e-08 1.886302948646467923e-09 -5.342299031684145175e-09 -5.842565432442992460e-09 2.003752188497707522e-08 2.447989775529043494e-09 -5.843342401712053502e-10 1.347054646438823319e-08 -1.671281730455581402e-09 -2.602211925626716747e-09
4.775500538217637980e-01 2.259884147309171227e-08 4.558461622791909695e-09 -3.652198541880807266e-09 1.923208187601919137e-08 6.442066453245358318e-08 6.738241015829607727e-09 -2.087434649736611973e-09 4.087952310061974816e-08 2.391484070162155847e-08 3.325275527564084680e-09 1.753016204611045367e-09 4.117848762418973545e-08 4.839651566551563535e-09 1.079156313379048153e-08
4.817339644282710998e-01 1.604235506467256329e-08 4.350907115692751658e-09 4.327318397076813416e-09 3.894496314574475098e-08 3.043463650443268801e-09 -2.858234140645134393e-10 1.690094081787746250e-09 5.617366875722390733e-08 -3.142316553178635165e-09 3.406007904214151102e-09 -6.456240469829769388e-10 3.213218390726313235e-08 -9.264971604429971149e-10 4.364530320377978735e-09
4.859144464692263798e-01 -2.394498605253698282e-08 1.265661484455760413e-08 -3.852860517920484391e-10 -9.565640346185228069e-09 2.397790996421951841e-09 6.403805688571887631e-09 -4.529119761206137214e-09 -6.749277426138814218e-08 -2.495067735296647326e-08 1.725028496545958383e-09 1.415756989181620705e-09 -2.577331729731140043e-08 -3.057512547080573673e-09 1.593721643406080594e-09
4.901252990058800885e-01 -2.321238310551136978e-08 -1.359881971252550953e-09 -3.314134634415057761e-10 2.646858801785144568e-08 5.655685226744130325e-08 -4.386280759611568546e-10 -5.713930406035916518e-10 3.863980096428471681e-09 2.499719999616278159e-08 -2.881588110923333010e-11 -2.445973240236142943e-10 -2.730696192269336629e-08 -4.226952741058478895e-09 -2.766061789594319372e-09
4.943123444065962158e-01 -6.859598276590381574e-08 3.066559605135599929e-10 -2.966868517118542119e-09 -1.380638961682814894e-08 -1.750238294521754508e-08 1.328193857191396709e-10 2.011606002605590517e-12 -1.327493500140956428e-08 -2.534050403899844488e-08 2.737333799334366178e-09 -1.635260908849903293e-09 -1.124716719625825686e-08 -2.471309418125926080e-09 8.726457551483157295e-09
4.984736335014697817e-01 -2.719556431487423526e-08 -8.096954383093510231e-09 1.340823864190059403e-08 1.954732699395520772e-09 8.169078962380126393e-10 1.838683196342838770e-09 3.922398788200471273e-09 1.892197511041684689e-08 -1.356663981750117735e-08 -3.040024807052925352e-12 -1.050509525184333248e-09 -5.231495595101467661e-09 -2.821063008377928746e-09 -1.036626027698300528e-09
5.026590164608074618e-01 -1.761041945303560964e-08 1.089540654605172699e-09 -1.956559359422667385e-09 1.259448036235587663e-08 -1.821959146226371027e-08 -5.868594460770055429e-09 1.629288945487597556e-09 6.841330466061957522e-09 -2.265517133906921607e-08 -2.529672311508662629e-09 -5.478716601121170353e-10 -2.122907884412981074e-08 -3.364618723871430254e-09 -8.999934302105321987e-09
5.068609875937976073e-01 -2.542561378534203676e-08 1.591078306139824431e-10 -4.770417482053510713e-09 -2.643492698785779729e-08 1.480991501230444658e-08 -1.480551764018761470e-09 -2.260194983403439680e-09 -3.176211180862374438e-08 2.853964127041490528e-08 -1.814733581805425728e-09 4.350197810675836438e-09 3.791341459830955871e-09 4.190974309575898733e-09 6.134504847136016332e-09
5.110594965365916620e-01 -1.593390030142991595e-08 4.383728673796394833e-09 5.155493580414895776e-09 -2.630373240383067926e-08 3.634080452505738510e-08 -3.807066774170221184e-09 -2.642942777550534549e-11 -5.836469184137452657e-08 1.066998569645072118e-08 -8.429361772972340109e-10 -5.520113397737942396e-11 -4.199674310367250122e-08 4.188490128088615807e-09 -1.060576770176544616e-08
5.152492140965455603e-01 -2.896475866339053371e-08 -6.289244598847338194e-09 4.071067362710461912e-09 3.061785745714716971e-08 -3.403494790509715556e-09 7.156204339239193247e-10 -2.548694255689597571e-09 4.241163456878587192e-09 -8.368798569530131147e-09 2.299568220561813299e-09 -1.896720571729811158e-09 9.360214702677320321e-09 -9.191917003415105024e-09 3.355051942766887993e-09
5.194329442812991582e-01 3.778144801174324807e-08 -1.037785314387569936e-08 3.146636264725916611e-09 -3.466364535028988761e-08 -1.272524958941190778e-08 9.818530933172270958e-10 -1.440462327693867649e-09 1.154375709575885409e-08 -2.028619773914591448e-08 -2.771037707972230549e-11 -8.027947877725781925e-10 1.454126936547350232e-09 -2.465413331944074840e-09 6.815579963541664347e-09
5.236343964239100757e-01 -9.306034859559343628e-09 1.838798399450961769e-09 6.672137469221330820e-09 4.399875555588565454e-08 4.893949946593098930e-08 3.725575091863742267e-09 -1.348921158545908433e-09 2.884051223901194864e-08 -6.636527137137879097e-09 2.391524406114225217e-09 1.624494153788911881e-09 3.856546586139999509e-09 -6.838006431272133125e-09 -1.103763364614552156e-09
5.278273205415198177e-01 -7.230189749182901057e-08 -8.331926760472796827e-09 3.877239875920559899e-09 2.103153042295815159e-08 -1.423370175070606515e-08 -2.133130601850905790e-09 2.994375882830016076e-09 7.885136987273303624e-08 9.109927686742965628e-10 -4.344084864562949420e-09 3.499867485802050139e-09 2.690751083316405440e-08 2.670648848952570267e-09 1.855049242553193717e-09
5.319960279023402405e-01 4.893166502346292524e-08 1.492107711571981464e-08 -1.615539872574056847e-09 7.344263245551429109e-09 -2.375739126239664190e-09 5.561479410413349357e-09 -3.433019852515082517e-09 1.204166094897201122e-08 -2.491877194649805702e-08 4.575476780961540108e-09 -2.861027529777069709e-10 7.619944292073851331e-09 -8.698887026006117788e-09 -2.835441078364745960e-09
5.361714592099571242e-01 -4.767506706749550931e-08 -4.246013514368568728e-09 -1.546759071631562200e-09 -1.324648220371261802e-08 -7.642216366216390703e-08 1.077836275124382863e-09 -1.765645504782516983e-09 -2.972600906308557596e-09 -2.223112196232855529e-08 -2.182187368800118644e-09 -7.330904544824507292e-10 -5.119526672229976210e-09 -1.811862504245245129e-09 -2.929295961044091772e-09
5.403746330902056139e-01 7.029799768624643767e-09 3.232458749527116392e-09 -2.287663084989854556e-09 2.525796813317625727e-08 -7.301377495911084827e-09 -3.864807319324169936e-09 -1.272765603466609499e-09 6.671292787624328519e-08 -9.706966451569233315e-09 -2.237141622662256575e-09 3.440119842027732374e-09 2.220572114842981936e-08 1.228308855204025378e-09 9.119191920684692231e-09
5.445761264886261888e-01 7.140033056002575602e-08 2.676583215118410725e-09 -5.234870825538731144e-09 4.630723169991992403e-08 7.279180345588882316e-08 6.324586544005282422e-09 1.217967478510317434e-09 1.455329735410309808e-08 5.437132706021530683e-08 4.206697242229176032e-10 -1.942381939413632059e-10 -4.576074729461798219e-10 9.972589598878327443e-09 -1.113657265456198975e-09
5.487504490749764985e-01 -1.327582005631541539e-08 3.926865051569835133e-09 -4.474052655186858664e-09 -2.263402546374059334e-08 3.535005194352039126e-08 2.350073018252773424e-09 -1.550563239767983312e-09 -2.573242384181563217e-08 3.182932408558321378e-08 2.033216931233178548e-09 1.109439083653190942e-09 -1.180542071474232780e-08 7.183738206789812895e-09 -8.182555850962718541e-09
5.529407179677009454e-01 1.165054328930801022e-08 2.446658203350724771e-09 -4.454997132589114460e-09 2.671355356642829267e-08 8.428816132527474539e-09 -3.626492095687343126e-09 2.579261521755391610e-10 2.162059579241705570e-08 -4.775748489219621545e-09 -2.654877136953297675e-09 1.133392531558706319e-09 -1.508000737556670176e-08 1.104074169758071652e-09 -6.311302742327930382e-10
5.571409157079509900e-01 -4.723928826055937452e-08 -3.343457849163774673e-09 2.931321796114461680e-09 3.104629022220046428e-08 -2.807709148333081009e-08 3.206447995690254602e-09 3.091593219985895066e-10 2.311189881081306008e-08 -1.339332521644657965e-08 -4.717670980924299193e-10 -6.026561633222616612e-10 -1.376946228988904964e-08 -9.520315130278102339e-09 -1.257370164064842107e-09
5.613298693710127019e-01 2.713677293343648544e-08 -6.269146714084660085e-09 -8.078952453144860927e-10 -1.816561525214313161e-08 4.293238469986459262e-08 3.244416738327977440e-09 -3.930577793218400289e-09 -1.472679283779541272e-08 4.021430138746080261e-09 2.261530973366643834e-09 -3.533331096237912034e-09 -1.152519299167431889e-08 -3.247906409949149629e-09 -5.863630822507156394e-10
5.655062246218995892e-01 5.565820767148224978e-08 3.117916632826170100e-09 1.526618792116471500e-09 -1.711358804829135468e-08 5.405357805510098377e-09 1.805350320188661032e-09 -3.794834539898040658e-09 9.142619787044961065e-09 -3.935617824656509768e-09 3.037669120789506387e-09 -1.896917510825274761e-09 1.243460932185426700e-08 3.830805416679774566e-10 -1.010357501742618339e-09
5.696867424029971039e-01 -2.098037947391016775e-08 5.181220904329231198e-09 -1.331257193017593034e-09 -2.218788023674281828e-08 -5.951832947199984508e-08 8.990655231152786923e-10 -2.550093810487406296e-09 -2.068709893434726408e-08 -1.527930685495219144e-08 1.090948018535515304e-09 8.161440550203311755e-10 1.166921656396258260e-08 -2.964998982933919887e-09 4.340060462833945992e-09
5.738956954203543459e-01 4.995717863640001928e-08 3.011722794304398759e-09 1.716295046351449660e-09 7.949990471524011613e-09 4.429162579461216933e-08 1.099158563380235630e-10 -8.664669417995431312e-10 1.525874946274777792e-08 3.644558026704823241e-08 -2.649205115978596075e-09 -7.585543617175704547e-10 3.081841807705965715e-09 9.429513794252755320e-09 -7.260879103901466818e-09
5.780928920821047923e-01 8.015218396139984278e-08 9.887261622191017619e-09 3.559104079097060212e-09 2.254550070257350713e-10 3.187663424443982249e-08 -2.491912843383261935e-09 -1.874878382876991931e-09 2.599912106746793012e-08 7.354636768656523889e-09 -1.436554660289495165e-10 -2.391868136246221416e-10 1.147249903790873655e-08 4.203176823120019243e-10 6.143879430095909347e-09
5.822632071880226023e-01 5.548876438274666590e-08 -5.863745410283659429e-09 -3.240094973626371529e-09 2.884006670094837110e-08 1.121271827504963447e-07 -7.108691179198209355e-10 -2.587366187384790858e-09 8.760175572008599245e-08 8.035641343851019855e-08 -1.020939534731401105e-09 5.008890643279288692e-10 5.728738684332839508e-08 2.070952665054370282e-08 1.307735362101921072e-08
5.864430803127811398e-01 -6.276806363434252772e-09 -2.437028908172381777e-09 2.006995516549642408e-10 -1.489184393065222661e-08 -2.838985094582448102e-08 -1.881212227579040217e-09 -4.618721105061610905e-10 -2.997198959011808546e-08 -1.145614722798132057e-08 -1.177127061545902318e-09 -8.982796369613861130e-10 -2.315072092884353188e-08 9.810324896364462628e-10 -7.651944134468402723e-09
5.906376733072625784e-01 2.982720550707102840e-08 9.133501388540122518e-10 1.256634562470755070e-09 -1.266509596282461440e-08 -1.253292884755431986e-08 4.157934962119937456e-10 -1.873041454021048645e-09 6.248816676015635632e-09 -3.631626428452972717e-09 -9.195548473406986919e-10 -5.517227065863436236e-11 5.914024683651307549e-09 -3.795996351109140010e-10 -2.724015627480278857e-09
5.948356627105599870e-01 3.324136579201740978e-08 -1.262199333821642009e-10 -1.525365826133847474e-09 8.421773849247400423e-09 6.688420268910067318e-08 -1.109450673135341688e-09 1.767851564016217133e-10 4.380822159236010238e-08 4.876771851874566790e-08 -9.894379084368576091e-10 1.529568879881717616e-09 4.555870303664830237e-08 9.171883023593667749e-09 8.713040229156084617e-09
5.990145239901687457e-01 1.078073546311599774e-07 5.099693290647780202e-09 -5.122097536426821420e-09 2.509132763845943967e-08 9.208932318768142323e-08 4.007475212725229725e-10 -4.525014296886138034e-10 2.208537089803966104e-08 3.595081652156051381e-08 -2.632149520508453226e-09 -2.155647365790688964e-11 1.029950857175595118e-08 3.300338316881905211e-09 -4.155051164730663538e-09
6.031829950841108845e-01 -1.561174564485308065e-08 4.743276902200018182e-10 -1.573070984624460644e-10 -2.914350093367082110e-08 -6.553871854863291286e-08 -1.033332979289937850e-09 -2.936442730424650338e-09 -6.414931464528767392e-08 -6.501539019561703346e-08 -5.105223613223440366e-10 -6.106095504860261868e-10 -5.420773930784859011e-08 -1.870051437686723629e-08 -1.509981763538982829e-08
6.073740526175752663e-01 -2.157471233186455782e-08 6.524286339646312303e-09 -5.122276357116166042e-09 1.615160024976719872e-08 -2.367634072903080105e-08 3.821628816672172037e-09 -2.161762591196965446e-09 -6.540433630788482379e-09 -8.780867311177663558e-09 4.262287021181823685e-10 -1.133121646493292098e-09 -1.117645698322574536e-08 -1.245843824105031409e-09 -5.262063579111522975e-09
6.115768023320514724e-01 1.449480750903657756e-08 -1.830572906120409556e-09 2.147204239021522321e-09 -1.310087090552067573e-08 -3.745224584395605256e-08 -2.579638106286228042e-10 -1.192282198963349153e-09 -5.659699986093329080e-08 -3.978832595192791234e-08 1.000526835441100598e-09 -1.399246886675167694e-09 -2.495501022931325008e-08 -1.217829154517537583e-08 -6.978310995748419425e-09
6.157710000000914397e-01 -3.295131221671181974e-08 3.333877527267490353e-09 -5.030791750868374512e-09 -8.836385566559903939e-10 1.499898089541031198e-08 1.090764221235517336e-09 -9.066174027097782532e-10 8.302756254048570184e-09 3.171156761773240395e-08 5.092579276596308431e-10 1.275684124658994695e-10 -1.556169367570691826e-09 5.655302881260377695e-09 -5.982353106162930124e-09
6.199632023912512446e-01 4.041861435964107936e-08 5.648997456539776619e-09 -3.788018786899972015e-09 1.497993224133088071e-08 6.575880985746975180e-08 5.698999025555215586e-09 -2.473600223331393782e-09 4.257967636832369171e-08 3.713542060893992295e-08 1.077506100987102472e-09 -1.049599960330321759e-09 3.079770198771061721e-08 1.278956638239776346e-08 1.140940445970873185e-08
6.241630060990407403e-01 -3.107990856161124097e-08 2.569261722080801873e-09 1.240020429942802195e-09 -1.532128177451059404e-08 -1.935884883003931833e-08 2.290871674864032276e-09 -1.476137160824371710e-09 1.283745354224869816e-08 -1.835466311913009160e-08 2.662676303005647414e-09 -1.419427538537718313e-09 7.681362058354026086e-09 -4.574188963841854231e-09 -3.206322020218039382e-10
6.283593402461892241e-01 -1.964348627485351791e-08 -1.171364585083353036e-08 4.519807562024753488e-09 2.095678095757458218e-09 3.617424794072023773e-09 -1.433328406487585360e-09 1.687391179097381741e-09 -2.390153902747550865e-08 -3.904338425014451359e-09 -1.056762909538569616e-09 2.204311651338255725e-09 -5.904996116885898116e-09 -4.154344850096706764e-09 1.376841040296731455e-09
6.325410955997395890e-01 9.755033261729904337e-09 6.164185371382246765e-09 2.864006336269060318e-09 4.890566969288220537e-09 -5.592149211244077951e-09 3.797252802976764072e-10 1.738792669452473698e-09 9.179776564810542363e-09 4.165129730905820575e-09 9.157915165971902499e-10 8.672415878298837487e-10 2.456126761329029102e-08 4.803788423889352375e-09 1.539559360309689648e-09
6.367142920629192959e-01 -2.202792209522489520e-08 -3.401650113650087180e-10 2.071987194751989758e-09 -2.643384320733480320e-09 2.823210705241858876e-09 1.076255505881102343e-09 8.425638532444018381e-10 -1.961637568763896108e-08 1.404144051177081446e-08 1.552566659078739541e-09 9.203040490958050105e-10 -6.163374175541531235e-09 4.777455323181719206e-09 3.791215716200029485e-09
6.409035099394975177e-01 2.138567734257072955e-08 -2.329790912361553703e-09 -1.100287846405183145e-09 3.375214924119230790e-09 2.153778887210714341e-08 1.241190397479697363e-09 -5.073427888650442459e-10 9.614071079147589474e-09 1.567617221998077221e-08 2.981565539211653509e-09 -1.656205362575935782e-09 6.340604618525595751e-09 1.723108770546546637e-12 1.985277874857114205e-09
6.451032402190634008e-01 -6.479025862259283654e-09 3.885271673102839636e-09 6.266446858278048274e-10 2.459160075580642366e-09 1.362443069236171174e-08 -4.557559098095715096e-10 -1.368563563054116273e-09 -9.232941783552622273e-09 1.669023914239529373e-08 4.043536347569311316e-10 3.906272972205782663e-10 -9.879007211009267022e-09 -1.668866567872356344e-10 -2.305340494292029613e-10
6.492879941711476866e-01 -2.486382700471923210e-08 -2.275250874909970330e-09 8.012402761051186966e-09 4.699661524878789867e-09 2.372372545476431272e-08 1.213242536685989573e-09 3.212366165298467465e-10 1.456614550123874061e-08 1.922677138422982210e-08 2.962514819405862020e-10 2.633633326815402080e-10 8.971101514901852948e-09 8.517309267166692247e-09 -1.188248742494823751e-09
6.534659541563927476e-01 3.673009710486062729e-08 -6.637563497370421225e-09 4.240533281566747255e-09 2.190425124761304824e-08 5.373703668276683360e-08 -1.108441084880281865e-09 2.626543004896390207e-09 2.272141709268860455e-08 1.746443582953126772e-08 -9.428867269849011796e-10 1.687215064208011921e-09 1.997650961680758212e-08 2.819817072781413282e-09 4.874597097663651527e-10
6.576591076962554627e-01 -4.928745309003214976e-08 2.686615592193456723e-09 1.951273080585716349e-09 3.400330206601485737e-09 -3.774922838997948385e-08 1.046203454445901022e-09 3.601981552619950953e-10 5.423006063006354251e-11 -6.274697222286170749e-09 4.214186779590147030e-10 -7.507632510057425431e-10 3.222467159594067425e-09 1.273622067052142651e-09 -1.348906739522303199e-09
6.618529307405217610e-01 -1.193386856855740477e-08 1.564002973717031283e-10 2.652580604908030401e-09 -4.636464911159452537e-09 -3.307685163193937624e-09 1.693016302810935984e-09 2.670838056991490960e-10 -4.639907745512100219e-09 -5.695034033636887634e-09 3.707023968781502769e-10 -1.175839923941448411e-10 1.855811537638673210e-09 -1.265506000364754466e-09 3.789911023861838884e-09
6.660240791386257131e-01 -2.213401346828258415e-08 1.009926288611535504e-10 -6.519020529099298104e-10 2.584630693015950361e-08 1.632157796463016066e-08 1.217896117357434827e-09 -1.387674938496848590e-10 3.300448596176888173e-08 1.980125589884248674e-08 2.912078557486110783e-09 -2.437932896652680238e-09 2.569254614653667147e-08 4.076773985920211180e-09 3.933955754854643419e-09
6.702067828716186115e-01 -4.944316798419668500e-09 -8.751112779718126588e-09 5.471147270804687205e-09 3.100695061255531307e-08 -2.910504440344474567e-09 -2.281909330016283356e-10 2.393675479813150732e-09 2.058851887717485802e-08 -3.546546038896257401e-09 -2.786416641107115700e-10 1.615017000980616151e-09 2.268140925260009866e-08 -2.386805300145348147e-09 5.542023332752670553e-09
6.744172070879622671e-01 -4.495854695026546157e-09 -2.900289598248275892e-09 2.464554867023734172e-10 1.017894356988966443e-08 -2.534904817280911712e-08 -1.009694276889510861e-09 1.461116157152578881e-09 2.012178260086769589e-08 -1.064697665967093844e-08 -9.183375406970292817e-10 1.276081815458940609e-09 -1.048942576515615835e-09 -1.995586378597385131e-09 2.150085180714938821e-09
6.786118453466847278e-01 -4.211805471005848771e-09 -2.443425533616974460e-09 -6.390432377826215548e-10 1.148361850238805185e-08 -1.105928520447902905e-08 9.533111889101229715e-10 5.227186463640589760e-10 -1.556010620216541365e-09 5.046795688944585384e-09 6.089440792176127129e-10 -1.387695197719398010e-10 -6.126413899440766498e-09 2.230612192030465410e-09 2.054402469766823886e-09
6.827984616056306244e-01 -4.529318158494903746e-08 -4.770461920414128344e-09 -4.920651997820162135e-09 -1.351378410808393366e-08 -3.849299792814872163e-08 -1.659300621003880577e-09 -1.227339177393051057e-09 -1.978235068850058047e-08 2.438889742471350685e-09 -2.022564830505984315e-10 -6.408929399414331445e-10 -1.453309819687965970e-08 1.836560710327026861e-09 -2.703325214437846707e-09
6.869817177358829019e-01 6.502737213068854470e-08 -4.977662851489821154e-11 -1.838963950494110801e-09 3.447190148199115734e-09 2.174590671226042142e-08 2.722011259923443215e-09 -1.732150458519499982e-09 1.121243688664017785e-08 -2.099259455434129407e-09 7.306377297795613216e-10 -1.126086340130686490e-09 -6.872736201203429522e-09 -3.932712415405287339e-09 -1.068833907179377561e-09
6.911718524128840357e-01 9.078896204395048592e-09 -3.523761248841902707e-09 -1.513322885437991753e-09 2.044365059233337948e-09 1.909778084757881966e-08 7.410948952795749092e-10 -2.119200423158354280e-11 -1.673790619585334750e-08 -9.234737621682045354e-09 -6.358252596530094626e-10 1.263235119991210015e-09 -5.847556103587453796e-09 -2.076447907381518201e-09 2.418740068376592665e-09
6.953555746427921846e-01 1.155368707847920886e-08 1.822066187093143275e-09 -1.070529820226913476e-09 -2.523506519533778003e-08 -1.724232582017518439e-08 1.101602480555169594e-09 7.907586890504251151e-10 -2.951640480200420674e-08 -2.066540869267406134e-08 -7.078810445489838470e-10 2.397000622855720675e-10 -2.227171375062649312e-08 -3.259867790624228657e-09 -4.601918149275129218e-09
6.995344561305086861e-01 1.721185983697186038e-08 -4.032652011843987610e-09 1.280787213363943848e-09 -5.093951459654681110e-09 -1.301597075620139323e-08 -1.882297094721181805e-09 1.330857264501201209e-09 -2.516724630610020595e-09 -1.870181221222405342e-09 -1.272054772555974979e-09 1.014293803199798884e-09 7.437712904693374868e-10 2.108252571352353144e-09 -3.408827604054394096e-09
7.037287066792784485e-01 -4.447123754670834437e-08 3.496350587775232571e-09 -3.763092484128363688e-09 -1.934749585798527775e-09 -2.699129196869302408e-08 1.672674214393847873e-09 -2.059649125222735902e-09 -1.445022285269110416e-08 -2.658143520593335133e-08 -2.252856387154641393e-10 -6.759969513066764328e-11 1.740961286744517284e-09 -3.057880179200804321e-09 1.268611976015038949e-09
7.079143033440539190e-01 -3.676741220372890455e-09 3.683637842657902745e-09 2.521885552822678973e-10 6.905225368399456800e-09 -1.287625419078399261e-08 -9.007701515365739411e-10 1.866077876253809743e-09 -8.743518382656792701e-09 -2.845586548838048257e-09 -5.079257444773116959e-10 1.516641329976408785e-09 -1.545262734529117407e-08 7.946407545174278049e-11 -8.886787415330902117e-11
7.121186686741065586e-01 -6.803422798347127418e-09 1.056610970890934641e-09 -1.099063364181330585e-09 -1.658104177279258520e-08 -1.714887020626159367e-08 3.300803408906873073e-09 -1.074477788894541017e-09 -1.123470527252855567e-08 -3.320990603208631436e-09 9.341460170802237966e-11 -2.059710757472414331e-10 1.938478130950573061e-09 -6.778233321082364565e-10 1.659325017950276884e-09
7.163134555705721329e-01 6.487194211124340604e-08 3.843218214325762498e-09 -9.889411735549657846e-10 -5.450956102832632404e-09 9.866991101194798291e-09 1.995308525160283774e-09 -8.047532532540816279e-10 7.830541163893943560e-09 -5.806179249294146178e-09 1.564527599060601619e-09 -9.814514780973062649e-10 5.852897496676223640e-09 -3.069656683665523936e-09 2.850914200209452602e-09
7.204913713645887396e-01 -1.181848803297575569e-08 3.285626685022830158e-09 -1.474696200124118361e-09 1.348422500219745569e-08 -4.084752388056522276e-09 5.339653276569011563e-10 -6.350621020422499177e-10 6.132122303245649127e-09 2.797824927826972544e-09 4.113043203837244495e-11 -1.291709396206781108e-10 -5.814912463995136290e-09 1.037184779948031058e-09 -3.643918268431027816e-10
7.246803275165087932e-01 -1.853717495479410177e-08 9.884324539000091672e-10 2.635620890277748305e-09 -1.606937423801422987e-08 -6.443198831338093557e-08 8.121039696344086290e-10 -9.822366678935677835e-10 -2.570815083401048238e-09 -1.767271689529134012e-08 -1.956247907755483652e-10 6.511692370169677533e-11 5.787465115530805031e-09 -8.832671102724218433e-10 2.438700447030718563e-09
7.288763115175647123e-01 -2.265704559481935820e-08 9.648060300808909452e-11 -1.238895924559869682e-09 -1.766068896613914598e-09 -1.825736219298662571e-08 4.790316709414330156e-10 1.003215440407394858e-09 1.076415111366220328e-09 -8.394690975946493549e-09 1.556177538466182615e-10 5.114856746442420525e-10 3.473012931764813316e-10 -1.545903906115034018e-09 3.651055997258472061e-10
7.330585840505703388e-01 3.407348455645030963e-09 1.735737087707747597e-09 -3.960052467250202901e-09 -4.568039563748423519e-09 1.188004611419353354e-08 1.645127063635618664e-09 5.126408340681717314e-10 -8.557229552619899056e-09 -1.018113453646765474e-10 6.977054480753840416e-10 2.259324158267269882e-11 -2.709829757237339285e-09 5.563594267332774119e-10 -2.527660563435078785e-09
7.372316440474646626e-01 -2.257841480039031456e-09 -5.619560334130221988e-09 2.571086234204142587e-09 4.172571917762323484e-09 4.946245793151534164e-09 -9.734035754711050751e-10 1.375583050555010956e-09 5.386772123943932986e-09 -3.713919623286371508e-09 -1.399906691123290713e-09 1.489803635743571807e-09 1.384345711024118667e-09 -1.741913716213831446e-09 -2.191970394645871605e-09
7.414228560306842519e-01 2.353316341878477673e-09 -2.566136725254135301e-09 2.061524601327175672e-09 -2.184352260685614386e-09 -3.301744840730368911e-09 -6.572327356262099454e-10 1.999618510048935124e-09 5.066036137261770559e-09 7.312598909298423518e-10 1.070964120449865476e-10 8.559581295797105159e-10 9.449057125116376562e-11 1.223527847436629268e-09 1.581472331889292676e-09
7.456189213758863676e-01 -5.566822861202100159e-09 8.953168774814811458e-10 -2.261045694807641337e-09 8.946712072345275755e-10 -1.768435638101686588e-08 2.450110649603012584e-09 -1.637844947307985703e-09 5.272751611358281387e-09 -2.184128605542143143e-09 5.411548346955461132e-10 1.163831184587161848e-11 2.291366987442956994e-09 1.580628159262783781e-09 2.921771380694902313e-09
7.498104337627916616e-01 -3.213673465044257550e-08 -1.552478381726381173e-09 -1.002056064773405967e-09 2.218291002326653619e-09 -2.999309183074559079e-08 4.910553420995000772e-10 -1.526169654139985567e-10 -2.119204927564616456e-08 -6.180498703357157088e-09 -2.908674139358420295e-10 -4.539821146861747375e-10 -6.860855496919439230e-09 -3.536182476015700913e-10 -1.539875708679381521e-09
7.539974189770904944e-01 -8.078180602852948517e-09 -9.681352489246412819e-10 1.002146982983961092e-09 4.441844081395698968e-09 1.153660213202432212e-08 -1.551084925768570215e-09 -7.444678646335326392e-11 2.024687202678775260e-08 1.470844117036527858e-08 6.690568111111448099e-10 -8.129879628747360547e-10 5.816942817203551045e-09 3.733625745591215377e-09 -1.602550075083212339e-09
7.581896411468850294e-01 -4.047288939254080518e-08 -2.088564618337042690e-09 2.038288213326233541e-09 -5.997804841044214774e-09 -1.840220786107273814e-08 1.645653612613239074e-09 -1.073988812431254869e-10 3.080947697837588047e-09 -3.658823009914551368e-09 1.908249870671242686e-10 1.497580591135166636e-10 3.427680893462612714e-09 -2.511005474566892576e-09 -1.279061047373917501e-09
7.623808615479977790e-01 -3.920831579637000144e-08 -2.418542002884844107e-09 1.388263629893344945e-09 -1.858011755180885518e-09 -2.407437889476066883e-08 -5.569349948665909448e-10 -1.992836276666474890e-10 -1.205138533037882367e-08 -1.133194824966379678e-08 -7.808533060461458528e-10 -4.151618187673608172e-10 -1.254505495357885911e-08 -2.227725825065569399e-09 -2.220970251894445549e-09
7.665651159623174671e-01 2.774276054276234709e-09 5.316921600059581377e-09 -9.110052703292754372e-10 2.972557067609427657e-09 -8.350161227299986465e-09 1.724108865358034339e-09 -3.878278094731046219e-10 1.139865932101363734e-08 -7.825999017124426791e-09 6.646322677979107813e-10 -1.024791513246510961e-10 8.240961642118051701e-09 -5.530961919320579247e-10 2.561716141261717500e-09
7.707536355579491794e-01 -1.106646594428860913e-08 -1.212188117452744276e-09 9.917260094195237891e-10 -1.368049579777875367e-09 -9.487193817727922886e-09 7.519514859124124462e-10 -1.071437271758500588e-09 -1.063542976382995968e-08 -1.203991456356811811e-09 6.245711954028680226e-11 -1.015315000293784593e-09 -9.724507767942135262e-09 -5.698987468876391443e-10 -4.831678763119119279e-09
7.749462413082437440e-01 -1.434896431390114095e-08 6.581872523397993019e-10 -3.656057504051710880e-09 -7.085501274974124942e-09 -1.971430714692944420e-08 1.349230244958211309e-09 -1.401013485976964429e-09 -3.917540371888323773e-09 -9.068422473389572780e-09 6.260561747444876599e-10 -1.004417581486080537e-09 5.688592478249215141e-09 -1.031002339995655997e-09 2.055637099032726065e-09
7.791369682448587852e-01 6.543103784045422494e-09 7.488072627531261371e-10 -1.814528708304529740e-09 -1.781979817058084368e-08 9.494990182916582676e-10 4.637476177599558660e-11 -8.023008323665273225e-10 6.150707323984475869e-09 7.821420033842767204e-09 9.592871948165941215e-10 -3.607347163222119351e-10 1.214198015262880638e-08 3.270299785849860190e-09 1.572738215855548667e-09
7.833258353347896108e-01 2.144761212150154588e-08 -1.271732117248618452e-09 5.803969842318608431e-10 -1.738748229137929108e-09 -5.978665267781016678e-09 7.260038756441013169e-10 -6.301857943314560398e-10 -6.273601705948937435e-09 -3.466006804180178237e-09 -6.001457708183071530e-10 1.702493775584449497e-11 -7.939377467399101830e-09 6.072734327506513915e-10 1.054078422509599325e-09
7.875159900600451346e-01 1.834081306738815312e-08 1.674091738694895784e-09 -2.223285072791535984e-11 4.593186471531769469e-09 3.261693262978680879e-09 2.046066593098827082e-09 1.933024527320517023e-10 1.771396371046362242e-09 -5.008293744780814007e-09 2.886284292958638488e-10 4.979781430055810810e-10 -2.257322978161537586e-09 -1.325808663188279185e-09 -1.596375118061097327e-09
7.917084457625156446e-01 -1.301442646747395822e-08 -2.034873229881693517e-10 -2.222078363022653592e-10 3.395532119373323100e-09 7.354146045665874959e-09 8.930892658815268934e-10 -2.261260685746549122e-10 -4.144492300532213315e-09 -1.323705303885666838e-10 -3.044625930483960035e-10 -2.914997802867262657e-10 -1.792214411149839323e-09 -3.869334517812721244e-10 4.215797560386138196e-10
7.958821468706197555e-01 -5.632951190887897530e-09 -4.703142910883128309e-10 -6.085035237537354692e-10 -1.658382914114398799e-09 1.910191132367514438e-08 -8.534575664004828243e-10 1.136197606254531737e-09 1.056079679525943699e-08 1.560743347053922094e-08 6.052220784630119463e-10 3.806696777136221852e-10 1.071014347152245688e-08 5.960520900288014246e-10 3.190416330735974664e-09
8.000624692379799674e-01 1.358090159360503960e-08 3.324282397183854569e-10 -1.270678073665593484e-09 7.701528478582544987e-10 -1.540698320102978513e-08 2.147129940001235963e-10 -3.973728831765079192e-10 1.232142923626661341e-08 -3.842154507580173326e-09 -1.134214690507358219e-09 9.077995632736002709e-10 1.686175446200625092e-09 1.967588006244402532e-10 -2.557378282433721185e-09
8.042564613727184453e-01 -2.628605559268839087e-09 2.136738469251106050e-09 -3.108645749912965196e-09 5.727659172931631771e-09 -8.837938637753393096e-09 1.951587967405379970e-10 -6.262094101310792892e-10 4.216436935036253739e-09 -1.722720571828459044e-09 -1.306869489920137065e-10 3.827535864637355318e-10 1.721317874614874583e-09 -4.185247535147171848e-10 1.963064192475590577e-09
8.084384822996342201e-01 3.222461166468384404e-08 5.198125536402566187e-10 -7.672353013723703711e-10 1.434925824858427748e-08 7.757129429828620395e-09 1.072841534399730852e-09 -1.396692134488914527e-10 1.936700501124447711e-08 7.064271165611983545e-09 -9.575024014333865337e-10 -2.556823663897283930e-10 -2.135115332838854131e-09 2.262966968250101522e-09 -1.267389338901477378e-10
8.126333810499198895e-01 -1.354472358612040506e-08 -2.225104875600648932e-09 7.644109077117642440e-10 1.754229952207233273e-09 -1.839628281799704691e-08 3.627753220155045319e-11 -1.015085386322756278e-10 -8.843142550291070086e-09 -7.535382213978125194e-09 1.534018906119652058e-09 -8.669079414509750204e-11 -1.701906714239435795e-08 -2.559550193496812708e-09 3.741131222094866686e-09
8.168271958201180905e-01 1.773084497624455929e-08 1.832816629211899914e-09 2.887429561972592630e-10 -2.368316716828270876e-09 1.306654631963865553e-08 -1.545638293759217712e-09 3.591284146902965486e-10 6.975664361547984418e-09 2.883432303158830445e-09 -4.597043415450614282e-10 5.256063856527762321e-10 -5.936700807740995465e-09 1.310419428394837097e-11 -3.978884804542620114e-10
8.210214995694952167e-01 3.849429235372387134e-08 -6.338149173457745966e-10 -1.854459152723151640e-10 -1.836205441872503605e-09 2.352111300572180908e-08 -1.694572284769426264e-10 7.979672585921495382e-10 -7.847977497897562950e-09 4.755037587677065049e-09 -1.088940590405748538e-09 5.297978621216865807e-10 -7.116403026019728082e-09 2.949776230430476454e-09 -3.408065692285453121e-09
8.252154145000215602e-01 2.631447144195858897e-09 2.033535029815405111e-09 -2.015707118443616926e-09 7.715022968919377343e-09 -9.813961508671795054e-10 4.399037011468302827e-10 5.797619758391560998e-10 -3.472202370495809241e-09 3.537000150723965981e-09 9.464989842654647700e-10 7.052720280529801611e-11 4.709271198872048848e-09 5.630786073655936677e-11 -2.508093659464616798e-09
8.294030907808404018e-01 -1.521040701767363287e-08 1.529987601335103699e-09 -2.876601613726323041e-09 9.899066336005877816e-10 3.183400496107250961e-09 -1.493194276856165592e-09 3.100542832264081762e-10 -1.248224925184282580e-08 -2.879764301473122350e-09 -1.056352574564851062e-09 -5.389010807228724762e-11 -1.460901682171807106e-08 -1.228763776160134838e-09 -1.483464327707658996e-09
8.335906150371191758e-01 1.544603111691941095e-09 9.842721928280492324e-10 4.116797984455756940e-10 -5.908937582429785603e-09 -4.060537490490654492e-09 9.018768787335514822e-10 5.496987868623632757e-10 -3.385034396800530325e-09 2.078523020691847852e-09 8.561966798856085437e-11 3.667176049490527393e-10 -6.825322690329651689e-10 1.555300978023082402e-09 -6.023611325675548122e-10
8.377685032221774408e-01 1.390488576497647250e-08 -2.493322002954422843e-09 1.856235950933597754e-09 1.757313255110237251e-09 2.886034078795447462e-08 -6.391178010629192116e-10 1.010850403151749577e-10 1.083436813062840480e-08 6.914924673360998467e-09 -4.629193774680974615e-10 2.051022929121053845e-10 3.839139249296893387e-09 -1.103107350593846364e-10 1.782100547015628766e-09
8.419567297582307708e-01 -1.455414527714210040e-08 -2.810615488907894457e-09 9.115211057994928430e-10 -3.549012519725179154e-09 -4.013359401359804380e-09 -6.989844324951695197e-10 2.509079565085360797e-11 -1.746711180982814255e-08 -1.181722120291554348e-09 1.039214146190796064e-11 -2.099216967530913575e-11 -7.002844854626576758e-09 6.987074504567738630e-10 -1.413028218180370116e-09
8.461556544987137718e-01 1.727542528858767511e-10 -1.846282627821119659e-12 -1.339445160908005784e-09 4.884684506585366751e-09 5.967474090637410999e-09 6.447938068241974280e-10 -1.407030032280197370e-09 8.134191056524454015e-09 4.730334744071176347e-09 -1.138998599929391593e-10 3.950105195219871141e-10 8.051857600241454855e-09 1.319412358756903116e-09 4.030683735383994791e-09
8.503430790983292908e-01 4.697271334373626275e-09 -5.535987705752483143e-10 -3.989247828173626363e-10 -3.559314822597636070e-10 1.204303082293584573e-10 -9.253552964230720412e-10 4.514047193643749761e-10 -6.549541099255832801e-09 2.346391749555281585e-09 -3.519588977585087197e-10 2.260409969400921188e-10 -3.048764356641942001e-11 5.073221701451676236e-10 4.555491105050729760e-10
8.545245840949285965e-01 5.215312947348980606e-10 -1.328556707950417706e-09 -1.411674752143844175e-10 -2.294502015740687576e-09 -9.320936839454009777e-09 -9.813043416573128234e-10 -2.337228848233686938e-12 1.185153962970229357e-08 1.828316349139373606e-09 -5.484155350127124403e-10 2.471586284298721278e-10 1.391816698756797460e-08 1.246618099490738808e-09 1.198748663226865327e-09
8.587196449246210506e-01 1.734070867465484294e-08 5.230444115382836778e-10 2.761290096706675223e-09 9.479270344456625334e-09 6.540207857368190134e-09 -3.804003880645706401e-10 1.675556492507479151e-09 5.569270666268609792e-09 4.139981463689845812e-09 -3.208429966890349860e-10 4.387907095755154670e-10 -2.233028299599250398e-09 -2.890870912130500744e-10 -1.439884559283601041e-09
8.629074348139629258e-01 -1.459677110993230315e-09 2.822344675098151015e-09 -1.257162019377627996e-09 4.512463908411342344e-09 -1.583719975283846509e-08 2.704297306843451350e-10 2.063631367558712069e-10 9.591683187225326088e-09 -7.957137762151006706e-09 -8.011553000271590313e-10 5.976041941465405392e-10 3.473695431208853555e-09 2.145457715775529292e-10 -2.347456776965934399e-09
8.670852844200982457e-01 3.353799867892767087e-09 -1.915800046048850009e-10 5.908965261481683855e-10 -1.998808461138844703e-09 1.368139594872626126e-09 -1.472363024762891214e-10 5.832189905676159135e-10 -2.622255783051739167e-10 1.487188356500536984e-09 -6.763873471096185208e-10 3.534016398828973031e-12 9.655827838982659286e-10 7.756250910879188861e-10 -2.445049480119370133e-10
8.712764316473343706e-01 -2.435393385127543689e-08 6.600910064097334904e-11 -7.461499414025324926e-10 6.934011327759855992e-09 -3.963433689568793983e-09 6.597871339219414377e-11 5.997430134440787774e-10 5.249244802296704029e-09 2.123413073909878067e-09 -2.912295202582249199e-10 4.610920078556637330e-10 -2.247347157163243919e-09 6.971131454847675792e-10 -1.940461324030371592e-09
8.754762476624626810e-01 -5.132970480577669414e-09 -7.367724250924919012e-10 -3.661342681104182348e-10 -1.544593249571788264e-08 -1.548318668303828636e-08 -4.665813934906654212e-10 -1.791427937847117555e-10 -1.207933605784956905e-08 -1.532060329207791553e-08 -1.187492007598531583e-10 3.183054873237381189e-11 1.721790691841271452e-09 -3.392435668427435633e-09 2.137564194748365849e-09
8.796707865602606535e-01 8.719967439285507442e-10 3.752256661553350102e-09 2.165047161454912313e-10 3.600502887972197723e-09 1.654745173455317642e-08 6.731454010136194491e-11 -8.683279135334368528e-10 6.116197010605797872e-09 1.542411076737258726e-08 6.960980893952917601e-10 4.004995812630276509e-11 -1.702248097719470500e-09 1.856229069636277211e-09 -3.522448081329687560e-09
8.838562222970675064e-01 -6.732500999056897855e-09 -4.299487463699660275e-09 4.136876545534393937e-09 6.018251848614771651e-09 -1.081877009362975005e-08 -6.639537783444356954e-10 5.247422059842383150e-10 1.450782629469649593e-08 -4.433695347279874323e-09 -1.669927952831788989e-10 -6.769788740594804712e-11 8.938217269025169936e-09 1.130645405542968615e-10 2.211985165876209881e-09
8.880381764417510926e-01 7.287033387195096115e-09 2.374888154784461141e-09 -6.914528834537124605e-10 3.086812226321262933e-09 -3.954246658945794787e-09 -7.384686941673757440e-12 7.144011753572983870e-10 5.501898646625803701e-10 -1.816089825931208529e-09 -6.097619174535350758e-10 3.323629950297238888e-10 3.142819414821117735e-09 4.637000706450305954e-10 1.539200449691825755e-09
8.922270316229049536e-01 2.627562463685574120e-09 -1.694642503051554917e-09 5.400240141787711177e-10 -1.019649777394377329e-08 -1.624251488371793016e-08 -9.026747429747490974e-11 -6.373410536592918737e-11 -2.605987631031787214e-08 -1.522867348593926009e-08 1.319951283283301527e-10 -2.442009487509035469e-10 -7.643892873644822397e-09 -2.404472038406382018e-09 -3.187679300336955003e-09
8.964225585562245469e-01 -3.406296467950632803e-08 1.522675177552690869e-10 2.761275378711324154e-10 -6.501417530969393672e-09 -2.123251799742504712e-08 -1.163026632053929937e-09 5.032599290353937466e-10 -7.556655506349817699e-09 -6.824241048162903332e-09 -7.583538459241695429e-10 4.252096464743994424e-10 -4.870616417236619587e-09 -1.105114166399810238e-10 1.570382667400068777e-09
9.006049913569987853e-01 5.021016905327619215e-09 1.097745021087424251e-09 8.392300208119283247e-10 -6.471375120833536479e-09 8.306858963279226755e-09 -4.064769035071221035e-10 -3.328256974739942723e-11 -4.215903104523824347e-09 5.220322229836261489e-09 3.520739847980228883e-10 -1.687005605610816362e-12 3.085953684414352667e-09 2.595228939381479186e-09 -2.525973344957957332e-10
9.047836582182254839e-01 2.374466588734552256e-08 7.758832950600272652e-10 4.520735762885154977e-10 -1.828892088376912957e-10 2.131414972976546358e-09 1.008608190811146850e-09 2.983986666988234464e-10 5.894777696816480722e-09 8.450508912416591114e-09 -5.841328293978252533e-10 2.934179305405899698e-10 3.985902426852509865e-09 1.991196633092470545e-09 1.184377504670268591e-10
9.089780964569278421e-01 1.386096346542888374e-08 2.285036541356130038e-09 -1.685525031732115435e-09 7.978889787979172570e-09 8.827341407816108885e-09 4.051810203002941543e-10 -4.287292106194083250e-10 1.403602571358087530e-08 3.370377554581752733e-09 2.168574316245166948e-10 -4.974406306569905976e-11 8.856800195276188576e-09 1.925350433614138240e-10 2.661600193652828561e-09
9.131704587403689510e-01 -1.578627749557807508e-09 -1.668970341919751104e-09 -8.544688070398676110e-10 6.186287710892958511e-09 2.956408999487914218e-09 -1.338319340544756277e-09 4.283503477893071653e-10 9.603291070921888289e-11 1.022605798866307149e-08 -5.642931786330994676e-10 2.181975163929305083e-10 4.950927626005194483e-09 3.537788974643003867e-09 1.695452798556900947e-09
9.173547920329833127e-01 -1.089972401745472989e-08 1.727503402607904666e-10 5.062677005986728380e-10 -3.068090749145264069e-09 8.426759000097175789e-10 -4.285168389006850006e-10 -1.086936439512164918e-10 6.514596794511062344e-09 3.632852131775346418e-09 7.099004355174704375e-11 2.863499457618132454e-10 4.890905166639882140e-09 1.227319993392313634e-11 -7.426901038798250858e-10
9.215425617950214754e-01 -3.728674991210803785e-08 4.912780171298504195e-10 -6.482414375198579908e-10 7.738689648791083573e-10 -1.952701528440138866e-08 -3.549112701532519994e-10 1.759703206278273624e-10 6.938189266934578107e-09 -1.275168407255973283e-09 -1.029303231172491779e-09 6.891521707821753619e-10 -8.598651387949934870e-10 4.294131028575244545e-10 -3.908427002853700726e-10
9.257400405750663142e-01 9.817004226014938634e-09 -5.951555736593693314e-10 -1.144493687162232979e-09 3.132840629630636790e-09 4.379812667456630236e-09 8.051479579286578212e-10 -3.640978764332354614e-11 1.588955653989217181e-09 9.379873852801592680e-10 3.605410639220845203e-10 -4.024086983012596130e-10 7.513809884375639455e-09 -4.884884619446544716e-10 4.305106090764136308e-10
9.299303352268617484e-01 1.458582749643193358e-08 6.819635931976128177e-10 -1.409533307457314680e-09 6.308688261915992002e-09 3.670218677699286132e-09 4.164013444430628339e-10 1.175455420149111672e-10 6.629777248906158469e-09 3.044735799922507113e-09 1.100603105808515418e-10 -1.578517623001135588e-10 6.275097997130917176e-09 7.042073948079870483e-10 1.014363181332467303e-09
9.341108300097852313e-01 1.022082497167730420e-08 2.855574789823862984e-09 -1.697556824074982222e-09 2.686003304747161666e-09 1.828047132593806651e-08 2.954445991375793566e-10 -6.070629723987425744e-10 1.083845045444415985e-08 1.393661937132545859e-08 6.536803167454693979e-10 -5.188928717711022784e-10 7.416992395334784462e-09 3.113791310224075475e-09 3.840241358654655280e-10
9.382896253999645220e-01 -1.336583768240957902e-08 2.245895120080331278e-09 2.093567594913323960e-10 -4.519916222840747350e-11 -2.164240502657772624e-08 4.589132942771618795e-10 4.822872018224058958e-10 -9.920718797869256850e-09 -6.137742616807071701e-09 4.561606124708731026e-10 1.381625298738637108e-10 -6.511508641236193019e-09 2.508566942016830394e-10 -1.420811614654913520e-09
9.424819561228944265e-01 5.977304926715184173e-09 -8.106874909550051487e-10 -5.667774918281762398e-10 4.871358459025387868e-09 -9.863374760059144796e-09 -1.013121356891457090e-09 -1.132366064803902268e-10 1.204309066871548148e-08 -1.643925045406353594e-09 -1.268748309365907648e-10 2.705839890537194418e-10 3.909269875256221724e-09 -2.372435328276560828e-10 3.467365390083678965e-10
9.466849863120379016e-01 8.435705745362985865e-09 -1.034056940570109278e-09 1.072563746190099386e-09 2.610576030403935652e-09 2.311318360945278400e-08 -1.359194066656121828e-09 7.465107570693581444e-10 7.577748539159088527e-09 5.381919542731476920e-09 -7.392397560608338731e-10 2.808699525384297549e-10 3.300111125977421880e-09 -9.652244898819386274e-11 7.567173360706782525e-10
9.508714331057195324e-01 5.598475963786419338e-09 -4.731765952662111684e-10 1.148343525429404628e-09 -5.536899511542479533e-09 -2.266261781230690956e-09 -5.603578349949369196e-10 4.113859554388831485e-10 -4.765047837674562545e-09 -1.275751166691539461e-09 -2.220972055510520299e-10 3.001434169349825813e-10 -6.402845223515632041e-09 1.088689264825694614e-10 -5.759901495185578668e-10
9.550563230073290111e-01 2.773099579529841768e-09 -1.008345003042469550e-09 -1.153640940895543739e-10 3.953489554432947368e-09 2.768044209129675224e-10 -3.563018595863735831e-11 -1.042814664353414798e-10 5.290064430048559551e-09 -6.761896561964459208e-09 -3.204339571622331518e-10 -1.025121736404826888e-10 1.322476292328390571e-09 -2.240869442721285584e-09 6.050657359019119196e-10
9.592513211539739348e-01 -6.997748593598360858e-09 2.742352478319211213e-09 -3.527488853997031775e-10 -1.213508186956980248e-08 -2.079640746642371217e-08 7.125318447170511546e-10 -5.058150380593962818e-10 -1.331439780179644477e-08 -1.363021778811678146e-08 -2.612449194772038786e-10 -5.192674539099977840e-10 -4.998788778301652418e-09 -2.540557651409534209e-09 -4.322691361867765189e-10
9.634451052878124644e-01 3.885040790595817844e-09 -1.327300294330437080e-10 8.507256945870992217e-10 9.023094563501583082e-09 3.872160324999833009e-09 -6.800111829710355767e-10 7.264682083536121114e-11 1.228853798266147382e-08 -3.531696574768051793e-09 4.139697008197639829e-10 -3.487960389666255576e-10 8.069088861570397623e-09 -9.483018160200477424e-10 -4.456713697491683101e-10
9.676230540453005791e-01 -4.057482114517625433e-09 -1.024569277747002590e-09 7.115353353715802922e-10 -2.181019918615249235e-09 -6.898839417647102979e-09 -7.025958811584144216e-10 1.040982985015871546e-09 -5.446156104257443747e-09 -5.235086188206441388e-09 5.881028889443623819e-11 1.468909519921017465e-10 -6.327271223886439727e-09 -1.552061408398189962e-09 -3.528085056624866818e-09
9.718094297475188270e-01 1.084173827663033256e-08 -2.875418022971538251e-09 6.422057124492221495e-10 -8.651824382654196849e-09 -1.223786424002354697e-09 -4.979015735312870481e-10 -6.583691876660036943e-10 -4.260818540314197407e-09 -9.534030037673835127e-10 -5.032632679012532224e-10 -7.423491430755803492e-11 -5.595790602538529157e-09 -2.222033913249484607e-10 -1.616257857223480738e-09
9.760091362076940280e-01 -1.425456150658064043e-08 2.206130046424457339e-09 -1.306838174250691509e-10 -7.976301865183068083e-09 5.212698344025816954e-09 7.155608819224083266e-10 -3.265807290529857511e-10 -2.124077810523744806e-08 6.324543258498132627e-10 1.837041978564411014e-10 1.326616588741301931e-10 -9.809577263576243980e-09 8.354865403472411877e-10 -3.610527962959999184e-09
9.802075838006468755e-01 -4.665518020880206306e-09 -2.325455158977957451e-09 5.519062021397147623e-10 2.056583895392428572e-09 2.059189286051886934e-09 -7.212587844084240156e-10 9.882000042345871157e-10 5.990966309762124719e-09 2.667484512321865380e-09 8.809544007268904168e-11 -1.092222563081102852e-10 1.663914303145489132e-09 7.236045622882085415e-10 6.771111807129196062e-10
9.843901124947946890e-01 1.743550761235281744e-08 1.074657086290380099e-10 -6.869931195591139376e-10 1.923432502616646711e-09 1.128277792282754573e-08 4.952189181130254735e-10 -2.238385751658432868e-10 6.411414400312767791e-09 1.924207475438762589e-09 3.610847573251132923e-10 -2.828336771050983282e-10 4.704940813931603284e-09 -1.211711680764077882e-09 3.252332026654138198e-09
9.885650797815361823e-01 -5.839050990830238781e-09 -1.229706665957037234e-09 6.461626270280645506e-10 -5.153545664047740453e-09 -4.703302854610366170e-09 -5.316968323602126159e-10 1.663900873967793711e-10 -6.937286478692982846e-09 -6.446618752486248320e-09 -1.340000194267537425e-10 1.462808881298132857e-10 -3.128600188226535055e-09 -8.782870472530842126e-10 7.745404750760110137e-10
9.927561705083151056e-01 -2.937337093797685966e-08 -1.419158570307749784e-09 -1.894700762759173165e-11 -1.795331792264368416e-09 -1.318305236903124112e-08 -4.513488306865126629e-10 3.489734709893515278e-10 -3.948844168849018657e-09 -6.252089855753915511e-09 -1.887117150739209194e-10 1.972238169135964532e-10 -7.134661528489409219e-09 -6.581182859478161257e-10 -2.500028860387786395e-09
9.969400597939003239e-01 -5.415822318971931559e-09 1.660732135512074286e-10 -6.894585713989059880e-10 8.896133224511553738e-09 1.139443722662094038e-09 -1.267224929646490545e-10 1.127122768291072840e-10 3.772751114981244433e-09 1.169466554144766956e-09 -1.296010314894454609e-10 1.043992563543929639e-10 1.670546309856895364e-09 2.697826658173587264e-11 1.292055110229254260e-09
1.001125867816581083e+00 -4.500973292137928523e-09 3.184207216509742044e-10 -1.793448188336588020e-09 -3.038839054394400241e-09 -3.957161986600193369e-09 2.013318525534568808e-10 -5.185918600492827782e-10 5.212968948472683912e-09 1.029852259129823007e-09 5.792595559003635625e-10 -3.468670710651676498e-10 1.967382387194674835e-09 2.974231126233228606e-10 -3.037925019566786920e-10
1.005315482813002204e+00 -1.244286449826601392e-09 -8.621780790437583696e-10 7.401501605794602461e-10 6.214761639103504979e-09 -1.385904572628162404e-08 -4.892407695019108940e-10 -4.860961857464908709e-10 1.711865539532625282e-08 -7.120223813256659145e-09 3.756673677120707196e-10 -6.494096758513971872e-10 1.762644508669804545e-08 -2.131842343699523552e-09 2.400550827533573775e-09
1.009503724426713545e+00 -7.450868329014795364e-09 -1.813621521081649635e-09 1.167197003651997790e-09 -1.311153379187831938e-08 -9.363464278497919712e-10 -2.191380853528861627e-10 1.649153467982600513e-10 -2.106632922999774186e-08 -1.706740666788956960e-09 -1.796349200785259625e-10 -1.703403420136538118e-10 -1.636358628235398327e-08 3.750889383358185668e-10 -3.476420500462915117e-09
1.013699103815393299e+00 1.766814436073353729e-08 -2.917889777493739932e-10 1.306107947442690816e-09 1.054151755602817162e-08 9.162219467330811147e-09 -8.853500764191617974e-10 2.725871568999674129e-10 6.223840481276265191e-09 5.273960807174463053e-09 -4.907332578340821239e-10 4.644620873934291755e-11 2.592620854864547387e-09 -1.489812988899085397e-09 3.752696054410315949e-10
1.017885842421875964e+00 -5.457204255163556113e-09 8.787545276988262461e-10 5.097445371659656901e-10 3.925547818857236917e-09 -7.821877497127831538e-09 -2.290514172008606853e-10 8.445184473820130842e-10 7.900908771218495221e-09 -2.332654463913038085e-09 -5.432861539822099122e-10 6.284545464666966061e-10 8.170862316992266700e-09 1.975781380884607131e-09 -1.553884139271644982e-09
1.022076284359184406e+00 2.106185453749069506e-09 1.274448634124599615e-10 4.798957660216691112e-11 -7.229023411179886718e-09 4.951434189090551710e-09 1.378885809929900610e-10 8.343594923665790397e-10 -1.636303835954841100e-08 1.697836394116811164e-09 -1.260046824234091011e-10 3.209165800232070482e-10 -1.184466423889155584e-08 -3.840174072520098712e-10 -2.962039766677804689e-09
1.026273875264014812e+00 -8.350502776175707908e-09 -2.693385113108024108e-10 7.952196237566817315e-10 1.189824654618728806e-08 1.139614372503590445e-08 4.957953834771489132e-10 -4.427267906489297054e-10 7.670045314556262594e-09 7.990668384184776920e-09 7.629028540401569076e-10 -4.660303739654537983e-10 5.261436601752262323e-09 6.793230203976139314e-10 5.799412039718019427e-10
1.030463237552156075e+00 1.494043257894597605e-08 -1.049599896494083424e-09 2.666602574778345651e-09 -3.680033705538701499e-10 1.576306539526552714e-08 -4.914453747189445707e-10 7.778602760845999687e-10 -8.729460805310839928e-09 8.909192697552861384e-09 -3.375341014447334806e-10 3.418602028056398436e-10 -1.284644834465295348e-08 1.516938039629438069e-09 -3.248397336259541187e-09
1.034646639530784062e+00 1.121339640532317676e-08 9.284460708825167235e-10 -3.070470226238337060e-10 -5.647611796239467215e-09 1.089795295842926502e-08 -1.131408485419677758e-10 -2.019064953238005519e-10 -3.640824684596408995e-10 3.006635033973261010e-09 -1.723517660312606511e-11 -1.134006762820230357e-10 7.585424223117269051e-10 2.419253535468838139e-09 -2.254444354271599213e-09
1.038830480088573260e+00 -6.869034429795395111e-09 -1.556833899396208913e-09 9.290169721799556215e-10 -6.327526855712083514e-09 -1.388779130594008125e-08 -3.743505701026210716e-10 2.284992898157537159e-10 -1.059195503952154190e-08 -8.680695166249491355e-09 -1.885190288432130982e-10 -3.820591854621107417e-11 -5.909253325626691331e-09 -2.003979812114567835e-09 -3.001248393179260635e-09
1.043023229532383578e+00 -2.040643772284583247e-09 -5.604911518789943727e-10 1.401523335941673373e-09 -7.672842077760553360e-10 -3.296199219290750621e-09 5.876196004451486530e-10 4.085621425385299323e-10 -8.510213038069381149e-09 -5.412314359972420848e-09 -1.139463650793090496e-10 2.987253179441523425e-10 -3.112488778119441083e-09 -1.295345868786673161e-09 -1.301036037656472034e-09
1.047211320931656031e+00 1.464837984647384422e-08 -2.048093687912124794e-09 -6.035064868712289294e-10 6.341181827637134489e-09 2.053414142743845857e-09 6.801791465907552120e-10 -2.319116796148992327e-10 1.007219081723467573e-08 -7.357787827376664655e-09 3.390491197242615052e-10 -4.749823620049750818e-10 5.707555362065958952e-09 -1.033727043788333923e-09 4.587073660114320010e-10
1.051395396220772938e+00 -3.938422155429478706e-09 -5.167204441283172437e-10 2.244759301745763230e-09 9.578906335045927830e-09 -4.582763018580700668e-10 -9.780727689596911828e-10 1.453843689436488496e-09 1.400324464504713610e-08 6.083426780211771967e-09 -7.846061573102535697e-11 3.359709024677842797e-10 1.939170074951090938e-09 7.403628860148020756e-10 -2.113537231203505594e-09
1.055587561333155788e+00 -1.771361189487219095e-08 -4.453613730270801985e-11 1.176271677897945622e-09 -2.176970216856012976e-09 -1.591968670175721353e-08 9.118806495627237480e-11 -2.968303257033157420e-10 -6.481152754219628782e-09 -4.640638599501526675e-09 6.400796861285243907e-11 -9.936404073829478161e-11 4.613577714087022727e-10 -5.233071183121448023e-10 -1.289684942987961164e-09
1.059780855230085139e+00 -1.379014041196083627e-08 -2.749604884395116984e-09 7.983760751966204982e-10 -2.808422416845556384e-09 -1.795090762300330725e-08 -3.208022989079677128e-10 -1.514104433584168175e-10 -5.397436859491703715e-09 -5.854494286833222981e-09 -1.479792290078143009e-10 -6.511210234445439722e-10 -7.615311570354919630e-09 -6.696642564687946008e-10 -6.039133943162012853e-10
1.063968553353427993e+00 4.488558645183179684e-09 1.242182329531751443e-09 6.451259567513605569e-10 -8.425582321082879686e-09 -3.270668442228240436e-09 2.866480498930786717e-10 -3.601440386877147313e-10 -1.311219354812935904e-08 3.290668782899395965e-09 2.089803502884871681e-10 -8.839741602312693039e-11 -5.597245222178790102e-09 2.603419044550703074e-09 -1.602601606223266787e-09
1.068144877931138659e+00 -2.120969245406309602e-08 4.204581826152612423e-10 -1.992503879173364305e-10 9.665794478074887337e-09 -9.443346298872655525e-09 -4.798188225888629591e-10 6.693115715465922334e-11 1.021586759992580465e-08 -1.526886598699981276e-09 -1.850344273024698705e-10 -4.787358609066434149e-10 4.278535490177894251e-10 -1.931637847685637049e-09 -4.836404762625208505e-10
