# Columns: ('k', 'S1', 'S2', 'S3', 'S4', 'S5', 'S6', 'S7', 'S8', 'S9', 'S10', 'S11', 'S12', 'S13', 'S14')
5.345493089407682419e-03 -1.295855034722222143e+01 2.321498480902777828e+03 -8.545894198947483034e+00 -9.221073574490016966e+00 -1.945501878526475537e+01 5.536320529513889142e+02 2.377356847127278350e+00 -1.477030436197916607e+01 -1.218579101562500000e+01 2.701786566840277715e+02 9.502651426527234380e-01 -1.038563876681857501e+01 -3.012671152750650894e+00 -2.988725026448567412e+00
9.344366739594166943e-03 6.104456747731854982e+00 1.386786542338709751e+03 1.592259757749495996e+01 1.040067315870715703e+01 2.865312883930821286e+00 3.654663243447580498e+02 1.747111068233366993e+01 1.218077628843245996e+01 4.642522012033770018e+00 2.145656659526209751e+02 1.126920638545866993e+01 1.032853649508568594e+01 1.155749413274949511e+00 2.070488714402721531e+00
1.312833575873958818e-02 -2.846958705357142705e+01 2.378907844387754722e+03 -6.068414182079081343e+00 -1.846121402662627276e+01 -3.269549186862244738e+01 7.106157525510203641e+02 1.146454480229591688e+01 -2.744192691725127276e+01 -1.720082808514030503e+01 3.953132971938775313e+02 5.262879663584183021e+00 -1.432382264429209151e+01 -3.558314732142856762e+00 -3.790823177415497014e+00
1.700891779646987109e-02 -5.295765438988095752e+01 3.063159523809524217e+03 -1.049982142857142975e+02 -3.261403459821428896e+01 -1.005448846726190624e+02 1.044079836309523898e+03 -3.383440987723214732e+01 -8.811394159226190936e+01 -7.213769066220238813e+01 6.226678571428572013e+02 -2.016380673363095255e+01 -7.017160063244048729e+01 -1.949318498883928896e+01 -1.982724144345238315e+01
2.135270783943789275e-02 -3.368453683035714619e+01 3.217622142857142990e+03 -2.476153571428571354e+02 4.236822684151785978e+00 -7.833636160714286234e+01 9.663380357142857520e+02 -6.210806919642857338e+01 -5.621075334821428271e+01 -4.032303292410714590e+01 5.325035267857142571e+02 -3.276478515624999943e+01 -3.864724330357142890e+01 -7.161216517857142527e+00 -8.233264508928570535e+00
2.564347439342075027e-02 1.670483072916666600e+01 2.461978611111111150e+03 -2.558390104166666674e+02 3.339492404513888602e+01 -1.512916232638888836e+01 8.162419444444444707e+02 -7.255074652777777544e+01 -1.496442708333333371e+01 -1.830618272569444471e+01 4.620230555555555725e+02 -3.609042751736111398e+01 -2.517161892361110986e+01 -5.194886610243055536e+00 -8.311135525173611427e+00
2.962205054058980949e-02 1.419431971553156124e+01 2.046448504983388830e+03 -2.716594684385382266e+02 2.423799574335548357e+01 1.009221134629360428e+01 6.513765573089700638e+02 -9.091311513704319225e+01 -4.615988696532392410e+00 -7.369055459665697860e+00 3.550138600498339088e+02 -4.101743861607143060e+01 -1.752540684696844053e+01 -3.691127637692068308e+00 -5.679584084951204481e+00
3.361537140302770649e-02 -1.055074216186843827e+01 1.946302493438320198e+03 -3.205376886482939653e+02 1.234989388533464627e+01 -4.297721354166666430e+01 6.726069143700786981e+02 -1.146531947178477679e+02 -4.936250205052493101e+01 -3.681772371227034313e+01 3.589596046587926708e+02 -4.803610461778215068e+01 -4.883011400918635303e+01 -9.326736410145997525e+00 -1.186941744586614078e+01
3.793950633336700545e-02 5.768464043345008463e+01 1.679397876532399323e+03 -3.273735770577933408e+02 4.695519442316112446e+01 2.997079205888791620e+01 5.401734894921190744e+02 -9.834941440455341422e+01 1.343178428743432562e+01 2.799958611536777386e+00 2.839807902802101580e+02 -4.447461963660245488e+01 -5.983778116790718471e+00 -5.494566481501751420e-01 -2.462673421081436054e+00
4.227894994616508695e-02 6.353439374999999956e+01 1.564048300000000154e+03 -3.492444000000000415e+02 6.204450000000000642e+01 2.448776250000000232e+01 5.214431500000000597e+02 -1.140605249999999984e+02 6.697556249999999878e+00 -5.347071875000000141e+00 2.686305750000000216e+02 -4.831236875000000452e+01 -2.459078125000000270e+01 -3.435500000000000220e+00 -7.566310937499999945e+00
4.633325468672155889e-02 3.663815747170781378e+01 1.401395576131687221e+03 -3.526824202674897037e+02 4.120206672239368828e+01 -1.856431112825788787e+01 4.634643775720164172e+02 -1.056541173696844851e+02 -2.202169067215363185e+01 -3.106700638717421015e+01 2.369022848079560788e+02 -4.590328146433470380e+01 -4.194572777349107895e+01 -9.866508996699245415e+00 -1.272846606009944992e+01
5.038752484052157893e-02 8.276527184399118653e+01 1.263100744211687015e+03 -3.645487183020948123e+02 4.240920445148842077e+01 3.493743109151047577e+01 4.254524875964718831e+02 -1.159496968026460877e+02 4.631167309812568855e-01 -2.580381753031973702e+00 2.124751929437706792e+02 -4.582483892640573231e+01 -2.086558968439911865e+01 -2.701891645707001022e+00 -6.171982669514884279e+00
5.464179025701254577e-02 9.826409693526170486e+01 1.201203512396694123e+03 -3.854994547750229685e+02 6.820038452708907073e+01 7.425942665289255729e+01 4.195213785583103459e+02 -1.366386593204775011e+02 2.693891866104224064e+01 1.295145166150137683e+01 1.986641988062442579e+02 -5.030622991276400313e+01 -1.206906242825987086e+01 -1.660189878185261772e-02 -3.534958740458562954e+00
5.886817576171304162e-02 8.347200260208165901e+01 1.163068955164131239e+03 -3.977755704563650738e+02 7.759354983987189769e+01 6.342204388510808144e+01 3.888985438350680397e+02 -1.355101080864691596e+02 3.885128727982385755e+01 1.046078581615292080e+01 1.825578712970376216e+02 -5.178727982385908035e+01 -9.512976787680143431e+00 -7.080572172581814927e-01 -4.908572952111689425e+00
6.290140616743733482e-02 1.156311260488177055e+02 1.126297482837528605e+03 -4.212487604881769698e+02 8.652874713958810560e+01 8.987664473684210975e+01 3.595949180015255706e+02 -1.326547602021357761e+02 5.822043645118230870e+01 2.649208619374523366e+01 1.586310664569031417e+02 -4.688704650553012954e+01 1.132692720251716345e+01 3.620208065169717937e+00 1.920332314311594235e+00
6.703999982739437813e-02 9.680853991911324385e+01 1.004660724985021034e+03 -4.028957085080886600e+02 7.416084668963451065e+01 5.776273685590173557e+01 3.258616686638706028e+02 -1.283301939784302022e+02 2.001628033253445338e+01 -2.035248113578490337e+00 1.428568098412222867e+02 -4.411405594667465380e+01 -2.369021728954463768e+01 -4.467095870468844154e+00 -7.899441563061714078e+00
7.134254604642074893e-02 1.615768404083825942e+02 9.640523911875336580e+02 -4.002309914024718296e+02 8.490044834766254667e+01 1.219001376947877588e+02 3.261415905427189728e+02 -1.368902891590542765e+02 4.080673612976894304e+01 2.386700488648576268e+01 1.424461311123052099e+02 -4.817539713191832362e+01 -1.258989097763299370e+01 -8.695171341852498959e-01 -5.780018408281837772e+00
7.561818311969153994e-02 1.325514688249400592e+02 8.661806954436450496e+02 -3.848006594724220690e+02 7.223340827338130055e+01 8.135513339328537086e+01 2.822402877697841745e+02 -1.240698741007194315e+02 2.890624625299760098e+01 5.565374419214628610e+00 1.192784247601918537e+02 -4.237233213429257006e+01 -1.520942371103117452e+01 -3.245670104541367174e+00 -6.153935757643885118e+00
7.973924982214039558e-02 1.631179870353373076e+02 7.695660853602570342e+02 -3.595430243230840119e+02 1.068062184488297390e+02 1.510468534878384617e+02 2.578578763194125827e+02 -1.225202931390546155e+02 9.348273290500229393e+01 5.322684215810004815e+01 1.061660021798990385e+02 -4.059824604176228036e+01 2.535354520422212232e+01 7.898926901675080714e+00 3.378115229893299709e+00
8.385356877962653332e-02 1.525389849026618947e+02 7.445959972189114069e+02 -3.573017729439809500e+02 7.747749056416368774e+01 1.025114781982518934e+02 2.512545441001191762e+02 -1.200150973381009152e+02 3.534077647000397349e+01 1.350133312226857285e+01 1.041293702820818368e+02 -4.012619810290027544e+01 -1.470474368047278446e+01 -2.148545942279996179e+00 -6.352497159937425586e+00
8.809929214337092196e-02 1.802663633181659009e+02 6.595768288414420795e+02 -3.304694172208610325e+02 8.483185487399369151e+01 1.443184502975148860e+02 2.172374431221560940e+02 -1.094970467273363681e+02 6.956928158907945203e+01 4.621523341792089212e+01 8.677627865768288018e+01 -3.588685957735386722e+01 1.649696469198459781e+01 6.198283546989848958e+00 2.017816027520126010e+00
9.230415729057904473e-02 1.573740387830156919e+02 6.076025994650618713e+02 -3.163844032096288856e+02 8.254112859411567626e+01 1.311423645937813376e+02 2.007331995987963751e+02 -1.056631770310932694e+02 6.866553828151120342e+01 3.966952158559010400e+01 7.644658454530257075e+01 -3.277419498077566118e+01 1.506340114092276750e+01 4.751099000125376115e+00 1.546669631289702362e+00
9.643309047658384092e-02 1.673004960617994641e+02 5.476152681005755767e+02 -2.937253483792790121e+02 8.076410557406846635e+01 1.337629695546804101e+02 1.840849742502271909e+02 -9.865870190851256893e+01 7.034877688579219068e+01 4.653170440775522820e+01 7.273698311117843218e+01 -3.248432766585882803e+01 2.058916805513480597e+01 7.433496715010602607e+00 3.693454043282338617e+00
1.005689403076158450e-01 1.774988429172510678e+02 5.043501051893408658e+02 -2.820431276297335330e+02 8.418799964936886226e+01 1.389112289621318439e+02 1.655322230014025422e+02 -9.282788394109397245e+01 7.249212833099579711e+01 4.150265603085554034e+01 6.246608082047686139e+01 -2.894751928471248448e+01 1.774195301542777159e+01 4.911425096423562842e+00 1.736113911290322775e+00
1.047818677762802908e-01 1.900784011700273766e+02 4.693140403286034257e+02 -2.694671396564600627e+02 9.277955408264874393e+01 1.667355613642021410e+02 1.563720438137913789e+02 -8.957184310430669427e+01 9.144977595220314015e+01 5.833412683594722381e+01 5.706642083644511132e+01 -2.703569594846900515e+01 2.987733383121732800e+01 8.175440899614139667e+00 4.408743795898680595e+00
1.090277847809041356e-01 2.067582936323495346e+02 4.444648791540785737e+02 -2.590251278178015468e+02 9.086528294213339052e+01 1.778173222170578640e+02 1.460700528700906204e+02 -8.518632349523588232e+01 9.448031896351382386e+01 6.481958807808506151e+01 5.233399663025795689e+01 -2.513303218684638551e+01 3.522616125377643215e+01 9.973083822333256521e+00 6.282917168980943323e+00
1.132170039508717807e-01 1.684667438782263389e+02 4.071547540260312985e+02 -2.433775093756893853e+02 7.825341936907125273e+01 1.492940381645709067e+02 1.355146564085594605e+02 -8.063345880211780070e+01 8.126217460842708817e+01 5.734049608427090305e+01 4.965422319655856853e+01 -2.479093591440546973e+01 3.224796285572468690e+01 9.598813561658944948e+00 6.290374924167218218e+00
1.174008294871188018e-01 1.999381022886970527e+02 4.044613782373017443e+02 -2.441404838385866469e+02 1.007251995081308991e+02 1.896895452720337403e+02 1.383450612326842020e+02 -8.385868174061432967e+01 1.139677901023890740e+02 7.488125501907248349e+01 4.986505909957839577e+01 -2.529877597370006015e+01 4.687181916281870997e+01 1.246878921150371511e+01 8.736065015810078549e+00
1.215998224695146873e-01 1.808647393364928746e+02 3.692196919431279412e+02 -2.275053791469194380e+02 8.520540876777251071e+01 1.638947274881516591e+02 1.239811611374407505e+02 -7.656225118483412473e+01 9.259611966824644469e+01 6.117161137440758267e+01 4.361146327014218116e+01 -2.239471712085308042e+01 3.563230450236967073e+01 9.404083975118483707e+00 6.207570349526066344e+00
1.257670529567683493e-01 1.851243207732050564e+02 3.557030554070906874e+02 -2.219782647425619189e+02 8.447101037769463971e+01 1.670498507928024310e+02 1.180020154106538399e+02 -7.385981204347051232e+01 9.511187199358631972e+01 6.493482763228220733e+01 4.062371670675218382e+01 -2.128668938179226799e+01 3.950852373953322427e+01 1.079500155888116808e+01 7.480946157357919013e+00
1.299386816717305049e-01 1.756510373785608579e+02 3.339468960974806464e+02 -2.105395191832702153e+02 7.569587209780998194e+01 1.526621521488555970e+02 1.111442861847521897e+02 -7.040208710686646043e+01 8.032721677918657122e+01 5.515548328667874500e+01 3.825267577803392527e+01 -2.043890478346780881e+01 2.913642094105055236e+01 8.099639927753992552e+00 4.745844182241067521e+00
1.340949335765710126e-01 1.601286688878311963e+02 3.019883190544185823e+02 -1.936810050769475140e+02 6.663130652070442750e+01 1.318377459146438184e+02 9.819191258131048983e+01 -6.342575460098366591e+01 6.639524829446295939e+01 4.437031968903696821e+01 3.252207034348722914e+01 -1.781592222949389281e+01 2.213191882833571356e+01 6.095239865936855850e+00 3.502201952443281474e+00
1.382635144665005922e-01 1.741895196348355341e+02 2.896360128966816774e+02 -1.865873786407767057e+02 7.522747609042167483e+01 1.587046261411389594e+02 9.542710295609332150e+01 -6.170313179249384206e+01 8.556425699174033639e+01 6.144914686277351734e+01 3.225552456165772952e+01 -1.763401137516301986e+01 3.512009129111723382e+01 9.752719261701203735e+00 6.334494661099840940e+00
1.424925284902303357e-01 1.670694218517012075e+02 2.648908431611766332e+02 -1.735965161989968806e+02 7.358590890605937318e+01 1.533481259319506478e+02 8.828950623559711630e+01 -5.795725735393791211e+01 8.600276196285751951e+01 5.981041581943879493e+01 2.959216992002168567e+01 -1.647780898400433713e+01 3.643123898603768396e+01 9.613437457638605466e+00 6.695739291039717322e+00
1.466886314558672189e-01 1.822525338949585318e+02 2.574468046597340845e+02 -1.703639594576806360e+02 7.872104120047386289e+01 1.700351454521521646e+02 8.626704620244832711e+01 -5.723156755956298269e+01 9.725057588521784169e+01 7.013267572726076082e+01 2.926932094905883730e+01 -1.653691835592996995e+01 4.551982279189153502e+01 1.240516404501776826e+01 9.244866394629458028e+00
1.508619291163366127e-01 1.656259268263036404e+02 2.265414640816822782e+02 -1.490041631214294284e+02 6.838632703294031501e+01 1.497779263400996683e+02 7.573738148778411983e+01 -4.966504725294760902e+01 8.365260726874923591e+01 6.205777470523884887e+01 2.579763659292573408e+01 -1.416870897654065864e+01 3.934792451683481573e+01 1.121183108970463138e+01 8.204779233013249851e+00
1.550655720814744509e-01 1.641586218957677374e+02 2.160522910108429357e+02 -1.449193628308266284e+02 6.837077358050599685e+01 1.500308237145855230e+02 7.117064533053515163e+01 -4.775229538300104792e+01 8.510140492013523783e+01 6.148257694998250855e+01 2.314207509910225014e+01 -1.304938443657455949e+01 4.014030255334032660e+01 1.087883839046286560e+01 8.216452795266409481e+00
1.592593054631499527e-01 1.594582557757582322e+02 1.988118772582940892e+02 -1.343494881200043665e+02 6.332473584802364996e+01 1.422215044344684145e+02 6.531698921493484988e+01 -4.413471408628052473e+01 7.670111135442898842e+01 5.641201549326617481e+01 2.129503585897295537e+01 -1.227409018121099393e+01 3.491767833680061273e+01 9.592555841454068144e+00 6.936336636373590103e+00
1.634144798183441161e-01 1.543192533333333358e+02 1.843176799999999957e+02 -1.250668000000000006e+02 6.264388000000000289e+01 1.399985599999999977e+02 6.157415333333333507e+01 -4.168998666666666963e+01 7.770730000000000359e+01 5.602562666666666757e+01 2.008889333333333482e+01 -1.154871666666666741e+01 3.552168333333333550e+01 9.453936666666667321e+00 6.912473750000000194e+00
1.675823816150099899e-01 1.491791786102599531e+02 1.700215231788079393e+02 -1.156455347435010310e+02 6.011339824058514836e+01 1.379190965701294829e+02 5.632781456953642163e+01 -3.833614831471780349e+01 7.881516259760797993e+01 5.851764357022832996e+01 1.860262892903034526e+01 -1.087302235717109866e+01 3.896658470890579906e+01 1.039655252298112131e+01 7.926085888850449734e+00
1.718045808093531246e-01 1.475820745920746049e+02 1.607936247086247192e+02 -1.080671911421911489e+02 6.067577505827505746e+01 1.388181351981351952e+02 5.366058857808857852e+01 -3.626474650349650375e+01 7.995684149184148737e+01 5.917043706293706151e+01 1.748247086247086202e+01 -1.008004734848484851e+01 3.961458624708624399e+01 1.051973703379953307e+01 8.098432400932400910e+00
1.760135070798979073e-01 1.274723272015299216e+02 1.427587992896821731e+02 -9.618932701939714036e+01 4.963148848010199288e+01 1.167961934250068339e+02 4.794849057462890585e+01 -3.205965986704307369e+01 6.431609143065294631e+01 4.899698911756670583e+01 1.606814896184318542e+01 -8.976759573353975341e+00 3.139620139331572801e+01 8.708569773927694158e+00 6.405759095255441515e+00
1.801930856696074279e-01 1.325556005455630384e+02 1.394373135282584713e+02 -9.440075441138863255e+01 5.225420893359475372e+01 1.197319069133066307e+02 4.554017134089165353e+01 -3.094871760719461307e+01 6.819650924899838174e+01 5.046722359560140347e+01 1.477601014406273983e+01 -8.464512429673515470e+00 3.352000042622112375e+01 8.966579602122582315e+00 6.806120668527832152e+00
1.843742315857553882e-01 1.256669266284003044e+02 1.303540678812078966e+02 -8.913325638466018574e+01 5.031419495050328550e+01 1.170933158639048344e+02 4.338029282089676286e+01 -2.963030841860078368e+01 6.721128649862740190e+01 5.007142188669828187e+01 1.431632923633641141e+01 -8.307589972756010965e+00 3.368291947425338861e+01 8.968646015306546815e+00 6.877244769569919036e+00
1.885797910080431738e-01 1.204487011485392713e+02 1.214698797502505130e+02 -8.227069683188159388e+01 4.827715254759885966e+01 1.132960186541278063e+02 4.008617898712710570e+01 -2.711232704463115439e+01 6.425257265089031478e+01 4.825927406922068741e+01 1.294146255684883862e+01 -7.385394184074616675e+00 3.215907076235257733e+01 8.538916162414244226e+00 6.548348011254143231e+00
1.927656394953895236e-01 1.102659372846312920e+02 1.117653342522398390e+02 -7.587423424458228283e+01 4.318155582356995836e+01 1.017567099318477801e+02 3.706677626541083015e+01 -2.505088923347883068e+01 5.855523489547439198e+01 4.416104793628915104e+01 1.228201814840340056e+01 -6.964032228731143803e+00 2.977370491614978576e+01 7.993170418868214000e+00 6.146065452944330154e+00
1.969014248243030341e-01 1.019002944812040994e+02 1.008874790954700700e+02 -6.863401621464407754e+01 3.913220751835962830e+01 9.336124845488257051e+01 3.313459790591143417e+01 -2.261126208827164774e+01 5.223437613611575614e+01 3.938113048062241006e+01 1.059488157129353603e+01 -6.106056973932959764e+00 2.651085444993819351e+01 7.097623018614120483e+00 5.538760861266632141e+00
2.010715633173454087e-01 9.750934941168375758e+01 9.337352920938553780e+01 -6.211708697447189564e+01 3.881901534438863166e+01 9.157028830936489783e+01 3.106125713892520679e+01 -2.059315437280671546e+01 5.340666070322713921e+01 4.042781084428542471e+01 1.042867203089520522e+01 -5.741361255418702569e+00 2.801048905938209899e+01 7.572310108890112801e+00 5.986092535092548239e+00
2.052920281681521186e-01 9.465328407224959051e+01 8.757982758620688912e+01 -5.956344006568144778e+01 3.649282430213464323e+01 8.704715106732348318e+01 2.876602422003283976e+01 -1.968054802955665039e+01 4.849960591133005039e+01 3.619130541871921025e+01 9.117803776683086170e+00 -5.319928674055828921e+00 2.404357348111658510e+01 6.295678366174056073e+00 4.805375102627257533e+00
2.095172134954577381e-01 8.505926690189653527e+01 7.796629071892130014e+01 -5.248707154558628929e+01 3.263983050847457434e+01 7.862532291601033307e+01 2.576996172263877583e+01 -1.743908307605065744e+01 4.455550217377606970e+01 3.373667774557368659e+01 8.326219992439039430e+00 -4.761359161363492909e+00 2.292091708146934437e+01 6.091418211675382999e+00 4.781890909520509325e+00
2.136973926115405542e-01 8.112576744186046085e+01 7.270647286821704824e+01 -4.891328294573643376e+01 3.256294961240310215e+01 7.841979844961240076e+01 2.439676356589147233e+01 -1.634226356589147144e+01 4.603595348837209400e+01 3.530093023255813733e+01 8.168284883720930978e+00 -4.545207848837208964e+00 2.453434496124031128e+01 6.628773255813953824e+00 5.226438953488371730e+00
2.178750580088065492e-01 7.980123357664233197e+01 6.810592700729927174e+01 -4.579127737226277617e+01 3.026168613138686325e+01 7.387287591240875884e+01 2.250922627737226378e+01 -1.520877007299270112e+01 4.205253284671533009e+01 3.213380656934306501e+01 7.385687043795620355e+00 -4.215929744525547918e+00 2.197739781021897798e+01 5.834338503649635577e+00 4.573192518248175631e+00
2.220823861956562617e-01 7.246760591188582623e+01 6.097204123653184382e+01 -4.055088988548541806e+01 2.718347718170023342e+01 6.723130676369379444e+01 1.999567926045016009e+01 -1.334965025102950342e+01 3.801393707339087058e+01 2.937516923337282293e+01 6.585040651266429457e+00 -3.705830971117504369e+00 2.006083234613866040e+01 5.369458488463925150e+00 4.217475461160940853e+00
2.262696194198526023e-01 6.779311220288741424e+01 5.550320785529999768e+01 -3.703517318987758955e+01 2.604961025415820330e+01 6.426178157764725540e+01 1.843714147499588307e+01 -1.226688326837569321e+01 3.757733504418949622e+01 2.899229428555744548e+01 6.218877799582807064e+00 -3.448418716034473253e+00 2.045098671570510973e+01 5.450723825959268964e+00 4.364783752813305995e+00
2.304259489101245229e-01 6.572470941032854341e+01 5.250214293296534152e+01 -3.481191284963642829e+01 2.545817300037153075e+01 6.282951409160872913e+01 1.754385382941457650e+01 -1.162222928055835780e+01 3.668379133273180770e+01 2.830524852714824036e+01 5.904544112573642423e+00 -3.252591588822249413e+00 1.973463457353643591e+01 5.240931512393185443e+00 4.136356964200413877e+00
2.345870463846415066e-01 6.110360996589810156e+01 4.879913281925993829e+01 -3.206158382959230835e+01 2.344993033287524753e+01 5.820697180231078960e+01 1.620257863795999498e+01 -1.060200348653738445e+01 3.378908357510052696e+01 2.618191231485723236e+01 5.467683520384791329e+00 -2.954927517559932770e+00 1.826884670687636714e+01 4.887051776352623556e+00 3.871133315518908713e+00
2.388019837064606632e-01 5.397960218220441675e+01 4.258527856901463338e+01 -2.789672246898083685e+01 1.996008997972288057e+01 5.003382839279679928e+01 1.403323848549220365e+01 -9.217475890744943001e+00 2.847238449283059225e+01 2.222696193211992721e+01 4.731264031043306062e+00 -2.595703785062521085e+00 1.537127951045237317e+01 4.141604909959928804e+00 3.275945360401680162e+00
2.430077036534963875e-01 4.991863381353111606e+01 3.914801740122664597e+01 -2.584196857319450302e+01 1.959561165787096471e+01 4.861006513573907739e+01 1.320771079969571637e+01 -8.650700684638424676e+00 2.843570520135025959e+01 2.217797181809537221e+01 4.505496570864831796e+00 -2.444038088955450938e+00 1.555251420387010874e+01 4.184405160937574308e+00 3.317011511672134372e+00
2.471758823520590620e-01 4.659199816049666509e+01 3.623694814899977246e+01 -2.368471200275925526e+01 1.781662594849390757e+01 4.458898309956312289e+01 1.210261554380317328e+01 -7.875077604046907709e+00 2.543852897217751163e+01 1.978638048976776176e+01 4.077393510002299770e+00 -2.212326828006438539e+00 1.354597321223269724e+01 3.619831426764773763e+00 2.802150099160726882e+00
2.513692271335918882e-01 4.365977965953350548e+01 3.350786070631482261e+01 -2.183084438317797904e+01 1.688523478184762183e+01 4.187981652881712336e+01 1.118092889807885904e+01 -7.239784363922804999e+00 2.477435341998162244e+01 1.926821446545008953e+01 3.860519643560456959e+00 -2.065397849109448458e+00 1.368771880880486691e+01 3.661076101702332775e+00 2.932409276399282394e+00
2.555723892733414715e-01 4.055164418664494264e+01 3.039242827121842794e+01 -1.966859748252348083e+01 1.530870448599734246e+01 3.869653042844277024e+01 1.012084195544023757e+01 -6.512005725436377013e+00 2.215070683406956320e+01 1.744564051979242691e+01 3.429215071085474520e+00 -1.816125138043058751e+00 1.200357571728781636e+01 3.245785666037655393e+00 2.529410877793026646e+00
2.597674079539822323e-01 3.641989331465996571e+01 2.731476809325699406e+01 -1.767457881945874831e+01 1.373896589364419007e+01 3.421660934217572247e+01 9.025305587593194900e+00 -5.875540635169090642e+00 1.984454679326111304e+01 1.534754603122296857e+01 3.047538887115376571e+00 -1.653882790295341243e+00 1.080497744779009039e+01 2.874973611854842126e+00 2.297756750216254140e+00
2.639178238801485610e-01 3.270579854716594781e+01 2.455010998567628278e+01 -1.580631906077347892e+01 1.256119551872314233e+01 3.157493605483936960e+01 8.232270564763657816e+00 -5.320836850317167688e+00 1.869317321465111448e+01 1.466830366277880060e+01 2.824564533456107807e+00 -1.509899670042970987e+00 1.046635972989564145e+01 2.815481123388581697e+00 2.268794921475342452e+00
2.680749044740857179e-01 3.109242493307987587e+01 2.288227635101058866e+01 -1.475381759902238343e+01 1.149744442720254334e+01 2.942101728284904993e+01 7.571610592776505833e+00 -4.863642976296698173e+00 1.676585715948325728e+01 1.327750635256236045e+01 2.572791090410055048e+00 -1.353381739292780273e+00 9.190986029212087516e+00 2.479699077666136287e+00 1.956407056193505634e+00
2.723023151079725368e-01 2.835438158624514671e+01 2.051678683675356041e+01 -1.318371464226289547e+01 1.065204982436679693e+01 2.699931826585320849e+01 6.788034987982991098e+00 -4.373523005638750405e+00 1.574242466259937068e+01 1.236681456831207271e+01 2.306270076492882293e+00 -1.223744858106858846e+00 8.806929423183582628e+00 2.366477889859493366e+00 1.917549599047883246e+00
2.765128983200950685e-01 2.510428020399896809e+01 1.810284065802555276e+01 -1.148734212173656744e+01 9.421513099753285658e+00 2.385133437051220540e+01 5.995038687078837469e+00 -3.790857617280995573e+00 1.381645501159921885e+01 1.080667737599882017e+01 2.064572152207533762e+00 -1.076261415104761143e+00 7.623894737084360607e+00 2.037991183212431334e+00 1.626072467503774321e+00
2.807027537381580062e-01 2.381343129502723599e+01 1.679123945703742748e+01 -1.054513705851344163e+01 8.490655750307503524e+00 2.200223598664558011e+01 5.458850048321911785e+00 -3.437398139606396175e+00 1.232727442452995881e+01 9.801737392373924607e+00 1.853869459453523216e+00 -9.623920307283430065e-01 6.731058908803373875e+00 1.816525956554208454e+00 1.423304889298893094e+00
2.848857026249724811e-01 2.175786985491110315e+01 1.518755762673532672e+01 -9.551603110538952279e+00 7.815199214536725059e+00 2.017292369785324269e+01 4.946521845969172659e+00 -3.112517831669044277e+00 1.148245537733551380e+01 9.114932174419818622e+00 1.705701893636268673e+00 -8.855876214510629563e-01 6.406456586409658982e+00 1.734908455038098873e+00 1.387828472391357204e+00
2.890807262117984777e-01 1.977950054432091775e+01 1.362505257645234558e+01 -8.454926516676012582e+00 7.153029434566026801e+00 1.851488635239006086e+01 4.438798947646223958e+00 -2.753727258107082410e+00 1.062288663279780820e+01 8.459646026457294354e+00 1.532659255105070395e+00 -7.751885020453270769e-01 5.959453246132022208e+00 1.615927211509913031e+00 1.292675455868768974e+00
2.932785946948970324e-01 1.832247247001928159e+01 1.251461662255334595e+01 -7.763044574878280812e+00 6.751128361598536465e+00 1.747376686926118339e+01 4.143725952112538025e+00 -2.584175519965362877e+00 1.017236259517040864e+01 8.101295216155278922e+00 1.461775346779727647e+00 -7.555338222559879746e-01 5.790625102114172584e+00 1.561637135248178376e+00 1.265395753684279478e+00
2.974321087309398370e-01 1.635037957487613980e+01 1.117593495285280447e+01 -6.910700015982100375e+00 5.967695181396835302e+00 1.540001897874380710e+01 3.677787877577113562e+00 -2.284145756752437251e+00 8.882828232379734956e+00 7.039133670289276168e+00 1.274512046507911167e+00 -6.500573732419689943e-01 4.967557335783921779e+00 1.333013774572478827e+00 1.062951868906824471e+00
3.016123743882810904e-01 1.443419861554845696e+01 9.664744028601855774e+00 -5.922647097976571295e+00 5.408300053248136230e+00 1.379829986307622214e+01 3.192989550053248138e+00 -1.967879844629545127e+00 8.187002700441199821e+00 6.465579834170090301e+00 1.134404120074547384e+00 -5.753571666286323438e-01 4.672828236726000561e+00 1.250876217100258758e+00 1.015104523239008127e+00
3.058101292111336522e-01 1.315251139669495828e+01 8.816062404402723374e+00 -5.382381140719191492e+00 4.799861009057373451e+00 1.247006680562636838e+01 2.910363963200671922e+00 -1.773621313881474482e+00 7.173575600575833100e+00 5.745815276069939692e+00 1.023465031078487186e+00 -5.040275038988693002e-01 4.045686126023452900e+00 1.099586354332243721e+00 8.764160932392106584e-01
3.100168993294901143e-01 1.215329977187293764e+01 8.083341702774829329e+00 -4.911853639989669951e+00 4.488260513214152425e+00 1.161455314356222601e+01 2.673410418878590544e+00 -1.627125688685471694e+00 6.838139634566271496e+00 5.466032920600304656e+00 9.604954141438778459e-01 -4.752333280725415388e-01 3.931734052627048115e+00 1.065868774928979246e+00 8.602391635161698025e-01
3.142092030053749707e-01 1.117719489903750052e+01 7.363522120355296963e+00 -4.422320370291035196e+00 4.053481028475138359e+00 1.054607217319281354e+01 2.401447765829834768e+00 -1.435695090037985899e+00 6.130196284237283244e+00 4.932604496901150881e+00 8.633235334018792839e-01 -4.137467969486333663e-01 3.514921243538114304e+00 9.597334829206295437e-01 7.686925548189244006e-01
3.183867557675504334e-01 1.011140303246913952e+01 6.595272850053611080e+00 -3.911218486239793624e+00 3.613497219778407210e+00 9.474715963764330340e+00 2.151286668682814263e+00 -1.280861662496907138e+00 5.458280352184313067e+00 4.394376494927556109e+00 7.690857250742308970e-01 -3.732376071364748582e-01 3.094652111456300148e+00 8.389259052903252911e-01 6.638467450100349332e-01
3.225872781332082551e-01 8.788641369643572787e+00 5.716975370444533411e+00 -3.391300602389534014e+00 3.302904318515551996e+00 8.585012848751835790e+00 1.918792759644907253e+00 -1.135141857729275117e+00 5.129136630623414739e+00 4.125676645307702728e+00 7.132887590108130116e-01 -3.433953556768121751e-01 2.987825807635829722e+00 8.104542117207316210e-01 6.545645920938459872e-01
3.267666109043823597e-01 7.466617198436385827e+00 4.910370334909273993e+00 -2.934457002258260783e+00 2.779463035841631235e+00 7.292485176038668193e+00 1.660007783405087034e+00 -9.895359423285174927e-01 4.243786894825809952e+00 3.426086127545495685e+00 6.041921849000291278e-01 -2.930334139599455878e-01 2.439272519875333778e+00 6.637486463643327284e-01 5.342476014236285931e-01
3.309328770241455886e-01 6.917220871928347670e+00 4.500391133353747186e+00 -2.694929141468269229e+00 2.510286886945316542e+00 6.554441297302814995e+00 1.488956064680139857e+00 -8.979125001594835398e-01 3.800273992702034143e+00 3.029105544604353550e+00 5.329870746574294493e-01 -2.648771219283472811e-01 2.179796546862640128e+00 5.871296892144479695e-01 4.782321928666207755e-01
3.351106074107195187e-01 6.535154785705360680e+00 4.171610646007747114e+00 -2.412975993377483253e+00 2.334565358303136051e+00 6.137863145070598492e+00 1.356353379201549414e+00 -7.907334554229663581e-01 3.584260589778832884e+00 2.903253467449706360e+00 4.952855081688116723e-01 -2.334830981350743406e-01 2.100381497563413635e+00 5.758668624265900204e-01 4.707718004185930116e-01
3.393095620710060434e-01 5.562010133916764687e+00 3.603619449186161283e+00 -2.135288126908374107e+00 2.049543342629769338e+00 5.355416626595821405e+00 1.204004993328204431e+00 -7.108974917654413694e-01 3.070227412064530093e+00 2.472803416440266577e+00 4.310469347306037369e-01 -2.075206934610391296e-01 1.727632579400379953e+00 4.691658132828841477e-01 3.706961329505565894e-01
3.435164896197421824e-01 5.092944998582665583e+00 3.218074551768123737e+00 -1.861801077173835806e+00 1.904687610729218106e+00 5.015376228356128507e+00 1.085207517628091534e+00 -6.259873355302010278e-01 2.973172524980511433e+00 2.421225757683131086e+00 4.040026582394349308e-01 -1.875645920440318359e-01 1.745357492972385405e+00 4.786160656284694781e-01 3.860681927736635544e-01
3.477107812306902690e-01 4.445205078802024090e+00 2.827350664675432945e+00 -1.604457095070829453e+00 1.650806002010491547e+00 4.333865083308298338e+00 9.492472752929078661e-01 -5.338247687645876205e-01 2.558401384812700741e+00 2.084660902872460753e+00 3.627101799548794747e-01 -1.654444872524437893e-01 1.488152073752686544e+00 4.095661555704481205e-01 3.251337032835139862e-01
3.518857617074659383e-01 4.065532314430298833e+00 2.531157633546644803e+00 -1.448362454472734706e+00 1.424620996153584285e+00 3.750124455374769905e+00 8.080995628815212939e-01 -4.669935747696689066e-01 2.194855986338983822e+00 1.769272499829804612e+00 2.943767179096602460e-01 -1.382859879912973211e-01 1.281108170513082234e+00 3.478265340277305051e-01 2.829308567068327673e-01
3.560773577310688554e-01 3.428074611090476065e+00 2.154096352061438679e+00 -1.235331569949092101e+00 1.235389435261858404e+00 3.246015316043610266e+00 7.053171394666695182e-01 -4.081121023509362011e-01 1.863876887194389154e+00 1.500965958126679434e+00 2.518864689391290823e-01 -1.191536510964025797e-01 1.061029384654460284e+00 2.869709847276540882e-01 2.293426380983853430e-01
3.602869550449780967e-01 3.127712037514225774e+00 1.957207316025682209e+00 -1.127895149536171981e+00 1.137455559894994472e+00 2.991865900599110617e+00 6.494572401973415232e-01 -3.750503704851939624e-01 1.719110352380338824e+00 1.382311227694388966e+00 2.357842831336296463e-01 -1.135247457905205065e-01 9.722990012132534110e-01 2.623401817061778996e-01 2.070665638622259386e-01
3.644651285618699665e-01 2.875852711742416634e+00 1.779637190668727165e+00 -9.975468826075912787e-01 1.086985362994559612e+00 2.855250362518258367e+00 6.077761654829696436e-01 -3.390588863941870201e-01 1.703306259129109490e+00 1.380423716367831677e+00 2.329522564115455718e-01 -1.070201611089354188e-01 1.004443329399437035e+00 2.744999579928660838e-01 2.232487738547598577e-01
3.686396944457170921e-01 2.324719991981413436e+00 1.452659819170590394e+00 -8.315172380338015090e-01 8.514280537450912290e-01 2.235586783210313122e+00 4.805168984646462915e-01 -2.761148799075292537e-01 1.300664713849538412e+00 1.050302817299586744e+00 1.772356629212328283e-01 -8.381611639543969094e-02 7.408672923905669228e-01 1.999729822460266926e-01 1.582206435718948589e-01
3.728293470315630076e-01 2.182404046293509925e+00 1.347426240094292460e+00 -7.587037002206842295e-01 7.713098104122780851e-01 2.053446308556525324e+00 4.381786663657338265e-01 -2.480288111896880587e-01 1.160737034807904688e+00 9.436848762413482250e-01 1.562574841383288227e-01 -7.156790053070770374e-02 6.630583715768884057e-01 1.807978953505868236e-01 1.452875398109138572e-01
3.770363921861874523e-01 1.770954162199044779e+00 1.098878043059752452e+00 -6.266335504191442585e-01 6.623252296763817437e-01 1.746144086899308112e+00 3.726191636611755897e-01 -2.078062554829905595e-01 1.071108828223998444e+00 8.751484976605907740e-01 1.475099417279949476e-01 -6.420593350960132617e-02 6.585444792377425083e-01 1.825988537503655529e-01 1.523669384808460925e-01
3.812363453093803867e-01 1.647548213597378908e+00 1.015730175508335886e+00 -5.728017038884071210e-01 6.058439788715428431e-01 1.610065830683241828e+00 3.417277241736532689e-01 -1.908344287546978879e-01 9.387589440589766410e-01 7.638631408403200318e-01 1.278962602088754008e-01 -5.826775862484340901e-02 5.459578198780957736e-01 1.488092468620506870e-01 1.193522935337766322e-01
3.854150971210312249e-01 1.350105581074981576e+00 8.382000880381019758e-01 -4.750764162497884135e-01 4.832344129069264249e-01 1.280586775713237868e+00 2.748374667065521804e-01 -1.567803296550880909e-01 7.560685609943016416e-01 6.137140942066462435e-01 1.031006782254386550e-01 -4.820513090819118773e-02 4.423968255740695077e-01 1.204462835344065619e-01 9.691292345563067012e-02
3.896036578152083374e-01 1.236676011783022888e+00 7.564506781687025949e-01 -4.155972755790171558e-01 4.570214615232251476e-01 1.217302744919204649e+00 2.531713405203784295e-01 -1.348583996070790159e-01 7.373152856853315562e-01 6.124806821531885159e-01 1.017032993212555053e-01 -4.214121885824903546e-02 4.485563724135389618e-01 1.256999570602555516e-01 1.019175482053691489e-01
3.937795161075864914e-01 1.069315811101277047e+00 6.571102315625959589e-01 -3.703040402096165473e-01 3.760941634643172882e-01 1.003971515271932402e+00 2.123341062623051445e-01 -1.182588558976663123e-01 5.757692764684897435e-01 4.716340194489099247e-01 7.790836339534075450e-02 -3.421733850619999157e-02 3.338110163263370844e-01 9.210953093108212308e-02 7.323070874980808220e-02
3.979440095093054186e-01 8.779111338384288921e-01 5.368242363472872647e-01 -2.994323448990403036e-01 3.144967704456829716e-01 8.333055579049518657e-01 1.751151787661811843e-01 -9.856351013993251697e-02 4.963344781075835765e-01 4.049242913231602126e-01 6.696548552932640730e-02 -3.054135272086056299e-02 2.945960469676466298e-01 8.080931662986770569e-02 6.513485903668693455e-02
4.021139069446590386e-01 7.906719869056864081e-01 4.832065967728018108e-01 -2.666543806357321578e-01 2.853828253084821909e-01 7.521762285356804467e-01 1.584437559323496336e-01 -8.797668620297265096e-02 4.410926781322806467e-01 3.568779863987401879e-01 5.974706955410302722e-02 -2.752800886414380130e-02 2.544218082610665288e-01 6.881075602403141644e-02 5.464468849097204456e-02
4.063125452039867413e-01 6.699657835575837384e-01 4.092446622981324444e-01 -2.287118485614569596e-01 2.496462976567367653e-01 6.577359182131249371e-01 1.386203194464324662e-01 -7.727651234886245835e-02 3.900413615323408689e-01 3.170153784542714126e-01 5.258668930659868290e-02 -2.353003276269092017e-02 2.308758004184699175e-01 6.323078147102284552e-02 5.175936656692571580e-02
4.105412315868290918e-01 5.535778896629544032e-01 3.422537188874715808e-01 -1.977368420783659486e-01 2.042350095923481934e-01 5.408376210158792885e-01 1.145955984562298663e-01 -6.463025062245499053e-02 3.203077408767927570e-01 2.614054623491389728e-01 4.314468584165317283e-02 -1.919984015095299937e-02 1.917954760094196243e-01 5.286839701998397034e-02 4.362337697928420771e-02
4.147348487769681458e-01 5.039054181341633409e-01 3.122265401036121157e-01 -1.759923199586370668e-01 1.839924057048079320e-01 4.923209184822672224e-01 1.044540256547424051e-01 -5.776305997368744866e-02 2.864905628020312789e-01 2.346817985195347733e-01 3.918904359104963958e-02 -1.720019395271930526e-02 1.690551347878614108e-01 4.644496535598739012e-02 3.777683935134941440e-02
4.189107045044477284e-01 4.307529397007391903e-01 2.653696856867498455e-01 -1.503926121234401003e-01 1.717070259717033698e-01 4.543233596296001875e-01 9.459696479314044781e-02 -5.160107425756100402e-02 2.858038038510452017e-01 2.350255034874016435e-01 3.920838280442730944e-02 -1.711396867051506385e-02 1.769344957177489963e-01 4.900526230650385784e-02 4.047413774367101397e-02
4.230974437456921922e-01 3.452193765114283108e-01 2.126054190800764354e-01 -1.211973940659372695e-01 1.186522294787034776e-01 3.146363552149153420e-01 6.740863019492550345e-02 -3.859196127330524750e-02 1.842895860148997533e-01 1.488531885043685166e-01 2.485135970653911883e-02 -1.147666054477240738e-02 1.101207649533894883e-01 2.999747612796434953e-02 2.509119611270379732e-02
4.272931011032126136e-01 2.819572723750706222e-01 1.785932227811960760e-01 -1.083005680365131257e-01 9.652113419794036697e-02 2.518726704562804231e-01 5.604105525587049774e-02 -3.516924036716376212e-02 1.438169102687909262e-01 1.114595196750423622e-01 1.887022668679004186e-02 -1.034153345197346731e-02 8.069376030581552894e-02 2.080032686671240763e-02 1.717909521380750135e-02
4.314914587673138180e-01 2.646638758955145443e-01 1.601598138301850160e-01 -8.769680521903649995e-02 9.651085834791582607e-02 2.572381683174795319e-01 5.371047011243475222e-02 -2.956987498142134296e-02 1.513216026065269670e-01 1.237453126869550168e-01 2.049202721527684096e-02 -9.160694037817261950e-03 8.738690535448542795e-02 2.385163094306658529e-02 1.870413649972050077e-02
4.356511643511531418e-01 2.278102236931045799e-01 1.411963962111423276e-01 -7.946588247184172005e-02 8.130242041270184516e-02 2.159088468921321058e-01 4.590010052862136813e-02 -2.599849843103461261e-02 1.244634690380248820e-01 1.009248525214548192e-01 1.675138460261901829e-02 -7.810911734726744965e-03 7.142468686046338222e-02 1.931915914588717281e-02 1.544040382302854647e-02
4.398424702607344750e-01 1.744317345442157885e-01 1.094339114465482654e-01 -6.723989769448476816e-02 5.564231640752857061e-02 1.444877508663137411e-01 3.263488455969203866e-02 -2.172968475107710934e-02 7.634285578010929774e-02 5.678339388190382919e-02 9.559507898886777585e-03 -6.176956459701957863e-03 3.767549607357084662e-02 8.895241036343372668e-03 6.928506053800840593e-03
4.440501074980069407e-01 1.347552754962871857e-01 8.457095569734483786e-02 -5.243576056099478327e-02 4.949880062449322354e-02 1.282958376602131023e-01 2.803880252602351450e-02 -1.765129390745693444e-02 7.218512808823633609e-02 5.580568399745010344e-02 9.287327721744438255e-03 -5.223700146787913813e-03 3.864920750307623137e-02 9.822566371853528461e-03 7.784794239641272366e-03
4.482267968899237842e-01 1.159524368619162388e-01 7.309212655342493814e-02 -4.693469453698448368e-02 4.238084637175822122e-02 1.107441896727927311e-01 2.406879820720660493e-02 -1.521750274972317844e-02 6.470413109182834854e-02 5.062342247282267810e-02 8.433258576481259330e-03 -4.497247168829738607e-03 3.706076926307853847e-02 9.656171130441992129e-03 8.049044915971853911e-03
4.524052929840755577e-01 9.063207508885243180e-02 5.935520310043742448e-02 -3.940916934185120096e-02 3.212470124436128671e-02 8.238539157012507441e-02 1.891304575633500837e-02 -1.275748818059684909e-02 4.401391416342013280e-02 3.242944067284361798e-02 5.617408212736441260e-03 -3.624498770002477447e-03 2.158928321607374648e-02 5.109959562529901855e-03 3.964818469906576485e-03
4.566090347930675253e-01 8.164387912794557334e-02 5.176129350937603429e-02 -3.151527949199302986e-02 3.027174561276136863e-02 7.938890459052438953e-02 1.751166818785263729e-02 -1.053380906047751350e-02 4.707173212952207170e-02 3.724088844175240526e-02 6.400790665579364144e-03 -3.205033640033811901e-03 2.743038629480584051e-02 7.243682324510454518e-03 6.025852085623755426e-03
4.608167319022857811e-01 6.594173450932765135e-02 4.195769918547665595e-02 -2.656545673816682746e-02 2.766772159124570793e-02 7.122354434499124365e-02 1.531335163316086857e-02 -9.288117732318943581e-03 4.433107056562430454e-02 3.487746356491172595e-02 5.860394703428009090e-03 -2.976884340579826448e-03 2.610842228682840396e-02 6.884002575058915593e-03 5.730758978970009951e-03
4.649806979855051203e-01 4.277630929326816517e-02 2.923424113152551032e-02 -2.134899455277285141e-02 1.546799993419894700e-02 3.783384867305962518e-02 9.301778025188155510e-03 -7.063222812094600844e-03 2.006880087103889848e-02 1.365227665024152867e-02 2.464193270681087726e-03 -2.003840146551984312e-03 9.329483731911841424e-03 1.956287808231080283e-03 1.623972713202034108e-03
4.691538386770017222e-01 4.546685423179310653e-02 2.968094343561153078e-02 -1.979157635075000365e-02 1.423549116863748361e-02 3.615104270591831120e-02 8.672346189272072889e-03 -6.092536209754238243e-03 2.001010065993469311e-02 1.471657343589658287e-02 2.680981784306488494e-03 -1.660201987897865113e-03 1.072626468017179140e-02 2.665825064601861760e-03 2.260796454375269427e-03
4.733478629909182445e-01 2.542418145707808080e-02 1.824953375337673780e-02 -1.468635529354280628e-02 1.089782946587238184e-02 2.670741733313156119e-02 6.477730450708959857e-03 -4.817215416200485226e-03 1.638106730893419682e-02 1.182499565142842296e-02 2.113115385486950566e-03 -1.390337078851115477e-03 9.147333373727110570e-03 2.233446292150387258e-03 1.966928743883065989e-03
4.775500538217637980e-01 1.850000721254920627e-02 1.371659786339060431e-02 -1.221123261942267529e-02 7.165758389313506282e-03 1.744421973928562616e-02 4.527389143832798689e-03 -3.869911650675913507e-03 1.173065338411856569e-02 8.369916390606147935e-03 1.406186183519339290e-03 -9.937999793359275288e-04 7.319269048842335333e-03 1.829818749947631539e-03 1.781010932558332611e-03
4.817339644282710998e-01 5.884546443852693362e-03 6.369529086095555674e-03 -8.589682617246687316e-03 5.967790696650332905e-05 -2.045148646977314275e-03 8.621538578557212977e-04 -2.575212940094128745e-03 -5.582126962524015974e-03 -7.311514837518713096e-03 -1.230420460187662147e-03 -4.188800890700002913e-04 -7.482962537416133417e-03 -2.745509992977017595e-03 -2.486322360112337530e-03
4.859144464692263798e-01 8.917444390270826138e-03 7.882293889829260908e-03 -8.397687901319178180e-03 2.857066085137161329e-03 5.902111467839269744e-03 2.216824005728859712e-03 -2.642216944926129713e-03 2.345807084203432955e-03 1.803983250961325936e-04 1.374197918631098940e-04 -6.466947459528857908e-04 -4.173478695586178605e-04 -5.125707087883149939e-04 -4.659696393129507202e-04
4.901252990058800885e-01 7.177088126215777283e-03 6.669005892501777763e-03 -7.357059027265934296e-03 1.860288659446248565e-03 3.244878443807410612e-03 1.623197459858113445e-03 -2.210918847840287645e-03 7.716632471793237903e-04 -1.039322480000639572e-03 -6.391427842563454263e-05 -5.062900188748113879e-04 -1.016338766892624151e-03 -6.368735282774192451e-04 -4.814644737976221450e-04
4.943123444065962158e-01 2.810979677274661609e-03 3.550038784178508305e-03 -4.903685909905962717e-03 2.160229800778419758e-03 4.412979314984991248e-03 1.530824890034931463e-03 -1.704337610686143577e-03 3.734058232403792126e-03 2.176653001096393557e-03 4.327393595997687634e-04 -4.802146966989857954e-04 1.986905035583818192e-03 3.672783876072223223e-04 3.762293494269946690e-04
4.984736335014697817e-01 1.079025676829881587e-03 2.547436094757177943e-03 -4.431940651507470033e-03 3.735891953130082428e-04 2.228768242557402593e-05 6.975567271123597974e-04 -1.329608504602170513e-03 -7.048592425399901077e-04 -1.653768650798070070e-03 -2.176008815860544325e-04 -2.538157328862970688e-04 -1.373414965557082958e-03 -6.020348759532834215e-04 -4.705871814048950244e-04
5.026590164608074618e-01 -9.471698465172190447e-04 1.182661821233144421e-03 -3.485276223519440195e-03 -1.984517137161926335e-04 -1.982474932700651216e-03 3.118009646260616889e-04 -1.205817576248172963e-03 -6.154485127105999891e-04 -1.749181525544445462e-03 -1.755593545646607712e-04 -3.554405163470681825e-04 -8.510170323249590350e-04 -4.948623487182741932e-04 -3.009846752856365623e-04
5.068609875937976073e-01 -5.461653997070365849e-03 -1.509635076019696020e-03 -2.267022358584557928e-03 -2.773600256004141260e-03 -8.462039422350282544e-03 -9.953636645572676994e-04 -5.780847627312658181e-04 -5.674115115660413947e-03 -5.921952995801252513e-03 -9.402861623852461215e-04 -2.129634949633933379e-05 -4.278143167250108604e-03 -1.447261269837302926e-03 -1.099214934930427615e-03
5.110594965365916620e-01 -7.770678130190475201e-03 -2.802222068503761303e-03 -1.627877654965732921e-03 -2.660434357936938051e-03 -8.502687327971622175e-03 -1.055479520810218095e-03 -4.697667603904222191e-04 -5.578895309946486393e-03 -5.811527912407472851e-03 -9.016927148527206911e-04 -1.603876245236883481e-06 -4.311515653351511920e-03 -1.438470546409359235e-03 -1.121407640246312176e-03
5.152492140965455603e-01 -7.089666018191525219e-03 -2.721809617793199791e-03 -1.176623952216450560e-03 -2.274960090546977818e-03 -7.393933249835743342e-03 -9.255671056278745807e-04 -3.944268245421320759e-04 -4.116094481459428578e-03 -4.401203892390769153e-03 -6.467349319357753408e-04 -5.850512470741623105e-05 -2.844210370298127892e-03 -9.839617093821864495e-04 -6.787552100443496050e-04
5.194329442812991582e-01 -7.824532074578399374e-03 -3.289421554195389938e-03 -6.937268949430320944e-04 -2.414967824707411372e-03 -7.428854249834475516e-03 -1.029363044754220882e-03 -2.040195262041481522e-04 -4.304360736720737497e-03 -4.328102230276652251e-03 -6.578771794530073212e-04 2.522213520795476687e-05 -3.087847063324375592e-03 -1.005747063593149604e-03 -7.733038134519671682e-04
5.236343964239100757e-01 -6.968529968775850555e-03 -2.938292590703561052e-03 -6.014071293318403594e-04 -2.570529097931189416e-03 -7.951510189816473478e-03 -1.103877881739618021e-03 -2.331163242300104163e-04 -5.174394879406594983e-03 -5.271142809145716937e-03 -8.138756113822892329e-04 -6.237175975803678374e-06 -4.110384388130251809e-03 -1.368628423993021670e-03 -1.147843934998828749e-03
5.278273205415198177e-01 -8.586260517888832586e-03 -3.848266385862260039e-03 -2.014726523452093840e-04 -2.761218833262758018e-03 -8.390060811986618100e-03 -1.243702086074246647e-03 -5.802049021228483097e-05 -4.966267231071941866e-03 -4.916561575866216539e-03 -7.400763061662717990e-04 3.179681536196502330e-05 -3.524591843870536045e-03 -1.148774413298304844e-03 -9.013066891292049196e-04
5.319960279023402405e-01 -6.544493042989050005e-03 -2.955502002907696261e-03 -9.718132443842218986e-05 -2.571681644974944253e-03 -7.666831239560133703e-03 -1.175957150873468927e-03 6.253552360128748712e-06 -4.633246527777777797e-03 -4.519580670200754741e-03 -7.080859755620127994e-04 6.981183915585463962e-05 -3.139622458665862568e-03 -1.006748545910279022e-03 -7.477901678691846118e-04
5.361714592099571242e-01 -7.310916482488613068e-03 -3.384128872054012471e-03 2.684839714973904728e-05 -2.127151911747665516e-03 -6.488829340962921736e-03 -9.964116524527437402e-04 -6.371113569748940882e-06 -3.524299570571393352e-03 -3.469124920317076966e-03 -5.458578553077113359e-04 5.362206501452179073e-05 -2.359729383003647540e-03 -7.593347756395389973e-04 -5.675613595334153645e-04
5.403746330902056139e-01 -7.126208101256846852e-03 -3.416864608940366373e-03 2.295071525081560570e-04 -2.506670228844177454e-03 -7.314003054969121613e-03 -1.178953859542660300e-03 9.373841796300185782e-05 -4.419244772011738515e-03 -4.227474504870119831e-03 -6.817412643720168223e-04 9.409142947503208005e-05 -3.079234439546040761e-03 -9.761106742370772790e-04 -7.720407942984614099e-04
5.445761264886261888e-01 -6.751936510758452942e-03 -3.266238809798029715e-03 2.874433452754209038e-04 -2.292036966420806562e-03 -6.736950248814587219e-03 -1.087827478584638043e-03 1.026155019032501002e-04 -4.224891235561883951e-03 -4.026622800410496229e-03 -6.431232717557011690e-04 9.332863213087476970e-05 -3.008036245195385653e-03 -9.492312049346744067e-04 -7.637892866359564676e-04
5.487504490749764985e-01 -7.174601900063633936e-03 -3.479391371270183081e-03 3.360153790424550845e-04 -2.368683516708943327e-03 -7.000870916367486416e-03 -1.146284447614710940e-03 1.185078294976738727e-04 -3.967269748951700835e-03 -3.784034174127177443e-03 -6.083077415826026058e-04 8.702996119091011853e-05 -2.554770012359438170e-03 -8.048851094428560119e-04 -5.826125764950676510e-04
5.529407179677009454e-01 -5.481826129187896031e-03 -2.640961830411684991e-03 2.649528319548020809e-04 -1.633534450056831067e-03 -4.832225962405936083e-03 -7.619977324265943524e-04 6.294893912268218839e-05 -2.671546797597587272e-03 -2.565834627262221675e-03 -3.955074686500785626e-04 4.942430069355141791e-05 -1.745071769482429329e-03 -5.556692752095715579e-04 -4.178431793229185382e-04
5.571409157079509900e-01 -6.320498716161656802e-03 -3.116191035678030768e-03 4.035328463910680839e-04 -1.937066908889481130e-03 -5.716974146473036492e-03 -9.397119478750981568e-04 1.141476545708319888e-04 -3.314443016487922389e-03 -3.159556409218102543e-03 -5.015487409837186003e-04 6.620651100328071501e-05 -2.233016551315303733e-03 -7.069898251588019539e-04 -5.436092904376456326e-04
5.613298693710127019e-01 -5.607848580090880192e-03 -2.811620231165962592e-03 4.297081489953704573e-04 -1.852078824940127334e-03 -5.381556734710954415e-03 -9.069624538528326839e-04 1.435195019517010082e-04 -2.981211685561873867e-03 -2.799420157978792754e-03 -4.469508961760540423e-04 7.486723060061444999e-05 -1.893247902734143543e-03 -5.896482915424959993e-04 -4.400658862637163958e-04
5.655062246218995892e-01 -5.040939349717491434e-03 -2.501641188181660987e-03 3.764990767030221091e-04 -1.579252914349091839e-03 -4.581133510590908349e-03 -7.615433679782571824e-04 1.197927874866439762e-04 -2.632338012576085264e-03 -2.467511619037457936e-03 -3.918673586908124652e-04 6.680337664425371280e-05 -1.738385944302175577e-03 -5.412162794121063705e-04 -4.183731388581871970e-04
5.696867424029971039e-01 -4.364631982881730758e-03 -2.145331692373649186e-03 3.031031293965056510e-04 -1.510703431975695191e-03 -4.396535520848089511e-03 -7.269496260932913154e-04 1.076736218983675444e-04 -2.722382491229793141e-03 -2.565210453280738958e-03 -4.079745710522934181e-04 6.464152560823275271e-05 -1.896901665762549356e-03 -5.946146303920409049e-04 -4.735946606149152348e-04
5.738956954203543459e-01 -4.319462663379927854e-03 -2.148955643609622330e-03 3.314205160342218316e-04 -1.319479431635352598e-03 -3.885901525963394564e-03 -6.459220609886355286e-04 9.472373014927645623e-05 -2.232277853199453321e-03 -2.110615993596928839e-03 -3.336543029688144387e-04 5.028725817299182978e-05 -1.516291363120248620e-03 -4.759592026230734046e-04 -3.778775097276002850e-04
5.780928920821047923e-01 -3.847939942966960465e-03 -1.914610699637856080e-03 2.847704679652205556e-04 -1.157618767873209911e-03 -3.421744307887308965e-03 -5.670056770995549012e-04 7.823678500872391936e-05 -1.877695769325350792e-03 -1.786067892464426486e-03 -2.807351116534082544e-04 3.988383057315498913e-05 -1.224820984433069946e-03 -3.865354438099247083e-04 -2.936567709865369239e-04
5.822632071880226023e-01 -3.314520103940572348e-03 -1.662638152863045275e-03 2.651289023323104331e-04 -1.036932804407351884e-03 -3.049614662364006929e-03 -5.111796095749902629e-04 7.529944856203439802e-05 -1.689996120415368898e-03 -1.601880339505481858e-03 -2.537203158612846409e-04 3.655825943602332824e-05 -1.097682211519542981e-03 -3.454071867343415261e-04 -2.618313787716449294e-04
5.864430803127811398e-01 -3.323271500043174006e-03 -1.679232648145596992e-03 2.943722583859868075e-04 -1.118281830988572490e-03 -3.217173031865205174e-03 -5.482679046719140560e-04 1.024405979393612476e-04 -1.837089630132640594e-03 -1.708825863322746812e-03 -2.731042446540821286e-04 5.001945246153589284e-05 -1.191361154540617872e-03 -3.683215415021138866e-04 -2.841707584209948820e-04
5.906376733072625784e-01 -2.985673882911224486e-03 -1.514553358781651820e-03 2.735034110130096243e-04 -1.034995603659475847e-03 -2.982056555999430814e-03 -5.095203149899987793e-04 9.676573877617828019e-05 -1.797611448779741191e-03 -1.674454546081201442e-03 -2.705266447762483891e-04 4.996090108249842129e-05 -1.226311801245080595e-03 -3.802861150206539960e-04 -3.049060875600162826e-04
5.948356627105599870e-01 -2.155849031647154995e-03 -1.093625668504885108e-03 2.077357736118995728e-04 -8.046238969301318074e-04 -2.308065969465050975e-03 -3.945071121871098038e-04 7.752528757009263067e-05 -1.431582127563534859e-03 -1.327996431782902092e-03 -2.160047651888285061e-04 4.239415614338413243e-05 -9.710942410571654767e-04 -2.996083139982888858e-04 -2.351272865416005468e-04
5.990145239901687457e-01 -2.285597447301905474e-03 -1.173817695060085618e-03 2.279742601154737122e-04 -8.251472459170291780e-04 -2.365517617583931618e-03 -4.084365286116867352e-04 8.160077489751501516e-05 -1.439443981889547853e-03 -1.336483470745608365e-03 -2.179700546781035181e-04 4.203770357450171659e-05 -9.724974359563112085e-04 -3.006231482226560709e-04 -2.376108171279952825e-04
6.031829950841108845e-01 -2.030642560075656897e-03 -1.031128286960974376e-03 1.903341320836696149e-04 -7.049789820797476960e-04 -2.027301678000794413e-03 -3.461078284034520215e-04 6.463877733162708584e-05 -1.226110285554115817e-03 -1.143504391646805963e-03 -1.854805227048587186e-04 3.314073377523817337e-05 -8.277341859545080853e-04 -2.571858540476680338e-04 -2.019518496462238656e-04
6.073740526175752663e-01 -1.767541030411238492e-03 -8.976441885461226844e-04 1.650844814885581917e-04 -6.229683065234112565e-04 -1.808510695344755451e-03 -3.088679643303446853e-04 5.556098922843166911e-05 -1.110732779884771688e-03 -1.041276018693697248e-03 -1.684846748267341740e-04 2.836336196919799543e-05 -7.680268294748966414e-04 -2.398455886283963829e-04 -1.922131675251407298e-04
6.115768023320514724e-01 -1.595981368015202519e-03 -8.136158925140631526e-04 1.533061363319073779e-04 -5.385348846192290154e-04 -1.549958222754952222e-03 -2.674786703704100919e-04 5.362954985311914948e-05 -8.777579767503975285e-04 -8.116401347963113485e-04 -1.318965627979598186e-04 2.656122195532668539e-05 -5.539292710212889497e-04 -1.700565529123731936e-04 -1.267226697125218053e-04
6.157710000000914397e-01 -1.392914788630508424e-03 -7.132751463495214540e-04 1.382450239147088925e-04 -4.860318369652636924e-04 -1.401808715930892525e-03 -2.421053481298124398e-04 4.797053592932572170e-05 -8.265214868167479207e-04 -7.681246836516039895e-04 -1.245147574494958871e-04 2.338717325336308380e-05 -5.393233103190984068e-04 -1.665599241807436137e-04 -1.270847285579006865e-04
6.199632023912512446e-01 -1.362862797756133780e-03 -7.019731199458551646e-04 1.418501627271069685e-04 -4.462368041401294587e-04 -1.293024378973918259e-03 -2.238970357302966523e-04 4.474776888139720728e-05 -7.432288135483909467e-04 -6.920184690319559342e-04 -1.114619531500177029e-04 2.016967921603660387e-05 -4.876135056439958801e-04 -1.512062937776300459e-04 -1.174191076281967146e-04
6.241630060990407403e-01 -1.185517672055402079e-03 -6.099516176523074075e-04 1.189663832326947772e-04 -4.182541964757731617e-04 -1.205068352927087406e-03 -2.089641577443821592e-04 4.102419026765320102e-05 -7.290865506267789732e-04 -6.787788366334563056e-04 -1.109283440730578522e-04 2.027857613778819831e-05 -4.900195723772261943e-04 -1.520238616506600473e-04 -1.189358455048429770e-04
6.283593402461892241e-01 -1.031361726658238526e-03 -5.317867694491844018e-04 1.067465545980799958e-04 -3.543553988658099466e-04 -1.023963506282616221e-03 -1.775349538689765876e-04 3.557374399715869400e-05 -6.114025552014664376e-04 -5.692847280815833922e-04 -9.225054583730263617e-05 1.694195001650012521e-05 -4.076598971329582484e-04 -1.262789229738667273e-04 -9.851486642075579130e-05
6.325410955997395890e-01 -1.006643990419914042e-03 -5.188527103727327361e-04 1.005487622270645335e-04 -3.723941528350276867e-04 -1.072470760656472552e-03 -1.857045648492360382e-04 3.564928366960079298e-05 -6.603023859328974914e-04 -6.165983182215049136e-04 -1.007025634046481566e-04 1.763261777051983200e-05 -4.503961975052709699e-04 -1.402938023570644355e-04 -1.108258712858982713e-04
6.367142920629192959e-01 -8.245024552755221038e-04 -4.264178209969419868e-04 8.413799436931133544e-05 -2.944691367074443581e-04 -8.527075756719882348e-04 -1.481359673450430747e-04 2.834841203016147851e-05 -5.184008382113733816e-04 -4.850869085242237046e-04 -7.891009340033399105e-05 1.333398790611431780e-05 -3.520875329682400762e-04 -1.098781209942665204e-04 -8.642629162034816534e-05
6.409035099394975177e-01 -7.704818467433139717e-04 -3.974436693473866900e-04 7.873119505372622477e-05 -2.669584927874043894e-04 -7.690852204143287969e-04 -1.340931495003193287e-04 2.693859037565378854e-05 -4.652601555416395192e-04 -4.319213435240144513e-04 -7.088720647494159649e-05 1.342974659496852941e-05 -3.150954139291982543e-04 -9.745292746740666877e-05 -7.734368205741688751e-05
6.451032402190634008e-01 -6.656103496713145461e-04 -3.428475120536332924e-04 6.487175473682929062e-05 -2.296190772784401828e-04 -6.650598577955079815e-04 -1.150263346183525234e-04 2.160331460330061119e-05 -3.985192827645395500e-04 -3.726621367629515537e-04 -6.057205273050784885e-05 1.037285046408402071e-05 -2.689857422536914670e-04 -8.378371717039064046e-05 -6.589795336468492245e-05
6.492879941711476866e-01 -5.458504974387820737e-04 -2.821031439355936609e-04 5.653088770277773628e-05 -1.931933856766965578e-04 -5.581025789411298357e-04 -9.689974302701206456e-05 1.890919292604773127e-05 -3.395169842820963593e-04 -3.168796394353282000e-04 -5.154911751121719161e-05 9.046160045068255297e-06 -2.316358734395992393e-04 -7.211213376431944869e-05 -5.727518847877960406e-05
6.534659541563927476e-01 -5.017081841638675477e-04 -2.588905516216369416e-04 4.950310795438537739e-05 -1.797125037043589336e-04 -5.175367494947104080e-04 -8.974488830476607542e-05 1.726268124774168848e-05 -3.134401562858877763e-04 -2.922635714227604176e-04 -4.775556145978778708e-05 8.514243799416170054e-06 -2.101499110506856811e-04 -6.528020396959511857e-05 -5.102101156436552514e-05
6.576591076962554627e-01 -4.240386913205320242e-04 -2.189986335119434042e-04 4.333236694237744814e-05 -1.517401351167229663e-04 -4.390946150883151414e-04 -7.604451231883850853e-05 1.436748833705621887e-05 -2.600139505808861601e-04 -2.435868449681124147e-04 -3.958740769032081242e-05 6.622499220351162752e-06 -1.731706417219761192e-04 -5.407802303632867647e-05 -4.196545032547935550e-05
6.618529307405217610e-01 -3.884536435436393063e-04 -2.013389301850171626e-04 4.050035643792781326e-05 -1.346768633565597424e-04 -3.884681916445686446e-04 -6.771441601536298263e-05 1.364238112568059527e-05 -2.316338395122923075e-04 -2.155870405004594529e-04 -3.506814246062196360e-05 6.386910255157201090e-06 -1.541230929875574748e-04 -4.780052098744735282e-05 -3.733463667383053053e-05
6.660240791386257131e-01 -3.349855704845971626e-04 -1.727093124792788645e-04 3.243062684825405564e-05 -1.125667258175530659e-04 -3.256460401902531629e-04 -5.644081696872374542e-05 1.048729812181657514e-05 -1.917198413235644979e-04 -1.794527035402011155e-04 -2.929648537814832384e-05 4.952388093611283470e-06 -1.278182124878515888e-04 -3.988622142759182883e-05 -3.105829009234384335e-05
6.702067828716186115e-01 -2.967708222938231135e-04 -1.540020200621648272e-04 3.002700787668978808e-05 -1.024342193545741932e-04 -2.948108262026431976e-04 -5.151615955323967218e-05 1.021424326258463568e-05 -1.747405962102908516e-04 -1.627604640221497992e-04 -2.672803254035129551e-05 4.828151220115386504e-06 -1.158804773003544949e-04 -3.598038826992468636e-05 -2.795187580743750523e-05
6.744172070879622671e-01 -2.751650847888036490e-04 -1.421959689664854885e-04 2.629880823705243453e-05 -9.332677375718733087e-05 -2.704954992857607843e-04 -4.696243289569456016e-05 8.616977400023343391e-06 -1.621037701134508231e-04 -1.520293896502505730e-04 -2.485206558909573425e-05 4.094417969394974418e-06 -1.100187127307367504e-04 -3.440940829486888408e-05 -2.711327527990043995e-05
6.786118453466847278e-01 -2.281258980629411533e-04 -1.183540095112346264e-04 2.305617495722049549e-05 -8.063600566271672001e-05 -2.328768761885842767e-04 -4.057385411988403105e-05 7.810026826122599849e-06 -1.400230810363763915e-04 -1.307632724026099307e-04 -2.138834834996547674e-05 3.711878299320604657e-06 -9.451985101139528543e-05 -2.943376981760293439e-05 -2.318231676907040549e-05
6.827984616056306244e-01 -2.051229945286728946e-04 -1.061862003470387937e-04 2.024467150099114530e-05 -7.145743910178247197e-05 -2.063532065786575760e-04 -3.596726754994792501e-05 6.873990163908286726e-06 -1.231600455885770824e-04 -1.149872237767153945e-04 -1.880551306674219859e-05 3.244370189558911704e-06 -8.224859442524199576e-05 -2.558962462730475255e-05 -1.996868557996864593e-05
6.869817177358829019e-01 -1.692016653338014349e-04 -8.800280755178684999e-05 1.736953258017654656e-05 -5.564496187694399810e-05 -1.611913574356818102e-04 -2.820929001494419254e-05 5.608776316322144886e-06 -9.448514735623832336e-05 -8.804074219941744833e-05 -1.438443432302174246e-05 2.603888259734639341e-06 -6.239630727004084941e-05 -1.938356602266792190e-05 -1.499674932429502127e-05
6.911718524128840357e-01 -1.554386524547843036e-04 -8.040293325744268696e-05 1.458873408294177733e-05 -5.362665573609457859e-05 -1.547742241830737085e-04 -2.691606933592330904e-05 4.949878644442377212e-06 -9.178862925090192310e-05 -8.592478477114947179e-05 -1.408989178503304502e-05 2.374340264934815864e-06 -6.105192550245231331e-05 -1.905473525492832275e-05 -1.476084204864781360e-05
6.953555746427921846e-01 -1.278473506448463809e-04 -6.631653723627032909e-05 1.246687266632394920e-05 -4.331446808519947227e-05 -1.255151244803948032e-04 -2.184546734133193221e-05 4.068668079296867726e-06 -7.457074024223367945e-05 -6.990511148989574130e-05 -1.143753823047652226e-05 1.921550338828842921e-06 -5.019379834093476092e-05 -1.566886696536284217e-05 -1.229432547581943529e-05
6.995344561305086861e-01 -1.160868254066512714e-04 -6.039599276084685754e-05 1.152611775085127306e-05 -3.908018423405081097e-05 -1.129979991613850335e-04 -1.981367746706762481e-05 3.829608177278522277e-06 -6.694772646961907479e-05 -6.241838528683728998e-05 -1.026806155427475470e-05 1.827710947950181119e-06 -4.476426201208992864e-05 -1.390591498714741970e-05 -1.085203506764659178e-05
7.037287066792784485e-01 -9.645656258978827218e-05 -5.009492782743356126e-05 9.357571727649219016e-06 -3.217403899020514880e-05 -9.305662424600993010e-05 -1.630987075848625993e-05 3.103320577306874107e-06 -5.519733214036795721e-05 -5.156690819889042849e-05 -8.486159213221036973e-06 1.460663563855577722e-06 -3.736524103697168520e-05 -1.164423915537011283e-05 -9.271814274971799000e-06
7.079143033440539190e-01 -8.077061276104906913e-05 -4.188235797340461130e-05 7.819658762429244089e-06 -2.828436430350231127e-05 -8.186944230548081367e-05 -1.426401722001177580e-05 2.637123284024172938e-06 -4.916873231705479636e-05 -4.605857090918015885e-05 -7.561676835340626563e-06 1.263036047051293370e-06 -3.294545197991819758e-05 -1.028879570911661363e-05 -7.973474605216861687e-06
7.121186686741065586e-01 -7.211248710080064319e-05 -3.748491603672878648e-05 7.011732807997439137e-06 -2.425992819214750423e-05 -7.019184357254090116e-05 -1.226870742651065795e-05 2.295457862460866513e-06 -4.128465654497563242e-05 -3.860874626030511128e-05 -6.359644755262403071e-06 1.103757233442329181e-06 -2.743274821815526045e-05 -8.542490633510265523e-06 -6.622263221933060570e-06
7.163134555705721329e-01 -6.300807145851468718e-05 -3.270556995096417712e-05 6.127953838941642368e-06 -2.155285184527625604e-05 -6.231138162056837782e-05 -1.089847556146236956e-05 2.080529935539643511e-06 -3.679094637585085282e-05 -3.434741696802771379e-05 -5.655999630889220553e-06 1.006041952625227749e-06 -2.440199720726243625e-05 -7.589659622161932166e-06 -5.903756558864152629e-06
7.204913713645887396e-01 -5.131298111809145938e-05 -2.652610228071184038e-05 4.855082224210026269e-06 -1.705827186469874396e-05 -4.948102372709828507e-05 -8.603289600938142178e-06 1.585971426900548321e-06 -2.925414737682302709e-05 -2.742195902348511726e-05 -4.488572891059369091e-06 7.466313302753995443e-07 -1.965939930300348966e-05 -6.136773432767920522e-06 -4.802486965816427332e-06
7.246803275165087932e-01 -4.649570282442312544e-05 -2.420701716950928405e-05 4.540303037367394053e-06 -1.557910620475360405e-05 -4.502154136999792470e-05 -7.868267771219827702e-06 1.487095509836669959e-06 -2.623157572546023245e-05 -2.450601280962261735e-05 -4.035721420350827863e-06 7.065223012645193221e-07 -1.739964568339056101e-05 -5.412431358882071824e-06 -4.227886024022146436e-06
7.288763115175647123e-01 -3.845943406309640524e-05 -1.991753189274968891e-05 3.614618929388771642e-06 -1.317422824249439255e-05 -3.807980845124679691e-05 -6.649303084425203533e-06 1.232094307673464908e-06 -2.262800121699153866e-05 -2.110893730029620046e-05 -3.482157716721902273e-06 6.059417592476933579e-07 -1.512624612485769470e-05 -4.700326182159320991e-06 -3.676067376949662502e-06
7.330585840505703388e-01 -3.387236028296336532e-05 -1.758784393682527236e-05 3.199802401059469310e-06 -1.162227786692739060e-05 -3.354338562955816677e-05 -5.859181946253807598e-06 1.079163029232230612e-06 -2.032164928290672019e-05 -1.905134404354192048e-05 -3.139157143840263479e-06 5.272082798562500137e-07 -1.386351541653112643e-05 -4.330269059960596730e-06 -3.415070865704376302e-06
7.372316440474646626e-01 -2.999824136516245182e-05 -1.558022886675160010e-05 2.791488939966691684e-06 -1.076503330394375781e-05 -3.122833812367202576e-05 -5.450307690406374946e-06 9.606611936319195209e-07 -1.906283266380191685e-05 -1.794677319822120544e-05 -2.968826428682831801e-06 4.768581956405736560e-07 -1.308509147763230732e-05 -4.104538379830110746e-06 -3.243587907724757839e-06
7.414228560306842519e-01 -2.564623487047838033e-05 -1.322528929087093297e-05 2.324310751431094094e-06 -8.841287714954106024e-06 -2.558185607681641454e-05 -4.441772199013648273e-06 7.851503731174950000e-07 -1.538722689963529768e-05 -1.444233602401688137e-05 -2.371880859040444368e-06 3.771828182214199693e-07 -1.049061853551160365e-05 -3.287973022119870280e-06 -2.617008136228578585e-06
7.456189213758863676e-01 -2.180576045134663329e-05 -1.135240051569926064e-05 1.987110867802624418e-06 -7.448173778384139252e-06 -2.152069763941762034e-05 -3.770955539569654383e-06 6.701988408458194469e-07 -1.289705338247057702e-05 -1.208782637717759908e-05 -1.996354960931626709e-06 3.224354216819793464e-07 -8.711561025923158467e-06 -2.722091773739403294e-06 -2.137900212914185535e-06
7.498104337627916616e-01 -1.844873578240282649e-05 -9.601449936318776586e-06 1.668782606227827532e-06 -6.407661579680126100e-06 -1.865037992189775041e-05 -3.253264373860935812e-06 5.623929304769576712e-07 -1.124155497030645144e-05 -1.057828847460426178e-05 -1.751244130088513728e-06 2.675074853630640236e-07 -7.650910305086907584e-06 -2.403000089860474847e-06 -1.882517587526206440e-06
7.539974189770904944e-01 -1.577902906326923292e-05 -8.199301895667399486e-06 1.434467813798171230e-06 -5.351051726058535810e-06 -1.559008801384365462e-05 -2.725459814508742508e-06 4.906241800058293379e-07 -9.269339749763642138e-06 -8.735267648947152657e-06 -1.441110538056294403e-06 2.379048848573896865e-07 -6.234483957312914637e-06 -1.962901728459341946e-06 -1.531756259773976708e-06
7.581896411468850294e-01 -1.366479036421905225e-05 -7.086409878241857631e-06 1.186278929770841578e-06 -4.743716711695858057e-06 -1.375472069585888971e-05 -2.399313695357262264e-06 4.028034630860178857e-07 -8.184035557884338009e-06 -7.720865647909391151e-06 -1.275152642673271161e-06 1.941273443042409524e-07 -5.517768297141796292e-06 -1.739640564871185893e-06 -1.362762123564481636e-06
7.623808615479977790e-01 -1.138439215112490159e-05 -5.913870948130632280e-06 1.017791579233300052e-06 -3.706482258059677513e-06 -1.093244811841550607e-05 -1.896535168392196857e-06 3.165102054715362760e-07 -6.345318879311663683e-06 -5.960355412975953238e-06 -9.814259379954778000e-07 1.505556289129981151e-07 -4.233840130979201117e-06 -1.327566725044312847e-06 -1.032641508783687038e-06
7.665651159623174671e-01 -9.727979791969293614e-06 -4.994313407848062744e-06 8.591794395241180718e-07 -3.445838281163660273e-06 -9.931454857606510900e-06 -1.733828586999507309e-06 3.027716329933709068e-07 -5.907962598601900843e-06 -5.526734131158767215e-06 -9.131285476871147098e-07 1.473701410303179668e-07 -3.950138618169302189e-06 -1.224119307712475311e-06 -9.548370953564354242e-07
7.707536355579491794e-01 -8.289458424537152675e-06 -4.300556642221181490e-06 7.322274060428365206e-07 -2.821840374994446698e-06 -8.111420018978252269e-06 -1.427516222636252048e-06 2.414727144636833079e-07 -4.909876832800075154e-06 -4.587204696229983828e-06 -7.601826236577064795e-07 1.173236712901237894e-07 -3.327567592541668978e-06 -1.041037351558741190e-06 -8.187050341660032529e-07
7.749462413082437440e-01 -6.902821130830734759e-06 -3.565768677419357547e-06 6.048729226722906335e-07 -2.381534993686409426e-06 -6.824398783558794169e-06 -1.189447904660699166e-06 1.999784924638033496e-07 -4.022507942071977721e-06 -3.807096857052404100e-06 -6.288391084242203630e-07 9.282527428278895107e-08 -2.723837897076233612e-06 -8.500876434505112917e-07 -6.634921244851982561e-07
7.791369682448587852e-01 -5.913204707716737904e-06 -3.065371890878425476e-06 5.249817039818926264e-07 -1.878082280475342348e-06 -5.555616357593465747e-06 -9.661927710095798281e-07 1.699786615191894579e-07 -3.171375679731907838e-06 -3.014385029783006682e-06 -4.956977192454789982e-07 7.893344206997292664e-08 -2.085390034782161690e-06 -6.604770184579735932e-07 -5.040100576278328044e-07
7.833258353347896108e-01 -5.009778570949724533e-06 -2.569374439076312633e-06 4.361658105708876219e-07 -1.664265986256623835e-06 -4.843842898242433190e-06 -8.401601065458088021e-07 1.437790807498171021e-07 -2.833677833105906674e-06 -2.679651589210633361e-06 -4.424115545406602052e-07 7.012608904513021387e-08 -1.915924376286010904e-06 -5.977139006901854567e-07 -4.643268197932335747e-07
7.875159900600451346e-01 -4.221856422805667959e-06 -2.225772138673746819e-06 3.809800841450437525e-07 -1.538202651515662995e-06 -4.469859714200213547e-06 -7.754733983845149337e-07 1.330005481374593017e-07 -2.717330265586828875e-06 -2.567635275831054035e-06 -4.274306440909423442e-07 6.313298566061916585e-08 -1.874652642950144356e-06 -5.811320854000264064e-07 -4.622277962547594288e-07
7.917084457625156446e-01 -3.562275823928925616e-06 -1.834056336568874047e-06 3.141892460614036956e-07 -1.183583124533007729e-06 -3.393203427055429638e-06 -5.975308876830431526e-07 1.011145576694931444e-07 -1.969408047302548959e-06 -1.840439959369683075e-06 -3.025363262294886164e-07 4.907225800894683229e-08 -1.273339559128427116e-06 -4.014046394892166115e-07 -3.082836182288318272e-07
7.958821468706197555e-01 -2.900999587038759097e-06 -1.545632995934877691e-06 2.647028666217428313e-07 -9.686856611016398348e-07 -2.850335810934721331e-06 -4.963923157425712261e-07 8.737354916036194905e-08 -1.648500339429209207e-06 -1.548732419474054759e-06 -2.556909342214540462e-07 4.042000075426030776e-08 -1.091587023865859204e-06 -3.395194151972209885e-07 -2.688294570051279852e-07
8.000624692379799674e-01 -2.435868813339025886e-06 -1.301430247641469139e-06 2.112500638840640689e-07 -8.861445472500233699e-07 -2.451391177799848994e-06 -4.455654524118244593e-07 7.239060041461670611e-08 -1.463699643386964818e-06 -1.371182185202141619e-06 -2.322884526564838533e-07 3.832838019041516998e-08 -9.808518782732673687e-07 -3.068266838928155413e-07 -2.381440667903496275e-07
8.042564613727184453e-01 -2.227290276653693577e-06 -1.151225437879740632e-06 1.777931327410600051e-07 -8.025538522727149035e-07 -2.206771151231087370e-06 -3.942342157015416918e-07 6.096391166779301724e-08 -1.355654107470115212e-06 -1.250617437285282369e-06 -2.125098143689671832e-07 3.582385718480893179e-08 -8.968268172959520533e-07 -2.811237048188042060e-07 -2.058572769844608238e-07
8.084384822996342201e-01 -1.906278006836431814e-06 -9.409243605407163174e-07 1.599242447456165889e-07 -6.362660629746531527e-07 -1.904020121732671576e-06 -3.204567939045724370e-07 4.878368591254373680e-08 -1.118607374400511098e-06 -1.040705744454856401e-06 -1.698150933040235328e-07 2.563143108191898966e-08 -7.350244184680378079e-07 -2.315858096683017578e-07 -1.898195291146665563e-07
8.126333810499198895e-01 -1.513258290566229326e-06 -7.810234284053455879e-07 1.150987774820291810e-07 -5.195316402864419398e-07 -1.464485537302075947e-06 -2.436041071441162038e-07 3.879222131773325707e-08 -8.311870964374174168e-07 -7.840055556917552510e-07 -1.293492847361246769e-07 2.042699382825105966e-08 -5.715458662640468430e-07 -1.700713014632178555e-07 -1.347983624504846296e-07
8.168271958201180905e-01 -1.339232127231481606e-06 -6.403986882958202704e-07 1.070644400352241493e-07 -4.220510508097570335e-07 -1.230704023599887379e-06 -2.108648148515845478e-07 3.554598375406259509e-08 -6.858702974364665539e-07 -6.416277266629715416e-07 -1.072050793346310677e-07 1.346770206316762550e-08 -4.561513539053448686e-07 -1.406793326196533304e-07 -1.053121204246675472e-07
8.210214995694952167e-01 -1.041186778952246278e-06 -5.511721451582031795e-07 7.825080378895229886e-08 -3.546059462438115865e-07 -1.073494077941402137e-06 -1.809048531390791972e-07 2.529346404188370723e-08 -5.863521919956491260e-07 -5.830882452387603784e-07 -9.543481691317461493e-08 1.312608826768443366e-08 -4.300036943332444852e-07 -1.361856127640234485e-07 -1.016424478341239118e-07
8.252154145000215602e-01 -8.288798069127059849e-07 -4.489929978944093180e-07 6.269233834094594006e-08 -2.922630183263636875e-07 -8.767627719510927089e-07 -1.502995262062575952e-07 2.850971144378186829e-08 -5.639547175816307132e-07 -5.002584264708291553e-07 -8.130230174627920109e-08 1.397026124359100139e-08 -3.551878612591391581e-07 -1.129452545699983990e-07 -8.015521891868418102e-08
8.294030907808404018e-01 -8.057057259429871525e-07 -4.016914934470506043e-07 5.379610182794279980e-08 -2.658700102244756103e-07 -7.680517142943262367e-07 -1.365526856798729414e-07 2.205699873803693250e-08 -4.311558382127891761e-07 -4.109113441530879933e-07 -7.176403085273285320e-08 1.080827039121141782e-08 -3.179040650105003332e-07 -9.283059529191013814e-08 -7.621899819336096754e-08
8.335906150371191758e-01 -6.058627643016676288e-07 -3.132823513606574325e-07 6.589812478499172657e-08 -1.824535084661551220e-07 -5.346927730211314398e-07 -1.032107438604038696e-07 1.502153441425758043e-08 -3.678742671511406861e-07 -3.457048861122428449e-07 -5.409383885874210158e-08 8.170393671727675857e-09 -2.662528524859536688e-07 -8.801693929502173801e-08 -6.398586634263084076e-08
8.377685032221774408e-01 -5.621846814984760394e-07 -2.783112967684990152e-07 4.100532534703650888e-08 -2.214919432482268573e-07 -5.302385250918373354e-07 -9.345219157201547088e-08 1.511593628057331494e-08 -3.391588781748780325e-07 -3.202921883691544424e-07 -5.033698069985179057e-08 6.752784788292767415e-09 -2.430707405043768359e-07 -7.994420320237206578e-08 -5.583319506927159887e-08
8.419567297582307708e-01 -4.542171110079936641e-07 -2.116464933212160195e-07 2.123236443583961653e-08 -1.228355512164611107e-07 -4.055334367386441520e-07 -7.138028387810893385e-08 1.568418804292763016e-08 -2.330721024024749148e-07 -2.163311578363704109e-07 -3.829041452107536643e-08 4.976079835769026749e-09 -1.559757736189672784e-07 -5.562389371400558706e-08 -3.568103312147443189e-08
8.461556544987137718e-01 -3.584590143124087450e-07 -2.093778721988693826e-07 4.072920889915649651e-08 -1.076166287937511774e-07 -3.431282409595776302e-07 -6.668798608343835376e-08 1.538237404432647669e-08 -2.009807452658282604e-07 -2.007237487571256710e-07 -3.881778831038628583e-08 7.504518912753980759e-09 -1.335018190309307367e-07 -4.472101463214225528e-08 -3.338854509179587146e-08
8.503430790983292908e-01 -3.546442471484186534e-07 -1.721624437196484785e-07 2.659614864139329223e-08 -1.097862158155560782e-07 -3.481253680367165095e-07 -5.160907524924908289e-08 1.558431716910782265e-08 -2.154662387392745224e-07 -1.580669114306623380e-07 -2.670120611779971565e-08 3.591687095345790050e-09 -1.237537196237196432e-07 -4.033007571287604277e-08 -2.626426805877731246e-08
8.545245840949285965e-01 -3.064034554502685570e-07 -1.244477718653029915e-07 1.668560477243924303e-08 -8.443310348083024546e-08 -2.753968695063255534e-07 -4.359531732020338139e-08 9.680011463894496030e-09 -1.808935308269737983e-07 -1.557708280640297720e-07 -2.481650267933735762e-08 5.219146217902858329e-09 -1.123631788309894903e-07 -3.440098533428687635e-08 -1.550235024760004672e-08
8.587196449246210506e-01 -2.394927438539044293e-07 -1.050662607142938841e-07 2.102468548419084009e-08 -8.452334772507178006e-08 -1.972147446696187802e-07 -3.412843085943240882e-08 6.295371029443199690e-09 -1.116581736140259876e-07 -1.004940965438561292e-07 -1.730833006135007476e-08 1.671830666046278599e-09 -7.297902509370020663e-08 -2.529220918218809449e-08 -2.196957271283811307e-08
8.629074348139629258e-01 -1.948088103107067793e-07 -7.794358287153634526e-08 4.111424257972394005e-09 -6.126381382380170067e-08 -1.736025537143612396e-07 -2.953323014659515277e-08 -5.771226511625370921e-10 -9.780760424871234297e-08 -9.133768132673576087e-08 -1.900122465600232248e-08 4.727368891634100470e-09 -7.463547796882817487e-08 -2.530877820385828201e-08 -1.669052057843234723e-08
8.670852844200982457e-01 -1.350139724906055046e-07 -6.601549581167369732e-08 1.637334693669613759e-08 -5.273862127618185043e-08 -1.262876024311307021e-07 -2.505115973635259283e-08 5.982338748825686278e-09 -1.030059794365683440e-07 -1.124623882643515145e-07 -1.472449130035136760e-08 7.319547091807907539e-10 -5.888541110347976808e-08 -2.084080494884672262e-08 -7.988362273333931905e-09
8.712764316473343706e-01 -1.302590922353425902e-07 -6.605976301095474112e-08 9.445370069562357481e-09 -1.033585295203003157e-07 -2.144771756399026817e-07 -1.228205200907803468e-08 1.102637178238627949e-09 -1.145263080606738781e-07 -9.906048259919486866e-08 -1.104602436948321736e-08 -2.386176060202817707e-10 -4.636190973106279045e-08 -1.908461947795839414e-08 -1.009035883396231368e-08
8.754762476624626810e-01 -1.469835646192219483e-07 -4.152376222506991415e-08 6.487908822243302552e-09 -3.794877639150486113e-08 -2.300620686004099815e-07 -1.979853463908883147e-08 5.612063216323719873e-09 -2.697658087251305397e-08 -1.031199690439498063e-07 -1.204225339695298023e-08 2.357648439461997284e-09 -2.478292521354307772e-08 -1.056952245232336885e-08 -6.176506824594347346e-09
8.796707865602606535e-01 -1.257976055365614336e-07 -3.483373248781243521e-08 5.892024670091585445e-09 -6.828347466255199263e-08 -7.627128781799652946e-08 -1.575085758514331755e-08 5.485708126321668660e-09 -4.710153893103952973e-08 -4.659728702219481006e-08 -6.004353555268509101e-09 -6.680604709077545097e-10 -3.309492700509857531e-08 -1.427405308673237339e-08 -2.124981101137500497e-09
8.838562222970675064e-01 -1.243091365749592366e-07 -3.761851385271395207e-08 1.692641517585220786e-08 -2.863615134444325565e-08 -1.040351722750229093e-07 -1.390368415627074806e-08 6.262555483096330240e-09 -5.405955828747939770e-09 -3.796325412094626168e-08 -7.590291829128855091e-09 9.355705174531989336e-10 -1.243017559567504566e-08 -4.419887134856859582e-09 -5.665371462526416944e-09
8.880381764417510926e-01 -5.048349835076637161e-08 -2.917490462277764989e-08 1.032802893628404225e-09 1.955099386516705106e-08 -3.132494784234133489e-08 -1.341310981911503321e-08 1.355946010288244802e-09 -3.137342216070069344e-08 6.982243521963662707e-09 -4.890295578582357719e-09 5.241863577575812080e-11 8.178873040569645169e-10 6.430151983924797782e-09 -3.380912757047548740e-09
8.922270316229049536e-01 -6.928681853353746919e-08 -2.804478638122342566e-08 1.349617652571404810e-08 -3.894595912092208636e-08 -8.270489373896637360e-08 -1.159764447117335605e-08 3.180086615235032041e-09 -3.377235148751395099e-08 -2.843898239746969596e-08 -2.895440507529061872e-09 2.165874643489870949e-09 -2.488809857350014006e-08 -2.884402872150567282e-09 -2.191807270903537904e-10
8.964225585562245469e-01 -1.411852418220372059e-09 -1.153355429828962487e-08 -4.704664807854737985e-09 -1.701762461276118335e-08 5.967436293206807883e-08 4.699997392348990341e-09 -5.536708523903875412e-10 2.579521417074624064e-08 1.241927329265486082e-08 1.026526426623890650e-09 -1.227736965153910153e-09 1.550022126931534398e-08 -1.311275306041638681e-09 2.213489710577767589e-09
9.006049913569987853e-01 -2.323087342416275373e-08 -4.457738795467675162e-09 -1.198289571185928588e-10 -6.959716129506335259e-09 -1.637794707295504614e-08 -3.885594958044200707e-09 -2.557099626732690756e-09 1.430996397452851708e-08 -1.141021070185676596e-08 -5.550203155998648760e-09 4.003393108687788144e-10 -6.563115952726524950e-09 -5.817109149856505798e-09 2.101133945474650564e-09
9.047836582182254839e-01 -1.541881260269052450e-07 -2.741654156846353340e-08 1.376363815983998307e-08 -2.440554098351764831e-08 -5.066693380738583786e-08 -4.852681411230924690e-09 1.919066823478619942e-09 9.669265418064511844e-09 -1.241121312472812223e-08 -1.107125978259039336e-09 1.191422859303854856e-09 1.521184376154481570e-09 -5.282434924778963945e-09 -6.063219396602345595e-09
9.089780964569278421e-01 -1.787199601204903197e-08 -4.828347827719394220e-09 -7.572699906435987621e-09 -1.220750578793454555e-08 -6.329277278918769399e-08 -2.883805431969557056e-09 -1.101440394109820149e-09 3.035166148376989321e-09 -1.812810556829533759e-08 -3.307231438080208684e-09 5.574900839014947077e-10 1.447512192083898885e-08 1.733737788865558579e-10 8.085130524343010080e-09
9.131704587403689510e-01 -9.586991556849313094e-08 -1.881463106616812097e-08 1.249399469560657497e-08 -3.386614316153656437e-08 -5.847649356989437664e-08 -4.767244294479783605e-09 1.945336893394883471e-09 -8.401715582731840460e-09 -1.810330245135361953e-08 1.561594442478101294e-09 5.805145120674549383e-10 2.120528956863470411e-08 -2.835667975706895902e-09 1.210867200814991603e-09
9.173547920329833127e-01 -1.031529217634744989e-07 6.372169274877958296e-09 -2.146913367699639814e-08 -2.203171763342945327e-08 -5.697031021252505920e-08 -5.839235048903806877e-09 -5.917753778426016997e-10 -1.038336493231338372e-08 -2.893926364851639774e-09 -4.502791198177227582e-09 1.642379755741894066e-09 -3.268057807512117356e-09 1.031339191570727669e-09 3.984542926670357323e-09
9.215425617950214754e-01 -3.322774675667281239e-08 5.842940474869468660e-09 -7.028387940013061894e-09 4.058739114440679613e-08 -6.043900281810978973e-09 4.003747747308472222e-10 -2.318013514435719705e-09 3.835725981099085870e-08 1.675701058414816138e-08 -3.551213376111653426e-10 -6.750351009417107651e-10 9.215362677540683117e-09 5.841699045193460780e-10 -2.438972886711750845e-09
9.257400405750663142e-01 -3.225109654113104118e-08 -1.007417037186364780e-08 1.168888396060350242e-08 -4.930131993389050980e-09 -8.712927132593275177e-09 -3.206428260007682609e-09 2.101703062616108277e-09 1.754473860842550116e-09 -1.903749770900692666e-08 1.437244608828519885e-09 1.180190536854083612e-09 3.494886035318399636e-10 -2.723369862176006210e-09 3.864247751818764070e-10
9.299303352268617484e-01 -2.481830805535542938e-08 -1.603555043718674923e-08 1.752479559998577658e-08 -3.443746938209231564e-09 -3.413802520643754879e-08 -2.413586721403735844e-09 2.799549743191661499e-09 -3.435110455394068224e-08 -1.685917669320899014e-08 -3.013165133669721716e-09 2.372382381404405323e-09 -3.198554237565457148e-08 -4.757798157000550788e-09 -6.323811846214889008e-09
9.341108300097852313e-01 -1.996243501208851678e-08 1.058621657390490801e-09 -1.330745570067500848e-08 -2.612455332351676025e-08 1.589793689706842812e-08 -4.677916780447475802e-09 -6.604248785699719715e-11 -1.016310570854230612e-08 6.753838028169118875e-09 -1.824701058107564493e-09 2.423460522911332129e-09 -1.218862788325845964e-08 2.561574979765021698e-09 -5.903028600646530160e-09
9.382896253999645220e-01 -6.543128369944618422e-08 -4.981236462867825262e-09 5.353339469525721478e-09 -1.097855528260991970e-08 -6.687503817529915000e-09 -1.520254961537079388e-09 7.319320821103765246e-10 -2.462928874329162506e-08 2.132050321041108620e-09 -2.366416827964301818e-09 1.355405915330960626e-09 -3.261322723948016124e-08 -5.290372411898951486e-10 2.020447407862671413e-09
9.424819561228944265e-01 3.834347427660377071e-08 -8.670474471194685587e-10 7.655131171281417595e-09 -6.577424718195603260e-09 6.020386297216078680e-08 -1.681570265895348005e-09 1.898458049614125493e-09 -5.591379859923600169e-08 1.437760121295748820e-08 -4.824628197089585240e-10 -1.345397787846871619e-09 -2.118052073997946272e-08 -1.377589015779216185e-09 -6.327022445164399633e-09
9.466849863120379016e-01 2.645503705026763301e-08 -1.298547755758322558e-08 1.149939465764613350e-08 -2.787219135494650895e-09 4.895752483583848821e-08 1.043082127323943185e-09 -1.409824503389516474e-09 9.219343742110090846e-09 2.083270828172806003e-08 2.382079678120666669e-09 -2.826463140016612792e-09 -2.180010444387581054e-08 -6.426967926097655796e-09 -8.159856200636066182e-11
9.508714331057195324e-01 4.505739752075949744e-08 -9.911089701254906457e-09 -8.869457187185240229e-09 4.404235634560781836e-08 4.357558636497824464e-08 8.044717129401139997e-10 -6.267678350951218313e-09 5.001161309278781771e-08 1.867852691855754999e-08 2.382754416034717528e-09 -3.305736740610985954e-09 3.095228389892501691e-08 7.259791272435174521e-10 7.245555232079994453e-09
9.550563230073290111e-01 1.571666309130445359e-08 9.115675630758754239e-10 -1.503606038071019692e-08 3.021915084203055163e-08 2.379642691498632785e-08 2.230642106673686626e-10 -6.127376408216021355e-10 -1.462962128438953784e-08 1.906521303578669606e-08 1.267557436850213569e-09 -1.093847887464059468e-09 1.157477592570584434e-08 3.831628014272307171e-09 -3.101436427574310652e-09
9.592513211539739348e-01 -4.998631830293365455e-08 3.099583623000253315e-09 -9.758192025544517292e-09 -1.052768901142712313e-08 -7.116473031496923513e-09 2.393183154490410414e-10 2.149541765352179856e-10 -1.271636316740069740e-08 1.403521835308382377e-09 1.501833694181263239e-10 5.101084461436290223e-11 -3.078633495284312528e-10 4.438318067523739626e-09 7.582622711125016399e-09
9.634451052878124644e-01 1.045107715806884183e-08 3.341900537373138799e-09 3.721526942322294770e-09 6.873448581655926211e-09 -1.976766725983797273e-08 -1.793706160757115218e-10 -1.404796688055852889e-09 -2.318725379500527429e-08 -7.730832400460439552e-09 -7.680764490385675649e-10 3.261657424382039515e-10 -9.348044234485917028e-09 1.533133245287083929e-09 -5.724993354201864440e-09
9.676230540453005791e-01 -8.047904370008981650e-08 -1.661952384953218025e-08 1.229378317810851734e-08 3.790235424815646467e-08 -1.530238259056424141e-08 4.130188087866623812e-10 -1.878099152794735264e-09 1.768056640402905984e-08 9.113840453872579392e-09 1.016805464934069248e-09 7.280839873443007877e-10 -6.261043468621631796e-09 -1.373299888793188288e-09 -1.202967222997994179e-09
9.718094297475188270e-01 3.027550383110217953e-08 -7.332437477058250342e-09 -2.781457903715090416e-09 2.590118963562091082e-08 3.870086563225247396e-08 3.335476910566360879e-09 -4.153938510342119016e-09 -1.915043479271293491e-08 -6.806799413143378729e-09 -2.216622757703278315e-10 -7.454624326675609254e-11 -2.077838194601408563e-08 -3.968526819249487496e-09 -1.038326728995175509e-09
9.760091362076940280e-01 1.304739654057368712e-08 -7.442285995438963241e-09 6.904966199242044911e-09 -1.051022725054460409e-08 2.036929997879909451e-08 -2.091815657598406845e-09 6.177301890216661042e-10 -5.008084078040506318e-08 4.836562618744068290e-09 -1.656125191563324855e-09 -7.876166941061304596e-11 -3.044926174370169472e-08 -1.492343473270874582e-09 -7.527596050148352280e-09
9.802075838006468755e-01 -3.346876689821023288e-08 -1.083026506653800494e-08 9.685088927745564003e-09 -7.969354802233639809e-09 2.020827224307042309e-08 8.908905156763610097e-10 -2.056033176099834398e-09 -7.735367479649637187e-09 1.004761110173865770e-08 2.770151724884876027e-09 -2.215949595908376185e-09 -2.060116448085399959e-08 4.678314918350682866e-10 -3.497473052943193468e-09
9.843901124947946890e-01 -1.575219766607841448e-08 3.581127771267920446e-09 -3.933501353940946239e-09 3.457633890963238113e-08 3.029464787951965775e-09 2.724300473540667633e-09 -4.703194081994844634e-09 5.732889177506302441e-08 -1.021666147152208170e-08 6.167634053399124171e-10 6.662561300076425902e-10 2.087645862415235543e-08 -8.637952568986675221e-09 4.352134436663329467e-09
9.885650797815361823e-01 9.296506149414964640e-08 -8.852110766979281228e-10 -2.698410702269726326e-09 2.191207896078379034e-10 5.111516773756336379e-08 7.607917509177011125e-10 4.196523217696919560e-10 -3.114314857184876146e-08 -8.861990918296360610e-09 1.628947236960828367e-09 -6.188054599499872091e-10 -3.387327097349707229e-08 -3.884343475672612114e-09 1.780378217709992959e-10
9.927561705083151056e-01 1.288509465931348043e-07 6.298289282044488161e-11 -2.163754902993818936e-09 1.444704011218006558e-08 5.158894252550865144e-08 4.156910354745371370e-09 -3.372956034582442660e-09 -1.430510376547722146e-08 2.074635981686333890e-08 9.587281708993554017e-10 -3.479726033002514491e-09 -2.133120962557502317e-08 -1.488047091436222849e-09 2.101540042929517148e-09
9.969400597939003239e-01 7.341510397559496182e-08 -2.044757887866320561e-08 1.577897694002076766e-08 5.040777106778813305e-09 -1.989868533003198888e-08 -1.673845237453710245e-09 3.568873061315563644e-09 3.490800911648639640e-08 -8.101552362802839235e-09 -1.032274562704822948e-09 1.210497048103307061e-10 2.503279116752709558e-08 -4.336257197987977472e-09 6.004884352370848725e-10
1.001125867816581083e+00 -5.469383422755945773e-08 2.656184885290538886e-09 6.474352226955750239e-09 -2.640815340696630325e-08 -7.186302039907316024e-08 2.038555858360035650e-09 -7.456364762771745534e-10 5.497701683458863369e-09 -3.370064944251388980e-08 4.453069142035579305e-10 -3.157134408185896379e-09 2.670009287719118434e-09 -7.275519091142957635e-09 2.508888249711979297e-09
1.005315482813002204e+00 1.147982698899728223e-08 -2.781476589501956314e-09 -1.257276127044615557e-09 -2.262436495639329648e-08 9.563993617464160136e-09 -1.609734655736680165e-09 2.314687818391961101e-09 -2.206724256988873931e-08 -1.321772713692553809e-08 -1.966813047293685784e-09 -7.219032979869808883e-10 1.911451738984083846e-11 -6.993487864144742305e-09 5.445909963945857379e-10
1.009503724426713545e+00 -2.333720637822082622e-08 1.385557969664893805e-09 2.358316829968987678e-09 -1.304747011450948440e-08 -2.956370336372471618e-08 1.913799395319348008e-09 -9.221655167348468380e-10 -3.229915962103730219e-08 -1.759434884310671496e-08 -1.187118313211199976e-09 -1.330184740392003656e-09 -2.194458815054506160e-08 -4.407844927145992165e-09 -7.900643240078802689e-09
1.013699103815393299e+00 -4.923337349488705748e-08 3.988920871105113569e-09 -3.695926350559317765e-09 -2.440125543957285315e-08 5.273012085896376520e-08 3.036651056753266486e-09 -6.543393854570092100e-10 -2.681015765826794284e-08 2.860254785964124372e-08 1.918391376689832026e-09 -2.198070666181279681e-10 -2.810739679429604928e-08 3.154533659122589705e-09 -1.077635579102963085e-08
1.017885842421875964e+00 -1.181840601438363264e-08 2.422074368311665143e-09 -5.186296160882299612e-10 6.452688830723966190e-09 -2.827885857018410200e-08 -2.105884221235908701e-09 2.579241447860208996e-09 1.781340808386601237e-08 -1.242299425556232023e-08 -1.745956111601546857e-09 2.376875435872796933e-09 1.106859692715032452e-08 -4.490418671503577738e-09 1.609906221926723088e-08
1.022076284359184406e+00 6.351437259459466436e-08 1.419990630043039498e-08 1.162964169834434475e-09 2.563692463532250375e-08 6.429995526237170683e-08 4.062231117962403482e-09 -4.304696126656250339e-09 1.885990847366682142e-08 2.582528530203626184e-08 -3.515719483689625623e-11 6.655347890145454217e-10 2.066778476703119905e-08 7.459358636035346812e-09 7.895866665592366869e-11
1.026273875264014812e+00 6.064307488696321815e-08 7.995375174028481193e-09 -3.993734006921409430e-09 -2.082143918606428573e-08 -4.125017541179526643e-08 -2.705960006960199213e-09 -2.426291869326244186e-09 -3.319628922640697456e-08 -2.855631975961832672e-08 -9.922003980241590309e-10 3.007530756231855367e-10 -2.575653609676187210e-08 -5.493586827424794426e-09 -8.031025868477679687e-09
1.030463237552156075e+00 -2.732471687297300317e-09 -3.805978293469499225e-09 1.290669611130139617e-09 -9.180778770665783523e-10 -9.816880709198408403e-08 -3.091007914520006505e-09 3.810828919127975144e-10 -3.514798759051912133e-08 -4.912457341611817456e-08 3.136139267321409930e-10 2.217526690675526800e-09 -1.382822073117050047e-08 -1.153575944050282352e-08 7.806678887847474617e-10
1.034646639530784062e+00 -1.650301593381844791e-08 -9.684525338634633118e-09 6.139724393134418832e-09 2.012680755968135782e-09 -3.978026832482237399e-08 6.614121012116321805e-10 -3.046758745126600019e-09 -1.900229534663923899e-08 -1.336604420502432605e-08 -2.239301436640804762e-09 3.025910206880582746e-10 5.084471947808237647e-10 -3.506804309703082172e-09 2.590217064854654678e-10
1.038830480088573260e+00 3.891015906343573017e-08 -2.296762287022336224e-09 -6.123132326450085918e-10 1.645587678527736203e-08 -6.784198008506783307e-09 -1.854594345372191388e-10 -1.942319614603472062e-10 2.042128310614477712e-09 1.417647571769072493e-08 2.449046981882772805e-09 -6.877737981205232933e-10 -1.838938272834945290e-08 5.594339263722842100e-09 8.683356703394817135e-10
1.043023229532383578e+00 -1.936118097951612473e-08 -6.962218953420654101e-10 -5.379585773546635317e-10 7.175371774494061135e-09 -4.173335727140791677e-08 1.519141348141163196e-10 1.417858514648790697e-10 -1.272621026545355624e-08 -1.367016763974466174e-08 3.245299000716622592e-09 -2.031295776353274620e-09 -1.246095113874112559e-08 -5.459877011048569804e-09 -1.396688834931359046e-09
1.047211320931656031e+00 -5.437019473608282667e-08 4.585367908491328289e-09 1.359311123176271353e-09 8.739454360333100289e-09 -1.972908959548731496e-09 2.713689340901924157e-09 -6.486664540482632770e-10 1.936108244016637127e-09 -5.031224546690771445e-09 2.513637715927994876e-10 -6.612422162422927518e-10 -2.094098248535482492e-08 4.242467897142911014e-09 5.619350250991074575e-09
1.051395396220772938e+00 -8.763013142566474101e-09 1.276706045594842091e-08 -5.558197199910406448e-09 -5.301172049344298104e-09 -3.615268961766258895e-08 -3.819178766664606496e-09 -1.300768976192615080e-09 1.726260650214600009e-08 -1.807451356781779895e-08 -1.297989603083041377e-09 1.481956799086234187e-09 4.566171221788758860e-09 -2.431115731786567414e-09 6.935183933504053670e-09
1.055587561333155788e+00 1.298334902915936391e-08 5.264064550259316076e-09 -7.350269294139997849e-10 3.769103784637908252e-08 1.883299579167154535e-09 -4.341316534670649797e-09 1.433734301923060814e-09 1.302540694703790496e-08 7.800381366254441819e-09 2.634522667292491569e-10 6.080103034992018224e-10 2.199523211777462471e-08 7.401763391617351193e-10 1.070188143438291762e-08
1.059780855230085139e+00 -1.000090977583562476e-07 1.223435855501125566e-09 -3.851976973454330345e-09 5.463224889532606297e-09 -9.229542057616807158e-08 -2.639021883967995275e-09 -5.910386619700412486e-10 -2.891167218492848053e-08 -2.948609972942230532e-08 -8.955828298741350766e-10 1.306634076461368533e-09 -1.770898718901465353e-08 -3.432404735383373353e-09 -6.370916786022615895e-09
1.063968553353427993e+00 6.762086391655129687e-08 5.647350043071279549e-09 9.472991772592858226e-10 -1.208742465137087966e-08 1.354106555174414722e-08 5.549828501602414894e-10 -1.159817213091920286e-09 -4.308101853463789835e-08 -2.153731340034064972e-08 -2.761343536047988236e-09 -2.866314766538215688e-10 -2.350023836698138042e-08 -5.563837023096789731e-09 -7.909329009979372141e-09
1.068144877931138659e+00 1.175828725159281226e-08 3.323016026025976456e-09 -1.229264156154664057e-09 9.978614806087841703e-09 2.805451003159434355e-08 6.340040296726184003e-10 4.031890779218364243e-10 -2.120277729882376057e-08 2.749174691294329804e-08 1.350247745166920653e-09 3.021157192226629104e-10 -3.962165849973493099e-09 8.024835009140633038e-09 7.950649647343569779e-10
