# Columns: ('k', 'S1', 'S2', 'S3', 'S4', 'S5', 'S6', 'S7', 'S8', 'S9', 'S10', 'S11', 'S12', 'S13', 'S14')
5.345493089407682419e-03 -9.502883063422308041e+00 2.109795789930555657e+03 -1.847036234537760180e+01 6.800836181640625000e+01 -1.141183471679687500e+01 4.849052734375000000e+02 -4.734600067138671875e+00 1.066740790473090215e+02 -1.137791358100043304e+01 1.870068766276041572e+02 -1.420843760172525894e+00 7.018726942274305713e+01 -2.457323074340820312e+00 1.732090759277343750e+01
9.344366739594166943e-03 3.736640684066280027e+00 1.933549773185483900e+03 -4.734642767137096975e+00 3.444750582787298043e+01 1.895374667259954515e+00 5.584412172379031745e+02 8.526894846270161921e+00 2.733695934664818594e+01 3.749177502047631005e+00 3.120618384576612812e+02 7.200703282510080072e+00 1.507578695974042304e+01 3.845933483492943172e-01 3.961628083259828514e+00
1.312833575873958818e-02 -2.289940160634566269e+01 2.433852678571428442e+03 7.017059948979591510e+00 1.151554727359693828e+02 -1.968251504703443544e+01 7.933772321428571104e+02 1.044781120455994738e+01 2.062125318877550910e+02 -1.567224494778379906e+01 4.721302614795918089e+02 5.840241101323341510e+00 1.534617047991071388e+02 -2.989896813217474136e+00 4.148082748724489477e+01
1.700891779646987109e-02 -5.504227120535714590e+01 3.133593452380952840e+03 -1.095847098214285751e+02 2.385131324404761983e+02 -6.612245163690477057e+01 1.081861235119047706e+03 -3.563573753720238102e+01 4.287723586309523967e+02 -6.527241443452381020e+01 6.486032738095238983e+02 -2.388782319568452550e+01 3.120391183035714562e+02 -1.756247442336309561e+01 8.095292038690476488e+01
2.135270783943789275e-02 -3.171237165178571260e+01 3.441422857142857083e+03 -2.801865848214285961e+02 2.783940625000000182e+02 -6.071193080357142691e+01 1.042926607142857165e+03 -7.334972656249999545e+01 4.250121428571428623e+02 -4.689751116071428783e+01 5.838831696428571831e+02 -3.840169642857142662e+01 2.860228794642857224e+02 -9.857681361607143700e+00 6.980251116071428896e+01
2.564347439342075027e-02 3.623880208333333286e+01 2.453748055555555766e+03 -2.836391666666666538e+02 2.590797569444444548e+02 -1.214232096354166579e+01 8.208441666666666379e+02 -8.379010416666666572e+01 3.835562847222222445e+02 -1.831645616319444514e+01 4.602597222222221944e+02 -4.003134114583333059e+01 2.514425868055555497e+02 -5.599449869791667034e+00 6.157708333333333428e+01
2.962205054058980949e-02 2.986682412790697683e+01 2.269128322259136439e+03 -3.061939368770763963e+02 2.587082381644518136e+02 7.081889307776163101e+00 7.414710340531561314e+02 -1.058480261108803973e+02 4.162207225913621187e+02 -2.559298594528654380e+00 4.121949231727575125e+02 -4.985693846034052967e+01 2.797582277823920549e+02 -3.303734662128841482e+00 7.039665957225913928e+01
3.361537140302770649e-02 -1.655782480314960736e+01 2.066187828083989643e+03 -3.494332759186351609e+02 2.826783546587926708e+02 -3.470228684793306684e+01 7.047850229658793069e+02 -1.252903133202099752e+02 4.110302657480314679e+02 -2.838187694799868765e+01 3.733847604986876831e+02 -5.371868848425197029e+01 2.512738681102362079e+02 -6.554021079396325611e+00 5.825366018700787407e+01
3.793950633336700545e-02 5.732066823555166479e+01 1.818286777583187359e+03 -3.586622427758318850e+02 2.680736372591944132e+02 4.784198500437828017e+00 5.852215411558669302e+02 -1.072638463222416760e+02 3.840039678196147293e+02 -1.943086587401488652e+00 3.085266801663747742e+02 -4.755590178962346926e+01 2.356130418126094526e+02 -1.595841656633099737e+00 5.448358143607705983e+01
4.227894994616508695e-02 6.921934375000000728e+01 1.643557800000000043e+03 -3.770420750000000112e+02 2.979578999999999951e+02 3.424221093749999945e+00 5.425038500000000568e+02 -1.226111250000000013e+02 4.334051000000000045e+02 -9.646381250000001017e+00 2.774829250000000229e+02 -5.064480937500000124e+01 2.652203499999999963e+02 -4.622016015625000307e+00 6.205868750000000489e+01
4.633325468672155889e-02 4.766360703875171367e+01 1.507371742112482707e+03 -3.910441958161865159e+02 2.766100394375857263e+02 -1.593035193758573342e+01 4.876964591906721012e+02 -1.155135995370370239e+02 3.962518861454046259e+02 -2.825717485425239772e+01 2.449912122770918756e+02 -4.903688164437585328e+01 2.382598379629629335e+02 -1.024550834833676127e+01 5.404817172496570521e+01
5.038752484052157893e-02 8.512594749173098307e+01 1.289556918412348523e+03 -3.557349090407938093e+02 2.483897119625137861e+02 1.998898325523704500e+01 4.308893329658213815e+02 -1.144086445700110204e+02 3.671872588202866723e+02 2.084898220007580072e+00 2.147051750275633992e+02 -4.620613543963616365e+01 2.262149255788313269e+02 -1.634477743634578317e+00 5.252318339994487673e+01
5.464179025701254577e-02 8.466554752066114986e+01 1.253028122130394877e+03 -3.850691000918273517e+02 2.852774047291092643e+02 3.156525840794306603e+01 4.303310663452708695e+02 -1.349350321395776007e+02 4.058338785583103459e+02 1.076189989382461043e+01 2.060960600321395759e+02 -5.069180082070707272e+01 2.355704775022956881e+02 -4.704163886736684730e-01 5.337920038452708837e+01
5.886817576171304162e-02 9.986913906124898688e+01 1.242891212970376273e+03 -4.236791933546837186e+02 3.104891413130504247e+02 4.204828237590071893e+01 4.235368795036028473e+02 -1.472745196156925545e+02 4.489040232185748209e+02 2.055524732285828549e+01 1.985282726180944621e+02 -5.622610588470776349e+01 2.571381855484387415e+02 1.605398381204963920e+00 5.551230984787829925e+01
6.290140616743733482e-02 1.329881292906178487e+02 1.165213196033562326e+03 -4.410244565217391255e+02 2.770002860411899519e+02 5.974450562547674082e+01 3.724230549199085090e+02 -1.408169098016781220e+02 3.780651697177727328e+02 3.235028127383677088e+01 1.649660326086956559e+02 -4.977266280511060614e+01 2.096844488939740643e+02 3.662066543311403688e+00 4.522405665999237101e+01
6.703999982739437813e-02 1.010445813361294256e+02 1.056680272618334357e+03 -4.201912447573397458e+02 2.659457197423607226e+02 2.635010906605752012e+01 3.440255766926303522e+02 -1.344708845116836358e+02 3.569556620730976988e+02 -4.111461824539395238e+00 1.531659676452965755e+02 -4.759611855901737698e+01 1.947896757040143711e+02 -5.392352854441281984e+00 4.141331822947873320e+01
7.134254604642074893e-02 1.717277001612036713e+02 1.031984215475550855e+03 -4.269545943041375722e+02 2.952481864588930875e+02 6.762234265851692783e+01 3.479845513164965496e+02 -1.451480890650188087e+02 4.081528076303063131e+02 1.601532904016657710e+01 1.523227935249865652e+02 -5.132501427324019971e+01 2.238212990327780858e+02 -3.737517736599946350e+00 4.717247111767866841e+01
7.561818311969153994e-02 1.388010191846522901e+02 9.226581534772182067e+02 -4.111743405275779537e+02 2.568553357314148684e+02 3.957805755395683889e+01 2.996834532374101059e+02 -1.311024130695443546e+02 3.411169964028777031e+02 4.134916441846522517e+00 1.278851468824940127e+02 -4.512610161870503589e+01 1.830129646282973681e+02 -3.543079052383093508e+00 3.838754496402877692e+01
7.973924982214039558e-02 1.604480266177145609e+02 8.251730151445617594e+02 -3.798127007801743957e+02 2.664634580082606590e+02 8.431163234281780205e+01 2.746462826984855496e+02 -1.265384350619550275e+02 3.678371959614502202e+02 4.767400111863240397e+01 1.145358966268930772e+02 -4.168318322625057704e+01 2.008592244148692032e+02 6.632761856786370203e+00 4.269958983478660031e+01
8.385356877962653332e-02 1.593906436233611430e+02 7.927872963845848062e+02 -3.826053088994835321e+02 2.590897894318633234e+02 5.699418951132300037e+01 2.657109654350417145e+02 -1.268622616209773497e+02 3.585023837902264745e+02 1.448399477304330496e+01 1.102779971195868143e+02 -4.236974821215733300e+01 1.974694328565752812e+02 -1.641942990787643941e+00 4.243178262812872248e+01
8.809929214337092196e-02 1.923157376618830767e+02 7.133802502625130728e+02 -3.573395169758487668e+02 2.350930609030451421e+02 8.430574028701434486e+01 2.327135544277213910e+02 -1.170168008400419950e+02 3.204065015750787211e+02 4.070710644907245523e+01 9.191673958697934665e+01 -3.732221572016100453e+01 1.732249628106405339e+02 4.210240199509975412e+00 3.689827889831991570e+01
9.230415729057904473e-02 1.710885050986292129e+02 6.580129973253092430e+02 -3.449120904379805665e+02 2.200821631561350671e+02 7.653821882313607716e+01 2.158909227683049039e+02 -1.133005579237713079e+02 2.945268931795386038e+02 3.535619880474757082e+01 8.267973190404546813e+01 -3.511898978184553499e+01 1.535975635239050519e+02 3.811869527854396367e+00 3.145058090939484785e+01
9.643309047658384092e-02 1.953349363829142646e+02 6.221903211148137416e+02 -3.371508255074219846e+02 2.287701832777946152e+02 9.165901431384429543e+01 2.088711186004241256e+02 -1.130851351863071841e+02 3.145677446228415874e+02 5.113884523629203471e+01 8.234155369584973982e+01 -3.721498220236291843e+01 1.692296084519842339e+02 7.560049866517721817e+00 3.536008027870342119e+01
1.005689403076158450e-01 1.942516129032258050e+02 5.583246143057504014e+02 -3.159383239831697097e+02 2.063123071528751780e+02 9.233397615708275907e+01 1.848438639551192182e+02 -1.055907696353436194e+02 2.778507012622720822e+02 4.439947405329593266e+01 6.887800666199159139e+01 -3.251711079943898852e+01 1.445370792426367643e+02 4.718498531732118195e+00 2.925152086255259576e+01
1.047818677762802908e-01 1.967651543440378248e+02 5.246000124470998571e+02 -3.025474856858352268e+02 2.079852190689569227e+02 1.042393421707742078e+02 1.740244274334080217e+02 -1.004009833208862261e+02 2.842496265870052525e+02 5.946626835947224521e+01 6.404168222554145018e+01 -3.075464237926313160e+01 1.497864077669902940e+02 8.347947006472491438e+00 3.051471869554393734e+01
1.090277847809041356e-01 2.073469527074134362e+02 4.952444224959330654e+02 -2.874585754125029098e+02 2.035419910527539002e+02 1.092571897513362700e+02 1.657644376016732508e+02 -9.601612247269346767e+01 2.818987915407855098e+02 6.219866227050894736e+01 6.084463237857308826e+01 -2.885292237973506957e+01 1.496921333953056035e+02 8.964990813095514710e+00 3.084752643504531733e+01
1.132170039508717807e-01 1.863961090889035859e+02 4.555132362673725765e+02 -2.738490514008382775e+02 1.961133906904919399e+02 1.061030636443856139e+02 1.546108813148025547e+02 -9.296890855945289900e+01 2.761458195455547866e+02 6.823579858813147325e+01 5.725711449371276984e+01 -2.882477112287667964e+01 1.488395929847782782e+02 1.168076984061328005e+01 3.081532304765056196e+01
1.174008294871188018e-01 2.095569037341899161e+02 4.424191427424212293e+02 -2.690222595864284472e+02 1.976170447701264834e+02 1.198101284882553728e+02 1.492523087733386831e+02 -9.113875853242321057e+01 2.718532925115438843e+02 7.293910610319213106e+01 5.301272962256575028e+01 -2.710589929231078088e+01 1.420951616141337013e+02 1.171699018771331069e+01 2.898732997891989527e+01
1.215998224695146873e-01 1.889432345971563905e+02 3.985811848341232349e+02 -2.465190047393364807e+02 1.798394786729857913e+02 1.119985189573459650e+02 1.357929265402843555e+02 -8.378150473933648357e+01 2.513599999999999852e+02 7.079359004739336569e+01 4.846185426540284169e+01 -2.477674763033175154e+01 1.338278672985781839e+02 1.162882701421800924e+01 2.765205568720379148e+01
1.257670529567683493e-01 1.916457108498129287e+02 3.955269909139497599e+02 -2.479170675218243503e+02 1.769000534473543667e+02 1.089938535542490712e+02 1.323870033849991046e+02 -8.316466239087831980e+01 2.439160876536611511e+02 6.862652547657224034e+01 4.570436932121859996e+01 -2.404254910475681584e+01 1.276905509531444949e+02 1.164830109789773793e+01 2.600239956351327208e+01
1.299386816717305049e-01 1.902413140128437306e+02 3.661045611724024411e+02 -2.321054256545364751e+02 1.606381833525440470e+02 1.054342581919973725e+02 1.213402354684669859e+02 -7.753699263131895236e+01 2.198186645809319941e+02 6.271385126790713116e+01 4.139726556067841301e+01 -2.225281471266260525e+01 1.141556273670344126e+02 9.540972851144410072e+00 2.313169973653877776e+01
1.340949335765710126e-01 1.786373948913216054e+02 3.293072941456449598e+02 -2.126351737267967792e+02 1.449889735046803310e+02 9.354208313501507632e+01 1.073221481834047353e+02 -6.934387890686974742e+01 1.947640805965413335e+02 5.277038711724576103e+01 3.590199607329843445e+01 -1.962205745280025582e+01 9.938967555132477116e+01 7.753380086863399079e+00 1.989446493733143129e+01
1.382635144665005922e-01 1.895271337487320693e+02 3.191499058107521023e+02 -2.077667367048254050e+02 1.523077814809448114e+02 1.097616830894073416e+02 1.060498297348210457e+02 -6.949985962179394505e+01 2.093195551369366854e+02 6.867418671207072123e+01 3.562423471236052563e+01 -1.990895341254890738e+01 1.082274851470801451e+02 1.127973640595565996e+01 2.163816158890016084e+01
1.424925284902303357e-01 1.823519892910397004e+02 2.946856106818489707e+02 -1.938801342008946449e+02 1.389728463467534141e+02 1.032375457503049887e+02 9.748940965161989425e+01 -6.431190694049071510e+01 1.906575674393384645e+02 6.318927494238850073e+01 3.241165107767384512e+01 -1.813120594415073583e+01 9.917380032533549183e+01 1.023797783651891002e+01 2.011251186119018541e+01
1.466886314558672189e-01 1.909786428853494726e+02 2.845302751085954469e+02 -1.896485290246149589e+02 1.421314334605765453e+02 1.090359187837304091e+02 9.505713604054231780e+01 -6.334176319599841776e+01 1.972973213110438166e+02 6.980411675661444804e+01 3.199758333881795025e+01 -1.801826378833749942e+01 1.034114123996314305e+02 1.210604720613399898e+01 2.097246445965512507e+01
1.508619291163366127e-01 1.753175823507961582e+02 2.517286374133949209e+02 -1.676518779628054006e+02 1.266359395891576582e+02 9.897519600097240300e+01 8.380029931931444764e+01 -5.570061991005226787e+01 1.751462866172359440e+02 6.265473441108544961e+01 2.809752567764677167e+01 -1.575601582441959359e+01 9.138730703780235842e+01 1.084602433298893942e+01 1.846545292937887339e+01
1.550655720814744509e-01 1.783607759123236463e+02 2.438926926664334758e+02 -1.647461962224554100e+02 1.208105981112276908e+02 1.029917949166375166e+02 8.061495861023666976e+01 -5.450104203101317069e+01 1.664277719482336408e+02 6.606826396175819127e+01 2.620202103008044503e+01 -1.493528568409700341e+01 8.667465314212428495e+01 1.156201359741168133e+01 1.758210548560102637e+01
1.592593054631499527e-01 1.677930033942844545e+02 2.200093342822730733e+02 -1.490410598926968078e+02 1.123698264535202043e+02 9.641465016971422131e+01 7.298447251724515183e+01 -4.948693611080696542e+01 1.538160379940873668e+02 6.027499178802145963e+01 2.385720909066024475e+01 -1.381000903317639406e+01 7.899425161502244919e+01 1.018564717234205652e+01 1.577124336198401444e+01
1.634144798183441161e-01 1.610183733333333294e+02 2.028162266666666653e+02 -1.376909200000000055e+02 1.038737466666666620e+02 8.981659999999999400e+01 6.674132666666666580e+01 -4.540294666666666501e+01 1.418718399999999917e+02 5.448224666666666849e+01 2.154461999999999833e+01 -1.254387833333333369e+01 7.293764666666666585e+01 8.882240833333332475e+00 1.452255666666666656e+01
1.675823816150099899e-01 1.599473411090244213e+02 1.933704655530295611e+02 -1.324895967183947789e+02 1.020615671641790954e+02 9.287724869032321351e+01 6.428030171987742847e+01 -4.399402614411386736e+01 1.420774809726203500e+02 5.986634501334387437e+01 2.116444011317584284e+01 -1.238105879954532007e+01 7.394885465058811747e+01 1.036829331199960436e+01 1.479950516457447840e+01
1.718045808093531246e-01 1.570886480186480298e+02 1.815055944055943939e+02 -1.230247086247086230e+02 9.873614219114219281e+01 9.349999417249416922e+01 6.057972027972027718e+01 -4.115176864801864554e+01 1.375456876456876500e+02 6.142430652680652514e+01 1.984768065268065129e+01 -1.147879516317016346e+01 7.170113053613053467e+01 1.091418123543123464e+01 1.439501456876456942e+01
1.760135070798979073e-01 1.418748406338220605e+02 1.645120662963300333e+02 -1.117981285857390077e+02 8.950725116109643409e+01 8.314366860941626669e+01 5.475974979510063179e+01 -3.713238491485292769e+01 1.253336558601220361e+02 5.428708678626718864e+01 1.797129274428558432e+01 -1.029827799153082601e+01 6.582336535834623703e+01 9.554352404152627543e+00 1.331145273654494154e+01
1.801930856696074279e-01 1.422790469695678155e+02 1.552486574034609248e+02 -1.055050400647856179e+02 8.537706184468503068e+01 8.400166226238172840e+01 5.119817151138010303e+01 -3.476861520756968815e+01 1.191172427755519578e+02 5.510205864802659903e+01 1.673048706418890319e+01 -9.604834413093513490e+00 6.215858089676924436e+01 9.681873881169551055e+00 1.246772174153951163e+01
1.843742315857553882e-01 1.376471279427668151e+02 1.475913505531985663e+02 -1.017012103818317996e+02 8.244075472090509038e+01 8.193646535230014649e+01 4.915860265368937831e+01 -3.385219615672573212e+01 1.150939189751268685e+02 5.318229036685799827e+01 1.595945896763996430e+01 -9.352110369353631825e+00 5.992298373679394530e+01 9.283735234173530415e+00 1.197979837367939382e+01
1.885797910080431738e-01 1.283046037924920881e+02 1.350758883835658537e+02 -9.254023741617204735e+01 7.579611500809373581e+01 7.760901487705233137e+01 4.508121194018345790e+01 -3.087707642796577545e+01 1.056730131812225295e+02 5.091744392199182556e+01 1.459541933245972345e+01 -8.485914254605718909e+00 5.501150466353195156e+01 8.972030852539889523e+00 1.104758681492330119e+01
1.927656394953895236e-01 1.205315108354391640e+02 1.244721265027950210e+02 -8.551773680986293869e+01 7.064786737116165227e+01 7.207560398958572989e+01 4.156317003599050963e+01 -2.849494840722873334e+01 9.925560915843480814e+01 4.767220403553105257e+01 1.349783434795926240e+01 -7.851912474155755106e+00 5.191317290757332614e+01 8.472052918485337258e+00 1.041747310284095285e+01
1.969014248243030341e-01 1.159471388060786694e+02 1.155414091470951803e+02 -7.918247836835598719e+01 6.447651421508034275e+01 6.831902130444265708e+01 3.781912355486075938e+01 -2.592913818803170045e+01 8.952512179160909511e+01 4.491582291136479199e+01 1.211246409874209284e+01 -7.031688540682032418e+00 4.672259234348869228e+01 8.064846647095178511e+00 9.405072984076200626e+00
2.010715633173454087e-01 1.119691822060139117e+02 1.080258721530310453e+02 -7.354051985137273562e+01 6.298165382233538168e+01 6.750461879859629732e+01 3.608001617009564654e+01 -2.458463496869194387e+01 8.954134555838437848e+01 4.538529553430124963e+01 1.193092552294777420e+01 -6.851513581160118882e+00 4.769225211587421853e+01 8.298015185268011962e+00 9.759996645565266249e+00
2.052920281681521186e-01 1.053291461412151051e+02 1.000608702791461440e+02 -6.803542282430213106e+01 5.781506568144499170e+01 6.304555418719211701e+01 3.310022783251231715e+01 -2.255115147783251217e+01 8.204366995073891644e+01 4.208888752052545357e+01 1.082003284072249549e+01 -6.227143883415434900e+00 4.359634646962233262e+01 7.637241892446633429e+00 8.899917898193759669e+00
2.095172134954577381e-01 1.002602781803288963e+02 9.236878583580114821e+01 -6.265340479490895120e+01 5.371299067481569978e+01 6.054420798941465165e+01 3.062092810786969821e+01 -2.075358948711486207e+01 7.603852939323293469e+01 4.075400100812802862e+01 9.947967204334950964e+00 -5.637630150904164417e+00 4.039765137672484485e+01 7.461066961754142746e+00 8.276969393863019775e+00
2.136973926115405542e-01 9.533115503875968955e+01 8.679189147286821537e+01 -5.903923643410853117e+01 5.151524031007752313e+01 5.801012403100775572e+01 2.904440891472868103e+01 -1.977812984496124216e+01 7.338499224806201937e+01 3.909717829457364502e+01 9.491817829457364297e+00 -5.437362403100775232e+00 3.893822480620155346e+01 7.121468023255814295e+00 7.933362403100775673e+00
2.178750580088065492e-01 9.047573722627737425e+01 7.995658394160584237e+01 -5.403858029197080270e+01 4.738417883211678827e+01 5.462796350364963871e+01 2.649076277372262922e+01 -1.796559306569343306e+01 6.762939416058394215e+01 3.702952554744526026e+01 8.723313868613139732e+00 -4.976131386861314176e+00 3.615720072992700551e+01 6.812913321167883396e+00 7.415688868613139029e+00
2.220823861956562617e-01 8.528266909234501725e+01 7.336744090934732299e+01 -4.929506191120889014e+01 4.339531505612907125e+01 5.134245783268460883e+01 2.418988689569583173e+01 -1.632654989563942038e+01 6.150655779319681926e+01 3.453897303548259856e+01 7.898275758729621288e+00 -4.500326126812207228e+00 3.265635048231511206e+01 6.318991686410559971e+00 6.657857276329892215e+00
2.262696194198526023e-01 7.901314019871549021e+01 6.696002360432562739e+01 -4.497211395948838941e+01 4.119942224295986932e+01 4.949429104682439373e+01 2.257827166931986440e+01 -1.507465039523522066e+01 6.003817176263929412e+01 3.464628506340231695e+01 7.688744544930559144e+00 -4.264346146456606590e+00 3.272527721359170272e+01 6.520834334001207822e+00 6.770694955261569170e+00
2.304259489101245229e-01 7.541006979459689319e+01 6.281998699644392303e+01 -4.196566994851653476e+01 3.761997770818958742e+01 4.555044848999522600e+01 2.069439984608035843e+01 -1.383966150947401985e+01 5.374237036250730171e+01 3.091381163420200551e+01 6.828360938246377465e+00 -3.818737228650284088e+00 2.869274454646781081e+01 5.663298706942306637e+00 5.855024448012313698e+00
2.345870463846415066e-01 6.928268946913014759e+01 5.737961902580546791e+01 -3.828065989718532336e+01 3.448000330839313676e+01 4.230260026976128529e+01 1.901521701786532503e+01 -1.270154317453046211e+01 4.950041991143686460e+01 2.899315417112027404e+01 6.325343882017611108e+00 -3.540678522802463757e+00 2.656376609660507881e+01 5.359010360996589561e+00 5.432608190817936666e+00
2.388019837064606632e-01 6.709030560517550157e+01 5.349802660165114077e+01 -3.519959385410129471e+01 3.266138717230725064e+01 4.149559455414474485e+01 1.778606732486844066e+01 -1.165638125814705894e+01 4.720348935451166028e+01 2.877328851445951940e+01 6.003391212644233477e+00 -3.265827167720755320e+00 2.552767585574277120e+01 5.371067536088447447e+00 5.260794473881137634e+00
2.430077036534963875e-01 6.051197522940141482e+01 4.786797532449008941e+01 -3.157324204820995561e+01 2.956255051585603510e+01 3.760850211572291357e+01 1.597867487995055313e+01 -1.048989311439166983e+01 4.295510031854704636e+01 2.618970486853991275e+01 5.431204461441543785e+00 -2.970464381864213355e+00 2.339021715875053431e+01 4.921306696619597965e+00 4.837635352778966613e+00
2.471758823520590620e-01 5.797279259599908130e+01 4.491051965969188586e+01 -2.933590193147850300e+01 2.766278454817199517e+01 3.577804380317314781e+01 1.495438031731432638e+01 -9.750724304437802914e+00 3.988978500804783067e+01 2.471094504483789578e+01 5.055809525178202257e+00 -2.741538284663140868e+00 2.151109450448378979e+01 4.607652621292251283e+00 4.417955995631179356e+00
2.513692271335918882e-01 5.421088792613014817e+01 4.175797284582731805e+01 -2.720432639709422062e+01 2.567687136230362199e+01 3.335288390004814119e+01 1.383355214213820084e+01 -9.009922295523171698e+00 3.715906032558750383e+01 2.314280009627587731e+01 4.689445347030765099e+00 -2.529355252505360863e+00 2.013392466412848592e+01 4.328336287252199099e+00 4.156762833136405710e+00
2.555723892733414715e-01 5.020945554745465245e+01 3.782056814770339770e+01 -2.423176223356349723e+01 2.345460661748938591e+01 3.113215679547111847e+01 1.253622089033752296e+01 -7.986678174722306345e+00 3.411800403139340432e+01 2.171998300596131770e+01 4.303948031479178482e+00 -2.253471849937813687e+00 1.866959996997898585e+01 4.101962891881460571e+00 3.890533529720805017e+00
2.597674079539822323e-01 4.687904704040861503e+01 3.503919090085265964e+01 -2.248141244799604621e+01 2.175011070148700298e+01 2.891878887424311273e+01 1.159774168966511532e+01 -7.429195457634798494e+00 3.173307039584792122e+01 2.023570406145734779e+01 3.988518582403097756e+00 -2.109395917432137502e+00 1.736864624953659941e+01 3.817441662890801890e+00 3.610411217407422768e+00
2.639178238801485610e-01 4.266131062001227292e+01 3.138214395334560791e+01 -1.998797830980151247e+01 1.983648455084918893e+01 2.668559954982606897e+01 1.052200161141804813e+01 -6.685300286474319620e+00 2.899909453652547242e+01 1.871736239001432267e+01 3.639839113975853913e+00 -1.903877634540617869e+00 1.587004552895436760e+01 3.530773608553304577e+00 3.297003529772866592e+00
2.680749044740857179e-01 4.019742406020871073e+01 2.926484365907591823e+01 -1.860909919695852821e+01 1.806693709508476431e+01 2.467568471893548221e+01 9.672458126430537817e+00 -6.150130809442526214e+00 2.626674942778445754e+01 1.721341215036660444e+01 3.312899459789734546e+00 -1.724889800015517505e+00 1.435628903673817547e+01 3.256931748748884470e+00 2.997661129592271934e+00
2.723023151079725368e-01 3.716347060454797457e+01 2.662333379552597634e+01 -1.669514235533370439e+01 1.686360001848770551e+01 2.325703226104640464e+01 8.882828387872065079e+00 -5.582807011462377567e+00 2.498001941209096088e+01 1.653507579959326890e+01 3.116577694583102076e+00 -1.618641240293954509e+00 1.389665141430948481e+01 3.165387837400628790e+00 2.926295872619707694e+00
2.765128983200950685e-01 3.398359308833818204e+01 2.409804792502853488e+01 -1.503652833523585031e+01 1.505701338513090448e+01 2.102600618625032070e+01 7.962186314762307759e+00 -4.962737507824869887e+00 2.202996464999815629e+01 1.475730474647420465e+01 2.771825634274772465e+00 -1.424969275877305819e+00 1.210984506757005441e+01 2.797710995323489325e+00 2.526971061788857220e+00
2.807027537381580062e-01 3.175257204357757956e+01 2.220585793357933468e+01 -1.372105517483746340e+01 1.397235767000527140e+01 1.969945528026708814e+01 7.353378690036900700e+00 -4.549228771305569907e+00 2.051554647689334132e+01 1.386067145492883590e+01 2.578584058162010084e+00 -1.314597610261816873e+00 1.130912954665260983e+01 2.626377998154981519e+00 2.360507544807590730e+00
2.848857026249724811e-01 2.871383650534080090e+01 1.997360478062697808e+01 -1.235981154970251517e+01 1.246549028391496527e+01 1.761472939354928613e+01 6.565681430708743882e+00 -4.072110073588254053e+00 1.823858555721791319e+01 1.230667969973208997e+01 2.281460935597230399e+00 -1.167084505801816219e+00 1.005299593785880852e+01 2.332136310062280504e+00 2.104117919522633162e+00
2.890807262117984777e-01 2.666079528585095204e+01 1.822998177349651883e+01 -1.105093421139445020e+01 1.148088485138389458e+01 1.650790708606868051e+01 6.021775414013789351e+00 -3.652698512189489488e+00 1.694311846402533561e+01 1.168489798106422839e+01 2.137636260638999808e+00 -1.061957998630950417e+00 9.433911399399596220e+00 2.239280589186157577e+00 1.991710703740969146e+00
2.932785946948970324e-01 2.493579060876384901e+01 1.688685749763095245e+01 -1.019962299447766618e+01 1.072592556285331611e+01 1.551821308368460706e+01 5.595286818285789110e+00 -3.387795416299055784e+00 1.595202471979871284e+01 1.106203844394340585e+01 2.011239706891481571e+00 -1.004323322570499721e+00 8.928398563866288384e+00 2.127780441255759492e+00 1.885822825785053780e+00
2.974321087309398370e-01 2.228723829311171656e+01 1.491981081189068270e+01 -8.940767340578553046e+00 9.535921767620266110e+00 1.391174984017900051e+01 4.958914016301742222e+00 -2.972410899792232719e+00 1.415604323158063060e+01 9.892384529327154397e+00 1.776220133450535421e+00 -8.721115475667252648e-01 7.917863992328592282e+00 1.899327253476106758e+00 1.675511926642160754e+00
3.016123743882810904e-01 2.065724935341548729e+01 1.376776586033774663e+01 -8.194156967898981847e+00 8.754115320249505672e+00 1.286254944469800776e+01 4.548825688422334146e+00 -2.706113076220903579e+00 1.299457249353415556e+01 9.182154267457782737e+00 1.638010849307774297e+00 -7.965417237182412791e-01 7.283974212688270278e+00 1.770854846531264348e+00 1.543591919595314277e+00
3.058101292111336522e-01 1.871131871757190268e+01 1.238630297213808085e+01 -7.314290105869297953e+00 7.865085062831778551e+00 1.161264170890441783e+01 4.095637108988393393e+00 -2.428424350688300315e+00 1.172348581411390711e+01 8.287800287916503805e+00 1.486570105606874082e+00 -7.240315738123443978e-01 6.587546017904807982e+00 1.596119312899259235e+00 1.396854873024322874e+00
3.100168993294901143e-01 1.715028766966053553e+01 1.122813064937300886e+01 -6.568036385549083533e+00 7.195754361674653765e+00 1.077477294900858062e+01 3.730837864788085767e+00 -2.175715228557490999e+00 1.078020172745272554e+01 7.750573904559671767e+00 1.360827023372263245e+00 -6.437661746929610462e-01 6.106099708743435883e+00 1.508547030581939286e+00 1.307343714130964951e+00
3.142092030053749707e-01 1.592215391426041826e+01 1.033992552766115480e+01 -5.989751128152400739e+00 6.629008332619313215e+00 1.001895188929826119e+01 3.430802041384628520e+00 -1.982485969497044032e+00 9.995217847656585164e+00 7.256990260760288969e+00 1.262888962671008031e+00 -5.924377641875875344e-01 5.698625332019536138e+00 1.418937475009282245e+00 1.226024864871619213e+00
3.183867557675504334e-01 1.449577468176944528e+01 9.328827358205263209e+00 -5.343534781981140291e+00 5.983209557913837351e+00 9.082731352926622037e+00 3.091718101338905456e+00 -1.771976938594562068e+00 9.050274241882716453e+00 6.606281616858659334e+00 1.151269915184340187e+00 -5.368810011890687850e-01 5.169614996013526920e+00 1.294767281018887717e+00 1.109811342719874583e+00
3.225872781332082551e-01 1.307526782138566368e+01 8.351942330796957137e+00 -4.742561073287945739e+00 5.314175760913095736e+00 8.127905152850086523e+00 2.745398645040715735e+00 -1.563184675777599786e+00 7.959749199038847145e+00 5.837198388065679033e+00 1.008217986583900716e+00 -4.668377052462955867e-01 4.510641936991055978e+00 1.132569917234014234e+00 9.632898019289815039e-01
3.267666109043823597e-01 1.200215838857927686e+01 7.616576919521407696e+00 -4.279293418689416484e+00 4.887065515966297902e+00 7.547912099521935758e+00 2.524229253057235667e+00 -1.414809269432925731e+00 7.370881315865930539e+00 5.457414126673886479e+00 9.404623161036422818e-01 -4.290334834988510648e-01 4.210803993555373381e+00 1.064700173826629070e+00 9.049445463339584883e-01
3.309328770241455886e-01 1.073009167113220563e+01 6.780676656714894612e+00 -3.803365580902804410e+00 4.370548017300773580e+00 6.769050307484243412e+00 2.253445641634132190e+00 -1.265823158284212546e+00 6.618735486998903461e+00 4.917749958534282761e+00 8.432360643292761138e-01 -3.858835796157722986e-01 3.798384910306463524e+00 9.644987671923244132e-01 8.206115316160147444e-01
3.351106074107195187e-01 9.936439460202423746e+00 6.233025115581656728e+00 -3.447885949019117824e+00 3.976390884668249193e+00 6.194403661127076965e+00 2.052157003623641174e+00 -1.139929948144445815e+00 6.015366893664875647e+00 4.489606241409471288e+00 7.696495161970511312e-01 -3.486922872672747475e-01 3.455063335624140919e+00 8.805993650818443319e-01 7.471296896476321558e-01
3.393095620710060434e-01 9.064813339985093421e+00 5.642614517466881807e+00 -3.097420802478782598e+00 3.660229786262111595e+00 5.744628753636429330e+00 1.878769038660351498e+00 -1.030212039886519326e+00 5.571938938042459100e+00 4.198560304618565553e+00 7.138056959704758286e-01 -3.186614089961051222e-01 3.213920461375712190e+00 8.268065126643906471e-01 6.961499493604693667e-01
3.435164896197421824e-01 8.250468015496183583e+00 5.110767973566720634e+00 -2.777103559870549798e+00 3.300028199040937249e+00 5.211133675265159582e+00 1.695283341305837022e+00 -9.213160942704272660e-01 5.055618548177544191e+00 3.836284267002102233e+00 6.508649151518909326e-01 -2.871156265871187552e-01 2.943692531535681223e+00 7.629883066254458113e-01 6.436596265029645991e-01
3.477107812306902690e-01 7.346789568553139915e+00 4.521695110114852589e+00 -2.426289920966884672e+00 2.897773835590321756e+00 4.600495690153213246e+00 1.488133478150347910e+00 -7.997561448536039119e-01 4.392748509463175743e+00 3.345681415085619115e+00 5.654039380069558751e-01 -2.471567008079518513e-01 2.532431091558246639e+00 6.585372590876528154e-01 5.490054602465740397e-01
3.518857617074659383e-01 6.662625235436947513e+00 4.082820974311842654e+00 -2.186831451256041614e+00 2.656078740894546986e+00 4.237698419452197385e+00 1.363244994837406576e+00 -7.303556853058977838e-01 4.099969932148773033e+00 3.142229446070755827e+00 5.319248867491546129e-01 -2.329211369548074284e-01 2.403203679907867318e+00 6.282084932460797466e-01 5.271604353881589322e-01
3.560773577310688554e-01 6.036265676549628978e+00 3.672922037842207388e+00 -1.936475664478140013e+00 2.357165193690052174e+00 3.792339656754571742e+00 1.211071494898293466e+00 -6.393971117186304509e-01 3.606981526797613746e+00 2.783522621752714699e+00 4.677575416084030491e-01 -2.012038801508662933e-01 2.104468909086936623e+00 5.534964816524284847e-01 4.610433303655312454e-01
3.602869550449780967e-01 5.533324878137817038e+00 3.351218420515793550e+00 -1.749010373048594413e+00 2.147455590092121280e+00 3.467750810625093827e+00 1.104017694174235897e+00 -5.785592514601988201e-01 3.291363688827331213e+00 2.548976720028345078e+00 4.287737852702441232e-01 -1.835347817217462263e-01 1.919535729240481770e+00 5.064509031625115121e-01 4.195724690781421073e-01
3.644651285618699665e-01 4.858753492876648927e+00 2.932509420182476401e+00 -1.527716770041702921e+00 1.899844573604437148e+00 3.079696463727005451e+00 9.741467590338491744e-01 -5.070579013765109666e-01 2.923141829314761519e+00 2.274865742553822123e+00 3.804803185000741328e-01 -1.607538386912826522e-01 1.707085247359173774e+00 4.523250452486293205e-01 3.730904946125024324e-01
3.686396944457170921e-01 4.400790550404013679e+00 2.646029996453317601e+00 -1.355283143491580633e+00 1.713602812673479248e+00 2.795021344346896530e+00 8.790914549365710373e-01 -4.502462117318091761e-01 2.650822997409379767e+00 2.076456228025988615e+00 3.475739277710385156e-01 -1.452670902553611643e-01 1.559146714435512227e+00 4.151838893871949709e-01 3.422975949380102079e-01
3.728293470315630076e-01 3.963060487511285146e+00 2.369975517855351654e+00 -1.203466057277560619e+00 1.536091414635369690e+00 2.522851621275955747e+00 7.875898096599458498e-01 -3.995512259880630301e-01 2.371267648460226862e+00 1.870848693449694178e+00 3.110256639331929196e-01 -1.276276574568663003e-01 1.393470696659645069e+00 3.737087314424716866e-01 3.065331433694453156e-01
3.770363921861874523e-01 3.519213008090457340e+00 2.096380617019202752e+00 -1.053674212886246186e+00 1.366461612973974171e+00 2.250234550151087198e+00 7.006862114972219890e-01 -3.524139246637099099e-01 2.120251120966956115e+00 1.676526099034993722e+00 2.800584776172141965e-01 -1.152362788161614277e-01 1.250302478311726473e+00 3.354969569402476148e-01 2.747143323849790542e-01
3.812363453093803867e-01 3.213731087983039636e+00 1.906910264286402645e+00 -9.485436542353281597e-01 1.238021812060325688e+00 2.047461633901898725e+00 6.339339705598920904e-01 -3.155241158330924223e-01 1.929667172593235058e+00 1.533333634480100294e+00 2.550062826744242117e-01 -1.036582744591404148e-01 1.145554772573961655e+00 3.090741920232244477e-01 2.533723544256529236e-01
3.854150971210312249e-01 2.870069748744663585e+00 1.695551401792262824e+00 -8.353135049743289908e-01 1.088627275590995369e+00 1.808486126652624426e+00 5.591510405892088365e-01 -2.767627675817614374e-01 1.689515531848870600e+00 1.344790530438380260e+00 2.234133600464521252e-01 -9.060763701150019445e-02 9.993300171139487542e-01 2.695655388719368495e-01 2.206119390068737862e-01
3.896036578152083374e-01 2.575639302691945964e+00 1.516899229358981360e+00 -7.412750124371233484e-01 9.817727766338694151e-01 1.638149954857848201e+00 5.030054942144344121e-01 -2.460919866346986395e-01 1.523598002229469506e+00 1.219439079975309870e+00 2.016795622650765507e-01 -8.097062175828680097e-02 9.002729833434672813e-01 2.440632168619755460e-01 1.981959081576013804e-01
3.937795161075864914e-01 2.280404303189855764e+00 1.336198843315933082e+00 -6.432711010738219048e-01 8.637541939110958689e-01 1.448954513844986636e+00 4.425529431885916742e-01 -2.128035928779148378e-01 1.344273815544677841e+00 1.083096590909090828e+00 1.788674506777992446e-01 -6.982305455866281985e-02 7.993020919883315756e-01 2.183446497435110045e-01 1.774748485281234800e-01
3.979440095093054186e-01 2.078379291234130566e+00 1.215669153193497332e+00 -5.797625214784281056e-01 7.876050551094175844e-01 1.325953786880575525e+00 4.042826511057495686e-01 -1.925924845255159445e-01 1.233354496447713000e+00 9.973042068784389036e-01 1.650677885064813777e-01 -6.400702420412965332e-02 7.367680919588327493e-01 2.017358924008653964e-01 1.638615744522444462e-01
4.021139069446590386e-01 1.847020747044611388e+00 1.076399764863232411e+00 -5.090694165803779647e-01 6.911071382345327363e-01 1.165674616015186738e+00 3.544855978729830048e-01 -1.686297688001553163e-01 1.078373417141254675e+00 8.724513816981620540e-01 1.443239885343860496e-01 -5.640717355897834073e-02 6.424100979376995424e-01 1.758221865831823272e-01 1.424490963952886324e-01
4.063125452039867413e-01 1.628472295311789386e+00 9.462864477207281189e-01 -4.433216827101190138e-01 6.115165535590993962e-01 1.035025346584881101e+00 3.132580557566980173e-01 -1.471314917569001013e-01 9.634363738359462692e-01 7.836733576949631574e-01 1.293858564319754767e-01 -4.974371298525040452e-02 5.801897218059040018e-01 1.598409635333344347e-01 1.299906598110991129e-01
4.105412315868290918e-01 1.455150278418289700e+00 8.435693449606698202e-01 -3.912183572605439363e-01 5.486012521668384156e-01 9.340174077867177127e-01 2.813409343877250612e-01 -1.297669805516034613e-01 8.662627608382802435e-01 7.094568696953343911e-01 1.169727166174017591e-01 -4.385989582055715985e-02 5.228481991733306966e-01 1.449591398929254704e-01 1.174001753146003968e-01
4.147348487769681458e-01 1.285278278319272660e+00 7.423248858424114083e-01 -3.409753115017610248e-01 4.774100113133754042e-01 8.148658264395118866e-01 2.448800577442870052e-01 -1.123467367183020732e-01 7.492584875911213471e-01 6.140857922434269645e-01 1.012065094141616911e-01 -3.801526889743222365e-02 4.496629023671062653e-01 1.245722129934884181e-01 1.002903051795806383e-01
4.189107045044477284e-01 1.168203416858755173e+00 6.712192492647642839e-01 -3.018415355993164240e-01 4.410983700619982573e-01 7.565735285350926320e-01 2.253727719378427752e-01 -1.009414618273587194e-01 7.055404727366664241e-01 5.829928314521898303e-01 9.606618642446944356e-02 -3.509546032335466442e-02 4.323986815435975073e-01 1.208577713292862260e-01 9.824888627940943364e-02
4.230974437456921922e-01 1.012666013339573956e+00 5.827589296161946875e-01 -2.627978976519229071e-01 3.744683794562758128e-01 6.427717767571573537e-01 1.923404102309072272e-01 -8.684909545888915006e-02 5.876690605741476947e-01 4.841377118437475424e-01 7.964995807005226247e-02 -2.955560235599988261e-02 3.531732681956470388e-01 9.825827689854901847e-02 7.889556182473281276e-02
4.272931011032126136e-01 9.119892299456463514e-01 5.228636426095851775e-01 -2.326823682048414221e-01 3.347438623143044745e-01 5.770053757233155611e-01 1.719811296223490993e-01 -7.675690000591629814e-02 5.292040451280211055e-01 4.381645103974227684e-01 7.206824596928103344e-02 -2.636837284770676346e-02 3.206098657190405432e-01 8.964729539139197623e-02 7.206932694674947348e-02
4.314914587673138180e-01 8.044379150401579359e-01 4.597120098039215730e-01 -2.024274824823140417e-01 3.034778717694171513e-01 5.251511765079792671e-01 1.551221353816125970e-01 -6.794967328440719434e-02 4.850768992761101406e-01 4.039060221485619162e-01 6.629761160280282783e-02 -2.384656453488860975e-02 2.956640572418898771e-01 8.302119146905520553e-02 6.666452544738336872e-02
4.356511643511531418e-01 7.168564814469026159e-01 4.091444867275144670e-01 -1.782228094236888161e-01 2.611986596806238348e-01 4.524022535963431735e-01 1.341274888244476660e-01 -5.869052294839453149e-02 4.141356440833993124e-01 3.448216614787953938e-01 5.680642457715892601e-02 -2.042495647533162581e-02 2.525953749831946760e-01 7.101775542719178380e-02 5.722268137048496656e-02
4.398424702607344750e-01 6.306836829718652782e-01 3.597265786210847027e-01 -1.562135607896084910e-01 2.304413302585421597e-01 4.003172184747185725e-01 1.184964208968392885e-01 -5.147912967155680170e-02 3.665731199035136556e-01 3.060847811179182587e-01 5.033189213615712337e-02 -1.797115634983954477e-02 2.240616055577495103e-01 6.315156282242169461e-02 5.081021931123610308e-02
4.440501074980069407e-01 5.555815859851771510e-01 3.158804118596810762e-01 -1.349629046003029964e-01 2.060616751515000622e-01 3.591125532561844635e-01 1.056696137237364413e-01 -4.501458293694965418e-02 3.294449298600936049e-01 2.762330329263695261e-01 4.543851666856338345e-02 -1.595818108680846850e-02 2.018020000186707963e-01 5.704408894138441460e-02 4.575950062213714892e-02
4.482267968899237842e-01 4.954707913457386814e-01 2.808567199447748464e-01 -1.186891159928339656e-01 1.803888725547376504e-01 3.150680042341602038e-01 9.251054350721478470e-02 -3.916179933745490838e-02 2.868739564762455285e-01 2.409528993203058633e-01 3.952645117810458381e-02 -1.377079859001333582e-02 1.752094338029444032e-01 4.961749726551074879e-02 3.962775676886743509e-02
4.524052929840755577e-01 4.410884316690588114e-01 2.497039142061376338e-01 -1.042015014673467188e-01 1.604317646392932617e-01 2.809492152792016917e-01 8.241488000649305201e-02 -3.452917352816792934e-02 2.549763238158703760e-01 2.146139965014352835e-01 3.532446691207880018e-02 -1.227043923086041516e-02 1.554833273528808679e-01 4.407693585110381701e-02 3.509749338946414887e-02
4.566090347930675253e-01 3.812167067706604962e-01 2.155374885911052196e-01 -8.938789334757717142e-02 1.383439989213408605e-01 2.428697519083969358e-01 7.106034657110853192e-02 -2.945188687562230387e-02 2.212888939595087923e-01 1.869874554015930890e-01 3.075431269187686723e-02 -1.051878140687230283e-02 1.363796724610023270e-01 3.885034641553269247e-02 3.110574554534517241e-02
4.608167319022857811e-01 3.373934532860697888e-01 1.902714076714457081e-01 -7.808045125449267210e-02 1.220988416966178325e-01 2.149360102590939792e-01 6.269551949417104253e-02 -2.578186166134704624e-02 1.962680416633753311e-01 1.662319403371315396e-01 2.728138497048494815e-02 -9.253934766339837192e-03 1.215300705703556000e-01 3.468119837745368972e-02 2.785488417789012267e-02
4.649806979855051203e-01 2.974816225602680553e-01 1.673754327998083491e-01 -6.786100332142531999e-02 1.076383640309847567e-01 1.897945825564870403e-01 5.526816119261659249e-02 -2.243656449949640863e-02 1.725742635171254036e-01 1.464969800779671316e-01 2.408654374058821074e-02 -8.084547662830105993e-03 1.064153276933206410e-01 3.042468888630392790e-02 2.427358909197805878e-02
4.691538386770017222e-01 2.619064338980527928e-01 1.471671014697591706e-01 -5.921810516909910976e-02 9.441296213046190822e-02 1.667397606989472203e-01 4.852646365232222286e-02 -1.964274376191675262e-02 1.515294592209532054e-01 1.287055754563997401e-01 2.119853440279255777e-02 -7.159517469028322048e-03 9.354417868635425681e-02 2.673106785382856412e-02 2.132311314708756206e-02
4.733478629909182445e-01 2.330259580911003547e-01 1.307555296032566206e-01 -5.187673262069115998e-02 8.388643792248129394e-02 1.487427631599422539e-01 4.317394860122122924e-02 -1.717901864422406721e-02 1.346971079482503220e-01 1.148909873769124595e-01 1.890665191159170491e-02 -6.260323146645358980e-03 8.317493526621767830e-02 2.386444444730810230e-02 1.897257343627457155e-02
4.775500538217637980e-01 2.044916947614897895e-01 1.146415653450293115e-01 -4.515100733366290281e-02 7.419993310182081137e-02 1.317749997905266202e-01 3.811935802503930298e-02 -1.497952296580404297e-02 1.207509277766267292e-01 1.034135186309429466e-01 1.702563599449580245e-02 -5.536855924116555229e-03 7.560977223769363431e-02 2.180016355347969351e-02 1.745398822074075915e-02
4.817339644282710998e-01 1.789013445185885509e-01 1.000572014171727531e-01 -3.901712074567863231e-02 6.522919488738984639e-02 1.160660813802320140e-01 3.347165985960095375e-02 -1.299724109285792240e-02 1.060718969326157335e-01 9.103006799679079497e-02 1.498536381436597724e-02 -4.834573737103697519e-03 6.622402272961441794e-02 1.912128303245117997e-02 1.523643976494978673e-02
4.859144464692263798e-01 1.566950388210185396e-01 8.743574293494259242e-02 -3.358735361624227284e-02 5.650720649654106253e-02 1.008485888283779802e-01 2.902810326666911689e-02 -1.116077978961215779e-02 9.151112194583455040e-02 7.872275859214011851e-02 1.295028098092066392e-02 -4.150659776204186982e-03 5.711775785619663953e-02 1.652360711197380094e-02 1.314606925688107004e-02
4.901252990058800885e-01 1.358006166322708042e-01 7.583162550907299182e-02 -2.912661758935694220e-02 4.877160963351079986e-02 8.706929769605632752e-02 2.511196037901911038e-02 -9.690439126486391150e-03 7.883946126781936348e-02 6.778516623093776283e-02 1.116144051668198529e-02 -3.607259379913692332e-03 4.903183097187055473e-02 1.416920147484839777e-02 1.124634764292702788e-02
4.943123444065962158e-01 1.202735439765029307e-01 6.699500441001414452e-02 -2.529307769747662568e-02 4.275459520239341393e-02 7.654721028866723342e-02 2.201005078659628786e-02 -8.359516013976187390e-03 6.949523668154163059e-02 5.998761503056460054e-02 9.884794726331127754e-03 -3.135789169695331943e-03 4.362003127623725190e-02 1.266361383856688672e-02 1.009131758472474674e-02
4.984736335014697817e-01 1.067367377798707911e-01 5.934363120693751659e-02 -2.213402456046566907e-02 3.811308357091945653e-02 6.842013049205783459e-02 1.961344779451487316e-02 -7.322589101867879591e-03 6.193332438849857152e-02 5.362290335547975628e-02 8.841321724846983726e-03 -2.767102822930632075e-03 3.885254884038879392e-02 1.130682467027854105e-02 8.985601517378080660e-03
5.026590164608074618e-01 9.283985161398114472e-02 5.157172513744348596e-02 -1.908191801726603909e-02 3.292780777215734839e-02 5.922615589349952692e-02 1.697191491937313779e-02 -6.309621492836300048e-03 5.382453012927525954e-02 4.670630041542447874e-02 7.696252471352763025e-03 -2.396025364787739923e-03 3.404952088587447079e-02 9.938656757248271606e-03 7.945397386949470606e-03
5.068609875937976073e-01 8.034866400023044086e-02 4.464675579827034890e-02 -1.648060811520631400e-02 2.875566991880388473e-02 5.172504685043106260e-02 1.480588523592962259e-02 -5.474915401295545742e-03 4.737115496055414182e-02 4.116949064770509398e-02 6.801143191819051040e-03 -2.109785596531797355e-03 3.018479074462533315e-02 8.826691635207125838e-03 7.082170985858456114e-03
5.110594965365916620e-01 6.982063569471592956e-02 3.874370717440531880e-02 -1.415911836353489148e-02 2.507908173313145445e-02 4.524910652057230476e-02 1.292760479044164842e-02 -4.717897425816256797e-03 4.143681393096901311e-02 3.612406348218481777e-02 5.963041733967605965e-03 -1.822356194936733008e-03 2.642263619323522578e-02 7.747613841646104789e-03 6.197202480821944505e-03
5.152492140965455603e-01 6.211795745729303819e-02 3.439439522421156720e-02 -1.237689024515440349e-02 2.200552829336399618e-02 3.979954418528252463e-02 1.135374789545006737e-02 -4.095090367320959254e-03 3.618723308147175216e-02 3.161402040900131855e-02 5.221959438649803088e-03 -1.584915381693495495e-03 2.298928219448094848e-02 6.752091075681669260e-03 5.367798011970269408e-03
5.194329442812991582e-01 5.438815674170431602e-02 3.009526061140104999e-02 -1.074991475299566339e-02 1.925198111806745646e-02 3.487350734067481972e-02 9.941213036980058732e-03 -3.563800206986420405e-03 3.202044579162771631e-02 2.804139353141065633e-02 4.641202724678850436e-03 -1.403766597809806083e-03 2.061382102936594463e-02 6.072328964386326973e-03 4.873541064207171161e-03
5.236343964239100757e-01 4.806736737499621437e-02 2.652753262544513616e-02 -9.302118751584141990e-03 1.694296210803123912e-02 3.080245031310843706e-02 8.755165505015032046e-03 -3.070594744265878803e-03 2.811210815733856602e-02 2.471219744462911302e-02 4.087306637630104718e-03 -1.203435988858516216e-03 1.804021199800823552e-02 5.331157090265202861e-03 4.251481891995243824e-03
5.278273205415198177e-01 4.216299743877288675e-02 2.324679880136338098e-02 -8.082561631006594458e-03 1.494378536202063332e-02 2.719207452139099646e-02 7.714070433824606401e-03 -2.680369144805887054e-03 2.526029521716000037e-02 2.225977175828225754e-02 3.687476955818911294e-03 -1.077344739509444827e-03 1.654251486739173257e-02 4.905045648185779594e-03 3.973764175178847412e-03
5.319960279023402405e-01 3.700955102774684813e-02 2.039581593355604960e-02 -7.047179858597809807e-03 1.297199433347253142e-02 2.363433014724078407e-02 6.702083671662336165e-03 -2.322476053556514659e-03 2.196641407989977784e-02 1.937815129299678280e-02 3.212927176615472651e-03 -9.378575110488585618e-04 1.442745912018992931e-02 4.282251333016270749e-03 3.472291398420100476e-03
