# Columns: ('k', 'S1', 'S2', 'S3', 'S4', 'S5', 'S6', 'S7', 'S8', 'S9', 'S10', 'S11', 'S12', 'S13', 'S14')
5.345493089407682419e-03 2.365451558430989465e+01 4.064599609375000000e+02 -6.441150580512152146e+01 2.323812357584635180e+01 3.257553778754340357e+01 1.960542534722222001e+02 -2.842377895779079822e+01 1.420768907335069287e+01 1.154208882649739465e+01 1.759979248046875000e+02 -1.459325663248697857e+01 4.378084818522134825e+00 9.169826507568359375e-01 6.799163288540309713e-01
9.344366739594166943e-03 -8.769887616557459964e+00 6.410002677671370463e+01 1.652037983555947420e+01 1.449357161983366815e+01 5.143349924395161032e+00 2.497001401839717616e+01 3.130118290070564413e+01 2.859988107988911210e+01 1.428951435704385098e+01 2.815755930254536210e+01 2.867526146673387188e+01 2.175079542590725623e+01 6.245749196698588968e+00 6.937589583858366993e+00
1.312833575873958818e-02 1.120059091996173350e+02 6.050941485969386804e+02 -1.663731265943877418e+02 3.642950314891581343e+01 6.250431979432397611e+01 2.287068319515306030e+02 -3.568944316007652873e+01 2.300592165577168302e+01 1.251300920758928470e+01 1.294887994260203925e+02 -7.293190469547193189e+00 7.170152936662946175e+00 1.594780123963647767e-01 7.594517299107141906e-01
1.700891779646987109e-02 -1.542054966517857295e+01 2.695275669642857110e+02 -5.615498511904762324e+01 -1.133026878720238173e+01 -4.953731398809524222e+01 1.225169828869047706e+02 -2.320271577380952621e+01 -4.779898158482143344e+01 -3.969916759672619122e+01 7.623588169642857792e+01 -1.004669363839285801e+01 -3.394899321056547592e+01 -7.652470470610119868e+00 -6.167903064546131908e+00
2.135270783943789275e-02 -6.546771205357143231e+01 3.022239285714285870e+02 -5.432204799107142890e+01 -5.196462053571428896e+01 -1.013037053571428601e+02 1.545505245535714209e+02 -3.114209263392856997e+01 -9.585074776785714334e+01 -6.277906250000000199e+01 1.035303571428571416e+02 -2.385963448660714192e+01 -6.117205357142857025e+01 -1.522496930803571402e+01 -1.384098493303571509e+01
2.564347439342075027e-02 1.262505425347222143e+01 3.193836111111111222e+02 -8.477595486111111711e+01 4.820079752604166323e+00 4.890518663194444393e+00 1.450753124999999955e+02 -4.110343315972222200e+01 -1.713943684895833286e+01 -1.623914496527777729e+01 8.041197916666666856e+01 -2.004349609375000085e+01 -2.474306423611110972e+01 -5.870464952256944535e+00 -6.881714952256944073e+00
2.962205054058980949e-02 -7.669636368355481792e+00 3.199377595514950485e+02 -1.174494783014950201e+02 2.023230669902408607e+01 -2.867654692691029794e+01 1.333844476744185954e+02 -4.224154511004983448e+01 3.244821947674418894e+00 -1.765358473058554978e+01 6.913697830149502010e+01 -1.585603651889534937e+01 -1.554081285039451821e+01 -5.357020786830357650e+00 -6.327678895867940412e+00
3.361537140302770649e-02 5.664585896489501238e+01 3.605206692913385496e+02 -1.777533013451443651e+02 4.189611528051180755e+01 5.493951976706036788e+01 1.818332923228346374e+02 -8.573209891732282983e+01 7.785231863106955252e+00 -4.317787791174541034e+00 8.877891240157480013e+01 -3.028012990075459143e+01 -3.439800688976377785e+01 -8.104067344365157410e+00 -1.256472610113188892e+01
3.793950633336700545e-02 6.946203207092820264e+01 2.900545096322241534e+02 -1.487031797285464165e+02 4.422666511602452033e+01 7.094317808669001124e+01 1.284895468476357223e+02 -6.412801691112083802e+01 3.987945353546410132e+01 2.495644291812609339e+01 6.301496825744307984e+01 -2.664750882497810736e+01 7.965183238014448719e+00 2.797796406386821477e+00 2.723170612822898295e-01
4.227894994616508695e-02 9.409517499999999757e+01 2.314921250000000157e+02 -1.372699000000000069e+02 7.115397500000000264e+01 1.245928125000000080e+02 1.018848500000000001e+02 -5.698818750000000222e+01 9.287330000000000041e+01 6.306306875000000645e+01 4.735087812500000126e+01 -2.171989687499999988e+01 4.344860625000000454e+01 1.204388906249999991e+01 8.618063281250000429e+00
4.633325468672155889e-02 8.465878986625513392e+01 1.863625471536350915e+02 -1.210362011316872355e+02 5.793606395747598725e+01 9.288163365912207325e+01 7.331748864026062051e+01 -4.798375342935527499e+01 6.492514360425239772e+01 3.931091392318244004e+01 2.709338295181755640e+01 -1.538741935656721438e+01 2.518027424125514102e+01 6.794766482338819635e+00 4.595612032750342912e+00
5.038752484052157893e-02 5.939272670893053885e+01 1.486731670341786185e+02 -9.631698766538038115e+01 2.771288416482910577e+01 5.176236907386989827e+01 5.863565066841234596e+01 -3.561298408213892230e+01 2.553105404148291058e+01 1.904432969266813558e+01 2.253583887472436587e+01 -1.056787593887817067e+01 9.003268846471884856e+00 3.768061561121830216e+00 2.535403889884233930e+00
5.464179025701254577e-02 1.243958907254361748e+02 1.735049644168962288e+02 -1.177059730831037569e+02 7.585444645316803758e+01 1.624453053259871353e+02 7.385116075528007684e+01 -4.736108958907254163e+01 1.175171889348025758e+02 8.721964675160697311e+01 3.010254892676767469e+01 -1.522100981404958731e+01 6.994547032828282340e+01 1.908813095443067098e+01 1.687979941460055144e+01
5.886817576171304162e-02 9.442084917934346322e+01 1.336934047237790253e+02 -9.156811699359487022e+01 5.072048263610888341e+01 1.075216172938350638e+02 5.645448233586868980e+01 -3.751529348478782566e+01 6.553212570056044228e+01 4.692711669335468372e+01 2.155103145016012789e+01 -1.178448070956765292e+01 2.851838345676540953e+01 7.773342893064451253e+00 4.952755172888310575e+00
6.290140616743733482e-02 1.282636346300533887e+02 1.325785898169336576e+02 -9.385696152745995846e+01 7.634649122807017818e+01 1.649803227498093179e+02 5.729395499618612320e+01 -3.906702004672006012e+01 1.173510202135774279e+02 8.273096634248665282e+01 2.236445521071701137e+01 -1.293770857170099298e+01 6.256258938787185997e+01 1.522372294527078651e+01 1.232203470633104558e+01
6.703999982739437813e-02 9.615413421210305955e+01 9.823249325943679366e+01 -6.546006684391851138e+01 5.594700700269622473e+01 1.355410612642300805e+02 4.352490731725584538e+01 -2.720641102456560745e+01 9.721926490413422073e+01 7.831904864439783864e+01 1.921716549955062803e+01 -9.847333264679448916e+00 6.272817742660275542e+01 1.761992000262133118e+01 1.526544829426303274e+01
7.134254604642074893e-02 7.967779419666845797e+01 7.701069653412145044e+01 -5.283655880574960406e+01 4.453526329930145522e+01 1.025507371708758768e+02 3.185492930548092616e+01 -2.062130155158516942e+01 6.858282677324019971e+01 5.342854983879635000e+01 1.235034717557764772e+01 -6.385571643269748243e+00 3.842012862708221377e+01 1.067046656703385388e+01 8.216887132254164783e+00
7.561818311969153994e-02 7.020137889688250254e+01 6.759706235011989861e+01 -4.485999325539568616e+01 3.916526903477218013e+01 8.930181354916066994e+01 2.937307778776978395e+01 -1.882695218824940042e+01 6.113922362110312037e+01 4.667658123501199441e+01 1.229490220323740957e+01 -6.536876124100719387e+00 3.379042266187050103e+01 9.238404901079137588e+00 7.075663219424460415e+00
7.973924982214039558e-02 7.579128900871960184e+01 5.992942218334098214e+01 -3.731850189307021992e+01 4.623888538320330355e+01 1.124308885956860991e+02 2.777500071707205365e+01 -1.559387190224873798e+01 8.018253786140431316e+01 6.499562586048647006e+01 1.269184545663148178e+01 -5.486851587597522339e+00 4.990806419229004121e+01 1.397434585102111093e+01 1.146573650470399208e+01
8.385356877962653332e-02 6.621495083432657225e+01 5.047928461462058181e+01 -3.192946712355979244e+01 3.718290934147795213e+01 8.963833432657925471e+01 2.217557018524036394e+01 -1.316795788637266540e+01 6.261782379817242372e+01 4.944878265295987063e+01 9.873696364719904750e+00 -4.847336548967024150e+00 3.811364285359555026e+01 1.025911458333333393e+01 8.465732239521255309e+00
8.809929214337092196e-02 5.792419933496674389e+01 4.261876531326566209e+01 -2.674295042877143658e+01 3.206738930696534595e+01 7.685424505600279588e+01 1.826771006519075868e+01 -1.088575346736086757e+01 5.232470139131956444e+01 4.128600805040252197e+01 7.581481613143156828e+00 -3.658057854064578063e+00 3.104934152957647697e+01 8.487257175358767114e+00 6.881957281457823150e+00
9.230415729057904473e-02 4.945854229354730336e+01 3.363649542377131496e+01 -1.928476706160147103e+01 2.813468269391507803e+01 7.086136534603811299e+01 1.577338656594784183e+01 -8.339745146899030459e+00 5.128355378635907158e+01 4.252534687395519342e+01 7.771645666165161614e+00 -3.167965484996656311e+00 3.387843739551988875e+01 9.636124519391508159e+00 8.160232651078233701e+00
9.643309047658384092e-02 3.727416644577400717e+01 2.524600026507119210e+01 -1.476859995077249366e+01 2.015631863450469652e+01 5.054283266434413946e+01 1.124280166048167295e+01 -6.240566897341714991e+00 3.549559319145713232e+01 2.884658294834898484e+01 5.208693861708573181e+00 -2.341939912857846195e+00 2.250506475310512045e+01 6.220102573083914343e+00 5.192987210315055613e+00
1.005689403076158450e-01 3.351851989831697409e+01 2.166540147265077110e+01 -1.178166637447405307e+01 1.930260343618513375e+01 4.859531030855540479e+01 1.017166242987377345e+01 -5.140676498948106854e+00 3.474466821528751836e+01 2.867245792426367501e+01 4.984436360448808223e+00 -2.015238757889200816e+00 2.248846642706872601e+01 6.305511483169706111e+00 5.247841427068723696e+00
1.047818677762802908e-01 2.300562453323375678e+01 1.522169257219317906e+01 -8.663677417849141804e+00 1.229698391212347452e+01 3.086883090614886882e+01 6.760510992345033721e+00 -3.634775835511575792e+00 2.186768343913368184e+01 1.780726443863579789e+01 3.242921198188946974e+00 -1.436757914605115705e+00 1.420237622915110798e+01 3.941300255165546496e+00 3.347392478450958553e+00
1.090277847809041356e-01 2.156474770508947358e+01 1.351041061468742654e+01 -7.019709178189635246e+00 1.241654441668603326e+01 3.133780574599116875e+01 6.420722097954914886e+00 -3.124556541221240824e+00 2.276106785963281354e+01 1.888421595398559205e+01 3.301011603459795385e+00 -1.310787441174761758e+00 1.495139473913548755e+01 4.216589897310016433e+00 3.519056018330234625e+00
1.132170039508717807e-01 1.607984847231413994e+01 9.867764001489080172e+00 -5.081489217957202875e+00 9.102302731358923538e+00 2.323748414405470797e+01 4.615319686879550076e+00 -2.195686493492168267e+00 1.642189395819545439e+01 1.367180778457974810e+01 2.317839532663247049e+00 -9.127204536523825240e-01 1.068675373648797589e+01 3.003113883603573786e+00 2.491372297595411123e+00
1.174008294871188018e-01 1.274837664374623536e+01 7.838845425115438914e+00 -3.946530801420397694e+00 7.093141437462357146e+00 1.812624849427825779e+01 3.648966855300140644e+00 -1.718593938215217776e+00 1.322916928076691434e+01 1.107680278809475993e+01 1.915045924513149922e+00 -7.284731295328498168e-01 8.996394110118449916e+00 2.563838876794318544e+00 2.203117549814294307e+00
1.215998224695146873e-01 1.012146549170616083e+01 6.014400918246445293e+00 -2.880298430094786699e+00 5.799968157582938488e+00 1.501819905213270090e+01 2.921746149289099481e+00 -1.314607523696682323e+00 1.089904768957345915e+01 9.212986522511847909e+00 1.551804280213270104e+00 -5.816339603080568077e-01 7.292756220379146725e+00 2.078743705568720124e+00 1.726946275177725143e+00
1.257670529567683493e-01 7.245722819793336988e+00 4.307754111549082943e+00 -2.045472006948156007e+00 3.886389575538927499e+00 1.006159946775342995e+01 1.972032349567967247e+00 -9.064853980157669966e-01 6.902698673837520005e+00 5.786452765900587991e+00 9.734871893372528673e-01 -3.855172284206306865e-01 4.376880748374309960e+00 1.227559244443702235e+00 9.834174015677891179e-01
1.299386816717305049e-01 5.849250782150502204e+00 3.435826673904989192e+00 -1.567780480713815372e+00 3.369558393709863431e+00 8.772560153548493389e+00 1.684462895449119202e+00 -7.177077490789148806e-01 6.469188030009879853e+00 5.525997499176684258e+00 9.359405231146056270e-01 -3.321093806281388838e-01 4.465366684505187145e+00 1.288922520145521222e+00 1.094459788716449999e+00
1.340949335765710126e-01 4.399527010947168471e+00 2.565245623363874738e+00 -1.144059159576788831e+00 2.523827629204347556e+00 6.585173974694590093e+00 1.258969485636800112e+00 -5.304028866462399128e-01 4.858875485879740275e+00 4.145833953077899814e+00 7.008088596204189447e-01 -2.530074267090076101e-01 3.379001380790893627e+00 9.725773100358956480e-01 8.360527724892908852e-01
1.382635144665005922e-01 2.990237771246921028e+00 1.725884665718736555e+00 -7.260544780647733010e-01 1.522352399108824805e+00 4.039567125688305893e+00 7.709065884926098455e-01 -3.079853618927510528e-01 2.767160103608172772e+00 2.380800506720040843e+00 4.012348046252354750e-01 -1.351619599401354954e-01 1.836956091055644169e+00 5.312297640287639844e-01 4.378390586509201543e-01
1.424925284902303357e-01 2.187608551070896024e+00 1.250071220092856095e+00 -5.203939662549138534e-01 1.160605413150670895e+00 3.067477198979937203e+00 5.806298821506031826e-01 -2.302663088717466222e-01 2.148252433662057648e+00 1.849712101379286766e+00 3.104539446929646118e-01 -1.040156549177341655e-01 1.444337923190321060e+00 4.184580902848379913e-01 3.468732592114849855e-01
1.466886314558672189e-01 1.743492754129919664e+00 9.847763200111885329e-01 -3.828099933567526425e-01 9.692579487585559761e-01 2.579365724134526694e+00 4.822363191267934335e-01 -1.765831669522097414e-01 1.835861915065157168e+00 1.598495011394300169e+00 2.699959752307654059e-01 -8.398112118424623518e-02 1.248369396431156853e+00 3.654699351923456074e-01 2.997585395550875220e-01
1.508619291163366127e-01 1.149856940181718690e+00 6.541569251777683558e-01 -2.668216065907226264e-01 6.289689247295490171e-01 1.661935120259511400e+00 3.119681550648778501e-01 -1.214512140736105222e-01 1.184146664564847518e+00 1.023275115473441188e+00 1.713166251367448656e-01 -5.645136927665764942e-02 8.090634543651999966e-01 2.355880468370153136e-01 1.973187887206378499e-01
1.550655720814744509e-01 9.415577953757140461e-01 5.245007086539582586e-01 -1.892438534744082801e-01 5.526229077401771939e-01 1.486430597455403957e+00 2.723882959149469540e-01 -9.050733031016817975e-02 1.118234085344526063e+00 9.919496500451788767e-01 1.672342929081773732e-01 -4.682257181838966192e-02 8.138190482176168583e-01 2.432668480656843824e-01 2.086309019579981328e-01
1.592593054631499527e-01 6.137124858001204997e-01 3.412970723868800071e-01 -1.272872846280315995e-01 3.387029479292127387e-01 9.067351269092850385e-01 1.663520969201658928e-01 -5.918379883560987570e-02 6.604639853416183204e-01 5.787989596449687468e-01 9.632783816884854522e-02 -2.942600248155726600e-02 4.694853356304062308e-01 1.383517094174285533e-01 1.187603932853388833e-01
1.634144798183441161e-01 4.064385677083333093e-01 2.246077864583333195e-01 -7.990651041666665955e-02 2.229113541666666587e-01 6.025036458333333789e-01 1.100806119791666732e-01 -3.714089843750000008e-02 4.355182291666666594e-01 3.849001302083333576e-01 6.403640624999999698e-02 -1.853708170572916647e-02 3.067403125000000008e-01 9.096585286458333530e-02 7.616470052083333664e-02
1.675823816150099899e-01 2.878062267177152189e-01 1.576723839862669285e-01 -5.339366569341825325e-02 1.601743005275773346e-01 4.336937518533162117e-01 7.863268315397350938e-02 -2.514821884247275471e-02 3.165426907525699107e-01 2.811890191401230643e-01 4.685914545906642165e-02 -1.289247620467483604e-02 2.260579057063605846e-01 6.748580668676484873e-02 5.698797699725709209e-02
1.718045808093531246e-01 2.020664881993007034e-01 1.110332213359557091e-01 -3.770961663661859253e-02 1.125633513621794868e-01 3.045995183202214185e-01 5.553532811589452500e-02 -1.807130755800189295e-02 2.204632411858974406e-01 1.954107025786713248e-01 3.274078298004079457e-02 -9.323379054214014916e-03 1.557492783908799583e-01 4.632204424806964094e-02 3.880298534473339278e-02
1.760135070798979073e-01 1.430697967832221529e-01 7.868970720377811701e-02 -2.640405538010256320e-02 7.893990632256853157e-02 2.134246173077360975e-01 3.891323872270854162e-02 -1.258142810193103520e-02 1.535098043993602668e-01 1.360383311230762282e-01 2.288014497297533728e-02 -6.552865494145427433e-03 1.081997411366792672e-01 3.219558080790115018e-02 2.703160695089102880e-02
1.801930856696074279e-01 9.174276489642826937e-02 4.992705437749073161e-02 -1.595165593149960523e-02 5.233513608774294917e-02 1.427884676218459659e-01 2.562976044041961540e-02 -7.666729852352674283e-03 1.046926550279441287e-01 9.407482711405677767e-02 1.564977358251507661e-02 -4.057753087106278668e-03 7.527342875913711762e-02 2.272087411292728759e-02 1.901652503832660518e-02
1.843742315857553882e-01 5.985514830654427992e-02 3.243652729630698561e-02 -1.015034107487190404e-02 3.200056842257819473e-02 8.778085209607146278e-02 1.574104600396571824e-02 -4.642336154953928540e-03 6.143589335524810707e-02 5.520764687188046277e-02 9.155768481816976834e-03 -2.350636542453294654e-03 4.292712565835309080e-02 1.292849360542878100e-02 1.063892887154510927e-02
1.885797910080431738e-01 4.018859463374652857e-02 2.178231482423832049e-02 -6.679056494437967187e-03 2.208538521487536654e-02 6.045416253649406324e-02 1.086752528463563738e-02 -3.197765475312608265e-03 4.381683427238302481e-02 3.933531392799588522e-02 6.563919856610243332e-03 -1.711221058477297189e-03 3.155740349623376018e-02 9.497107715528765870e-03 8.019485185464823862e-03
1.927656394953895236e-01 2.501418545085645068e-02 1.350586629222423271e-02 -4.042604030004750409e-03 1.351882907695961707e-02 3.730925473751340454e-02 6.659133482311648325e-03 -1.867967776914807553e-03 2.684418385952097585e-02 2.426912562023197939e-02 4.017832889172756952e-03 -9.811078436807905371e-04 1.938439569371757515e-02 5.873663975529927125e-03 4.946294390632179766e-03
1.969014248243030341e-01 1.582479438790059326e-02 8.522671092287249783e-03 -2.433030724759484287e-03 8.767042490800302373e-03 2.420154228424025583e-02 4.319727901873965902e-03 -1.169198471043817649e-03 1.781628992239761219e-02 1.619909571221392688e-02 2.712532952682482953e-03 -6.437615066114480691e-04 1.307182836244819187e-02 3.987662845773279861e-03 3.363951660369271426e-03
2.010715633173454087e-01 1.143609754792971299e-02 6.166706309629915554e-03 -1.770917886812623226e-03 6.288395493634100185e-03 1.732140503475656720e-02 3.100599481735801747e-03 -8.570116515957890146e-04 1.237631529858769681e-02 1.119548052411967719e-02 1.877177666380836418e-03 -4.693238477471329152e-04 8.816381958570580421e-03 2.670518285449091211e-03 2.219613876558011560e-03
2.052920281681521186e-01 7.093698285483374631e-03 3.800766166599317368e-03 -9.878898958854487669e-04 3.870800500628591729e-03 1.080594167725010268e-02 1.921654311306958147e-03 -4.639366538262328175e-04 7.649339697826868130e-03 7.026374203035200793e-03 1.175884253090042500e-03 -2.476125162810527674e-04 5.507019243412613133e-03 1.695482100563487768e-03 1.402637249926236588e-03
2.095172134954577381e-01 4.674534019213995133e-03 2.498247666857987548e-03 -6.410045213971544325e-04 2.556100022957310050e-03 7.160305263309455458e-03 1.265247184652948907e-03 -2.961265711062993134e-04 5.173901470252346459e-03 4.770311258606991026e-03 7.926439053694877071e-04 -1.585196024618484530e-04 3.805910074059629979e-03 1.176118445106493415e-03 9.871680482214574993e-04
2.136973926115405542e-01 2.690497819767441890e-03 1.434042878853258353e-03 -3.620310642922571365e-04 1.421272218689437986e-03 3.968868285186531036e-03 7.031649212504542234e-04 -1.701406730237857304e-04 2.844362953836603904e-03 2.608976615491763722e-03 4.358176889345627371e-04 -9.398722094158793480e-05 2.073059555171995975e-03 6.367606229560320236e-04 5.331694137218386930e-04
2.178750580088065492e-01 1.576252846822251419e-03 8.371788080591355003e-04 -2.052589193747861730e-04 7.481796376026459945e-04 2.101965242928832342e-03 3.720691430307652829e-04 -8.780851155301950498e-05 1.398324005795221342e-03 1.283654651502623293e-03 2.126286082024121779e-04 -4.420034728781150186e-05 9.663040272510835206e-04 2.965530339818801537e-04 2.380866169059363659e-04
2.220823861956562617e-01 9.970993951821263777e-04 5.276296360276035765e-04 -1.263671325616453950e-04 5.152026576869963128e-04 1.451662633532953793e-03 2.537715681825668799e-04 -5.576452803018634442e-05 1.042993794831418870e-03 9.681702520921695899e-04 1.592845247502912493e-04 -2.941416088226261720e-05 7.815351608327152869e-04 2.434273463333292559e-04 2.084142996210828006e-04
2.262696194198526023e-01 6.304837388265157423e-04 3.351886454218533221e-04 -8.005301332136092866e-05 3.214014370276401184e-04 9.039576100604217136e-04 1.594943600284115580e-04 -3.554932979653471450e-05 6.309929549474841857e-04 5.838422748569652024e-04 9.710230405645940590e-05 -1.865839201722022274e-05 4.543304548060952052e-04 1.409311499247247715e-04 1.157901286686226460e-04
2.304259489101245229e-01 4.268348814923446800e-04 2.256229129935214447e-04 -5.101568537794552418e-05 2.350637876179483823e-04 6.600666385276272082e-04 1.157865827487637603e-04 -2.486979997459854271e-05 4.903301236786525817e-04 4.544915885190334835e-04 7.609734900418717665e-05 -1.454801925408929342e-05 3.709194292074859491e-04 1.151985274550198639e-04 9.835679391521119240e-05
2.345870463846415066e-01 2.400125990983286773e-04 1.269966225869941813e-04 -2.814527867786537307e-05 1.258209727705662589e-04 3.559063814211457159e-04 6.265104372167536228e-05 -1.299572232455559858e-05 2.552490110111435844e-04 2.377398864618723536e-04 3.980008458923721773e-05 -7.262444619932945263e-06 1.892710773248420565e-04 5.902661290394232741e-05 4.937104877396783449e-05
2.388019837064606632e-01 1.387249431795197646e-04 7.378688411319445355e-05 -1.716034211984889796e-05 7.135698406606423062e-05 2.003802662911445466e-04 3.545313508105532390e-05 -8.025631752432224670e-06 1.443229856331322179e-04 1.332450798188265317e-04 2.229799171316625532e-05 -4.517256836621136515e-06 1.076491481177115084e-04 3.330076079800698720e-05 2.835877518475916179e-05
2.430077036534963875e-01 8.401474326754049086e-05 4.406681370475586617e-05 -8.611775881915494741e-06 4.142282216903606275e-05 1.188378494328713053e-04 2.062812384494456329e-05 -3.585286829184007509e-06 8.097852522730741615e-05 7.654080880395028265e-05 1.259751946282376555e-05 -1.787663431359851849e-06 5.916701694848176650e-05 1.873879291438480493e-05 1.548924165213436206e-05
2.471758823520590620e-01 4.904975724456008397e-05 2.589246052987385438e-05 -5.499334013525111772e-06 2.427148555826664085e-05 6.886668851058163807e-05 1.211937994045837445e-05 -2.516926047609548341e-06 4.770761798184119213e-05 4.442929125128189225e-05 7.460918555892344631e-06 -1.414255794779298795e-06 3.488464557211764806e-05 1.087441516213100144e-05 9.097730765317494896e-06
2.513692271335918882e-01 2.560013363353116361e-05 1.347994868027387188e-05 -2.653043306159230356e-06 1.210114099406490846e-05 3.446227304001959948e-05 6.028324069561966035e-06 -1.125438875309211012e-06 2.395964822781268051e-05 2.249351116839991532e-05 3.757051206366467769e-06 -6.174931547938173201e-07 1.784718812391025908e-05 5.594446676720947518e-06 4.701446450819286837e-06
2.555723892733414715e-01 1.410544928337915633e-05 7.559716888115582807e-06 -1.634861789038247132e-06 6.661098965671299877e-06 1.891958328556604620e-05 3.371999788004134518e-06 -7.002195728813420584e-07 1.272078202969879727e-05 1.177860583450023729e-05 1.990539060733267172e-06 -3.710885294107363153e-07 9.142201418287069803e-06 2.833221230901790633e-06 2.354436671084051502e-06
2.597674079539822323e-01 9.334217619649433706e-06 4.951421332702058624e-06 -9.606871059572656980e-07 4.489536280882841541e-06 1.271147186253212978e-05 2.246733826841029294e-06 -4.274374334493088124e-07 8.238348526013233641e-06 7.586836269828217062e-06 1.280038410893390871e-06 -2.392560865690304104e-07 5.419332034290193371e-06 1.670855536376221569e-06 1.255923305694258548e-06
2.639178238801485610e-01 5.268987785801459106e-06 2.757913438923060647e-06 -4.917233023683497726e-07 2.452943962679480797e-06 7.029446400282741881e-06 1.223422533557876978e-06 -2.132335356439528238e-07 4.403637381011731869e-06 4.183329490886427889e-06 6.915644308236177894e-07 -1.127454211143767117e-07 2.953557117306822607e-06 9.366763358909414281e-07 7.109637638042863709e-07
2.680749044740857179e-01 2.472603952800968107e-06 1.300965252371012148e-06 -1.916423003240317321e-07 1.025784198675559861e-06 2.978555807553246817e-06 5.111732876513082529e-07 -7.058231109968512996e-08 1.950490144964249638e-06 1.869647862557254337e-06 3.070618617514751096e-07 -2.895114514811264325e-08 1.451959533262609740e-06 4.778892633112757405e-07 4.062861401850605996e-07
2.723023151079725368e-01 1.323082064013094106e-06 7.112395313800340381e-07 -1.215570781742893898e-07 6.534048988189246294e-07 1.807078336210386683e-06 3.127979359491891130e-07 -5.463693675943742637e-08 1.294837903350531069e-06 1.253616040681686299e-06 2.072809133551261505e-07 -3.162326980268565162e-08 9.783204623568100051e-07 3.211368973847126726e-07 2.508922408591975758e-07
2.765128983200950685e-01 9.348695360341671556e-07 5.044070087801519677e-07 -1.045296848430440992e-07 4.554848126074208640e-07 1.220820031926536680e-06 2.390250344688526702e-07 -4.296947099710417344e-08 9.296351032966092617e-07 8.526769322903362897e-07 1.475961264552768747e-07 -2.126316186543389919e-08 7.070410860459661808e-07 2.103959789340035901e-07 1.906579040814232472e-07
2.807027537381580062e-01 3.916976809438806779e-07 2.602965426484806665e-07 -5.173982937491813745e-08 1.960597831531351166e-07 5.658479655193247717e-07 1.159186982779652803e-07 -1.542916021648054155e-08 4.397366118020530433e-07 4.186198584037597347e-07 7.676187803845396262e-08 -9.124108636498116382e-09 3.715070788333713756e-07 1.087819378770019894e-07 1.048842113464416097e-07
2.848857026249724811e-01 2.953053082766452902e-07 1.365658131574755646e-07 -1.719549611568044310e-08 1.212639282372794156e-07 3.736866293610156666e-07 6.848251504955061291e-08 -1.231676211187185065e-08 2.622689722180843637e-07 2.386324453202905158e-07 4.328455007872416422e-08 -9.625317519252303302e-09 2.089367968101789552e-07 6.319221819058070352e-08 6.124394149343063934e-08
2.890807262117984777e-01 9.172817646259641892e-08 3.782028606222246031e-08 1.248651945831882208e-09 5.342096458507638228e-08 3.396435544434027200e-08 1.384990737264911278e-08 1.016141499039336870e-09 8.219275809744584248e-08 6.069346772157752057e-08 1.500738014185970688e-08 -6.234436913469662761e-09 6.653565963948291721e-08 2.024846221950931497e-08 1.958659658499686845e-08
2.932785946948970324e-01 8.175668919222404795e-08 3.620134962669280732e-08 -1.255288730234475473e-08 7.067336320908238713e-08 1.446382029303591974e-07 1.808016147730249549e-08 -5.887218078183465458e-09 1.235795868465418593e-07 1.076202836813180593e-07 9.048904231085897141e-09 -3.590472887972501903e-09 8.969563364289234584e-08 3.030889812763546161e-08 2.231245737327951695e-08
2.974321087309398370e-01 1.692914326426814005e-08 3.167381915740879439e-09 1.104597208566876781e-08 7.381049187701217447e-08 6.689760605948257905e-08 2.533212380472732310e-10 4.289555754074944517e-09 1.178112042365562719e-07 5.220453004372544779e-08 2.110816586113107527e-09 -1.375335533248100731e-09 7.105200133642602521e-08 1.237578782335873972e-08 1.572586244142758452e-08
3.016123743882810904e-01 1.338625124987358173e-08 1.437104021328126454e-08 1.157912343942228677e-08 -2.627575816211137471e-08 1.735494751355681893e-08 -2.180677001949280309e-09 6.364933776879046046e-09 1.502001356850942850e-08 1.835621669253729263e-08 1.969586782385257338e-09 8.117331951492756117e-10 1.772035666520820977e-08 6.056366757263463903e-09 -1.682371427341173518e-09
3.058101292111336522e-01 5.612088231539621077e-08 1.228873039093098216e-08 6.879962917286680160e-09 -2.894707320898380803e-08 5.272882969730048831e-08 5.937721278186946615e-09 1.348248497087381992e-09 -1.033383858980430404e-08 6.415981016050942066e-08 2.342374786338846584e-09 1.756073198847485430e-09 -2.269165162661292859e-08 1.383440538486014156e-08 -9.109535593152568492e-09
3.100168993294901143e-01 4.384343110900638157e-09 -5.859305762958612711e-09 4.079325797865338131e-10 2.703120245269892722e-09 -2.814655837940791308e-09 -2.049807566054123183e-09 1.402901462619329525e-09 -4.232833575378337248e-08 -1.418996509723114034e-09 -8.443825122273323276e-10 2.012491167295461009e-09 1.212678921960197919e-08 7.085193025225693073e-09 6.444122052308309234e-09
3.142092030053749707e-01 2.739035272505573157e-08 3.967603190021853049e-09 3.434018418469496757e-09 3.404538872382384185e-08 1.055377392178158836e-08 -2.876148036928303461e-09 -4.371714027903807235e-09 -1.015015558724255210e-08 1.548930411420025582e-08 -3.275589444381825766e-09 2.334289209214912148e-11 9.600164427958788479e-09 3.488467260620637176e-09 -4.821316796929947144e-09
3.183867557675504334e-01 -1.941436650864174813e-08 1.363700451602553553e-09 7.439551338984817976e-09 2.570727349632046506e-08 -3.233307299810466599e-10 2.505399280128143667e-09 2.475125831433428053e-09 9.298743683960231512e-08 2.036464462015327616e-08 3.684181027921249447e-09 -2.337350724103925398e-09 4.077460969660846270e-08 1.431827003272648237e-08 1.120552122781377187e-08
3.225872781332082551e-01 8.321198898497753391e-09 5.985597272738844771e-09 -3.733298028398420792e-09 -3.391416874436825512e-08 1.626013407784316269e-08 4.997376340489022763e-09 -3.025524030777597002e-09 -5.455831486740222227e-08 -1.008772176117631904e-08 2.257048479736272981e-10 -1.572606305401171008e-09 -3.978690601703306561e-08 2.111397231572811799e-09 -1.354705720857440254e-08
3.267666109043823597e-01 -1.075686137022344890e-08 1.457775226704620340e-09 7.969777373741321601e-09 4.428892561027981007e-09 7.589566550003783958e-09 6.548765421371030966e-09 -1.937463117438651249e-09 -3.101897795984318801e-08 -2.073483533096787080e-08 2.340754990627969368e-09 -1.682853221350471723e-09 -2.168001452975632623e-08 2.164052860864829851e-09 -5.609234645661629913e-09
3.309328770241455886e-01 -3.574643423915070725e-08 4.604973978409295305e-09 2.395494629484061927e-09 -7.599265679168380477e-09 -4.547094718675444325e-08 -1.123378038109881193e-09 -2.584777026482115053e-10 -3.992211093694582587e-08 -1.544744341117969175e-08 -3.933002930589395125e-09 4.035639439015145446e-09 -3.485427621588806267e-08 -2.493620634598194902e-09 -1.590338634064832292e-08
3.351106074107195187e-01 -1.251500493931901445e-08 1.230001552923014841e-08 -1.074356755085115437e-08 -5.350764140283764634e-08 -7.096732713260696295e-08 3.898253166419922308e-09 -4.161871756972423630e-09 -2.553295665300146917e-08 -4.692052996178708414e-08 -1.870031796316529586e-10 -7.760372925440355550e-11 -3.472464672330169751e-08 -1.321685855725728125e-08 -1.008538240675075344e-08
3.393095620710060434e-01 3.517282962762529663e-08 3.063815433805263653e-09 -9.374774613291196502e-09 -1.182081955929401937e-08 3.972992703493785811e-08 5.696768855377667850e-10 -4.623514989192268875e-09 -4.315019704291686238e-08 3.357878807009884301e-08 -2.920725390925354175e-09 -4.254840696720229365e-10 -5.060268090286192490e-08 9.969626875455924448e-09 -1.844281879829657729e-08
3.435164896197421824e-01 4.774072641062876392e-08 1.648583874043751194e-09 -6.167944751931048143e-09 3.035642334972381343e-08 5.474621426959417061e-09 -9.278061969236403933e-10 -1.620559070868378373e-09 -6.750002798633994060e-09 -8.134045208155596937e-09 -3.876697694713746944e-10 2.602910114052240293e-09 -1.930520124588248544e-08 -5.029154002879080065e-09 -4.417946750886288280e-09
3.477107812306902690e-01 -1.779783874517010796e-08 1.088481947583460651e-09 6.340921145181561276e-09 6.445974183096217095e-09 2.941154160480674907e-09 1.270217118781384882e-09 -8.395277764760543886e-10 -3.063088805540575733e-08 6.761086889974435846e-09 -8.201335738321890397e-10 7.034236692922449824e-10 -1.641848411172496983e-08 -2.938120227561988309e-09 -6.181177615982848740e-10
3.518857617074659383e-01 3.617253117911715559e-08 -3.686324703047730003e-09 5.913064603021904674e-09 -3.528265285005551213e-08 2.352417963130350588e-08 3.073913524171684985e-09 1.864677338540766294e-10 -6.479215505253419624e-08 -1.934991617016182032e-09 4.449220590049433149e-09 -2.805696731971307421e-10 -2.727510047989056928e-08 -4.983848848002880726e-09 -9.729913714742672034e-09
3.560773577310688554e-01 -3.584763163067418925e-09 1.841247134794505777e-09 -2.173145833636866573e-09 5.077821332581620432e-09 -2.664696837782184865e-08 -3.627852335024953970e-10 -2.071789704469460590e-09 -1.078510925591469827e-08 -2.280289217744729563e-08 -6.854071618981417724e-10 1.289781483564429044e-09 7.949895473409660305e-09 -1.058349230986465916e-08 -2.144367099496875680e-09
3.602869550449780967e-01 -1.362920712258290488e-08 -4.994868891198759198e-09 -5.380996332566391044e-09 2.184317564897866325e-08 3.325814430158781994e-08 3.012314260590874825e-09 -9.352374894716830046e-10 3.580681215063364330e-08 9.896335416590859931e-09 1.925678606335652053e-09 -1.883281064319666510e-09 3.274494594541751027e-08 6.158731189906218002e-10 4.599877308894385691e-09
3.644651285618699665e-01 3.616569788143953186e-08 -2.870899820400815439e-09 -7.505415431997727703e-11 2.698112315373673274e-08 1.251571787387456455e-08 -1.512969455734242683e-09 1.679189176434495599e-09 1.177125767520962062e-09 -6.130445658390620611e-09 7.627113173908407712e-10 -2.077902381424163772e-09 3.828627102264853447e-10 -1.473943220792585285e-09 -2.198004738822730579e-09
3.686396944457170921e-01 3.885991170064574205e-08 -8.139819045265560449e-09 -4.585452490695363564e-11 2.473192134560763781e-08 4.428300303348323673e-08 -4.063361953645022777e-09 7.422227744266367627e-10 7.175075744544337436e-08 6.801281481663260578e-08 -7.029218771928733468e-10 -2.694568930642889448e-10 4.516928848213503619e-08 1.658720987445614054e-08 1.052292591754716319e-08
3.728293470315630076e-01 6.419530181160589856e-09 1.133710535706339339e-08 3.423009986157465442e-10 -2.720961338814360600e-08 -2.975197500896879774e-08 1.252978873714821272e-09 1.187051355355597799e-09 -7.151709569619787771e-08 -3.567223772234682165e-08 1.465408517546075275e-09 1.760929465956806052e-09 -2.891798634020420894e-08 -1.161493030656530918e-09 -8.080152298461795580e-09
3.770363921861874523e-01 -8.484138950570447101e-08 -7.657222048527362895e-09 -9.481379162138527170e-10 -3.471389604972601112e-08 -1.154070532522955555e-07 -2.145542239503215659e-09 -5.066920073451649556e-10 -5.941135380883723242e-08 -5.651844384168507489e-08 -9.803670254329083129e-11 7.456934559714107418e-10 -3.979145828389392090e-08 -1.564488136812787475e-08 -1.588189020863296735e-08
3.812363453093803867e-01 -1.254561713951348879e-08 5.622728786722846761e-09 -2.966852105401511934e-09 -1.295905700622065008e-08 2.994288011798052624e-08 3.187070528261232356e-09 -9.286444865257249549e-10 -2.301505670688096594e-08 3.009819702696820805e-08 -3.512581600612403762e-10 -6.212019370754821029e-10 -1.167890018842474669e-08 9.191024996799071500e-09 -6.507063413575009423e-10
3.854150971210312249e-01 -5.123647770542809624e-08 6.278810563642426306e-09 -2.729821399316930402e-09 -1.770696026817558905e-08 -5.073945589548952970e-08 -4.179917712973735923e-09 -5.696398981039271687e-10 -2.367493077865151032e-08 -3.875672805740415758e-08 -5.085506511899015517e-10 -7.190926624376009752e-10 -1.894453397837629996e-08 -9.545776150567049377e-09 -3.285337951188929357e-09
3.896036578152083374e-01 3.382563831242874948e-08 -2.983345055732574350e-09 -2.946055387531068115e-09 1.109006572686028807e-08 6.591921878041573117e-08 2.115354535446157419e-09 9.179426981438046051e-10 4.075868305931451719e-08 1.376437489621156781e-08 5.644460896159214346e-10 2.724230646965569929e-10 -1.340269761133349492e-08 -1.547090622585957830e-09 5.800375231193122660e-10
3.937795161075864914e-01 1.385645653443602693e-08 1.335193406614670191e-08 7.710295340815629307e-10 -1.969701909720482974e-08 -5.131243500111172282e-10 3.233177817449146635e-09 1.810380424995656928e-09 2.200091664954709579e-08 3.869074670468010600e-09 1.846303519016228399e-09 9.744875220470492231e-10 2.619555017503314702e-09 1.247926020718798760e-09 5.878994779899936350e-09
3.979440095093054186e-01 3.872178695253921121e-08 -1.143039013988851597e-08 1.502069569011092872e-09 -2.028737689971603318e-09 6.630754386874991627e-08 -3.326161898404200479e-09 1.339232106261514443e-09 3.717412504457693132e-08 2.266831493520857321e-08 1.368600100062478441e-09 -1.706700548946523740e-10 2.611909508153254368e-08 8.172102803865702862e-09 1.296560333405952506e-08
4.021139069446590386e-01 9.678099230504013131e-09 -1.116071048433205290e-08 3.614155806273811081e-09 -1.886353934654159817e-08 3.451329254694665718e-08 -4.941320611088915118e-09 4.432437285190723294e-09 -1.014162588532506547e-08 4.185544787700784196e-08 -1.929948353603584039e-09 2.122293808648168435e-09 -1.240553774260417262e-08 1.374967011322287228e-08 6.735686149934511226e-09
4.063125452039867413e-01 -1.160008410931008901e-09 -3.952999725599271688e-10 -7.590964442208427835e-10 8.738283087075315643e-09 1.887712191213886064e-08 -3.437213690801941327e-09 1.188194032028823377e-09 -3.023257465991728115e-08 -7.495654457783750987e-09 -2.081418882434953381e-09 -6.826280080183626724e-10 -7.238068674167778548e-09 -7.689816528895846308e-10 -9.059077550178767550e-12
4.105412315868290918e-01 4.920175379738982535e-08 1.396880223939244994e-09 -4.573068521285354126e-09 8.887616553576233591e-09 4.621602796015321175e-08 -1.813532048626323464e-10 -2.416162414033650140e-09 -7.903555928664120906e-09 1.653754189748163884e-08 -2.205297549563805608e-09 6.482598732946557609e-10 1.463928240581799332e-08 5.588124875557951352e-09 -4.009516815076925215e-10
4.147348487769681458e-01 2.358070961372478712e-08 -9.343464742805596392e-09 2.878488498997806572e-09 3.908686623622904993e-09 3.086966848037041480e-08 -1.428469229100223549e-09 5.390579343554268047e-12 3.141477137733242257e-08 2.862105919698872608e-08 -1.082230905759419108e-09 -1.267752508997541372e-09 8.192278450259276543e-09 4.676564813462090372e-09 2.800718649217347974e-09
4.189107045044477284e-01 6.142995855395322918e-08 6.624278411453957232e-09 -4.311942646937134568e-09 5.792337841737839973e-08 7.456250257204393662e-08 6.883421985297926519e-10 1.543539379841145656e-10 4.968869838679730300e-08 2.501455374229656475e-08 -1.448777738150824194e-09 1.484931977897321038e-09 1.876054610146521904e-08 5.930321505468691944e-09 8.183688065396158570e-09
4.230974437456921922e-01 4.248179356424510136e-08 -4.545952930781452441e-09 7.486265766309337670e-09 8.258869640028730472e-08 7.490565205096491772e-08 -1.515297096775373317e-09 -9.916943490472670769e-10 9.413306415429751399e-08 5.192439751781663156e-08 1.331993934629892223e-09 -5.856087888545292773e-10 4.744189815719689687e-08 7.160394133934411292e-09 1.238954081092175330e-08
4.272931011032126136e-01 5.240262849585857649e-08 -2.091913631917814430e-09 2.018838564690521279e-09 2.342481673185171027e-08 5.685401752832065052e-08 6.297325929330917873e-10 2.306449514076833445e-10 5.808376089890319563e-08 1.955558962442347845e-08 -2.607056141150600592e-11 -1.633656026124084475e-10 3.486250079280393126e-08 -1.244955150968527286e-09 1.972016132779335447e-09
4.314914587673138180e-01 1.279665925674795261e-08 -5.521847322135011443e-09 9.573421677634494905e-10 -4.005781560478785494e-09 2.448695769082458268e-08 2.344778192095945645e-09 1.028596842425399363e-09 -2.541792506995012379e-08 9.503605305298065534e-09 -2.819847099657156222e-11 1.115049509406328214e-09 -3.756400809321357104e-09 1.369342601130931622e-09 5.119854391109933868e-09
4.356511643511531418e-01 4.404910367205428654e-08 5.434401579688815664e-09 -2.075970274677447437e-09 2.046524422150888634e-08 1.318952572279311431e-08 -1.488171088957553633e-09 -2.431359225211148014e-10 1.549844902476833036e-08 -1.167804207131657318e-08 -2.386676913347866664e-09 -4.031508522426758175e-11 -2.248605686175164849e-08 -8.801696025575348255e-09 -4.859787981677340224e-09
4.398424702607344750e-01 4.035548918618987571e-09 -3.776782487303408562e-09 5.353628261672121571e-09 -9.254845787450399197e-09 -3.566612647916187661e-08 -2.629448391251570917e-09 1.843201592032315199e-09 1.959021078277484693e-08 -1.211684877313072858e-08 -1.911751676352051378e-09 1.091299830950487819e-09 2.028031147997685695e-09 3.930243905064574878e-09 -2.683705421206698830e-09
4.440501074980069407e-01 2.178193816554877742e-08 5.879030057948105050e-10 7.405464836471303174e-09 3.479592149073869643e-08 2.712824603387864655e-08 -6.826290971853319243e-10 1.272468490777985230e-09 2.400171704471508889e-08 2.527181769501140876e-08 3.650963271331998252e-11 2.859688519734043519e-11 3.089525553497316330e-08 9.794807466715483864e-09 1.300782178548307250e-09
4.482267968899237842e-01 3.074651928373516541e-08 -1.309554207306946042e-09 2.432182266585353506e-09 1.600333282385904999e-08 2.929856672916033578e-08 -1.001911939852849599e-09 1.951307714697740151e-09 3.378796584012058596e-08 2.911710365511908602e-08 -1.301829209089555633e-09 -3.426862332024740889e-10 1.259271104700201990e-08 5.937388148183953231e-09 2.330841980635341834e-10
4.524052929840755577e-01 -1.426934689236521558e-08 2.727477476010970422e-09 2.416618490188969379e-09 1.381184446439732580e-08 -4.957255779857653095e-09 1.487230302828473727e-09 2.398176317204862650e-09 -1.942738667858672754e-08 -7.210377221590316452e-09 3.876843159564726021e-10 1.493266697053338988e-09 -5.734428109280450552e-09 -3.394758229240480430e-09 2.115769304465480573e-09
4.566090347930675253e-01 9.126563263155081936e-09 -2.529971156896169670e-09 -1.875281215228395213e-09 3.520116195146957555e-08 1.214544708882895806e-08 1.862171837683535825e-09 2.196828795765726739e-09 4.706298762427348138e-08 6.616403961692029256e-09 -5.562422506373970134e-11 -9.713367192112366761e-11 3.308690206536889315e-08 1.019359971348714323e-10 4.373105824577265957e-09
4.608167319022857811e-01 3.057004095025478562e-08 -1.099958460672208490e-09 7.715696464510770656e-09 2.814342742453901419e-09 1.669975393013719730e-08 3.536868122097898684e-09 5.494604290875239715e-10 2.526211717320632538e-08 2.015837885418110691e-08 1.668875565019683510e-09 2.677215363209838585e-10 1.212846738648842779e-08 2.624093650023983800e-09 -4.648225075342775236e-09
4.649806979855051203e-01 1.439217827111332242e-08 4.983651225975499296e-09 -4.668129336843046214e-10 6.303193224948439248e-08 3.321348453578626681e-08 6.539340780921633516e-10 -1.185568338773806609e-09 7.939790567201105229e-08 8.768756177905989968e-09 -3.242884414348548423e-10 1.451615537514526348e-09 4.177842776417634226e-08 -1.201394274664222204e-09 8.601367128122043045e-09
4.691538386770017222e-01 -2.868814046070008528e-08 -4.820873471882608966e-09 2.346506977237837331e-09 -1.512582257410599662e-08 -5.698467543001523071e-08 -1.232158022064321121e-09 -1.064578982630842835e-09 2.964263644365396817e-09 -2.858135451614511813e-08 -6.022025828294576886e-10 2.382428820502054097e-10 6.308158740182091851e-09 -3.697124480556102617e-09 -1.770551600557617697e-09
4.733478629909182445e-01 -3.439581253103009965e-08 -2.949890184869596147e-09 2.720572297358505166e-09 -7.685519872494667321e-09 -4.740057597265971462e-08 8.858373552422793331e-11 8.318653452881424599e-10 -1.168258673888582022e-08 -2.559265252712183253e-08 -5.520379790345092940e-10 -3.251144711439977513e-10 -1.274324525928406504e-08 -6.616388419792257449e-09 -8.123538517064079864e-09
4.775500538217637980e-01 3.745931242532531578e-09 -6.525330557407485947e-09 1.540516316246006347e-09 3.472958020476820901e-08 2.966956655494857191e-08 -1.512048115631425161e-09 1.203141944061522570e-09 4.164740935207172969e-08 2.199412196964696224e-08 -3.697885234869873124e-10 1.629556990362018736e-10 2.883124740924627750e-09 1.015041267620074564e-08 2.034535845880900499e-09
4.817339644282710998e-01 -1.083350215054233821e-08 -5.794087668291368238e-09 1.042095781450419192e-09 9.805250770932149982e-09 -4.426603110526254534e-08 -3.136982068041766093e-09 -1.776808658347314246e-09 3.199023954089917032e-08 -1.286065095365542418e-08 -1.668032046885173762e-09 1.966033475610235131e-10 1.752206313470199514e-08 2.110875630540709176e-09 3.009622602446830233e-09
4.859144464692263798e-01 3.144879487373564081e-08 8.818667962125093292e-09 -5.774576933042841684e-09 -4.951221430287628639e-09 1.030730772823805822e-08 2.295334889502219086e-09 -7.751618042064038670e-10 -5.517555754395979246e-08 -6.254807099248157487e-09 -5.015705477458380415e-10 6.028580463422565727e-10 -2.163539791119460014e-08 -1.622409435591699095e-09 -1.040942696067631963e-08
4.901252990058800885e-01 9.942094334563081049e-09 4.538046721885312873e-09 -1.102002594511581074e-09 2.721206162427183386e-08 3.916711420058189437e-08 2.317221690549761469e-09 -8.559358707720851623e-10 3.084107875450467918e-08 1.467142219916233246e-08 1.703007141386152640e-10 5.235067192143890941e-10 3.114934186432885980e-08 7.260070684013536439e-09 9.186845004666066311e-09
4.943123444065962158e-01 -4.614313623567271356e-09 -3.887781636323903329e-09 3.362723055183294753e-09 6.220052958042767208e-09 9.514216805314140434e-09 9.357856227647792962e-10 1.072520855616057979e-09 1.358205042165469175e-08 -2.160365348096859111e-10 -9.068153498586480102e-10 4.775664868653941200e-10 2.291303430107906450e-08 -2.631065001950134700e-09 2.134557610875170346e-10
4.984736335014697817e-01 4.162809552468268196e-08 4.137281263028286132e-09 -5.641366720542152164e-09 2.976012316707583533e-08 4.147025410778257515e-08 -6.536410181335342839e-10 3.916957810155651895e-11 7.105197098184243984e-08 1.996056062283663833e-08 1.762299429567784829e-11 7.289335023950262560e-10 4.635035953231058983e-08 1.104487155452261849e-08 1.354104896679467167e-08
5.026590164608074618e-01 -8.637045225730001570e-09 -1.869114516984983685e-10 1.811013472891376211e-09 -9.643405550606574980e-09 -6.004687469529706435e-09 -1.360045135974611301e-09 1.303665809444958971e-09 1.410868509541163710e-08 -3.248740328191357714e-09 -6.234381721690037259e-10 -5.706916616950310828e-10 -1.040842701750207422e-10 2.048524690988288389e-09 -4.843948550860920028e-09
5.068609875937976073e-01 -1.746066342242426278e-08 -9.103342990724189182e-10 -2.273851675348278687e-09 3.714850981872950309e-08 -2.098077163726409721e-08 1.248921300284312177e-09 -8.682714290834104711e-10 3.239425022534988536e-08 -1.498324210687204313e-08 2.863085178820664839e-10 -2.165608323440105245e-10 2.419228803842915855e-09 -3.954859444702782879e-09 -6.837905751463390353e-09
5.110594965365916620e-01 3.111046994769951681e-08 1.740264725015465799e-09 -3.165516336259631830e-09 3.917245201179889115e-08 4.993546203212858686e-08 3.388125930772956678e-11 2.269516518712298620e-09 1.702299118430353995e-08 2.854569197430660954e-08 1.422228180827223386e-10 1.430333225033390548e-09 2.016115263692552454e-08 6.462237257760909354e-09 2.961516580419915333e-09
5.152492140965455603e-01 -3.071722627156041290e-08 8.873379288752822526e-10 3.669469840041363432e-10 4.633629949134376829e-09 -1.694028768761869330e-08 -9.809399779969228376e-10 3.300764770510162438e-09 3.078055375900594414e-08 -1.018766543868336854e-08 -2.708058723501871128e-09 1.206286845094819389e-09 5.923800229164680082e-09 -4.289680957285082960e-09 4.599453408990677489e-09
5.194329442812991582e-01 2.903873109582113547e-09 4.994897408349099316e-09 -4.987742131051785544e-09 -9.735070330310339492e-11 -2.697079610792394686e-08 7.953058071068874848e-10 -2.335159446292189229e-09 -2.472080840105925303e-08 -2.699208541557029383e-08 -6.586790448031456499e-11 -4.921213346924490825e-10 8.783320515083487898e-10 -8.048851491986216774e-09 5.532118723051021574e-09
5.236343964239100757e-01 2.045788563351171064e-08 -1.124892539417926417e-09 3.564171220591295341e-09 9.594672091507967546e-09 3.161795842233500045e-08 -6.508103956605094590e-10 -4.454129902402777671e-10 -3.134022085043738314e-08 1.832093452607443992e-08 3.815049471680251141e-10 -4.236853822912577861e-10 -9.584268617899326120e-09 4.365115963052678734e-09 -5.701732431831657242e-09
5.278273205415198177e-01 6.770383728099747563e-09 -9.985830234720173020e-09 1.182057656027759656e-09 1.899386674431439152e-08 -2.115027670779065964e-08 -4.478946002942674963e-10 -1.350086896309983975e-09 -9.468679702564697403e-09 -1.416653639761712577e-08 -7.469024466599423516e-11 -1.243969489572953739e-10 -1.897110723563366299e-08 -2.945315459117057033e-09 -7.952879615164076635e-09
5.319960279023402405e-01 -3.950266120044998389e-08 -2.857659378984841314e-09 4.599572534321912376e-09 -5.813979374812222168e-09 -3.060760643481618297e-08 -3.148699988235609537e-09 -1.331295774762390344e-09 -2.320414970001351970e-08 -8.599367914585394090e-09 -3.334650418019824292e-10 1.368079962754155259e-09 -1.532108891931420423e-09 1.169226402672645162e-09 -1.460086094274051350e-09
5.361714592099571242e-01 6.089857687127661053e-08 2.035641024166484145e-09 -1.459057833488011187e-10 -7.116833297100112330e-09 6.234746050120450592e-08 1.498419991626728883e-09 1.568279268287665347e-09 -3.631028681745496444e-08 2.652715562290823092e-08 -1.270525337904385563e-09 9.874632463730446474e-10 -7.841736803372604436e-09 -2.899308119192282214e-10 4.944266952028462123e-09
5.403746330902056139e-01 2.275376274635565342e-08 -1.652358072426649258e-09 -2.471574824077217848e-09 -2.289474583126624849e-08 6.911324331165519950e-09 6.213396196602446724e-10 -1.160319789583592188e-09 1.274951409361819633e-08 5.585367625183784214e-10 7.258366779724823436e-10 -2.255382460074818817e-09 1.186516082916193884e-08 3.186702133508143644e-09 -3.167295987930511707e-09
5.445761264886261888e-01 3.492111109221902251e-08 8.039594414080807815e-10 1.274815893841976469e-09 4.448686359581063736e-08 9.223838490450256949e-08 -1.221896288741538278e-09 2.215521386880008738e-09 1.838468580583106542e-08 4.543393429301007133e-08 3.434173146416265549e-10 1.564455905857359367e-10 1.080980705734590627e-09 8.810753989545768438e-09 1.634932124790603688e-09
5.487504490749764985e-01 1.041936885005571208e-08 1.221485252761385128e-09 1.808357127410312552e-09 3.520757245026525387e-09 1.826668168361085562e-08 -1.116688987435848070e-10 -5.747115378930765865e-10 3.428074065826608726e-08 2.680018087656677216e-08 -4.527632121631056721e-11 -1.090707603247765143e-09 8.826692006536579377e-09 8.215111303904176869e-09 8.024544736783012400e-09
5.529407179677009454e-01 -8.609914827509923134e-08 -1.342026897404578927e-10 -3.923016423700276500e-10 -3.767165552518241771e-08 -6.550472504049570382e-08 -3.431663921475706762e-10 -5.997194087346506823e-10 -1.231147577319748004e-08 -7.479837983885771698e-09 -2.046288457244006809e-09 -7.599282293379814602e-10 4.546092224640881864e-09 5.804755125928639090e-09 -5.955422767075695502e-09
5.571409157079509900e-01 1.547446679278338189e-08 -4.626725747791327775e-09 1.927960534107323262e-09 2.162276731483804663e-08 6.779217100958387413e-08 -9.358409061276421264e-10 -1.286535480932197614e-10 1.655782161224697921e-08 4.725314950471799934e-08 -7.140009583724104251e-10 -8.774787409003047487e-11 2.208723671172450320e-08 9.407765569447181120e-09 -3.565369136921074071e-09
5.613298693710127019e-01 -1.162703852296498013e-08 -4.703254309580180027e-09 -1.632919825928441508e-10 3.532531979954968010e-09 -3.678613059903578659e-08 -1.227305780906625513e-09 2.225322543912884899e-09 2.175264377333129859e-08 -3.927394548098515489e-08 -1.362970205211964703e-10 6.991443154005167346e-10 -8.532825296386798924e-09 -9.299766025099421326e-09 -3.955666237962446995e-09
5.655062246218995892e-01 3.873610918825676034e-08 -4.105723640507980968e-09 2.895886573873284631e-09 1.740593394706101912e-08 1.912306890714913910e-08 7.645635315277530669e-10 1.555792022892208437e-09 1.711204741242742572e-08 7.905351924212013269e-09 2.257634631986068081e-10 4.180321172699583065e-10 2.844285055059723085e-08 1.832766647316713399e-09 1.644641077049480331e-09
5.696867424029971039e-01 1.359677908867921274e-08 5.142431788031936635e-09 -6.151023269754539541e-09 3.375817460975763725e-08 4.901557082606135998e-08 -3.478442562847787287e-10 -1.188753089730081834e-09 5.658794271184629524e-08 2.417353798580638826e-08 -2.650890943646751238e-09 -2.301695199832328544e-11 2.721094636744217512e-08 1.757390655785961158e-09 6.664908350586299192e-09
5.738956954203543459e-01 1.980943143217889824e-08 1.658385377293780185e-09 -4.973378093411982731e-09 3.295799225897349407e-09 3.584423735243430844e-08 6.164323165899980783e-10 -1.460402035873361806e-09 1.071389271398851559e-08 3.498846446333246603e-08 -1.882566302521450307e-10 1.099991961547785504e-09 2.002626866324528968e-08 1.165647509750266019e-08 6.690296291521018224e-09
5.780928920821047923e-01 3.297364690184612445e-08 -1.825463595178258880e-09 1.790808992637838432e-09 -1.086565271265081720e-08 4.566153893234823535e-09 -2.006046442930394830e-09 -1.583978884236002121e-10 9.735293426930027073e-10 -1.613564274813288872e-08 -7.284624133718503600e-10 1.261172090500955937e-10 1.991208003947290225e-08 -7.523808597286765145e-09 4.990512787401168280e-09
5.822632071880226023e-01 5.162432233673918860e-08 -5.229393587264222690e-10 -8.565952608872587382e-10 2.550812283621055786e-08 5.766387312034356448e-08 -1.418103180459504925e-10 1.459659121992076024e-09 4.426800893792528903e-09 2.123179030584407615e-08 -9.578662666587782977e-10 1.318095818454595645e-09 1.582516760619371824e-08 5.764061976040711349e-09 1.793598144491195620e-09
5.864430803127811398e-01 4.540873918336730809e-09 4.750028883983222851e-09 -9.749951823112723724e-10 -3.971486974536156477e-10 -2.662582521175023976e-08 1.799543613983178974e-09 3.507944994348639218e-10 -3.846661306273546413e-08 -2.910643593217622173e-08 4.182910647075937197e-10 -7.216992459866502264e-10 -2.763904008691462284e-08 -1.065236654392721903e-08 -6.133083545912141009e-10
5.906376733072625784e-01 -4.916612495526938340e-10 -4.089758634269960241e-10 3.837296245448897783e-09 -1.730944802075357136e-08 2.709029715730899864e-08 6.547479092707853176e-10 2.156056191714652644e-09 -3.659135933687612330e-10 2.961828345295660766e-08 1.029914644801436664e-09 9.402388588003849773e-10 -1.436251824287444991e-08 6.262290063422102185e-09 -1.771013141322079874e-09
5.948356627105599870e-01 3.507715746939508424e-08 -2.199038909254200923e-09 3.093820066254506412e-09 8.181977537853809290e-09 1.348070613968229941e-09 -3.286818654176921722e-09 2.282850883888891652e-09 -1.354515502060796548e-08 -2.535256425085814993e-08 -7.992959755914274995e-10 3.677839715039444274e-10 -1.118045068480516489e-08 -1.036071134282079762e-08 -3.016557373315515095e-09
5.990145239901687457e-01 1.650464317208588692e-08 4.603957427475137286e-09 1.638247842011346216e-09 4.172374772015678770e-08 4.378328557085085741e-08 3.006229226345098691e-09 -1.081191206266274714e-09 5.944858606884860369e-08 4.172318398773026607e-08 2.344820319065616499e-11 4.282967262943981752e-11 4.816900304938356636e-08 1.162084064022001528e-08 1.257471983309670411e-08
6.031829950841108845e-01 -5.246562229657247304e-08 -1.921426046747596177e-09 -5.867061877760606087e-09 -2.032822552442457474e-08 -8.200429161820376170e-08 -2.431682861355658804e-09 -4.836633535736036689e-10 -6.134579595900461123e-08 -6.790359408217144050e-08 -1.992436066322301091e-09 1.442389611317883735e-09 -5.748028894683837127e-08 -1.706137069150187106e-08 -1.408754439412990336e-08
6.073740526175752663e-01 3.515620580927913679e-08 1.050440205124499292e-09 -3.137577756185135850e-09 1.427547947367822726e-08 7.142173618759141849e-08 4.640132996856599942e-10 -9.314315324747895106e-10 2.510757426385906012e-08 4.066513977943220245e-08 -6.510278225185534992e-10 9.400352492444984423e-10 1.706195195123496205e-08 3.790223910456802649e-09 4.299488112068263446e-09
6.115768023320514724e-01 5.966117371490399283e-09 -5.068979629639046723e-09 6.030246261848163669e-09 1.657025648053195639e-08 1.860631723275051552e-08 -9.140934778200647439e-10 1.590032490751187185e-09 2.463009294419042456e-08 1.280488048112763061e-08 1.507466474017570490e-09 -9.002402356079615146e-10 -4.845815388720809086e-09 1.456038464859190446e-09 -2.068350904197302275e-09
6.157710000000914397e-01 -4.342692070043855815e-09 3.539580805659620767e-09 1.816744686947377093e-09 -1.497487149240272045e-08 8.311104520658985684e-09 8.762988317285534558e-10 8.406080521566396181e-11 -5.029965669438864813e-11 1.747701426953176946e-08 -1.349389493304127289e-10 7.611005948126263513e-11 2.082716157129508942e-08 5.595014798355519010e-09 9.131237477975668121e-09
6.199632023912512446e-01 -7.988064831254648144e-09 2.520662536327761452e-09 -1.067492227236010734e-09 -8.856851122302530544e-10 -3.816869709541439879e-08 1.793046920779942662e-09 -1.566025088496905361e-09 -1.848040282616848409e-08 -3.740332800781075499e-08 6.683463395462616602e-10 -1.993071572472171731e-09 -1.317277642698828099e-08 -8.739186257603446190e-09 -2.902956122750216466e-09
6.241630060990407403e-01 -3.890117010189892381e-08 1.821695366953645466e-09 -1.520447194771176688e-09 7.067742501924812691e-09 -1.774691854985471040e-08 7.854937805937339369e-10 1.144277147868702588e-09 7.959577185514800924e-09 4.713358850482572198e-09 -3.551590735732077488e-10 1.289612862611464592e-09 1.799345486544942439e-09 2.563730550476458066e-09 9.833575103415586701e-09
6.283593402461892241e-01 4.152596772171849651e-10 2.388860234530497529e-09 -3.740393658804438134e-09 1.092803402969645027e-08 8.611641853485729611e-09 2.150535514083364227e-09 -1.578338714567202885e-09 6.538124257242124534e-09 -1.648996440008947049e-09 3.593856766662293058e-10 2.490251378141301799e-10 -3.338865057540450400e-09 -2.441953934017691262e-09 -7.158211374068280984e-10
6.325410955997395890e-01 -1.169529461290465393e-08 -2.078309666424039699e-10 -1.539581915089403255e-09 5.764146858448943569e-09 1.632752464647550968e-08 1.320654558145936727e-10 6.673896041412894404e-10 1.507445375075843337e-08 3.034396368586825479e-08 -6.077568587638791289e-10 9.054961271494418821e-10 -4.329217896536899405e-09 9.353237313019818522e-09 2.853830762709926335e-10
6.367142920629192959e-01 -1.171040888541985474e-08 1.126212600423293118e-09 -2.142724865587710046e-09 -2.711177533611123653e-09 -7.585575882183439211e-09 7.528418178352813638e-10 -6.364895958387697194e-10 2.481527161569583955e-08 1.608939696187558984e-08 1.650341276983886927e-09 -1.021506237741839654e-09 2.701505318522649913e-08 8.242306467937680780e-09 2.466518859373615172e-09
6.409035099394975177e-01 8.976371892296695131e-09 -4.074068584875224332e-09 6.887245346802814728e-10 1.098574571545713482e-09 3.769425602974422579e-08 1.112837893604789794e-09 -4.197498697381462712e-10 -3.533411420863480999e-08 1.511470116313344094e-08 5.410827895198087060e-10 -9.063647013020903449e-10 -2.674913632586102987e-08 1.523431947380639307e-10 -6.054883148936050779e-09
6.451032402190634008e-01 8.047333797292971761e-09 -7.105384706721575744e-10 -8.625491323554572157e-10 -1.882665219985006400e-09 1.083946451785072420e-08 -2.204042454025114344e-09 9.872380627838410276e-10 1.706603652993351989e-09 1.368229279764173741e-10 -7.314689775144249988e-10 -3.551448994437877156e-10 -8.427919209907375608e-09 -2.110658084770709958e-09 -3.797804118080415312e-09
6.492879941711476866e-01 -2.584727679282866371e-08 -4.260042110415206405e-09 4.425304378831790689e-09 1.818477201434290493e-09 -3.604188370976009303e-08 -1.516311138622726310e-09 -5.608520946612794346e-11 -5.032837597856089945e-09 -2.835934337771685244e-08 -2.560082985905759022e-10 -2.263769358586794880e-10 7.138127800286118632e-09 -6.480348902783490392e-09 2.113098107018384603e-09
6.534659541563927476e-01 -4.861806020414352138e-08 -5.879925680017170584e-10 1.399564648071193387e-09 1.437961287878686658e-08 -5.113861570199007458e-08 1.600576887592735745e-09 -4.483085882330662801e-11 1.609896873129759514e-08 -1.619018936862057147e-08 1.791402053763124885e-09 -4.139638264490631290e-10 1.778159943170363393e-08 -1.469310103498357738e-09 2.927596533401738241e-09
6.576591076962554627e-01 1.264333308473377771e-08 -2.097258015518637192e-11 1.295037955422359658e-09 -1.372527032773192548e-08 2.033013946317462441e-08 -5.807677074499279137e-11 1.959844829798016076e-09 8.820149394835148985e-09 1.329926143387000317e-08 -1.490074888162315605e-11 -1.463511160400925285e-10 1.620930511558661994e-08 4.311471488433346825e-09 6.019350192133010238e-09
6.618529307405217610e-01 -2.405506242726646310e-08 2.645952804830401849e-09 -2.709908128775087318e-09 9.780662181016206484e-09 -1.616556897504613365e-08 1.319482533499976304e-09 -1.273356027088581943e-10 4.513498945333102087e-08 -5.969872536471662675e-10 3.349026970205690441e-12 4.800374168205628948e-10 2.866036483506785259e-08 -3.497917285352485706e-10 4.384822686045945100e-09
6.660240791386257131e-01 -1.161078975039034829e-09 4.661606584492843553e-09 -4.607576741302623226e-09 1.991740379908001166e-08 2.632159834148034002e-08 5.383302034789215849e-10 -5.860640823588471906e-10 5.350784508807789251e-08 1.450035295711526865e-08 1.109378066320903304e-10 5.094169937832335919e-10 6.108074122586330041e-09 2.390794132105245968e-09 6.372774347391254792e-10
6.702067828716186115e-01 2.911766222336630177e-08 3.547651778154930750e-10 -1.886186321789905752e-09 1.428608763437980949e-08 2.331248234068454470e-08 2.562779701835944660e-10 1.515664133729772177e-09 5.332449523544181953e-09 4.664366596400508515e-09 -5.845299285983619375e-10 -1.580081710140081128e-10 -8.774995013495890981e-09 -5.929543484469871622e-10 6.109020628232953384e-10
6.744172070879622671e-01 -1.299075402289090459e-08 1.834910225086816839e-10 2.588457452664457100e-09 -1.640618926835972674e-08 2.168048732194731542e-09 2.638605892467616297e-11 1.119087111104429074e-09 -1.031536366728513269e-08 2.167399445067042255e-09 3.303261770480525711e-10 2.573847695076692804e-10 -1.009426944208560534e-08 -1.293124583897488010e-09 -2.546485335961074233e-09
6.786118453466847278e-01 -4.287068141612008078e-09 -2.688178108564008018e-09 4.597880972308019846e-09 3.185863174888113086e-08 2.669745948809764192e-09 -1.063320100933968632e-09 1.245926294804379018e-09 -1.971533707087460149e-09 -1.513412245379602303e-08 -7.810874819760552617e-10 -1.083147490281017618e-10 -9.627379230556810408e-09 -6.516136718792553364e-09 -1.098105207797979458e-09
6.827984616056306244e-01 -3.679095552114405902e-08 1.450947413154325136e-09 1.234670385775500225e-09 -2.280973932343875993e-08 -3.394009434947377844e-08 4.469538404894588842e-11 2.321711065960786957e-10 -1.479199366172555468e-08 -1.093933753881569304e-08 -4.591310631580836194e-10 1.868904327781382414e-10 1.094265553624883406e-10 7.453511795577090075e-10 -4.389093253747997118e-09
6.869817177358829019e-01 1.969216953891300926e-08 2.591823226234389680e-09 2.598463476911028763e-09 -3.650902581434184143e-09 7.808347123061013930e-09 -5.940488804449199847e-10 1.939341889685850543e-10 -7.582924065650011268e-09 -1.374643845865370659e-08 -2.852676950906715012e-11 1.405214332832770124e-10 3.387339013548632894e-09 -3.792411110321460914e-09 -3.396567137639756822e-09
6.911718524128840357e-01 1.724960361776251084e-08 -1.780272916224063064e-09 1.308660529743627147e-09 4.105166229818530386e-09 4.013421146725929321e-09 -5.441961466113759926e-10 1.345675869220776483e-09 -1.661694951728217994e-08 -2.502693588132419153e-09 -3.276491022729677016e-10 3.707913992276724225e-10 5.369438397822039161e-09 1.318782321354692368e-09 3.089269936750147337e-09
6.953555746427921846e-01 -6.151807916463775498e-09 2.449402174672971364e-09 -2.865220533793372783e-09 -1.169429804254970523e-08 -2.169697935617526544e-08 2.232879745455928924e-10 5.084271137622488116e-11 -9.243089611261418068e-09 -1.762869877565367592e-09 1.041289411300251706e-09 -6.995203338174739939e-11 1.718581874326049687e-09 -1.409891839771762987e-09 4.364613692827015458e-09
6.995344561305086861e-01 -6.355492693083621511e-09 1.525340350473175782e-09 -2.197980315390815284e-09 1.809882709360444955e-08 2.065901827322535217e-08 1.535172450375352579e-09 -4.770661621887939788e-10 1.240924045422592532e-08 2.661328087550366822e-08 1.096091101610361240e-09 -4.934150939246803575e-11 2.725936541050681517e-08 6.519545501893854522e-09 3.171612565523896621e-09
7.037287066792784485e-01 6.781701401680424748e-09 1.085893474855777267e-09 -2.403478591463659059e-09 -1.357518168577287395e-09 3.156890251378363646e-09 -4.991537071998417993e-10 2.533657674016723064e-10 -1.950938159396839707e-09 -1.091092289418469808e-08 -8.194702395739231937e-10 2.895897966340911607e-10 -4.373068399649781637e-09 -5.196429490082912880e-09 1.831913117526241701e-09
7.079143033440539190e-01 -1.842874355832487730e-08 -8.902688087414908555e-10 -1.922319340737654847e-09 -4.776634295258325693e-09 -1.169218576627405251e-08 3.910418844696472407e-11 -1.073972382035228078e-09 -3.368058900202969640e-08 1.324611859590475548e-09 -4.053232691209033381e-11 -7.794358484421195390e-10 -1.280062575678197833e-08 2.507615044588264464e-09 2.611661770116835830e-09
7.121186686741065586e-01 4.322941648512804194e-09 3.755513855555706862e-09 -1.183318699773567996e-09 2.844218219037222914e-08 2.706863643433313283e-08 1.398103111607286955e-09 -5.436372585591723395e-10 1.030885303074396508e-08 1.579868242800424205e-08 9.521128759735603751e-10 -4.164872750162178953e-10 5.807886452794776933e-09 2.595908066080880987e-09 5.667845423574173284e-10
7.163134555705721329e-01 -6.056530906475540670e-09 -5.125295052220898826e-10 -3.666349492479534232e-10 -3.494628013892815096e-08 -5.522835029732167101e-09 -4.129349101189285581e-10 -1.033559515245358837e-09 -3.729231126250238974e-08 -1.103418032769308805e-08 5.122728447779975317e-10 1.688941481875392557e-10 5.884160743677766666e-09 -1.182044026509873478e-09 7.492635993931644471e-10
7.204913713645887396e-01 7.846612350960888136e-09 -1.107376384869979906e-09 -6.806831014568962571e-11 -4.567994606233723961e-09 1.018280361038516278e-08 -4.456123551867413181e-10 -7.267653802397989972e-10 -2.079941971295963349e-08 1.499719626905997748e-08 -1.814056886090643448e-10 -1.929614612039464289e-10 -6.897762100139854961e-09 7.200659591833902703e-09 -2.047154390431666500e-09
7.246803275165087932e-01 1.808015844624250773e-08 2.045207580999477977e-09 -2.035840133417514726e-09 1.051160262794398500e-08 1.867267752702222966e-08 -1.386083607133793884e-10 -5.104664061783754525e-10 8.484314694885477221e-09 -4.368807690994713824e-09 -6.090211800695357138e-10 -1.572710354387362930e-11 -4.484610261490760415e-09 -3.485106019583887854e-09 8.957158084199933502e-10
7.288763115175647123e-01 -1.025524523691039564e-08 -2.396149729396140450e-09 1.350496171964117140e-09 -5.852118449155347444e-09 -1.964086128774697270e-09 -2.567502043820202410e-10 -5.039587129607036064e-10 1.364500767336156975e-08 2.303077786019219101e-09 4.682604664306519836e-10 -8.571696821954528094e-10 2.039265015559040704e-08 1.572162160705408856e-09 3.776259050753837871e-09
7.330585840505703388e-01 1.838470442860345742e-09 -2.458900098034258616e-10 1.662345535445571194e-09 7.380910317631751384e-09 1.703332102431302938e-08 7.444764831150113633e-10 -5.711827006624544372e-10 2.798972432002143122e-08 1.106338814043863917e-08 3.122135063773907063e-10 -9.177252169742595791e-11 7.707701198171797813e-09 3.715635416866567948e-10 6.420295028609930255e-09
7.372316440474646626e-01 2.803549320357134001e-08 1.659152467173608059e-09 -6.125647567644308282e-10 8.355161719800615490e-10 1.181500019816486373e-08 5.120662809219187909e-10 8.530622614112125033e-10 -7.099871573293186316e-09 -3.702606322940235038e-09 1.775243710862573548e-10 4.111850073894678299e-10 -2.564417007940239872e-09 -2.106159464243686524e-09 2.519692730764273500e-09
7.414228560306842519e-01 9.072568594014422859e-09 1.462195845784161302e-10 2.269362342219394850e-09 -3.623064589100648368e-09 2.315828495790758062e-08 -2.401395899658399673e-10 6.167679303107960680e-10 1.582716950178188549e-08 9.358579162304146482e-09 -3.273528544852077253e-10 5.265948311168819561e-10 2.279012088905860220e-08 2.029977722165764224e-09 4.662187500976802940e-10
7.456189213758863676e-01 2.638116244728929220e-08 1.360380435303099020e-09 9.030815321371271360e-10 -1.866273259381430753e-08 1.393488062443977286e-08 -2.813315390898907924e-10 -1.021219078439066190e-10 -8.038620512126280685e-09 2.902887383858138713e-09 -7.962397908168157582e-10 2.408545463524204304e-10 3.035670759736032394e-09 8.524368541072940224e-10 1.340286990700658543e-09
7.498104337627916616e-01 -3.156864969141097122e-10 -5.816092512056696019e-10 1.492947733914954559e-09 2.037176845585969636e-08 5.246873998401191533e-09 3.658980609056963790e-11 1.426918357966725332e-09 2.785113465438567500e-08 8.807274573013858427e-09 -2.032228242181920530e-11 -2.042445320362793042e-10 1.575261831131527948e-08 1.253672340915896514e-09 2.281561816007447306e-09
7.539974189770904944e-01 -1.207817389233071707e-08 -3.734340678402037893e-09 4.655703400726210200e-09 -1.508760674497831096e-08 1.362875244311923256e-08 -5.372667862351446384e-10 1.009802900637909965e-09 -3.566237974444356289e-08 1.570799906093709915e-08 -5.242417203110433314e-10 4.570000579702250069e-10 -1.675567687899204686e-08 3.981691696130855916e-09 -7.568574549903271832e-09
7.581896411468850294e-01 3.257450055343426627e-08 -5.727966534088800189e-11 2.346577524679232608e-09 4.541817556055918286e-09 2.831873298427665107e-08 -6.805561231889910126e-10 6.613141601058613205e-10 4.159152682044306161e-08 -1.151215456654150087e-09 -6.154415880015919692e-10 2.660538544762366135e-10 3.153465880574076041e-08 -4.731241376434090384e-09 4.183391845329343837e-09
7.623808615479977790e-01 -2.457516551885111679e-08 -4.008952338361914771e-09 2.478820410591725609e-09 -3.351298852742777555e-08 -2.804864650461805841e-09 -9.246550109859262826e-10 9.145625027919282975e-10 -1.360140040741512072e-08 4.440782085205081882e-10 -8.167920303754838273e-10 2.836239736711323031e-10 7.719925670634386920e-09 -2.815439949851209371e-10 -1.571861623877915323e-09
7.665651159623174671e-01 1.457315253492927119e-09 -3.219679049010545885e-09 2.976567376464951114e-09 2.982165611736835204e-09 1.512457760360400521e-08 -5.872729566764645361e-10 1.448042951747678577e-09 -3.462876958813217548e-09 1.849572907785188208e-08 -5.579626197752009427e-10 -3.107847707279719036e-11 1.878212300860301110e-08 4.459555212628240063e-09 4.747820934100273970e-09
7.707536355579491794e-01 3.348343699688230974e-08 1.001894457117439301e-09 -6.562457096875248729e-10 2.628758534474175798e-08 2.208844284991904751e-08 -9.772160019320985196e-10 -1.520334504015783667e-09 7.266636839565765777e-09 9.694046044506851979e-09 -6.510945498634519974e-10 -5.224448040345511938e-10 -1.479260809290953194e-09 1.105793059743009818e-09 -5.871522117669904117e-09
7.749462413082437440e-01 2.295082255745369177e-08 4.317855513938514373e-10 -2.416637113488075669e-09 8.134352188493601713e-09 2.313086022516409377e-08 -1.308682076974625771e-10 -8.761381780647795187e-10 -7.741840046805602422e-09 6.832879880799579216e-09 -5.080963122072344109e-10 2.002790456872841988e-10 -3.458619831381116650e-09 1.896130708124865309e-10 -4.721429241647605875e-09
7.791369682448587852e-01 -1.667007847757799225e-08 4.077110424856723971e-09 -9.033131980507354890e-10 -2.265523388852080120e-08 -4.135142383542682572e-08 8.473849626566693045e-10 -2.546412638562492493e-11 -3.842682541825936799e-08 -1.226426740216275540e-08 -9.116870433348078024e-11 5.429039033724415782e-10 -1.710208405144680940e-08 -8.857662244887432059e-10 -5.446260920645211354e-09
7.833258353347896108e-01 -3.523052044143755879e-08 -1.947378898112819290e-09 -7.217721347003133726e-10 -3.677509356933306641e-08 -5.923350918858621972e-08 -1.066040874626414259e-09 -3.623346569174321471e-10 -4.417169520024953941e-08 -4.251102724666467762e-08 -2.607568825687472454e-10 -1.064496136217866074e-10 -2.054374732507258126e-08 -9.579984481754430992e-09 -2.992574147718322592e-09
7.875159900600451346e-01 -3.212191530473944238e-10 1.467734876016815656e-09 -2.407963626650173565e-09 -4.415425752724875432e-09 1.445934533948503627e-08 6.565925400418493908e-10 -3.327158525475492844e-10 -2.520329287416168659e-08 7.611864471279115987e-10 -7.023382229065511992e-11 5.199290437910070526e-10 -1.843488599126569671e-08 -8.626776941992805150e-10 -5.776164012107424501e-09
7.917084457625156446e-01 -1.461066929520375343e-08 -9.848307426276576970e-10 8.731849324961864683e-10 9.134135305017124426e-09 9.431101089504710231e-09 9.387728336446068392e-10 -1.448037417374031787e-09 -1.863336208796581260e-08 -1.001253196975976643e-10 -1.248216453495871043e-10 -6.828833154311451524e-10 -1.956169511939886942e-11 2.339884173820029624e-10 -2.352685943355096344e-10
7.958821468706197555e-01 -6.855307161498231238e-10 -3.124256330296242781e-11 1.410903410925642040e-09 3.952825367445423222e-09 1.710414712469331765e-08 -1.031356956686166552e-09 3.370592717375004529e-10 -2.526060524574278370e-08 1.983556413436336377e-08 1.274610437313807167e-09 8.096745207632493279e-11 -5.531133446930707842e-09 3.211488315709530799e-09 5.905661144153217779e-10
8.000624692379799674e-01 -4.291410129673039214e-09 1.280295965194778835e-09 -8.776512845650997117e-11 -3.669839545218584292e-09 -9.630037831580602379e-09 -4.919864876986064693e-10 -4.190100359177851527e-10 3.483276717838229498e-09 -1.309327218784151133e-08 1.864927837369853728e-11 7.988588354870959028e-11 -4.377519986242789892e-09 -3.963295812085973627e-09 -4.130792835737799069e-09
8.042564613727184453e-01 2.454704839903718518e-08 6.265151503615492755e-11 -1.976314904934814864e-09 -1.092246937030139784e-08 3.974628526456584967e-08 -2.574670531664510365e-10 -1.165604683092150591e-09 5.960351055140716909e-09 2.223022296377784980e-08 -2.478549950965340942e-10 3.914073861504653155e-10 -1.587421476470556253e-08 4.167495622633029070e-09 -2.332310910841994077e-09
8.084384822996342201e-01 -5.581641811493789099e-10 -2.122830878751394844e-09 6.986558017758372990e-10 -1.289558081730111002e-08 -1.905385648379859105e-08 -4.670525692130268043e-10 -1.256660847541360874e-09 3.612785445190482910e-09 -3.147356044431121172e-08 -6.321812632884595352e-10 -2.232994061703307571e-10 -2.114279339503764403e-08 -9.974211074695699653e-09 -5.859172924004686495e-09
8.126333810499198895e-01 -2.310980006552492917e-08 -1.057332996798492185e-09 3.184291847157712023e-09 -2.337583620298483268e-08 -2.651124978288478793e-08 4.239196287165989595e-10 5.455036383209255240e-10 -1.198993347539801620e-08 -2.007600998407502996e-08 1.857584282242149409e-10 3.740261792513489598e-10 3.178639451852789784e-09 -2.335182455319861718e-09 -2.176710469068472051e-09
8.168271958201180905e-01 -4.602388089409028998e-08 8.454944340991126841e-10 4.017354585845057269e-10 1.971768052097733740e-08 -3.358840415018618680e-08 -1.375259154574243547e-10 6.502278012805815285e-10 1.614418542305209931e-08 -2.842395381355648648e-08 -1.742682998954689636e-11 2.337295831808083972e-10 -5.463888014010111086e-09 -7.920095510330359015e-09 -8.109237900342831376e-09
8.210214995694952167e-01 2.215140569061738916e-08 -2.720156754039907968e-09 -7.441741420075187105e-10 -2.093469107584166841e-08 1.941278274320455833e-08 -4.222911335050581785e-10 -7.191638652556785575e-11 -2.960356388845268095e-08 1.335923308642846811e-08 -2.429417282105636902e-10 -4.677528455197980428e-10 -2.949155806685910147e-08 3.688028844534474183e-09 -5.723752762702575354e-09
8.252154145000215602e-01 2.927604797062635553e-08 1.764923425492708268e-10 -1.527118579190234308e-09 1.855284983474237572e-08 2.769663715682106609e-09 -8.495579084343559701e-10 1.161911910778167810e-10 1.427760190033442352e-08 -7.861269164182321613e-09 -4.644737319827229457e-10 -2.667912777839662134e-10 -9.672201155443726185e-09 -3.800220067419165507e-09 -6.358831441177730095e-09
8.294030907808404018e-01 8.689546176742969706e-09 2.381573253297952434e-09 5.342407209780819410e-10 -1.607526076065842361e-08 3.590590856239000141e-08 3.338272137529650755e-10 3.524741394124819524e-10 -1.277119459434283222e-08 4.286001939485938107e-08 -8.236400420300139613e-10 -7.509542705884342366e-10 5.097402153389036785e-09 1.093314582016585222e-08 1.681353077021190327e-10
8.335906150371191758e-01 -3.733056167408492058e-08 -1.968367764959583715e-09 1.604535814985911866e-09 -3.180813303664794129e-08 -4.177130793439123950e-08 -4.451653995652342899e-10 -1.136695208891327707e-10 -3.783391517845396264e-08 -1.963722101162353871e-08 3.524872660486035310e-10 -3.053774188303477114e-10 -1.132397333059247336e-08 -1.152535892269762638e-09 -4.550873603870076922e-09
8.377685032221774408e-01 -2.714651545503748366e-08 1.874163537373376597e-09 -2.217570544765929055e-09 6.632312001441843263e-09 -2.382159016927786509e-08 6.289878289087785458e-10 -1.034387430346378893e-09 9.975520244090983572e-09 -6.812735307481151679e-09 -3.315370774732062590e-10 4.408824068805086750e-10 1.119987876232169524e-08 -1.657682138795155425e-09 1.878662808036487579e-09
8.419567297582307708e-01 1.226046571579682680e-08 4.883686639637367577e-10 -3.167550796249649267e-09 3.570431243170310015e-08 3.539155804859321636e-08 -1.842720297506958764e-10 -1.038575742651679853e-09 4.691346512256522801e-08 1.788372575872694501e-08 7.301363848882965468e-11 -8.365889947147627646e-10 3.253183982486870366e-08 2.864648504007955143e-09 2.299374403619000636e-09
8.461556544987137718e-01 2.782626872725286333e-08 -7.266869494008990969e-10 1.936219645302992671e-09 2.872901098063824517e-08 4.537626300311580732e-08 -7.748821709302599987e-10 -4.745652454255828329e-10 4.365169298794368124e-08 3.140211406359165578e-08 -3.890555313244896004e-10 4.283931889726055415e-11 2.846957497553512059e-08 5.309646318959728053e-09 2.298149588495927569e-09
8.503430790983292908e-01 1.182601744167008700e-08 2.919525166215787601e-09 -9.746826910880421291e-10 4.198541706512482861e-08 1.535856583861291605e-08 -5.049547682535832169e-12 3.393724685287330622e-10 6.337637147080909611e-08 4.721227055281809736e-09 -1.832035318271143096e-10 6.648358729929622672e-12 1.824268902602523298e-08 -6.110678377341817316e-10 4.231876637742384220e-09
8.545245840949285965e-01 -1.162552458029914772e-09 2.679908099143353887e-09 -1.358826692018817717e-09 3.606991399084108943e-08 2.402475677432711326e-08 9.219728656366331893e-11 -7.984875426231341707e-10 5.262339478426380957e-08 2.676506762085754459e-08 1.452578815258302974e-10 1.823772638202304064e-10 2.422823376111059191e-08 7.188934932394414231e-09 2.290680774278505393e-09
8.587196449246210506e-01 3.972465708544669443e-10 2.181144682575265889e-09 -1.110929633157218132e-09 -6.097528295171437824e-09 1.632899503488471302e-08 1.090876071775196316e-09 -8.767751457856158507e-10 -4.201771367385128146e-08 1.992060443056468078e-08 4.996421365214399611e-10 -1.014960013013150160e-09 -2.958872427880757075e-08 6.947147917080349170e-09 -8.163564717129521373e-10
8.629074348139629258e-01 1.930489082577362580e-08 8.591998825874836910e-10 -8.144707848326070400e-10 1.140945795903721969e-09 1.729173303214064650e-08 1.072794857948531399e-09 3.137245351053433291e-10 7.763225410569171716e-09 9.364260814773865049e-09 1.137137120184060333e-10 3.172810708258023996e-10 1.802817686493344430e-09 2.028296296755832147e-09 5.480556753154429838e-09
8.670852844200982457e-01 -2.101488417703593117e-09 -2.277852408758684931e-09 1.246163804871998204e-09 -6.995629783648310715e-09 4.016480042020267404e-09 -6.036298232793600588e-10 4.167882955559019944e-11 2.054404155911403253e-08 5.742533702338780350e-09 -2.423230977699409751e-10 5.807662081935115985e-10 2.538877924873996554e-08 3.398569640706143750e-10 -3.014109033043395653e-09
8.712764316473343706e-01 -9.408668637978950932e-09 6.690269034249966015e-10 -2.202273954967871918e-09 -3.800527120680244279e-09 -3.587132164019902629e-08 3.159704772352289498e-10 6.714816850007446703e-10 -2.435563173963670815e-08 -1.741326918023699909e-08 -3.401187458008403417e-10 2.974958590245203483e-10 1.765064064830866500e-09 -1.593843491189418083e-09 -1.058749566813667438e-09
8.754762476624626810e-01 -2.362799513162428360e-09 3.261893497931645706e-09 -3.630494910655554797e-09 7.026782741477948634e-10 2.565562123943914456e-10 1.251178797059949721e-09 -3.645650495388428663e-10 4.358127322116424085e-09 -8.014708190994912087e-09 3.158312661890677198e-10 -4.003675202251679195e-10 -1.632210066425959361e-09 -2.982320213872444797e-09 2.053009906145229921e-09
8.796707865602606535e-01 -1.283684621409716604e-08 -6.707136812098156567e-10 -1.398019445581104106e-09 7.057833813528170191e-09 4.122482022103435014e-09 -1.141351675087743814e-10 6.186605246560131927e-10 1.843592763525072915e-08 1.079130959385736991e-08 -9.395983128100903886e-11 2.624020943489782207e-10 1.937975454630672377e-08 4.588074382576801951e-09 4.251150349596772049e-09
8.838562222970675064e-01 -3.817155138280333218e-09 2.397313506769502354e-09 -1.142583386578924712e-09 -1.935649706759566542e-08 -6.680300725935586357e-09 8.940051162462327419e-10 5.419491897557639488e-10 -2.497629229511060519e-08 -1.098313399203526599e-08 -2.262324383333823784e-10 7.909669563835220169e-10 -3.514275771255038919e-09 -5.919991529613867476e-09 -6.333941776686760127e-09
8.880381764417510926e-01 5.985992679515773713e-09 4.784393796795889872e-10 6.813232042883220168e-10 2.579468370201045631e-08 1.301396214608482209e-08 -3.090243466198153746e-10 5.551609300132364207e-10 1.880609219552981611e-08 2.163779726860132393e-09 6.600458361938918706e-10 2.070810849990216489e-10 1.344753625229915525e-09 -9.731526870519786352e-10 -7.953697343681601291e-10
8.922270316229049536e-01 -3.632079518499096977e-09 2.120199157454104917e-09 -1.295922464317926438e-09 -2.306312790003400530e-10 -1.118440797273265826e-08 4.150538107215631866e-11 -1.997721961787968987e-10 1.189116966171513670e-10 -2.313487559090253453e-09 2.245465503790644611e-10 2.326070187939988918e-10 -1.290651661826294599e-08 7.446943013484060027e-10 -4.207083796945143503e-10
8.964225585562245469e-01 -1.309939994070534002e-08 1.406088995700430922e-09 -9.830474448693020761e-10 7.295511953691354249e-09 1.655286273747098426e-08 2.690512028972873490e-10 9.169924721326291929e-11 3.514300834144593101e-08 2.667981091851867367e-08 3.199331266883069741e-10 3.878084828061393275e-10 2.661227428003816984e-08 7.457633795653842922e-09 2.807349505251039386e-09
9.006049913569987853e-01 1.348350486153150025e-08 5.352671943382317994e-10 -2.198405689976080513e-09 -7.764618534771441521e-09 4.708977762630581128e-09 1.662364687301704884e-10 -2.263204412124514621e-11 -2.523029672148167393e-08 -9.975284360675145119e-09 -9.125469765241059571e-11 2.945705226897453563e-10 -1.096139099512275145e-08 -5.338564009117469108e-09 -3.768274460653508016e-10
9.047836582182254839e-01 -2.555188959437136745e-09 1.511507846730104810e-09 -1.401737150642124885e-09 3.280777796607143809e-09 -1.546471323522128537e-08 7.437949685772812809e-10 3.510687750770307094e-10 2.897087989987264553e-08 -1.697592232424869641e-08 -8.004748505799670860e-11 -3.783269120516282209e-10 6.192145967479815595e-09 -5.435820667523683709e-09 2.526146252063289595e-09
9.089780964569278421e-01 -4.176169315686011087e-09 -1.352653795850932202e-09 2.473961598554129750e-09 -1.363035362862629622e-08 -1.212290127211124374e-08 7.423565382434372001e-10 7.845390899656831108e-10 -2.120365280040310687e-10 3.267108469290345943e-09 2.505096076827525855e-10 -2.610696030121045668e-10 1.602459961984349477e-08 4.141678657746491114e-09 3.624781358828529681e-09
9.131704587403689510e-01 -1.428040985999013185e-08 -7.206989970122350991e-10 7.828368607037009823e-10 -9.926581260087558402e-09 -1.010952180220969617e-08 1.977091164831564948e-10 -1.066527945442842601e-09 -4.961075169706684429e-09 -7.199440331380940736e-10 -5.278171560148552517e-11 -5.818107754073438713e-10 1.394383512290272057e-09 6.814486496166139280e-10 3.501150955777366417e-09
9.173547920329833127e-01 2.155660269702953137e-08 -2.876625415286493352e-09 8.020238101591396258e-10 5.511493626996729086e-09 3.618719813867961759e-08 -1.088138451701074234e-09 1.763957469350260358e-10 3.291255904794643235e-08 9.968040274857608639e-09 -8.055023189289302039e-10 4.187628435182137934e-10 2.546676932886458320e-08 -1.467424930625194817e-09 9.694017959861353364e-09
9.215425617950214754e-01 8.725444732200387479e-09 -6.810444964935551667e-10 -4.451109015686786043e-10 -1.618114668174779645e-08 1.578784213364788731e-08 -1.859441285079848601e-10 1.548135831256964919e-11 -3.312798158089417728e-08 1.819019811577059018e-08 3.303767183656399188e-10 2.176502510582602067e-10 -6.696957458303283673e-09 3.345538168075632469e-09 -7.052574064446609543e-09
9.257400405750663142e-01 -1.871445325685995217e-08 -1.056048532705214531e-09 1.127794396880718295e-09 -8.561167031528013856e-09 -1.418580837113430556e-08 5.510254007741685619e-11 -1.082907324406493011e-11 2.486344334916939873e-08 -6.049146232397323995e-09 1.262553230836562200e-10 6.238495986364380206e-12 1.280821593093210528e-08 -5.058545351751269608e-10 5.711098975222245584e-09
9.299303352268617484e-01 -5.269174095198049430e-09 1.730128342170939394e-09 -4.203885415641227406e-10 -1.720693419569674501e-09 1.403160058481494712e-09 -1.259725764187361901e-10 -5.101598378850177034e-10 1.135931084132603355e-08 7.006311199266136883e-09 -4.194463610993046313e-10 2.374132448469020420e-11 5.424434035449484916e-09 2.306860942591155349e-09 -4.140430290373046245e-09
9.341108300097852313e-01 -2.545344520939335317e-08 1.981735944275473177e-09 -3.099311927935529076e-09 2.577391353301384061e-09 -1.277065119908346601e-08 2.396858217054781102e-10 -6.276414106154371518e-10 6.960838187255420649e-09 1.963463419988244207e-09 9.284891780414477919e-11 2.708836972347063023e-10 2.363217840197530242e-09 2.263155738148763912e-09 2.099646832897526444e-09
9.382896253999645220e-01 -5.707061051045759637e-09 -9.795340566509598561e-10 1.211528279474172495e-09 -1.317143438965398435e-08 -8.492229535075475106e-09 -1.350808983516953555e-10 1.029543588607280563e-09 3.367930541193591326e-09 -5.640237097098921111e-09 5.591730434969739105e-10 -3.580320913310373729e-10 9.479662462748713024e-09 -5.475771460640883298e-10 2.855396693926880543e-09
9.424819561228944265e-01 -2.032775925403484670e-08 4.891272377568207554e-10 -1.559638684671918908e-09 -3.416562712961957908e-08 -4.515919819635254500e-08 2.914459520948553875e-10 4.645057094349572136e-10 -1.404647562613849368e-08 -2.759688481217980626e-08 2.386710274411029730e-10 -5.145678390194718701e-11 -1.314445123827078325e-08 -5.230384687964535048e-09 -7.106905510874468743e-09
9.466849863120379016e-01 3.171937631041194093e-08 -4.005073622715849122e-10 -1.365729362534242797e-09 8.439840505064674937e-09 6.039465402473814784e-08 -3.057801324810300846e-10 1.981497491473239813e-10 -5.978310647946732173e-09 3.023702765833295239e-08 -2.209388866271254353e-11 -2.239757468588481350e-10 -1.746075742603438150e-09 5.586385908652449948e-09 -3.057712739629706794e-09
9.508714331057195324e-01 -8.638801399026803832e-09 -2.310063457412760910e-09 1.612299602039613546e-09 -3.929034106096672099e-08 -1.355046708027836620e-09 -2.075484441154569942e-10 3.605481675829251313e-10 -5.660835277504685906e-08 2.519510980372849118e-09 -6.954677140185465159e-10 1.722480866748711936e-10 -3.154435208399421645e-08 -1.022566935680480349e-09 -1.085409770884846151e-09
9.550563230073290111e-01 1.153695720175198733e-09 1.359326892720343039e-10 -1.246885072788387156e-09 -1.463018279427400216e-10 -3.041296438705010799e-09 3.313752498213360010e-10 3.664239904686347324e-10 2.475732994432753920e-08 -9.000048596126855590e-11 2.924782870462694923e-10 1.945976235626222577e-10 2.327142942453222644e-08 1.464711716280736657e-09 7.235998311939049032e-09
9.592513211539739348e-01 1.833806393177532169e-09 -7.368933628387509983e-10 3.792015313540852900e-10 -4.392211506804657852e-08 -2.194713447676368872e-08 -4.521724006020464938e-10 3.366559444029483839e-11 -3.367811927192156473e-08 -1.195400883110940773e-08 -6.022081687696764215e-10 5.618461201028902691e-10 -6.903149890624271364e-09 -3.505409098805641274e-09 -3.544628129731340561e-09
9.634451052878124644e-01 -8.988562626908534221e-09 -6.264781162273640484e-10 1.162918383456711212e-10 1.374518205657634325e-08 -1.588896738979351146e-08 4.980562590594301118e-10 -8.863806302441515684e-11 3.417980724449253348e-08 -1.074780953993036540e-09 2.892249584026734253e-10 2.557599059512018641e-11 3.093860582212813195e-09 3.832601121911421048e-09 2.532327770975186669e-09
9.676230540453005791e-01 3.031759587293776300e-08 -6.153538248135951893e-10 3.825959745374658422e-10 1.036100655972343915e-08 5.780947790972079843e-08 -1.238404644312683321e-09 9.378500776109013524e-10 7.836117354138053741e-09 4.130992661861741071e-08 8.007099817499612881e-12 1.933279586169439908e-10 -1.416944163742311784e-08 5.804163792966218879e-09 2.627096690648298354e-09
9.718094297475188270e-01 1.077194538526823547e-08 4.002125359090930805e-10 -7.086060985931547827e-10 -1.023468145901991872e-08 1.798174108989750455e-08 1.909079785810442380e-11 -2.295208594670249437e-10 -1.250584266413963837e-08 6.617422598709040401e-09 3.069264644759914363e-10 -4.199892486296867507e-11 -1.697616194563712233e-08 -1.426558045021251057e-09 -2.042041521224277931e-10
9.760091362076940280e-01 2.812896412310208919e-08 -2.733115523535945725e-09 7.425173989078218776e-10 1.470149190448969985e-08 2.112796306742810122e-08 -1.149495966512996810e-09 -1.787443010409862462e-10 2.087686874940861809e-08 7.937330674899318200e-09 -1.783395163378392577e-10 4.475192764188037591e-10 1.217051918172399943e-08 -5.226591341118588706e-10 7.681659695753001236e-09
9.802075838006468755e-01 -6.004669283622251825e-09 2.270322600071668505e-10 6.038101060372894086e-10 -5.325351141658575846e-09 9.763476324548299356e-09 9.085329429471578300e-11 3.590276748243297747e-10 -1.943170077917973542e-09 1.642407822166559449e-08 -4.096953233802266605e-10 1.302995951728351083e-10 2.283099624491220633e-09 5.058861612701750943e-09 4.936484712428565044e-09
9.843901124947946890e-01 7.452891314317519396e-09 -7.923320273648926386e-10 2.219754451514173430e-10 -2.537888301274021353e-08 2.160231331715696279e-08 6.455113214131906833e-10 1.232496091754598856e-10 -1.903146608447507446e-10 1.017194296996808295e-08 5.245190699462168794e-10 -3.299463696197421193e-10 6.337791305970199947e-09 7.216260700305294655e-10 -1.433189496661154461e-09
9.885650797815361823e-01 -8.294749070901515111e-09 9.101484962308901651e-10 8.826256328408575710e-10 -9.138384658895488590e-09 -2.614023422735143802e-08 -5.078319953699023362e-10 1.002404963551564006e-09 -2.052396944449455720e-08 -1.354733710992691221e-08 2.470985703535883308e-11 5.192051161383873240e-10 -1.336507017010656462e-08 -2.486230719377416626e-09 -6.930925733652990859e-09
9.927561705083151056e-01 -2.055987542565254513e-08 -2.043548826861084494e-09 2.202307944959903986e-10 -3.834421789328454156e-08 -4.129532721419751489e-08 -3.587334920170301863e-10 -3.300955252697267935e-10 -5.219224293747391030e-08 -2.894544100234411776e-08 -4.912756045311072396e-10 1.712729749735628280e-10 -2.716107761859116790e-08 -6.603292073500285664e-09 -1.582019128500792768e-09
9.969400597939003239e-01 2.160212156439477107e-08 6.702553764708403429e-10 -1.347744391915275346e-09 1.051460198983369786e-08 9.888454318030788524e-09 -9.178065131436257011e-10 -5.200059223673227415e-11 9.425986704790535680e-09 2.773351803587798607e-09 -6.935603440628913420e-10 1.134614704671922275e-10 2.154945414104611557e-08 2.130836716135330209e-09 4.921491085109902840e-09
1.001125867816581083e+00 4.280266151320384653e-08 2.088950557092552296e-09 -2.988862967910924087e-09 3.017454993902154825e-08 1.720472256355057263e-08 6.103277154325202893e-10 -3.471369998839128294e-10 1.599355462480082140e-08 -5.363132252387770742e-09 1.084915046959467837e-11 -2.561359619708949674e-10 1.907520511829179357e-08 -3.899833476160252781e-09 6.602728592511069014e-09
1.005315482813002204e+00 1.427330084431332249e-08 4.970993880181215142e-10 -1.540711531902357975e-09 -2.698496876393440557e-08 1.003999261758698002e-08 9.046701147672666705e-10 2.392280463860413472e-10 -5.466886336682122067e-08 -8.671187630323606401e-09 9.059931150601783321e-10 2.296499949233595516e-10 -4.961760698531729114e-08 -7.383487332069407374e-09 -7.353911312363394531e-09
1.009503724426713545e+00 1.919748128985001678e-08 2.779881264609802640e-09 -3.443747948615758731e-09 -9.582225968739276600e-09 2.794059899967612545e-08 6.779461409129411380e-10 -9.848480641526555461e-10 4.322816274812778236e-09 1.447629165961325937e-08 -2.054543197499258765e-11 -5.622557591343339957e-10 8.689286345798425788e-09 1.381120243250840608e-09 5.575342712685117787e-09
1.013699103815393299e+00 1.361512536600745619e-08 -3.404075445730383080e-10 -1.666634955996849326e-10 -1.505347003587668280e-09 2.123462564738588362e-09 3.267553503764611238e-11 3.904169414378722635e-11 1.761053945145852549e-08 1.247891971623327194e-08 -2.642402006772137200e-10 4.978345391932193271e-11 1.710512848778073206e-08 5.573653411230502476e-09 6.446142493897465316e-09
1.017885842421875964e+00 7.922702959890462575e-09 5.651838109985687349e-10 -9.564953150583005903e-10 4.986567688194746064e-09 1.123985439968795767e-08 5.894523229601644236e-10 -6.685852584309666352e-10 2.425519856323538601e-09 6.191685885967540258e-09 5.984778737121720480e-10 -3.157074519292554206e-10 1.916939051274607721e-08 2.530834132544906773e-11 6.067063175376823487e-09
1.022076284359184406e+00 2.278743446396240625e-08 1.392554648743777500e-09 6.068850370375227304e-10 -4.729032161310631141e-09 2.988001309295245700e-08 7.001717606123166281e-11 1.135253537279611037e-09 4.121780066480015942e-09 1.106543309478250955e-08 -3.391757944805881107e-10 7.053683674481288034e-11 -8.621837689006358311e-09 -6.725457829676010629e-10 1.457201048832991276e-09
1.026273875264014812e+00 -8.553663371190958857e-09 8.539701385446524354e-10 -5.585999140357267619e-10 2.711973594130890101e-08 6.615128484063245107e-09 1.420016095412415606e-10 -3.323760102313607669e-10 3.440656219947119441e-08 3.505149172564260998e-09 -2.871707405962397886e-10 -1.915358689407876508e-10 3.596503151771228600e-08 5.540354305592656968e-10 8.256767950913460910e-09
1.030463237552156075e+00 1.935309697422089550e-08 6.023307369462905244e-10 4.032397591559638881e-10 7.713173251100357788e-09 2.315327122578391389e-08 -1.392206146366198006e-10 8.600688254116423438e-10 1.520938807395976904e-08 1.045054865913526321e-08 -1.565189282997326119e-10 1.300911395599571805e-10 6.757636872213641775e-09 1.218477134806819900e-09 2.005245678785923095e-09
1.034646639530784062e+00 8.999947771679385010e-09 -8.046320008359053604e-10 2.011786957684503339e-09 -1.819283285823312510e-09 1.725611762953406049e-08 -7.710381519983193501e-10 1.065821160540714674e-09 3.391803889148191296e-08 9.775626330552580295e-09 -2.181514238796496013e-10 2.599148191072710118e-10 1.256104187061727003e-08 2.056976795522549800e-09 2.390717966297274514e-09
1.038830480088573260e+00 2.434772254946691926e-08 -1.937278309421636839e-09 -2.098700266498489422e-09 -4.357472465523630524e-09 2.066016193199346479e-08 -2.334936209430089386e-10 -1.727321736178994343e-10 -2.949404381530118697e-08 -4.349522755546939327e-09 -1.721274531826787033e-10 4.297669792876988457e-10 8.324898257035339779e-09 -5.687286663800025675e-09 3.924646832163215266e-09
1.043023229532383578e+00 8.571378583464483568e-09 6.874010959230303127e-10 -9.644833994731622687e-10 -4.452437472533576546e-09 9.061418416941590588e-09 -4.485019441294379848e-10 1.180385077807251831e-09 -2.047033435818783459e-08 -7.328913615475620736e-09 1.928890877273571431e-10 -1.334223924074011350e-10 2.120282546246830541e-10 -3.625103551459410593e-09 -4.153704129437191099e-09
1.047211320931656031e+00 4.701971498274981534e-08 -2.414372678758088972e-09 6.645875199386891588e-10 6.601545427996292287e-08 8.213927068865894066e-08 -1.414443918912058988e-09 2.907737104595285092e-10 7.082545299372833254e-08 4.450642147479377715e-08 -3.080644650688905024e-10 3.586491587897197632e-10 3.171992444372424890e-08 7.637092335994438911e-09 6.271338037374168016e-09
1.051395396220772938e+00 -3.145665327963013350e-08 -7.515450338535975309e-10 1.134095739044138714e-09 -2.090999491345732197e-08 -4.356765751981239687e-08 8.279817295931849462e-11 -4.813387140386769326e-10 -5.791338777931734641e-08 -2.147643212412278726e-08 -6.696909290416908622e-11 -6.809075744718796426e-10 -2.601529478776427459e-08 -3.873387207867929750e-09 -4.861534156182070319e-09
1.055587561333155788e+00 9.654931330283670221e-09 -5.134737297366091039e-10 -1.297377349331796164e-09 -1.436143402944383774e-08 -9.109465659288441535e-10 -1.762278730106667025e-10 1.008718949415208209e-09 -1.364728934902719768e-08 -2.382404034811518054e-09 -3.147379305161770625e-10 -9.194628778323167809e-11 -3.972974541038596957e-09 1.490070773999245921e-09 -5.387240033221037096e-12
1.059780855230085139e+00 -1.556198657938329137e-09 2.011982976638642758e-09 -2.552071007887678096e-09 1.981274780543919971e-09 -1.826962935174320137e-08 -1.485377777651604079e-11 -3.877438712412051061e-11 2.758700054673264665e-08 -2.352516413082115155e-08 -5.366847832034985057e-10 5.020764535680639340e-10 7.560323342755309872e-09 -7.566407885155948486e-09 1.010299709365238417e-09
1.063968553353427993e+00 6.106774903133030225e-10 -3.600380921886029072e-10 -8.893228226828682261e-10 -6.865206596238920045e-09 -1.082349722531629448e-08 1.973273498556353347e-10 -2.278287969053354605e-10 -3.496093831836282614e-09 -7.339662845047413189e-09 2.887771539028854890e-10 -2.123364851639833288e-10 -4.420631804038327618e-09 3.185332725441747887e-10 -7.759528209866989019e-09
1.068144877931138659e+00 8.508634840232602221e-09 6.297801606885269026e-10 6.508133523918054407e-10 -2.742757335640768644e-08 1.456309482474487795e-08 -4.720029941397047905e-10 2.810927600028200727e-12 -2.923797702657063221e-08 5.145592201239354052e-09 -8.952144840243187291e-11 1.430197519262814827e-10 1.271635224277788496e-09 4.036443375677306251e-09 1.909389709574984169e-09
