# Columns: ('k', 'S1', 'S2', 'S3', 'S4', 'S5', 'S6', 'S7', 'S8', 'S9', 'S10', 'S11', 'S12', 'S13', 'S14')
5.345493089407682419e-03 -6.486686706542968750e+00 1.716051161024305429e+02 2.336273193359375000e+01 -3.470677905612521652e+00 -1.150359005398220447e+01 1.802530246310763928e+01 1.665169270833333215e+01 -5.754753536648220091e+00 -4.665925343831379912e+00 8.506117078993055358e+00 9.101141187879774108e+00 -2.790152019924587723e+00 -4.775562286376953125e-01 -5.550626118977863843e-01
9.344366739594166943e-03 1.931806995022681406e+01 1.899008631552419217e+02 -1.233260911510836699e+01 -4.857218096333165036e+00 1.386083885931199511e+01 8.143197139616935942e+01 -6.773091470041582518e+00 1.364634360036542260e+00 7.470312303112399022e+00 4.723778509324596797e+01 -6.408902075982862989e+00 4.824452061806955072e+00 1.798130404564642015e+00 1.360687255859375000e+00
1.312833575873958818e-02 2.020869663783481762e+00 1.000279117506377418e+02 -1.600350360481106460e+00 -4.078836246412627098e+00 8.059588996731504196e+00 3.165013402822065913e+01 -3.708542181521045755e+00 2.495740618024553381e+00 9.767397510762116042e+00 1.961775550063775242e+01 -4.566479741310586427e+00 7.033808494100764364e+00 3.286525492765465462e+00 2.525896189164142047e+00
1.700891779646987109e-02 -2.480999116443452479e+01 1.604071800595238244e+02 -8.717515927269346321e+00 -4.762131463913690799e-01 -1.209377790178571566e+01 6.141884765625000853e+01 -4.359259033203125355e+00 2.452136811755952495e-01 -5.189985584077381198e+00 3.324045758928571814e+01 -4.544127546037946885e+00 -3.749171375093006464e+00 -2.623482549758184845e+00 -2.893201846168155011e+00
2.135270783943789275e-02 -4.531687360491071459e+00 1.645502008928571342e+02 -4.438566964285714533e+01 -1.523641880580357100e+00 -1.916450055803571573e+01 4.029511997767857423e+01 -6.684697963169642598e+00 -1.505946986607142790e+01 -1.204549944196428513e+01 2.055349748883928740e+01 -2.159606759207589377e+00 -1.197079380580357189e+01 -2.622903180803571210e+00 -2.824502127511160587e+00
2.564347439342075027e-02 2.440235677083333243e+01 2.193098958333333428e+02 -1.204928906250000011e+02 2.397986111111111285e+01 2.198484374999999957e+01 8.343309027777777942e+01 -4.540075954861111285e+01 9.138089192708333641e+00 -7.589162868923611249e-01 3.595563368055555742e+01 -1.398975368923611029e+01 -8.900549587673610930e+00 -2.085112847222222232e+00 -2.836902126736111196e+00
2.962205054058980949e-02 1.618014820390365571e+01 1.568605170265780657e+02 -7.048954656353821235e+01 3.913145553234011587e+00 -3.150568255554401897e+00 5.544727860257475527e+01 -2.612354651162790731e+01 -8.728635667566445377e+00 -7.582400299781976827e+00 2.609455785402823835e+01 -1.123048253867317214e+01 -8.932050229703072830e+00 -1.972801436617525050e+00 -2.046279248209094792e+00
3.361537140302770649e-02 2.470905101706036788e+01 1.236228982119422568e+02 -5.643812541010498762e+01 2.037227792814960736e+01 2.778580985482283339e+01 4.116558501476377785e+01 -1.985122416338582596e+01 2.020720554461942342e+01 1.137561900221456668e+01 1.508995524729330739e+01 -5.567402036171260171e+00 7.902728223425196319e+00 2.373613973302165281e+00 1.973889768905839892e+00
3.793950633336700545e-02 2.440088489218476298e+01 8.462370019702277091e+01 -4.031173722088441025e+01 2.029754884522767000e+01 2.635064237631348405e+01 3.213517950963222347e+01 -1.702242502189141860e+01 1.674256888955779488e+01 7.850090815181698822e+00 1.212831022192425579e+01 -4.873024213961252293e+00 2.739645615559325620e+00 6.664679906414185950e-01 7.540781318410683109e-02
4.227894994616508695e-02 1.575847812499999989e+01 7.907713750000000630e+01 -5.106324062500000593e+01 -1.187601171875000139e+00 2.570175000000000320e+00 2.401173750000000240e+01 -1.493557343750000044e+01 -9.846910156250000767e+00 -4.338625781250000202e+00 9.202731250000001140e+00 -5.246034765625000595e+00 -8.074949218749999602e+00 -1.593379296875000017e+00 -2.019467382812500045e+00
4.633325468672155889e-02 5.006358774862825101e+01 8.967584019204389278e+01 -5.360410772462276441e+01 2.399193297753772214e+01 3.919270029578188996e+01 2.761571662808641747e+01 -1.647604273834019040e+01 2.189168997556584273e+01 1.119718457968964209e+01 8.418479134516459794e+00 -3.927225330075445608e+00 4.824805826153120591e+00 1.023510758932398845e+00 1.290534271951892520e-01
5.038752484052157893e-02 5.474156732359426769e+01 7.698765676681367154e+01 -4.980713375137817422e+01 2.163364801543550087e+01 4.526274376378169961e+01 2.502917413175303096e+01 -1.642415328693494914e+01 2.404004875275634134e+01 1.580740723194597663e+01 8.002075868246969037e+00 -4.624318990318357692e+00 9.331477828693495624e+00 2.274587410418963618e+00 1.604785048580485096e+00
5.464179025701254577e-02 4.250919708448117262e+01 6.134286759641873488e+01 -4.304746685606060908e+01 1.939270187672176249e+01 4.198940398301193966e+01 2.035806036214416892e+01 -1.383353958620293866e+01 2.622064573289715383e+01 1.903050390266299274e+01 7.208302395402892415e+00 -4.025017576331496372e+00 1.317280403466483030e+01 3.481708957472451793e+00 2.602685233011937438e+00
5.886817576171304162e-02 3.763645916733386798e+01 5.140112089671737294e+01 -3.701571257005604565e+01 1.946209467574059104e+01 4.011406312550040099e+01 1.714059841623298652e+01 -1.180672897693154511e+01 2.976085555944755612e+01 2.158040494895916694e+01 6.513968205814650858e+00 -3.776896517213770732e+00 1.806133344175340127e+01 4.859987599454563600e+00 4.271231047337869846e+00
6.290140616743733482e-02 2.873340365179252487e+01 3.907190360411899377e+01 -2.738313429633867457e+01 9.036526119136155444e+00 1.983315306779176268e+01 1.214007675438596578e+01 -8.733537733600305941e+00 9.473471914330664490e+00 6.083655874570938593e+00 4.054325851568459704e+00 -2.670156704388348512e+00 3.455766411613272471e+00 8.644548382675438791e-01 5.370279482354833878e-01
6.703999982739437813e-02 3.225221408777711218e+01 3.572339818004793699e+01 -2.506661923307369833e+01 1.504377621330137771e+01 3.326432837777112184e+01 1.220179093019772409e+01 -8.565734534152186441e+00 2.069736977606351047e+01 1.539368048794188226e+01 3.918247266327142153e+00 -2.308162664067181069e+00 1.086859412447573447e+01 2.871332478280407496e+00 2.351013951561563786e+00
7.134254604642074893e-02 2.785535540368081797e+01 3.043727750537345855e+01 -2.239979345781837949e+01 1.180656715979312210e+01 2.808578217356260254e+01 1.054680363379903341e+01 -7.479853216516658243e+00 1.561226113312735286e+01 1.203605357502686779e+01 3.324720412412681458e+00 -1.927138519697071617e+00 7.998864962553734692e+00 2.258471325480252645e+00 1.731713722880843687e+00
7.561818311969153994e-02 3.173742880695443702e+01 2.764641786570743420e+01 -1.812575689448441452e+01 1.211748726019184730e+01 2.977474333033573117e+01 9.222241269484412030e+00 -6.068342513489208834e+00 1.697683977817745671e+01 1.302871515287769810e+01 3.073578480965228010e+00 -1.673514313549160804e+00 8.770201963429256509e+00 2.347036121103117434e+00 1.793150245428657197e+00
7.973924982214039558e-02 2.638347758432767520e+01 2.267057172154658318e+01 -1.551212568838916894e+01 9.676819211794400744e+00 2.444334413721890797e+01 7.560470686094538983e+00 -5.143552446649839460e+00 1.411106011932078985e+01 1.077653345858191791e+01 2.507092738928407449e+00 -1.452783046265488709e+00 7.924241337769619697e+00 2.065663632256769411e+00 1.764505695344768199e+00
8.385356877962653332e-02 2.467734716428287811e+01 1.938575033522050006e+01 -1.283372752781088622e+01 9.444865539332539583e+00 2.315505189709972100e+01 6.319743711511720541e+00 -4.151443620878029428e+00 1.374870257250695182e+01 1.048625440752880422e+01 2.170326157131505784e+00 -1.191649323661601034e+00 7.730421415623758286e+00 2.039938767940504771e+00 1.701806233238974952e+00
8.809929214337092196e-02 2.086432993524676149e+01 1.545960989455722689e+01 -9.683349011200560241e+00 7.601929608199159638e+00 1.940383816065803302e+01 5.101692389306965225e+00 -3.225195927765138304e+00 1.118398341792089568e+01 8.843473814315714776e+00 1.805523406053115121e+00 -9.523295989018201180e-01 6.220434459222961010e+00 1.690799872024851158e+00 1.345041458615899410e+00
9.230415729057904473e-02 1.928580533266465835e+01 1.329196704697425524e+01 -7.975808937228351603e+00 6.608920511534603470e+00 1.738191266507856980e+01 4.227900824870444829e+00 -2.585543414096455717e+00 9.514807443162821343e+00 7.577530116390838621e+00 1.388631715458876537e+00 -6.881731620643178893e-01 5.151074969700768946e+00 1.389756509110665172e+00 1.089299555567744937e+00
9.643309047658384092e-02 1.387400243297485680e+01 9.741066272531051951e+00 -5.850443047561345367e+00 5.295083402756739943e+00 1.350780894993941317e+01 3.286909388253559605e+00 -1.964777334283171806e+00 7.969274225613450113e+00 6.355381773515601296e+00 1.223138910320736183e+00 -6.034197733641321060e-01 4.516629075469555055e+00 1.218517027273932074e+00 9.691921304623598576e-01
1.005689403076158450e-01 1.156937237026648013e+01 7.638280702138850131e+00 -4.389346292075736677e+00 4.987460006136045010e+00 1.285856306977559704e+01 2.862747907170406947e+00 -1.600604153883239844e+00 8.022729663394109423e+00 6.492608257363253976e+00 1.144531934826437558e+00 -5.228735454286466133e-01 4.755707069600280334e+00 1.300862881311360519e+00 1.050569501665497896e+00
1.047818677762802908e-01 9.539537045680855698e+00 6.269585706061737262e+00 -3.579975047454567960e+00 3.497705552184465994e+00 9.008732418471495862e+00 2.068825411921209945e+00 -1.180244094434590441e+00 5.232928510860094917e+00 4.163881628080656760e+00 7.675518693988050423e-01 -3.674714494647747243e-01 2.951362471216081751e+00 7.954151399520786869e-01 6.252407371211413656e-01
1.090277847809041356e-01 7.501265014960492472e+00 4.743303636271206436e+00 -2.638249976397280872e+00 2.907411072217057857e+00 7.567853278236114534e+00 1.640169966810945956e+00 -9.017084623917905883e-01 4.668349570793631997e+00 3.791737323524285497e+00 6.558324701697942904e-01 -2.939008871898965980e-01 2.797630740907506297e+00 7.690624863830467506e-01 6.250333615355565531e-01
1.132170039508717807e-01 6.038733316787999073e+00 3.754120391435031845e+00 -1.970632678069159427e+00 2.099278899183763425e+00 5.590039364107655118e+00 1.211692165439554270e+00 -6.530875360205713465e-01 3.231620029505845704e+00 2.651853422126627002e+00 4.625127536951246232e-01 -2.120537176159552062e-01 1.907607019013346505e+00 5.257084979249393442e-01 4.252034559066842911e-01
1.174008294871188018e-01 4.988616508356756185e+00 3.068847166106203783e+00 -1.550317966083617716e+00 1.828155584972896985e+00 4.852067936282875138e+00 1.015805372917084837e+00 -5.076357541470086776e-01 2.870567139505119325e+00 2.390276017616944415e+00 4.072039668709847571e-01 -1.639144765734792120e-01 1.718702946195543202e+00 4.824418728668942169e-01 3.857358156306464614e-01
1.215998224695146873e-01 3.618807020142179809e+00 2.203456938684833943e+00 -1.100054891143364966e+00 1.276215380627962137e+00 3.446052280805687040e+00 7.249725544283175394e-01 -3.631159748963270206e-01 2.009460159952606517e+00 1.677800096267772378e+00 2.866882960604265063e-01 -1.162909022326718000e-01 1.207747982079383942e+00 3.395970638329383617e-01 2.734358338270141964e-01
1.257670529567683493e-01 2.515796024574648015e+00 1.515060427523160502e+00 -7.343372458466951302e-01 9.009503259731872493e-01 2.424870104834758511e+00 5.037220897637181283e-01 -2.447310990877761550e-01 1.401639817722251991e+00 1.170701750540040997e+00 1.984403098137137167e-01 -7.790013878565940630e-02 8.331299480558524984e-01 2.339291704246837800e-01 1.861576832659674052e-01
1.299386816717305049e-01 2.152002363175119282e+00 1.262197865423802190e+00 -5.715129016239914872e-01 8.053982535402601783e-01 2.182114675098798084e+00 4.320768861662275806e-01 -1.935066915355364014e-01 1.295524568273505706e+00 1.105865292586036608e+00 1.837406645256154381e-01 -6.663895344274864407e-02 7.928226595947225341e-01 2.270044295061131312e-01 1.795404045699201534e-01
1.340949335765710126e-01 1.557803885550531620e+00 9.158568154549421303e-01 -4.174490554473068715e-01 5.379217051899889412e-01 1.464365617067269643e+00 2.955789591761859847e-01 -1.347331368278250618e-01 8.561906749514121007e-01 7.242787412739966069e-01 1.225520283310031072e-01 -4.637631381974605810e-02 5.230613925164604439e-01 1.484756433413404464e-01 1.189107578670375309e-01
1.382635144665005922e-01 1.164108773864295010e+00 6.756587020902767859e-01 -2.913198721199826147e-01 4.089605588184683782e-01 1.123046733489711624e+00 2.231468484809719655e-01 -9.596632529196402750e-02 6.323724030031879773e-01 5.393654735273873957e-01 9.043071698734785058e-02 -3.252640069006076939e-02 3.699608893865019565e-01 1.050138828668399499e-01 8.028639276689972237e-02
1.424925284902303357e-01 8.387778314355428533e-01 4.838018966784430885e-01 -2.078238548391537766e-01 2.926521316782736415e-01 8.023297575022027006e-01 1.582722601180188426e-01 -6.882584261444989193e-02 4.800032049041784710e-01 4.101705469703130769e-01 6.849945717845583315e-02 -2.462970019518011949e-02 3.031269128816761471e-01 8.681440566700131256e-02 7.107435973401279861e-02
1.466886314558672189e-01 6.188548676698037987e-01 3.541217506190765807e-01 -1.452265382048423537e-01 2.249518370995540750e-01 6.154275150758522495e-01 1.200297763508621773e-01 -4.917630337093383680e-02 3.697968834840232866e-01 3.187669616193069544e-01 5.355129164112889389e-02 -1.827043656598616173e-02 2.309620284682687152e-01 6.671274337577744185e-02 5.303755028711991393e-02
1.508619291163366127e-01 4.244848445856630459e-01 2.403917740367084166e-01 -9.738630649747022361e-02 1.484085515157788360e-01 4.098648659235596403e-01 7.941652378885832864e-02 -3.212632225280517145e-02 2.394981249810076707e-01 2.069750445370426573e-01 3.440799993661305956e-02 -1.143381849766299252e-02 1.476844833038319094e-01 4.274960730364767147e-02 3.370279423648885053e-02
1.550655720814744509e-01 3.192982219434971070e-01 1.804902578298064608e-01 -7.203072112827182960e-02 1.075933242269477980e-01 2.989407877718024964e-01 5.769862819554658767e-02 -2.308926621808779847e-02 1.737851434978722187e-01 1.503661454689868282e-01 2.485084778308812789e-02 -8.330912777381550838e-03 1.081014097021831544e-01 3.125673187102862016e-02 2.487598199923304887e-02
1.592593054631499527e-01 2.267740814132130633e-01 1.262462318994306276e-01 -4.623817068768477229e-02 7.726516815523035153e-02 2.146744982352800368e-01 4.098413171478942907e-02 -1.533988636033135379e-02 1.258157044893860044e-01 1.096593317374151416e-01 1.823600051463870886e-02 -5.775427016869414364e-03 7.918600794337840587e-02 2.307661201245654603e-02 1.839830537856793416e-02
1.634144798183441161e-01 1.612959244791666580e-01 9.008505208333333902e-02 -3.325569661458332993e-02 5.707827473958333037e-02 1.582013541666666689e-01 3.019729817708333153e-02 -1.134139322916666651e-02 9.237505208333333939e-02 8.044308593750000569e-02 1.340801920572916653e-02 -4.350456136067708257e-03 5.699553385416666895e-02 1.652447428385416667e-02 1.286481038411458298e-02
1.675823816150099899e-01 1.147111148198885489e-01 6.352319705152836837e-02 -2.235369009734543277e-02 4.022038523783452030e-02 1.121541417562950949e-01 2.119171151627520511e-02 -7.448196222603739071e-03 6.576020158867808274e-02 5.791206506915957952e-02 9.638444041385708580e-03 -2.851486206054687500e-03 4.090847714069604374e-02 1.202990667756583844e-02 9.288695462551043933e-03
1.718045808093531246e-01 7.806467051828379355e-02 4.295133008267773556e-02 -1.454670654865967451e-02 2.894332352218094428e-02 8.068483437135780256e-02 1.502580407060387542e-02 -5.003615514937536507e-03 4.872222829254078957e-02 4.327445503715034864e-02 7.185378708205856883e-03 -2.017121926332131419e-03 3.135120738636363452e-02 9.307888360012383025e-03 7.370995297020687537e-03
1.760135070798979073e-01 5.336281867010347207e-02 2.923732111769049985e-02 -9.712278989481477193e-03 1.902658580463556515e-02 5.327857781516084912e-02 9.894468736348934965e-03 -3.291725580423714853e-03 3.188946012394989343e-02 2.830255944571874113e-02 4.680061045049936988e-03 -1.331938842684505468e-03 2.050468876283467051e-02 6.073284296810969006e-03 4.814710722151116506e-03
1.801930856696074279e-01 3.560691172078121053e-02 1.949358494545368539e-02 -6.324321267834690126e-03 1.211999332739176725e-02 3.397614506136252543e-02 6.317919756422952886e-03 -2.086400721508283648e-03 1.968147057359373800e-02 1.744202378155701449e-02 2.869426274317913011e-03 -8.145523298915700785e-04 1.230828738275589231e-02 3.637598538660919822e-03 2.822332924441317645e-03
1.843742315857553882e-01 2.448086301852617219e-02 1.332510153333554305e-02 -4.162118097934734348e-03 8.346146984273290076e-03 2.356674464706295241e-02 4.355771183997340402e-03 -1.363899929731124784e-03 1.395391571016996353e-02 1.247742953331019630e-02 2.060128194442278297e-03 -5.503988396892352556e-04 8.988754492057519571e-03 2.681534794679785692e-03 2.114432651998001018e-03
1.885797910080431738e-01 1.677271076150345722e-02 9.093505511221022103e-03 -2.737869654368538068e-03 5.777031879311839667e-03 1.630560338961207709e-02 2.993124154174023593e-03 -9.103101799301162745e-04 9.631763323871573440e-03 8.640514842199303533e-03 1.421348908757461438e-03 -3.726467137567191705e-04 6.186392738614574643e-03 1.851587538857747727e-03 1.453432885736541781e-03
1.927656394953895236e-01 1.083762416230545089e-02 5.857861272974158699e-03 -1.717019367751123141e-03 3.794779866256030743e-03 1.073624008930024361e-02 1.965685983978138554e-03 -5.736883753373362305e-04 6.328331254800928160e-03 5.704792565158009129e-03 9.422573910727874901e-04 -2.351184380219700212e-04 4.052716965094415452e-03 1.218788181441932605e-03 9.471834303819893662e-04
1.969014248243030341e-01 7.135625753386760570e-03 3.867835640725261932e-03 -1.148586887572363531e-03 2.418303103097818162e-03 6.857919786606217309e-03 1.262073160422669130e-03 -3.769513365052738307e-04 3.977104125435132302e-03 3.573945017109903151e-03 5.882655387617133358e-04 -1.507866714578502340e-04 2.543374303383522887e-03 7.628218473923870611e-04 5.991526675607424012e-04
2.010715633173454087e-01 4.837706519987647336e-03 2.604814830095730435e-03 -7.241815461891283872e-04 1.640519575448306415e-03 4.654020433997464734e-03 8.505988759199832909e-04 -2.385756272717778263e-04 2.751705217187554089e-03 2.488197909902248317e-03 4.123326039548866535e-04 -1.001738635751998256e-04 1.783345379373667012e-03 5.378834700736981334e-04 4.218179656430153142e-04
2.052920281681521186e-01 3.135904647250872378e-03 1.680888785125782487e-03 -4.533831278483072642e-04 1.073078850807227501e-03 3.057294322547849871e-03 5.536815098353794129e-04 -1.488319484666846253e-04 1.801534568147706216e-03 1.639779252176018628e-03 2.700735508710488237e-04 -6.243188588685786146e-05 1.172975562084680378e-03 3.561691384401618793e-04 2.796037169708602446e-04
2.095172134954577381e-01 1.885543735752438516e-03 1.010855957823464813e-03 -2.694080971220356806e-04 6.609228005684748873e-04 1.879213588027901132e-03 3.406969798354088060e-04 -9.079673821891114701e-05 1.105912608570355695e-03 1.005716055254202721e-03 1.663078876308123630e-04 -3.855005042793755056e-05 7.115975721790812527e-04 2.156752403153039768e-04 1.672120485178997919e-04
2.136973926115405542e-01 1.272829868996790169e-03 6.806074630382449647e-04 -1.739265530608421063e-04 4.416189267653827647e-04 1.259892190149588219e-03 2.275406149930732109e-04 -5.753662789514822813e-05 7.450534317844598273e-04 6.805838651435320219e-04 1.128638215767320817e-04 -2.504483119461887677e-05 4.885519456493762338e-04 1.488399949184683873e-04 1.170737540075021145e-04
2.178750580088065492e-01 8.196558151802007652e-04 4.371544218411411021e-04 -1.083514220523138129e-04 2.874112372850849760e-04 8.198911012524236555e-04 1.475618459882527505e-04 -3.650020682898750971e-05 4.983291069086450689e-04 4.567184169797131824e-04 7.574008329071268194e-05 -1.632289642835185430e-05 3.339129816876711056e-04 1.022074483606937251e-04 8.123706205047830293e-05
2.220823861956562617e-01 5.158267664332381007e-04 2.751193044148921582e-04 -6.809117339848598158e-05 1.799974330166790638e-04 5.132814830092062878e-04 9.240927669060117872e-05 -2.295748025570625020e-05 3.062412474787147240e-04 2.803708075024509199e-04 4.643175265319242551e-05 -1.010645052540313657e-05 2.013000059620057784e-04 6.149156367831903902e-05 4.819878306883526093e-05
2.262696194198526023e-01 3.197105065550089444e-04 1.702759656829172356e-04 -4.058992220749870730e-05 1.097260881557863540e-04 3.139089398086480085e-04 5.649267832089146119e-05 -1.355304740659294244e-05 1.835697940697214256e-04 1.684202872784789360e-04 2.792604394793255301e-05 -5.948602116028759888e-06 1.193332562182484449e-04 3.649550813439452835e-05 2.834707843738427477e-05
2.304259489101245229e-01 2.006004648941045736e-04 1.066728962131457942e-04 -2.484833837966429168e-05 7.093264022631969056e-05 2.034074036117496120e-04 3.644240509267256248e-05 -8.319117171161653093e-06 1.226596205637312128e-04 1.133148422553011543e-04 1.880160202349101054e-05 -3.713150134759055483e-06 8.184948669080489413e-05 2.525063888718257906e-05 1.981955830898136041e-05
2.345870463846415066e-01 1.270754037452131102e-04 6.747474535467691613e-05 -1.512820158695491433e-05 4.327727703852296044e-05 1.243544928189142264e-04 2.229541514358757278e-05 -4.984265114749340561e-06 7.404049110150478857e-05 6.842943295307812477e-05 1.137199329408839906e-05 -2.228632594341721472e-06 4.939921437289360840e-05 1.523997660246782246e-05 1.202225336235109779e-05
2.388019837064606632e-01 7.525087985597388553e-05 3.989455448184338262e-05 -8.776760922022492847e-06 2.489410880703977634e-05 7.158514096586925351e-05 1.280630238586935583e-05 -2.847393167212843639e-06 4.157478216677085793e-05 3.840243552207993030e-05 6.346022041601475246e-06 -1.248677452671955635e-06 2.708792116688846493e-05 8.340929474575322595e-06 6.445382780129311386e-06
2.430077036534963875e-01 4.644900728993889109e-05 2.460473671860867838e-05 -5.294555508676112771e-06 1.591170831090038112e-05 4.562332157129024633e-05 8.149466523429055510e-06 -1.774276438699335150e-06 2.675759425625982287e-05 2.473597292359837809e-05 4.118330830180604629e-06 -8.070733479141298729e-07 1.745473690710365575e-05 5.385189538606647194e-06 4.151793086896613505e-06
2.471758823520590620e-01 2.793832657446283476e-05 1.477279945964730013e-05 -3.124342125896805572e-06 9.468053230939993959e-06 2.728847833468081468e-05 4.863101371432699231e-06 -1.029862284961857434e-06 1.611581860698209730e-05 1.494249658328030318e-05 2.481384602435075423e-06 -4.723679662353829592e-07 1.064119023217582541e-05 3.290703705629553736e-06 2.558722280036117581e-06
2.513692271335918882e-01 1.653917644077211040e-05 8.729788324388549513e-06 -1.782326351437629999e-06 5.733295945827822903e-06 1.657146718078335515e-05 2.941218336887534166e-06 -5.878848324698028528e-07 9.935431227705515420e-06 9.259711073126335260e-06 1.537810138401737617e-06 -2.697158839127609606e-07 6.671793914395272966e-06 2.076813394321893963e-06 1.628191996641135448e-06
2.555723892733414715e-01 1.018881930716784171e-05 5.403004349282661864e-06 -1.075026402778362222e-06 3.470029707004445758e-06 9.987683347738101911e-06 1.775081575277274468e-06 -3.513830506270411928e-07 5.924920124301484819e-06 5.510472671579792865e-06 9.181127882016055500e-07 -1.616061151426458457e-07 3.940904355710697548e-06 1.228233899112916893e-06 9.597919597916944380e-07
2.597674079539822323e-01 6.189633128758626314e-06 3.255200002055665721e-06 -6.273687244905260598e-07 2.104471685338679369e-06 6.076281922267287198e-06 1.073872510406857684e-06 -2.049133124795694581e-07 3.638805621056372750e-06 3.399344200052254349e-06 5.653967012333586534e-07 -9.266119667461589152e-08 2.449277938627580909e-06 7.648082976286840468e-07 5.991333119582564585e-07
2.639178238801485610e-01 3.570280412674340324e-06 1.868702881365971775e-06 -3.509133130293670666e-07 1.210559190771002511e-06 3.511896339788840674e-06 6.172605924550706609e-07 -1.126960916999222019e-07 2.083361929414802303e-06 1.955434530577045909e-06 3.243726968814045099e-07 -5.259795267998574506e-08 1.421106240977191012e-06 4.401730447062349297e-07 3.502402147413495202e-07
2.680749044740857179e-01 2.040228207292551952e-06 1.055510503578792626e-06 -1.990407634203199856e-07 6.757950755721746517e-07 1.956346237146581725e-06 3.503039959061851686e-07 -6.384920422359909934e-08 1.166193333895613261e-06 1.081278046232709502e-06 1.822572301064635473e-07 -3.086402226448563216e-08 7.777275130197214098e-07 2.426914192940499993e-07 1.875965190103963346e-07
2.723023151079725368e-01 1.144955059719032902e-06 6.085804070093469637e-07 -1.180122585278118069e-07 4.034182223799401268e-07 1.139150452737249303e-06 1.981582738463242497e-07 -3.671297177818395196e-08 6.699266887059337428e-07 6.314862246080519312e-07 1.019728141872118932e-07 -1.587495738962404611e-08 4.417028289820663370e-07 1.385341296659465474e-07 1.097399996926590998e-07
2.765128983200950685e-01 7.099993563973113635e-07 3.643135555311019294e-07 -6.432556750073621311e-08 2.277618167163934337e-07 6.691615628130363199e-07 1.163009684327802546e-07 -2.002763637111205943e-08 3.952163042830591949e-07 3.654997169337163529e-07 6.219936427010586004e-08 -9.635066506626214280e-09 2.623262403683550540e-07 8.039204790937481826e-08 6.657198840214444763e-08
2.807027537381580062e-01 4.050635918123905226e-07 1.949922069894096660e-07 -3.205975069234187138e-08 1.275683146875408739e-07 3.861806379473077407e-07 6.528557747068315314e-08 -1.079864106762076206e-08 2.236568790038468663e-07 2.032328162036615002e-07 3.404975719023329242e-08 -5.584800559611694124e-09 1.516062396468355533e-07 4.461632448766839126e-08 3.615136161260666933e-08
2.848857026249724811e-01 2.096542369640801305e-07 1.066202085042256222e-07 -1.693573675822622339e-08 6.652684619616608869e-08 2.096559057686656783e-07 3.678813280655610209e-08 -5.144504298167974332e-09 1.261212999221945954e-07 1.225968980514606362e-07 2.048860855670422523e-08 -4.223317331742853574e-09 8.396811429203139487e-08 2.649331984863990128e-08 1.891053711951996302e-08
2.890807262117984777e-01 1.273441754854944880e-07 6.011640672984481155e-08 -1.135647824705158286e-08 4.603034097044933203e-08 1.089286026697103926e-07 2.111619091314527464e-08 -4.528379550752587421e-09 7.403913848609644875e-08 6.782843694506225099e-08 1.090252454753091210e-08 -2.306148765729534549e-09 5.230275073538466919e-08 1.596608218842236182e-08 1.440361271566045642e-08
2.932785946948970324e-01 5.788866094425644829e-08 3.376748842918120889e-08 -8.909235706680862782e-09 2.717830056793077686e-08 8.069361717290856262e-08 9.347622911262442187e-09 -2.082607169487601434e-09 4.291955942926939391e-08 4.710635699316422878e-08 6.399769979630332189e-09 -9.666012092801907033e-10 3.664915470641777756e-08 9.719787322979785858e-09 9.666429824969608176e-09
2.974321087309398370e-01 2.678046008937843350e-08 2.145835234035942003e-08 5.151896622309969898e-10 1.721821123439701228e-08 2.438319194749347880e-08 5.102764779518154120e-09 6.168106725750217767e-10 1.915689752479892721e-08 2.177532128805128964e-08 4.190964609698897398e-09 -2.869747805007103500e-10 1.679776530830132876e-08 3.683743033893329032e-09 4.781010468109825754e-09
3.016123743882810904e-01 2.710326511974514669e-08 1.396161268035761218e-08 -5.101773516080449560e-09 1.159563907727465445e-08 4.632547684778965118e-08 2.767500639325649861e-09 -2.151923409281855276e-09 1.286125587316185437e-08 2.238226871131018888e-08 2.151842380817324899e-09 -3.160738862147527934e-10 9.536159404895085804e-09 5.069664105201681969e-09 2.180448528246014093e-09
3.058101292111336522e-01 1.865139962781370429e-08 1.154236024540521344e-08 -4.384960392297021835e-09 7.002937795418756891e-09 1.509880328755002874e-08 2.552511896476097364e-09 -3.598855505326637445e-10 9.476518110079878685e-09 3.331657565552089561e-09 9.127654239844925222e-10 -6.395375367921137075e-10 1.411993156726287778e-09 1.026498550657579920e-09 4.372177495135079628e-10
3.100168993294901143e-01 8.418111546909681021e-09 5.393641552657197856e-09 -1.355147053445347572e-09 1.838575131454012179e-09 5.457461465820315120e-10 1.355005183859452986e-09 -1.368399280414415882e-09 -3.173016115272425556e-10 4.153251648483709294e-09 8.676396245845858625e-10 -5.479069696566675911e-10 2.209591136259644086e-09 1.177169726677011183e-09 7.383302991027820729e-10
3.142092030053749707e-01 -5.073733695890474853e-09 -1.583910076907293190e-09 1.278802593510576779e-09 1.266972122914642184e-09 7.986218089160298897e-09 4.867174676760579381e-10 -1.411516139360063167e-09 6.356034517786998931e-09 6.766381653272747605e-09 7.219702095212312162e-10 -4.775725429984249572e-10 1.000591237188948343e-08 1.237552009720388336e-09 1.126009977300537054e-09
3.183867557675504334e-01 1.641945249041260278e-08 6.313892103271975621e-09 -5.392111309048451282e-09 3.857320933935740533e-09 -1.126816351618026404e-09 2.913286337395880241e-10 -2.256704326367364146e-10 -2.917748820046379496e-09 3.062076950098314652e-09 -7.227964159129156918e-10 8.485936382999751430e-10 -3.383290084959251505e-09 3.289813343220702084e-10 -5.301809259672805119e-10
3.225872781332082551e-01 1.296068903741563186e-08 1.934974636728877437e-09 -1.013375484418039916e-10 -2.832840044613857619e-09 1.561557145535890172e-08 2.149506892893076037e-10 7.184459363329052137e-10 -1.021585243347171333e-09 2.279063423655647914e-09 3.439632958409671957e-10 1.562200112517850069e-10 -1.025068203754153112e-09 2.729791951658058248e-10 -3.325786221539446156e-10
3.267666109043823597e-01 3.757655731956811784e-09 1.325565094430763018e-09 6.685017869760034866e-10 -1.563568911086302036e-11 4.594813067219937369e-09 -1.963256892602566584e-10 -1.023415753417638939e-11 1.856278758384369007e-09 2.009264506404649725e-09 -4.133450073828831318e-10 -1.975326836882414306e-10 5.170063601648296690e-10 -1.419243168823078800e-10 -1.260569001192261649e-10
3.309328770241455886e-01 2.313958379573116943e-08 1.981667183270582489e-09 -1.540728908897173783e-11 3.888045685430579500e-09 2.865590298165583392e-09 1.217641411868678159e-09 -7.537034509682176537e-10 5.844466378196768791e-09 1.463137910493605525e-09 -3.991209663186547510e-10 2.731635739208416315e-10 -4.849847483955185710e-10 6.116415807209142458e-10 8.196799126275342720e-10
3.351106074107195187e-01 8.317911474346764332e-11 -1.771482937071692624e-10 2.113943251565994393e-09 -7.030582466823383231e-10 8.013110400022646938e-10 -1.443805962897684560e-10 1.533448388158816908e-09 2.858433271983437569e-09 -8.129691187835559921e-10 4.108211319550534777e-10 -2.205319523980195642e-10 2.125103295912567498e-09 -7.579128575799528820e-10 2.739464409965204925e-10
3.393095620710060434e-01 -5.477488114949808182e-09 -8.861746567271470253e-10 -1.649671591544889870e-09 1.294914647517252404e-09 3.940738622872379130e-09 2.064240500269796798e-10 -4.609992987662204578e-10 -2.610266106521827289e-09 1.301388628171797761e-09 7.033781826642698232e-10 -4.130384700891488330e-10 -1.652098251896967067e-09 3.362582508149511044e-10 -3.586615852031114168e-10
3.435164896197421824e-01 -1.005323908690153631e-08 -7.158982927226323249e-10 -3.843575355599502318e-10 6.329424415824796439e-10 -7.303662387285862090e-09 8.820881306987107207e-10 -4.473340656523687165e-10 -5.317710441574667262e-10 -4.503476936308094258e-09 4.481346564578128622e-10 -3.653851404962636774e-10 6.013231008464889762e-10 2.055337499106363115e-10 1.433849990002261536e-10
3.477107812306902690e-01 1.948432477714807540e-08 2.459998108308039323e-10 2.078886977752879631e-10 3.235054558050776449e-10 -5.506999351716032614e-10 -1.406765496041363661e-10 -6.938670496236908213e-10 -3.757204098267854718e-09 -1.246836801766908475e-09 -3.536659672320777057e-10 -7.766136438927695308e-11 -5.718886206948015965e-09 1.335045240330344709e-10 -1.709041702350918023e-10
3.518857617074659383e-01 -1.477464898863808590e-08 -3.433550436177857910e-11 -9.002144586508006454e-10 5.814466766797841125e-09 6.735058430816705549e-09 -1.781684579676417401e-11 4.409316667380809708e-10 1.053678929570911860e-09 3.807390878667214970e-09 -4.225060763880503875e-10 3.174979195748287809e-10 -2.709390144614016446e-09 7.342569685574082837e-11 -1.095405185145967600e-09
3.560773577310688554e-01 -1.691634948345957452e-09 -5.867158289573774578e-10 1.710941695277884182e-09 -4.957891473165173798e-09 -2.934195675246744179e-09 -9.115928845291780824e-10 6.458406350666242810e-10 2.595966580106574929e-09 3.128745393004793044e-09 -7.083652014838727129e-12 8.491301182063715555e-11 1.315694044578397374e-09 3.065228646936262966e-10 -3.572204827477249925e-10
3.602869550449780967e-01 2.285407831668264892e-08 -7.639001635125618240e-12 4.830427546283189940e-10 -1.843656476323233313e-09 2.337341816916806645e-09 3.940482810933607045e-10 4.131028483755347666e-11 8.978861988036522129e-10 -2.418429629539270426e-09 -3.118603409922981271e-10 2.002264821526780389e-10 -3.592437865147883304e-09 -4.893692785971162960e-10 4.441342552903325135e-10
3.644651285618699665e-01 -1.611271449044252697e-08 -1.743587077118365162e-09 3.177530320848653875e-09 -1.819450244486215906e-09 -8.077674219200453490e-09 -7.443456815395566285e-10 6.110046207633930591e-10 -2.654067996986588060e-10 -7.937514653214140403e-10 -1.358435237326124823e-10 2.764941098109406339e-10 2.588204708366027441e-09 1.342305823666593955e-09 3.523041580212692406e-10
3.686396944457170921e-01 1.474661175792349769e-08 -1.655873136017489640e-09 -1.126948775792357905e-09 -1.034761912613734275e-09 2.122627380257795028e-09 4.738556967543193932e-10 -8.435330454848045605e-10 -1.778679847385481080e-09 3.618244546659683708e-09 4.111780723662997127e-10 -6.205788818701477448e-10 1.887512986188848160e-09 5.529333224240443850e-10 3.088534576890153913e-10
3.728293470315630076e-01 1.436357324471539873e-08 5.261700455394931384e-10 1.926762181036088659e-09 6.496993840160778333e-09 1.367139312852432422e-08 -2.990790077315396813e-10 4.796367056938448253e-11 1.092571750236904095e-08 2.804170851247703631e-09 -1.696520089400710490e-11 3.078092627921150775e-11 4.166541912098091920e-09 2.927383270643614878e-11 7.742402769329226623e-10
3.770363921861874523e-01 1.314302203022593623e-09 -3.064353344358307177e-09 2.602308829976709738e-09 5.813824179549526225e-10 1.438144547769474765e-10 -6.479346994061878254e-10 -3.232154629241996190e-10 6.494416361154491342e-09 -7.566283855055994092e-10 2.803703279960081998e-10 -3.264900693866547039e-10 1.735155392960708926e-09 2.982940713814104496e-11 4.029680506532967054e-10
3.812363453093803867e-01 -3.792564544392003083e-09 8.624807409010558976e-10 -5.321750529806882521e-10 1.484784203408925259e-09 -1.739571313008018583e-09 -4.022585071159862959e-10 1.003850329085713236e-10 -4.293129814086325706e-10 1.649098562844398488e-09 5.798971348406597230e-11 -4.026062483879101984e-10 -8.470133185071460560e-10 5.271954007713858131e-10 1.099427906396774878e-10
3.854150971210312249e-01 1.556600142744141143e-08 -1.222074756011821683e-09 -9.031168644039950411e-10 -3.015259297790323553e-10 7.728593250179232965e-09 1.050754162849978074e-10 -2.164102045466342109e-10 7.806674361529079006e-10 3.031272343205142996e-09 -3.760023475735052420e-10 -9.072369149142964588e-11 -9.171741190569707761e-10 2.927431046900630155e-10 -7.756721682504146418e-11
3.896036578152083374e-01 -1.112619709768028758e-09 9.741610101169726712e-10 -1.235642219939743046e-10 -9.290941927780462749e-10 -4.305453303797556489e-09 -4.269181837981761468e-10 -3.035219752525089911e-10 1.618109803287198639e-09 -6.858504020395473772e-10 -2.692438132118232316e-11 -2.522284045681516927e-10 -5.587764652453976850e-10 1.943487268194826187e-10 -5.249369547130790973e-10
3.937795161075864914e-01 -7.116000358771419020e-09 -1.710898135750804774e-09 1.558711414610524887e-10 4.116080834599113342e-09 -3.411796051737896673e-09 6.275161557824628717e-10 -3.891235371420632579e-11 1.895659200717887927e-09 -2.513858272182305724e-09 -3.763095316954623861e-11 2.099643175377761421e-10 1.853587099149813129e-09 -9.041938966429592001e-10 -6.373007108162141833e-10
3.979440095093054186e-01 -1.438652798691310784e-08 6.596310932959478058e-10 5.207007370875721910e-10 2.129885789133029736e-11 -2.187500507630751075e-10 -4.994479118290260080e-11 4.948757823189603880e-11 -1.216906728800886725e-09 2.884871007543974552e-09 -6.071833819569730708e-12 -1.448300312202162401e-10 -1.831138455828936500e-09 1.399865075583430935e-10 -1.466457655457710380e-09
4.021139069446590386e-01 -1.316536042737388950e-08 -1.291492333496982029e-09 4.404497080572468189e-10 1.154791473582437170e-09 -9.650231477823689520e-09 -1.268501337082420539e-09 6.030058017003288659e-10 -4.429721028134722318e-09 -7.482594559293002478e-09 -4.087559719527308870e-10 2.064155083807359473e-10 -1.349817022497366588e-09 -1.866042479616829038e-09 -6.316047287906524824e-10
4.063125452039867413e-01 1.225500875831186138e-08 -1.657743281683090538e-10 -6.459351049198611454e-10 3.551161340292523057e-09 6.101188748882218550e-10 8.748684895718642072e-11 -4.853390520645453393e-11 3.681853629149077130e-09 1.112675784454368164e-09 4.192995640000549131e-11 -2.438952563440439660e-10 1.788492453205094141e-09 -2.966645729890349549e-10 -2.799742126123875457e-10
4.105412315868290918e-01 -3.624875205917211818e-09 -1.948929422787567760e-09 5.551027117802427614e-10 -4.017172937282145442e-09 1.366509297166407254e-09 4.646433802544769686e-10 -1.245351098569422522e-11 -4.132089018468371827e-09 -4.003185260079035956e-09 6.556016904084131601e-10 -1.250925191236760818e-10 -1.844959583088803660e-09 -1.009604829733333842e-09 -1.084576618731680896e-09
4.147348487769681458e-01 7.848601998209475110e-09 6.750004031697790295e-10 7.188052556281672432e-10 6.560888728762309506e-10 1.965901172567409022e-09 8.789034537791071565e-11 3.697697500074208223e-10 6.695577794836540376e-09 1.255598697908700557e-09 7.031401200767309855e-11 1.063806803243137014e-10 1.406507386622840856e-09 1.521255001038232474e-10 7.149597073201319230e-10
4.189107045044477284e-01 6.137431312200517787e-10 -2.716845927444505782e-09 8.321265372012470049e-10 -1.063391875483639852e-09 1.986385817971832748e-09 -7.266392051911858001e-10 6.701699435299617426e-10 2.198372789138276272e-09 1.666764179081039718e-09 3.754023420005946770e-10 -2.810882980684400921e-10 -7.981567618932124223e-10 2.543429801738462863e-10 7.857503895591194347e-10
4.230974437456921922e-01 -2.517487237460830421e-09 2.061022524459284401e-09 -2.274739405116886909e-09 -5.646397957266043868e-10 3.532845391365534772e-09 3.284928558444587820e-10 -7.217913987262508150e-10 -3.126921538039501327e-09 -4.684628630303266210e-10 -3.526513736012269768e-10 -2.718787369233231330e-10 -2.254685256242222056e-09 2.505470527184449886e-10 -1.119246500544177266e-09
4.272931011032126136e-01 -4.913947398291281399e-09 -3.918109340644550490e-10 8.371791460073537998e-10 1.482285097419313686e-09 1.662884636637769501e-10 -1.256181356911360179e-10 -1.031136163979797311e-11 -8.499343172863518949e-10 -5.418101153058406316e-10 4.897075679333305736e-11 -2.542776394669184921e-11 -2.172315868516472466e-09 -6.826849388728507621e-10 -6.957860394617496177e-10
4.314914587673138180e-01 -2.026605302655792030e-09 -1.032418893895245054e-09 6.031739589000340991e-10 -5.134113139472525632e-09 -6.156806271565637926e-09 -1.656443121874394537e-10 -2.441701562890761607e-10 -5.843570860608765660e-09 -2.916499720948613211e-09 -2.461064015567174457e-10 3.015581687864261145e-10 -1.216454013008246144e-09 -1.225674731223124780e-11 2.321987678535262917e-10
4.356511643511531418e-01 -1.019868445243022061e-09 2.097693969258294519e-10 -8.184747468771017428e-10 -2.179844533670141812e-10 1.924448237267158547e-09 -6.389375065210013251e-10 -8.515823620481203544e-11 -2.303069755327031474e-09 1.907766020599686890e-09 1.358455050758967013e-10 6.722965054134980107e-11 1.246673270423146399e-09 1.317991143328296570e-10 2.628888980653043390e-10
4.398424702607344750e-01 1.690922650696797929e-09 -4.121305950502317483e-10 -8.601442759460004622e-10 4.919655271684882710e-09 -3.804573893180885392e-10 -6.043012639091936400e-10 1.315629406180263145e-10 3.907072751427807912e-09 -9.101131721486204913e-10 -1.889859165951820476e-10 1.877316192228825672e-10 2.336577973034895542e-09 9.671626895576315759e-11 4.879804780697034948e-10
4.440501074980069407e-01 6.598852736349744830e-10 -5.602922593468311731e-10 2.024773858425709505e-09 4.489433005462118844e-09 -8.627116615897161953e-10 -2.838929678688270901e-10 5.633794463926261640e-10 1.859906043119718278e-09 -1.011400648146727524e-09 -2.164081168494591749e-10 2.208611567149501385e-10 -1.222451547900826671e-09 -5.925563500399030311e-10 2.543507241446100254e-10
4.482267968899237842e-01 -2.169231750703648326e-09 -3.912813748525050022e-10 -1.028803198996151590e-09 -2.624740524874290816e-09 -6.668936196563494232e-09 -8.323368762901873904e-11 3.374589916714561166e-11 -7.466470006596140621e-10 -1.021841498865728918e-09 3.599958819931898594e-10 -2.894353988528428349e-10 -3.524878541959001548e-10 -3.779224929126178131e-10 4.380103023368383329e-13
4.524052929840755577e-01 1.226634553199955164e-09 1.244310490418090302e-09 -6.655554297829482584e-10 -4.905704742431330886e-09 -3.457024234415982432e-09 9.869635595508032745e-11 -4.898620144839697681e-10 -6.596065797846157608e-09 -3.401968245225271399e-09 -1.592938539069320111e-10 -1.470164275952483055e-10 -5.255009190081188959e-09 -6.925437572876803221e-10 -1.364778984614558281e-09
4.566090347930675253e-01 4.378184360886901663e-09 1.366337229010277699e-09 5.631267602830245402e-10 -2.016949157023148750e-09 -9.449196562425682725e-10 -3.018071806587469071e-10 2.319403108252027595e-10 -3.452992812911814300e-09 -3.848187090662718043e-11 2.748006757737007290e-10 -6.702580519587449686e-11 -1.381992829491876075e-09 -3.041913426875909609e-10 2.641241920282313168e-10
4.608167319022857811e-01 7.053009482939737432e-09 -4.124289840108271473e-10 4.592002911637570313e-11 -1.334721294131306085e-09 4.331881607658752619e-09 -2.787977178705424444e-11 6.610346676055471091e-11 -4.882224362872693117e-10 2.086634714591072794e-09 1.742698271822036356e-10 6.383610007315167242e-11 1.608353797650676061e-10 5.266510869700559576e-10 -2.468210590264636382e-11
4.649806979855051203e-01 -9.463385634908106051e-10 5.682017841874221782e-10 -7.258822368302124912e-10 3.012592610231418335e-10 -1.794714139857423981e-09 2.184556019567306428e-10 1.714490064324353366e-10 -3.448969541295389190e-09 1.246853665535289648e-09 4.763928955300227175e-10 -1.167516791714000727e-11 1.087158353484339603e-09 3.408019500548706671e-10 1.049436432552166587e-09
4.691538386770017222e-01 2.088896062550233727e-09 -4.808282201992106423e-12 -2.166317218164619132e-10 -5.754555826500406516e-10 3.945531515803408630e-09 -1.717084009455450413e-10 2.913200263498405150e-10 3.417524472118759302e-09 5.710956125590361595e-10 -1.109500229476367102e-10 -3.132385283408685537e-11 1.947750799372427444e-09 5.566513622932751117e-10 8.212151475283380986e-10
4.733478629909182445e-01 -4.087246749322633090e-09 -1.135004823942204325e-09 8.743738770074629621e-11 1.041328398146001699e-09 -2.431396074189322974e-09 -2.093350223074023198e-10 2.393768452458435187e-10 -9.606265801811685667e-10 -4.820821677841618131e-10 -3.553438563479915109e-10 3.363571566865202574e-10 -5.649704685737229607e-10 2.581279768464016398e-10 1.227444783488469776e-10
4.775500538217637980e-01 -3.137917956323144403e-09 8.127380595409518483e-10 -1.538910215841281188e-09 -1.541630796694691352e-09 -1.111472557467723575e-09 9.130845294912519797e-11 -4.711904156445001434e-10 -2.524767312513970595e-09 -2.305142481827882364e-10 1.136060427662684657e-10 4.016468921775271698e-11 -2.699411222799399165e-09 1.222249989796988061e-10 -6.935298415514168333e-10
4.817339644282710998e-01 5.369993101224778765e-09 1.364478750372607117e-10 9.536269738649216822e-10 8.856432453879482342e-11 -3.771163131101756308e-09 -1.927879832762595510e-10 3.888852365092518866e-10 -2.548001955673124854e-09 -3.690553922347842493e-10 5.537140052289543767e-11 -9.471646963355782683e-11 -3.205476631415782649e-10 -9.525510851908361851e-11 3.660819089081907853e-10
4.859144464692263798e-01 1.401952057989127093e-08 -2.860870978731660794e-10 1.509043890193284555e-10 8.592535397556026190e-10 6.247756381464032287e-09 1.674587775808905459e-11 7.176562721317664852e-11 3.742561027219023936e-09 3.321259563543672216e-09 2.559212389138075002e-10 -1.324037835351499733e-10 5.379265181397843635e-10 4.492999997054667190e-10 1.043108014199605178e-10
4.901252990058800885e-01 5.777483005787093202e-09 2.074425963721806145e-09 -7.953957612585175581e-10 -2.277322661768158282e-10 3.322944218834464348e-09 -1.205148881488974056e-10 -2.759833822915326859e-10 8.495574099701954957e-10 7.147552226216285214e-10 -7.924062363062919322e-11 -1.378064546680579673e-10 -1.452464121801144133e-09 7.890300028672246870e-11 -1.312649445460419089e-10
4.943123444065962158e-01 1.398471940737650294e-08 -3.995507286332085937e-11 8.577771344650552316e-10 3.011138995740187864e-09 4.536965391579736544e-09 8.841942907733747436e-11 1.883802681998882462e-10 1.788944477716894788e-09 1.168784552279715117e-09 -6.070953233267616201e-11 2.323038402889382482e-11 1.029368042812612239e-11 -2.990329290014292045e-11 9.369447115075082087e-12
4.984736335014697817e-01 6.257282389469770013e-09 -4.179561401706965177e-10 1.674001919130821030e-10 -1.791865307904779768e-09 1.588854656574430456e-09 1.964552389874819760e-10 -1.204485478987823515e-10 3.211567799861409845e-10 2.356704641763005536e-09 -2.591408666079441641e-10 3.124856649697470033e-10 1.849447685422832173e-10 5.555377494466915811e-10 -2.987592703483995458e-11
5.026590164608074618e-01 -1.777250519423824325e-09 -5.425218890306067192e-10 2.941618892356673692e-10 3.898597700082783254e-09 5.100241298296589611e-10 1.217163069086668929e-10 9.510467463215685668e-11 3.401812945982944150e-09 1.707078242144718318e-09 4.421362699971025056e-10 -1.122058184342535840e-10 3.755911737705844355e-09 7.700814435353401555e-10 5.894837566645861007e-10
5.068609875937976073e-01 1.147259204516485574e-08 2.455013906748316646e-09 -2.328576439542066298e-09 5.007207275532945107e-10 7.036235345068913179e-09 5.336065726098292824e-10 -2.438670361421318357e-10 1.891967696322799320e-09 2.578561821064617924e-09 -2.399118116962912686e-10 1.236769587090575875e-10 1.621750394835884792e-09 3.663984151884412227e-10 -2.793475966476914720e-10
5.110594965365916620e-01 3.994420759235899374e-09 -4.180885193764283695e-10 2.087909794854325064e-10 -3.220152738542162098e-09 1.992644807726997405e-09 6.769112763838786297e-10 -1.424603994205264445e-10 -2.730945329848362123e-09 5.961301242585797431e-10 4.296156052790922650e-10 -3.845441639284897164e-10 -1.354567549399811656e-09 9.156085159344280244e-11 2.088797713331397898e-10
5.152492140965455603e-01 2.349651285230565309e-09 1.577915759627437024e-09 -1.837228441368617372e-10 -5.196346124235183590e-09 -4.541370577121376833e-09 6.979474866378480310e-10 -4.387375670417889315e-10 -4.796499114743044220e-09 -1.340666993884626805e-09 2.242390093309180849e-10 -6.735165132749360830e-11 -2.459641582725395928e-09 -5.422447090319868844e-11 -1.548964752963745389e-10
5.194329442812991582e-01 -3.795308156847526870e-09 -1.006845027241601928e-09 -3.708927044977204248e-10 -3.389664508505650338e-09 -1.981536344509323406e-09 -4.257676012564686139e-10 -1.751729963198261513e-10 -3.017740316014643542e-09 -1.523739605290471660e-09 -2.913577069025475938e-10 2.205404453221378771e-10 -2.159934346604496942e-09 -3.566202733970583791e-10 -5.340773544117622790e-10
5.236343964239100757e-01 -2.053221883999936716e-10 -8.771617692217018575e-10 1.696666380239656039e-09 -5.201053300156846847e-09 2.559320861652659212e-10 -7.666370465898507746e-10 6.831910384465781526e-10 -4.803318175199603801e-09 -1.736738867087010964e-09 -1.036445489408206031e-10 -3.310936616053745716e-12 -4.552914310645703303e-10 -4.318348776052242607e-10 1.075803038386448112e-10
5.278273205415198177e-01 -4.187196831064384495e-09 -4.265269251404117650e-10 1.221901489631824710e-09 -8.941407466072244263e-10 -5.831730315973301592e-09 -6.923365664741270593e-10 3.864617720061436685e-10 -7.079321548132210451e-09 -1.700152754224669536e-10 -2.201264618178260650e-10 3.135432498714149669e-10 -2.826241511179253764e-09 2.693173997699239571e-10 -5.572521984205353184e-10
5.319960279023402405e-01 3.675072975004996920e-09 3.683311930186705714e-10 -8.597630183278143227e-10 -9.791533983792151455e-11 -9.435386931861547426e-10 3.997182445423168105e-10 -2.043496178837843001e-10 6.932516570095377063e-11 -1.893553978942594641e-09 1.258182591761894912e-10 3.084519434118985626e-11 1.299412928215571227e-09 -4.354449789565488835e-10 -1.951635458438194789e-10
5.361714592099571242e-01 1.889136033478277776e-09 5.221415004494281965e-10 1.191138083892193850e-10 -6.014731673945634116e-10 -3.222579275005011916e-09 -8.323862342638559634e-12 1.451179605934868195e-11 1.729504847317268935e-10 -3.144730189490404604e-09 1.498466939684637870e-10 5.156208984947049816e-11 -1.906494352071724551e-09 -6.998499548749995924e-10 -6.295955497628836165e-10
5.403746330902056139e-01 8.614626609605020899e-09 -9.459752713858036972e-10 4.750599431977133287e-11 -1.015137450732815110e-09 4.235030765897663019e-09 -7.162985063050097981e-11 3.921818035371939764e-11 3.320260678832824166e-09 4.775722702367458906e-09 -2.724753582254778233e-11 2.451552280905573243e-10 1.477926291405328885e-09 3.212762209431052353e-10 5.272533153550290168e-10
5.445761264886261888e-01 2.430878031869485568e-09 -5.220080860799387691e-10 7.836327875607196026e-11 1.903257560362211109e-10 2.857743893723417308e-09 -9.531024607868234220e-11 -7.294879553279796024e-12 -9.528452645597847898e-10 -2.138060692539545893e-10 1.201083945388329760e-10 -7.470731779167631649e-11 4.265471837747776598e-10 -9.176917397359476464e-11 -4.420648607314146663e-10
5.487504490749764985e-01 -5.295355409345601109e-09 -5.553769418993660384e-10 8.371194026396909283e-10 -3.395082813234260201e-09 -3.137688372324889262e-09 -3.292032222646661790e-10 2.174543253334180662e-10 -2.115979001859717558e-09 -2.680559136623852807e-09 -6.622752599436195667e-11 -6.741748628104057892e-11 -6.673359701245699166e-10 -2.933885234326258144e-10 9.278429255548038146e-12
5.529407179677009454e-01 -2.203390853452044354e-09 -5.963903866696039448e-11 -7.835424147334297459e-10 -1.715024142896547217e-09 -1.569559380695770807e-09 1.482446979417124155e-10 -1.307068470027397054e-11 -4.110842500291370869e-09 -3.372656607818122753e-09 1.201749210736166972e-10 -5.613673875308773502e-11 -1.249289896494565629e-09 -2.730593531838693447e-10 -3.815894299426261498e-10
5.571409157079509900e-01 -2.809175625502653529e-09 -4.936446330358670101e-10 -2.874577721983742881e-10 -5.080017756066553476e-10 -2.885373316771754198e-09 -1.186396222919509593e-10 1.725311802350271703e-10 -2.451359137563517581e-09 -6.209674207590275079e-10 4.220731290486306457e-11 5.997899177972044156e-11 -8.380571491500712179e-11 -1.881765813514385146e-10 9.399773617033242126e-11
5.613298693710127019e-01 3.607215273585787941e-09 2.466719189434615484e-10 -8.924586974426166982e-10 1.761437727852745515e-09 -1.162605782441755070e-09 7.473567857093201354e-10 -5.445877803775471661e-10 -3.019356195242461125e-10 -1.126001524227310644e-09 4.275952082746123715e-11 -1.517878555872376271e-10 -6.343316639160361267e-11 4.965390813249924300e-11 -9.192094172226034445e-10
5.655062246218995892e-01 -2.423229427102321236e-09 -2.537618182787436464e-10 2.089176081363191611e-10 -5.056097499003964913e-10 -5.715607450044203175e-09 -1.933075781272804847e-11 -7.739215947456890055e-12 -1.715950288960039483e-09 -4.842719431850077273e-09 -9.698148789465379617e-11 4.716918085006936770e-11 -1.081699621184513187e-09 -5.972613221056877697e-10 6.164964304012654035e-12
5.696867424029971039e-01 2.920939589974990587e-11 9.864661985454007317e-11 -5.386348052497690797e-10 -3.776656818949858555e-11 -2.400466725780946463e-09 -1.738687051570996333e-11 -4.537196884765101863e-11 -2.286150969439609525e-09 -4.707818984063760080e-09 1.240751644267611151e-10 -8.201444075116227528e-11 -1.525849534620627835e-09 -1.174470397613785870e-09 -2.543260165832984706e-10
5.738956954203543459e-01 4.519251232548869357e-09 5.554800711385512789e-10 -4.155596779541954349e-10 -1.410723550479333959e-09 -1.183074905651709302e-09 6.893261420401733659e-11 -8.300999881827848668e-11 1.030159191657804362e-09 -1.517953625189731692e-09 -2.049464075860139603e-10 -2.120083556487285708e-11 -1.766509182814400661e-10 -4.117877863798729595e-10 1.938002272040240471e-10
5.780928920821047923e-01 1.339148791763674239e-09 -3.764716431021048920e-10 -6.607867111032238895e-10 9.114507421906037831e-10 3.381048915342301243e-09 1.917307216020501636e-10 -2.062382757015811427e-10 9.362026345097622962e-10 2.060510128338836777e-09 -3.323366537805782000e-11 2.965651335443353575e-11 1.234073682165686141e-09 5.101410787297291438e-10 5.253945315621012208e-10
5.822632071880226023e-01 -3.358284845753296925e-09 4.355185854372713139e-10 -4.251310768368170960e-10 1.820900541175323474e-09 -3.834934842907825399e-09 4.204257759454205621e-10 -2.789900182107520572e-10 2.581782140516885489e-09 -1.380538651011335269e-09 7.044932292158627956e-11 -1.786891983887399860e-10 -2.020436425932997901e-09 -1.937996991344306334e-10 -3.471606277709378625e-10
5.864430803127811398e-01 -5.435864755715959634e-10 -3.566240090093778365e-10 7.344071293672684413e-10 9.690334592438219029e-10 2.543547526800062066e-09 -2.390246468144290279e-10 8.057337883486434273e-11 2.191283143488988095e-09 2.352441987564983111e-09 -2.341949483494882883e-10 7.366069142657993602e-11 2.186995240294210244e-09 6.496203408708817443e-10 2.290642836289989226e-10
5.906376733072625784e-01 -4.554713480613694679e-10 -7.123329797797739139e-10 6.252687893306186060e-10 -3.011943775043872219e-09 -2.008519268883284525e-09 -3.202321288016728725e-10 1.981981061744596323e-10 -2.665191897872517688e-09 -3.244504233561492238e-10 -1.462177759298840571e-10 7.530651505134645543e-11 -1.781850709681675736e-09 -8.551001450538953652e-11 -2.221750426543556697e-10
5.948356627105599870e-01 -4.535740255200735117e-09 -6.413099234869822364e-10 -1.019181758180314604e-10 -1.884914003917741353e-10 -1.387128630440024149e-09 1.645379047897143841e-10 -2.525612853175567989e-11 2.186768090237908165e-09 -4.600837254030266808e-11 5.767981532997972808e-11 -1.713630108163726021e-10 -6.497919037415674249e-10 1.917822670404613385e-10 -2.714249964401181372e-10
5.990145239901687457e-01 5.919746889703441642e-09 3.043656918412190877e-10 -1.289173581557370089e-10 1.181614967453362387e-09 4.670257760219336772e-09 1.190428963407873954e-11 1.499851988875304151e-10 5.618224626242870601e-09 2.776579415453375957e-09 4.189747076722360078e-11 1.022446094891584690e-10 3.555276468913355930e-09 8.696289927942606459e-10 5.797067709013063777e-10
6.031829950841108845e-01 5.565302886143626551e-09 8.562817895499075327e-10 2.530798521791150130e-10 -1.071131717989239955e-09 9.930376207982734023e-10 1.179917923516622907e-10 -9.036845050109165970e-11 -8.285397313825333924e-10 7.684113701344923702e-10 -1.318770741005023074e-10 5.985010590733183671e-11 3.589189978024975390e-11 5.768694258674427160e-11 2.038436012121834287e-10
6.073740526175752663e-01 -7.593905873923344423e-09 -5.363047524440430142e-10 8.883211252690027914e-10 -2.451463690665328693e-10 -1.778774397680087814e-09 5.948755192679437528e-11 2.703691798863457304e-10 3.661854527522896857e-10 -4.240155505192029980e-10 2.955355621777100143e-11 -8.144502160320322053e-12 1.075497657015690317e-09 -3.136358021278231430e-10 -7.791858524678030607e-11
6.115768023320514724e-01 6.719483347578683399e-09 6.731200606342213026e-10 4.353131384583662997e-11 -2.405693543600681890e-09 3.614113237230950035e-09 2.307425579175019037e-10 1.937690981462826549e-10 -2.261351445780003998e-09 -2.498781948527074566e-10 -4.962569951035842071e-12 -2.360542219604996080e-11 -3.308689481615372622e-10 -1.608323135146803715e-10 -5.565042669807318182e-12
6.157710000000914397e-01 1.049510777791598689e-08 7.129889741489912296e-10 -5.197181784021992130e-10 2.633011951845479228e-09 5.170954663182655877e-09 6.722327389147243473e-11 -7.144497814822724261e-11 6.275140885724470027e-10 1.315043185908290078e-09 -1.069771700196588357e-10 2.239550910246179141e-10 1.234057840700659895e-09 2.070555071384536246e-10 4.180993917910282702e-10
6.199632023912512446e-01 3.904996360776545140e-09 -1.614640775910653175e-10 4.531389287829694633e-10 -3.418839909067354858e-10 -1.531958359313517315e-09 3.363165709000018252e-10 3.645584496385457401e-11 -1.270686780791866008e-09 -1.423897824141540115e-09 5.166766578095638066e-11 -6.142651165481862019e-11 -4.058269870709119401e-11 -2.285480656829949566e-10 1.604252736304589558e-10
6.241630060990407403e-01 4.081918949797718440e-10 2.809418129861235744e-10 3.484924537134652931e-10 -1.433327554555026687e-09 1.547907046768155482e-09 2.092647754182615050e-10 -1.119795299437855786e-10 -3.129136468075058177e-10 1.729709646058646827e-09 1.588103239374302733e-10 -1.361989463547567018e-10 5.236723709017471038e-11 4.968641584364087168e-10 -2.070232356656739722e-10
6.283593402461892241e-01 -1.552547362123129241e-09 3.519095642325505168e-11 -3.598488329377021799e-10 -4.405025172184489418e-10 -5.775208328216204614e-10 1.632367318809887662e-10 9.133026726174501189e-12 -2.880686918505106414e-10 2.807843992756541635e-10 3.374839725362358452e-11 5.225893645441795291e-11 8.781679836100347502e-11 4.409318963190462040e-11 1.580929549626777142e-10
6.325410955997395890e-01 -1.455365021142174769e-09 -2.074650000328761814e-10 4.504243089172556821e-10 8.637666208865821524e-10 -1.111401568774392436e-10 1.789501070226809986e-11 -4.106717329234647268e-11 1.029193989320386165e-09 1.768601923607762506e-10 8.522118123421767108e-11 -7.360356247605654437e-12 -8.388847186071958437e-12 2.683667706998872449e-10 -9.908416786027931757e-11
6.367142920629192959e-01 6.416755786400341729e-10 2.377487659180313691e-10 -4.748041866826775660e-10 -1.227500829729109440e-09 -2.963603962629606178e-09 1.105130153938633964e-10 4.370654682144762397e-11 -7.958721874762990394e-10 -3.384584044160053341e-10 -1.364619484520963068e-11 2.578016799367970404e-11 -1.654622226497402986e-09 1.318423769866323762e-11 -5.455920562697288871e-10
6.409035099394975177e-01 1.517083688322464684e-09 6.572336829137172054e-10 -9.487489630536806315e-12 1.154372973661990622e-09 -1.022954958029588198e-09 -1.227846570814626158e-10 -3.435811941278701499e-11 4.692537780990207619e-10 8.202728619886118032e-10 -5.617383885078722656e-11 5.501582169652999945e-11 -3.720591813882637595e-10 2.953727367702157981e-10 -2.057088651538267368e-10
6.451032402190634008e-01 -1.178589883502984828e-09 1.350427042593367254e-09 -4.215620817989026116e-10 -1.344432779587525411e-09 -2.137162473946641535e-10 1.600255408488557168e-10 -1.861455771228849413e-10 -1.859900333589180084e-09 -1.272172004645480213e-09 4.022120959899721617e-11 -7.993383972609770872e-11 -1.994747297490687983e-09 -5.645193510842002392e-10 -5.415817354593412318e-10
6.492879941711476866e-01 6.820886559130507017e-09 5.878143837359416481e-11 -3.019383662202935453e-10 1.013230474396869085e-09 2.056752721389694887e-10 1.187011899074254256e-10 3.082156983002098047e-11 1.636537073393332473e-09 6.740276095726434449e-10 -3.989123845101244957e-11 -4.420852603626612863e-11 1.967617522709587819e-10 3.731217977890395439e-10 4.901310421724098872e-10
6.534659541563927476e-01 5.675410795480254315e-09 -5.090843797175724500e-10 4.227951354378404688e-10 -1.245190969048577787e-09 1.139875920361237962e-10 1.863005000569910867e-10 7.232933410333887322e-11 1.859175808365416387e-09 2.509429628088939680e-11 1.167099565039106264e-10 1.609182477706014857e-11 4.751823252395739673e-10 1.513895439371354127e-10 -1.485356756548621173e-10
6.576591076962554627e-01 6.585054175936901374e-09 1.110141066007762818e-10 -2.392841072081319794e-10 1.033369803357287938e-09 5.541883459102317132e-09 -2.739761706178815702e-11 1.272382836113485006e-10 2.185437581910666268e-09 1.408351430752744038e-09 4.687789478462863862e-12 4.583913696977529821e-11 2.579987324609380784e-10 4.038050892852695466e-10 1.904462017979312184e-10
6.618529307405217610e-01 -5.366150579746934247e-09 1.843906633647795132e-10 1.341528070146304679e-10 1.933246679161086053e-09 -6.297042567670505616e-09 4.398299087375630959e-11 -8.221255525021107293e-11 -1.533451955518586240e-09 -2.789760951360348545e-09 -4.131345157201509647e-11 5.639709883608479880e-12 -1.825405907520138151e-09 -4.201391546824918073e-10 -4.281970380218424679e-10
6.660240791386257131e-01 -4.124655710999102472e-09 4.719713870222958576e-10 -3.627785891396909980e-10 7.430984782688334003e-10 -9.802464519420768796e-10 8.448964798454048632e-11 -1.273960791128156345e-10 1.194209231658068480e-09 -2.845405769297705023e-10 -6.118741103825994259e-11 6.192141607744097956e-11 1.322684125284528932e-09 -9.680892906007548659e-11 6.135655933749072206e-10
6.702067828716186115e-01 6.783708545495052261e-10 3.347152762551976223e-10 5.056409828659040224e-11 -1.439915394458829065e-09 1.963484197968667363e-09 7.600802392699835217e-11 2.296224688218145699e-10 4.819059085136567583e-11 1.560427515465282427e-09 1.696083395883443345e-10 -5.424201133398117992e-11 -4.037054756005139441e-10 3.013503257443872249e-10 -1.489858891844509555e-10
6.744172070879622671e-01 2.011819088266121144e-09 2.547210314200715840e-10 -3.175773622902808050e-10 1.456115760475199613e-09 5.646470852449783174e-09 2.086640416776620297e-11 3.456726773292980762e-11 2.155957996071801008e-09 9.275372218031080556e-10 -6.613736784347894235e-11 8.387168132790850666e-11 1.124578946388141223e-09 -2.064207679384079963e-11 -1.509979774654871630e-10
6.786118453466847278e-01 6.657538795782671943e-09 3.652034810760382960e-11 4.594131787746119202e-10 2.295836397013982932e-09 4.362560100604704916e-09 -6.375614149993323773e-11 4.116422544829821602e-11 8.241021252645891591e-10 1.625886433481417782e-09 1.652146109653895191e-11 -6.078352826401873572e-11 1.606197979231590149e-09 5.669232999280746527e-11 3.745698207138228038e-10
6.827984616056306244e-01 -3.637109204269266311e-09 3.657223695667330473e-10 8.098719351778298242e-11 4.722450261449611362e-10 1.720033671707070586e-10 1.451863564640530620e-10 -4.227562663191779521e-11 1.059127106656222039e-09 6.667664450403579851e-10 -1.190511100733975222e-11 -2.549732353757504308e-11 1.432745388254977897e-09 1.575459869616874416e-11 3.149136241830006561e-10
6.869817177358829019e-01 -2.666711989651266610e-09 -1.228975445168171356e-10 3.699187635389689577e-10 4.590339006333110543e-10 -5.678729748550564930e-10 8.430707008614280159e-11 1.300706144769532350e-11 -2.779166411565102608e-09 -1.606295124726639371e-09 9.847988165339204147e-11 -1.239964854733731485e-10 -9.742307355256241881e-10 -3.541606640224824236e-10 -7.274727521042711908e-10
6.911718524128840357e-01 -1.422816507980961745e-09 2.200576337240871389e-10 2.566536708360679954e-10 -1.416085085161164502e-09 9.315757462876490753e-10 -9.041838486365357189e-11 -3.958496216463790829e-11 -1.884791622508933346e-09 3.985239747637394435e-10 2.661622634011987798e-12 -5.659242268444230428e-11 1.943151372519147389e-10 9.722621173052347244e-11 -2.456967425997642815e-11
6.953555746427921846e-01 -1.167517214569267221e-09 5.245072175989606247e-10 -5.448782393166837786e-10 2.455351085746580422e-10 1.253589169534461339e-09 6.330305180779373570e-11 -1.366063592854262755e-10 -5.479905857637658523e-10 -7.222047645036645186e-10 1.129458910548995423e-11 -5.612225670315173557e-11 1.702335048228154737e-10 -2.316167421724652356e-10 -2.981632045309615442e-10
6.995344561305086861e-01 -4.868754094511091080e-10 1.286977877583252721e-10 -1.020633464975016662e-10 -2.804623015580147330e-09 8.064671767318473035e-10 1.203810621372583518e-10 6.049984900110316931e-11 -2.741176800975516071e-09 -1.026672564856402979e-09 5.509765260665553185e-11 1.376707764056701748e-11 -1.705396631140083605e-09 -2.483234914887102555e-10 -3.868610380955426571e-10
7.037287066792784485e-01 8.235888908134844291e-09 7.263620890153712100e-11 -1.753284750335423634e-10 2.970205277910100976e-10 4.559658127860976793e-09 1.245035890847901976e-11 -3.245053890157895142e-11 1.255337578851086768e-09 4.961841899868059405e-10 1.735914088672720246e-11 -3.649188085917879017e-11 -7.527955216310508615e-11 4.046274081337343020e-11 -3.959797751288061787e-10
7.079143033440539190e-01 6.475470542111802548e-09 7.350191594145607421e-10 -5.391982634600512920e-11 4.268642561774356062e-10 4.736446746701747500e-09 2.776486237625071915e-10 2.161852401253152672e-12 6.096973508710454387e-10 9.706628990004747872e-10 1.134227548710937130e-10 -8.894682963452247893e-11 3.009376295735120726e-10 -1.733535719835577836e-11 2.123421934286255608e-10
7.121186686741065586e-01 8.237509787297242063e-09 1.974854858573135413e-10 -1.882451973522895109e-11 5.020069732398448290e-10 2.675626783813044875e-09 3.986513198456967081e-11 -1.130342616973226337e-10 1.192550045410022755e-09 -1.525759499987767093e-10 -3.846781373885411969e-11 3.632964093541396239e-11 -1.431714306807351235e-09 -3.274122499641221299e-10 -6.736069086890317433e-10
7.163134555705721329e-01 -5.866183374196332351e-09 -1.809930706036756759e-10 2.433551937209913379e-10 1.181594990072658045e-09 -1.049228213689387239e-09 -3.471856110362588530e-11 3.071096659345232141e-11 -9.788554364696765079e-10 -6.982350318376242766e-10 7.385541022445647121e-11 -1.028086187517109107e-10 7.048382701756072022e-10 -2.137995621182906470e-10 1.189697535933554816e-10
7.204913713645887396e-01 8.389479743899679041e-10 -3.271826561185902314e-10 2.142907764135052096e-10 9.414437801224356483e-10 6.075000332634752058e-10 9.239737051011514218e-11 1.848151618343682753e-10 2.251624419453038989e-10 -1.911424424320197347e-10 -4.687116488669687020e-12 3.501790038345437986e-11 6.442385071589448104e-10 -1.268070688581095807e-10 4.072871664117202857e-10
7.246803275165087932e-01 2.904874785857044143e-10 -1.181285446691184915e-10 2.663735347170087027e-10 -7.394269090204580817e-10 7.045574415145528803e-10 -6.881608765660421941e-11 1.682844201005823239e-10 -3.892034519016468421e-10 -2.000412873328185376e-10 -3.176153582301998084e-11 3.188218865779316492e-11 9.096124760465445561e-10 -1.563462190509403962e-10 2.752386129031323083e-10
7.288763115175647123e-01 -1.422124630556761615e-09 -3.419910644883372094e-10 3.672200196244033770e-10 -1.512042726079233011e-09 -2.895732206207718113e-09 -1.255054425755817712e-10 5.512636416318109495e-11 2.533129107914842682e-10 -1.579189513105875939e-09 2.925576749977735313e-11 -2.453532174450676051e-11 -5.108756799247234478e-10 -2.003690626134085948e-10 9.510920008577056318e-11
7.330585840505703388e-01 -1.073873550548149254e-09 5.223020422849127829e-11 -3.493897627249276210e-10 -1.028763520410026644e-09 7.779661104614138501e-10 1.492491719984086485e-10 -4.905423552403085719e-11 -1.199181815326244695e-09 3.220178258190674907e-10 -2.173796502581280398e-12 1.178051562065034817e-11 -8.462930117357708402e-10 2.396603648427107795e-10 1.940980384430900473e-10
7.372316440474646626e-01 -6.566570143352287782e-10 3.280343864601027131e-10 -2.264732622879429705e-10 -4.601013450990786991e-10 -2.003901680399765756e-09 2.107742893739721229e-11 5.076499505472915377e-11 6.860403229648863405e-10 -7.424431420767853038e-10 -6.792896966286826107e-12 2.807828806534152858e-11 7.124074188830688842e-10 4.691848152832566622e-11 -1.072297274346876173e-10
7.414228560306842519e-01 -5.048645013258272121e-09 5.323299485689997146e-10 -6.126505342435975658e-10 9.143840148872776143e-10 1.042443219688143157e-10 1.048782593982188870e-10 -1.678165919796474980e-10 -1.042459630872252384e-09 5.247226254918921876e-10 1.023584403570668968e-10 -7.329171987521059963e-11 8.659476617014873709e-10 1.913553677277005826e-10 -7.987739129833548272e-11
7.456189213758863676e-01 -3.207336278397858877e-09 -3.376480535618043724e-10 4.038341535951609513e-11 -2.409594440886031182e-10 2.413879237458287977e-11 -6.959883513184391421e-12 9.504531785802465434e-11 -1.975281019648450485e-10 -3.119679438689747577e-11 3.984384045703734271e-11 -3.069872139306473021e-11 -3.153499532566228271e-10 -2.138338985991913226e-10 -1.133750178622400549e-10
7.498104337627916616e-01 -1.073335420888356001e-09 -1.387331191341929868e-10 -1.856409694329126010e-10 -1.379461883076357914e-09 5.235635990246748649e-10 -5.699958697587369189e-11 5.083669773173747814e-11 -5.836200697297498559e-10 4.249281386361733236e-11 4.965829494459466476e-12 2.997743125191787454e-11 -7.669847224065030189e-10 -3.117912867341102915e-11 -3.937939169165769197e-10
7.539974189770904944e-01 -9.707089641304684556e-10 3.252592043934885919e-12 -1.422328466089111568e-10 7.479344412316271350e-11 -2.970840213066028439e-09 2.515598529697711635e-11 -1.381710559033470619e-10 2.961259426790864732e-10 1.040448063581601375e-10 -2.065642027900877120e-11 -1.061556721240175067e-11 -2.208141078983766008e-10 -1.789060711133619164e-10 9.065919858738456151e-11
7.581896411468850294e-01 -1.826880688050573499e-09 -8.213659116337062221e-10 2.826524180732769717e-10 -6.909271147882273723e-10 2.266839661518996361e-10 -2.061709549120055210e-10 7.287431767018442740e-11 4.589739737373152507e-10 -1.307618108584735407e-11 -2.562227411103081736e-11 -3.603273482212340353e-11 3.882724311154200344e-10 -2.159141065287602455e-11 -3.194460193821423100e-11
7.623808615479977790e-01 8.790868796252078447e-10 6.932696577814665048e-10 -4.038010902764623593e-10 -6.647768489827786563e-10 -9.319096318919818289e-10 2.348396926755051986e-10 -2.012853892740127588e-10 -1.039447201426740249e-09 5.036627352676650780e-10 5.496982421397557241e-11 -6.699205634867311093e-11 -5.063692739205148832e-10 1.838895343499382155e-11 4.203484782138218859e-11
7.665651159623174671e-01 -2.010187698439076533e-10 1.631204666745248946e-10 -4.514252644036715368e-11 2.152697529772678907e-10 4.346701530978785639e-10 -3.152656055711368867e-11 5.885498450692551866e-11 5.552027856974704381e-11 3.589818270330223801e-10 -5.973389797786116826e-11 7.935879068162981882e-11 1.347700098708380469e-09 3.392643484760282537e-10 7.325884010804361815e-10
7.707536355579491794e-01 6.105555760004921611e-09 2.505987040927014793e-10 -3.194833891615571912e-10 1.604762852371923477e-09 5.163766042322266747e-10 -1.046044091007672828e-10 7.655904012878798250e-11 1.788842878364747066e-09 3.389893540304995054e-10 -8.995244941240747223e-11 9.010130064095620552e-11 1.440563666947036882e-09 1.402425345839867733e-10 3.957694469222672185e-10
7.749462413082437440e-01 2.222160735888841316e-09 -7.709049043510063467e-11 -1.874614774384274488e-10 3.346253304935553984e-10 2.158187500706092123e-09 -1.267919379134726201e-10 2.539161338360004235e-11 -2.204338826711542254e-10 1.962665846970893266e-10 -3.444149470237916489e-11 -1.373212474647442796e-11 -1.157474845788273458e-09 4.097880561798559388e-11 -1.958152990703042348e-10
7.791369682448587852e-01 5.390663332937522484e-09 -7.541618122566534862e-11 -1.706787779453494479e-10 -4.722457658039373049e-10 3.388750182210943951e-10 -8.866010345212337324e-11 1.052232828961903854e-10 2.333406517974774329e-09 9.933799528063261584e-10 -4.915926671146073090e-11 -5.117056652120007862e-12 1.328767659694440590e-09 2.560074049555875851e-10 4.331213339339104732e-11
7.833258353347896108e-01 5.363166473826822468e-09 1.128564903356360184e-10 -1.438337332874590266e-10 -2.841583649595117682e-10 3.000819904130619812e-09 -1.282509122688387490e-11 -4.285568071439229542e-11 -7.647012679644176255e-10 1.104438828200011894e-09 -4.708949925452663201e-11 7.923924322329326888e-11 -6.427442765586682294e-10 1.301829982368414761e-10 -2.329047087220264100e-10
7.875159900600451346e-01 -3.507732134227371062e-09 -3.093466947983073962e-10 2.115299422745220368e-10 1.374095036674352268e-09 1.295657524647618461e-09 -1.796790876305195494e-10 1.392911080770672910e-10 6.089381898921027370e-10 7.280709895678976135e-10 -3.018303050823304573e-11 3.963802444502218874e-11 7.916228403510167169e-10 4.549124242832215618e-11 2.353702054284247236e-10
7.917084457625156446e-01 -3.121510456421543351e-09 1.270644105384361315e-10 -8.482213684464276001e-11 -2.207860106798197404e-09 -4.723130727544008272e-10 6.365163431664429355e-11 -6.638796312019939508e-11 -2.027035663189228522e-09 3.488576529181067736e-10 -2.910891775974800751e-11 -5.885873845097324180e-13 -1.276499021845922673e-09 1.816962424286695685e-10 -1.551189396698185916e-10
7.958821468706197555e-01 2.315526322216905988e-09 1.293305349183215621e-10 -2.439614937683149304e-10 -1.528530439704360417e-10 4.483117053586418990e-09 -8.891365588698687242e-11 -4.607661649601651710e-11 -1.565549149528943052e-10 3.769663535353632862e-10 -3.535813087326759523e-11 2.525100068717771433e-11 -5.769550950279859075e-10 3.539050888303605054e-11 -1.181536346436171544e-10
8.000624692379799674e-01 -7.821960353709476829e-09 1.181052038864800498e-10 -1.209152300971933152e-10 6.189196288777684831e-10 -5.060993952092164485e-10 -9.330223362485913013e-11 6.500650557963163640e-11 -2.064621884633445675e-11 9.070831675287551050e-10 -5.054921022551625902e-11 1.233015211601056535e-11 4.652226279082811430e-10 1.835129523555802780e-10 2.744634199898198218e-10
8.042564613727184453e-01 9.184053169687670456e-10 9.870080200284978261e-11 -3.564540192267406693e-10 1.073752776476113491e-10 3.381753913951028275e-09 2.430956126568615713e-11 6.528982069913867696e-11 -1.263782175968767488e-09 1.356493423162696815e-09 3.604832072701479875e-11 -8.205375706822691131e-11 -7.583372031650219728e-10 3.152771260905930575e-10 -4.631899290080121326e-11
8.084384822996342201e-01 1.686804662418302518e-09 2.359447343217854277e-10 -1.906406071316976695e-10 1.187096222656478626e-10 2.060466880752786240e-09 -2.464427784551247818e-11 2.948374749319986413e-11 9.827513423332061399e-10 8.169026136078786119e-10 -3.213786859630622726e-11 2.970542093327411459e-12 5.560488768633558630e-10 1.597775175601214205e-10 4.350453280087612424e-10
8.126333810499198895e-01 9.375596349638120313e-10 -2.167950972164018451e-10 1.745953458119273677e-10 -1.800452623162584048e-09 -1.012362873111491337e-09 -4.457673024072943203e-11 8.420210711970369635e-11 -8.281160500605652468e-10 -5.294654568769734690e-10 -9.212988414313521072e-11 7.572716027594408729e-11 -9.421214439803375350e-11 1.672283579155945381e-10 1.291243257760277099e-10
8.168271958201180905e-01 5.288084498432784310e-09 -2.884221535957084643e-11 -1.695312982924349468e-11 2.901175304281013658e-10 2.405185252568577140e-09 -2.946784485384972861e-11 1.200844515508718934e-10 8.212535621403372483e-10 3.016770547345534696e-09 1.673362679202303512e-11 -4.534435637977926257e-11 2.943816228418605237e-10 5.435773694027972779e-10 -2.000290179207420044e-10
8.210214995694952167e-01 -4.617978464398136663e-09 1.333524336830523387e-10 -7.382573429435144367e-11 -1.398061256699157538e-09 -3.561597390245899228e-09 -4.075359682506149503e-11 1.413016091572614754e-11 -3.845854388824669122e-10 -1.773414019236453254e-09 -4.210545194532069461e-11 6.047390846214163962e-11 -1.979516691479818355e-10 -3.414313405030290568e-10 5.044029055343199544e-11
8.252154145000215602e-01 -5.876374182179783511e-09 -3.804604152719455115e-11 -2.360650541460332716e-12 -3.857857615721891562e-10 -3.100484167473783580e-09 -1.033604097410387401e-11 -3.931807540979575735e-11 5.166395737076599075e-10 -8.447885638601356583e-10 -3.833952776025429373e-11 -1.386975218312421859e-11 -1.111459753458432555e-09 -1.107854896759779417e-10 -8.248347718847609436e-11
8.294030907808404018e-01 3.665013982065052977e-09 -2.186596065486439779e-11 2.356611365038198139e-10 -5.831371903468851259e-10 -6.143540417023534778e-10 2.553733704751544249e-11 4.191242306082746645e-11 -1.891794407041164752e-09 8.756470461839658821e-11 2.690576048157414729e-11 2.360572320529177764e-11 -3.973063945559968110e-10 1.496867284872510762e-10 -2.531760803608113855e-10
8.335906150371191758e-01 -7.681417983367891330e-09 -1.064259833173084626e-10 -1.088086915084901763e-10 -6.758743958980697829e-10 -1.996008083018037271e-09 1.924757134662391738e-11 -3.226395997567795465e-11 -9.151369765833579780e-10 -1.412249472535808686e-09 -4.857234076374636271e-13 -1.500376086451921489e-11 -1.333338840217903229e-09 -3.171039306655609489e-10 -3.679181213898728171e-10
8.377685032221774408e-01 -2.611913867268205838e-09 -6.061506947073214651e-11 -3.627901856255082328e-10 -1.285970565401727027e-10 -3.062347710635975137e-09 -1.028097413993028848e-10 -8.501202528181703383e-11 -2.240039981351371134e-09 -1.717706678991354317e-09 -1.275984527416338769e-11 7.332609100878225976e-12 -1.137971477315479958e-09 -4.210418472712857346e-10 -1.390217639885578293e-10
8.419567297582307708e-01 7.744426377697697353e-10 1.601038589806305641e-10 -1.816473244915037865e-10 -8.427525890290874181e-10 3.014820153348957118e-10 -1.005985314945099400e-10 5.365151740897943379e-11 -3.809715682774187524e-10 -6.426895500220611570e-10 -9.466030162706355207e-12 6.720644394508736505e-11 1.083853836230681133e-09 -2.956827325198327708e-10 2.204166549205226138e-10
8.461556544987137718e-01 9.488550967001580144e-10 9.407133963140954942e-11 8.249172585621912226e-11 -1.386372754366205747e-09 -1.099971326657079843e-09 3.445971893993608517e-11 -9.643206204223962710e-11 -2.193356284691540893e-09 -4.695376891953195911e-10 4.430729182712112026e-11 -9.118420746984791386e-11 1.991502672400703585e-11 3.653139705039640605e-11 4.090426608327924783e-11
8.503430790983292908e-01 2.169906015209811196e-09 1.254482941244219239e-10 1.024031568631130824e-10 -1.418852867993032236e-09 -2.795229405948233749e-09 -1.018063374174237783e-10 7.005120404199836704e-11 -2.170899527840919836e-09 -1.308146691508037540e-09 -2.566465108845360710e-11 1.890884096494137045e-11 -1.899949349494309377e-09 -2.570811761847402039e-10 1.291233041131527082e-10
8.545245840949285965e-01 4.383831778122309850e-10 -1.193972974597847565e-10 2.798061680410638813e-10 -2.023818048128227116e-09 -2.826181185887133899e-09 -1.480785086127681201e-10 6.737661329799244305e-11 -1.969234262468740169e-09 -9.105851445042191039e-10 6.032009959126699342e-13 -4.573856759749401320e-11 -1.073100011098734897e-09 -1.992905287317427481e-10 1.231507360555769156e-10
8.587196449246210506e-01 6.668693531879111640e-10 -2.609017739994487374e-10 1.966939688582768758e-10 -1.510742501767926368e-09 -1.557906504603255322e-09 6.496354588145538236e-11 -6.735597877458962474e-11 1.337817075194201934e-10 -2.225670705504254849e-10 6.984910671560511238e-11 -7.744729122524837145e-11 5.805235415865384673e-11 6.109870842584528910e-11 5.551215224253783970e-11
8.629074348139629258e-01 -2.096796453002601251e-09 1.395377457781957012e-10 -1.736419044660660706e-10 -6.719632010455114304e-10 -1.418759050025081023e-09 6.577903331711286655e-11 -5.204060864638659999e-11 -8.531071215701679450e-10 -3.398306889252163404e-10 -3.084703235289730654e-11 1.621458689231563075e-11 3.575016012016455336e-10 8.991765641531223993e-11 -1.088798664696696653e-10
8.670852844200982457e-01 6.790260797141321630e-10 2.074899965124026365e-10 -9.282341967471620568e-11 -1.283775708999100089e-10 -6.712459825629878128e-10 2.892956287494921343e-11 4.742278383559684583e-11 -1.148881589776260121e-10 3.963575338185926742e-10 -3.653468358669233571e-11 2.266066577468931270e-11 7.563998463686075735e-10 2.585774594586516557e-10 1.292437003931062910e-10
8.712764316473343706e-01 -1.409543871265051511e-09 -7.780007356907952277e-12 -1.337545199855684661e-10 9.246455901242064498e-10 -1.890017180627671581e-09 4.975035136621602967e-11 -3.733514445211821945e-11 -9.099650388856058828e-10 -1.050975351921591425e-09 2.699985612926840767e-11 -4.681038337536158480e-11 -1.005493188838799051e-09 -2.625110094762202485e-10 -3.370782291115501324e-10
8.754762476624626810e-01 3.828137711173462727e-09 1.082463428865415968e-10 -2.525894526042111548e-10 -9.022253982010480976e-10 1.450720640127248180e-09 -3.324261836439557993e-11 1.835545294514537613e-11 -1.997781566268091396e-09 3.926869862769778948e-11 2.979505210714103079e-11 -1.794036084785604619e-11 -3.936116605127549931e-10 -6.543973353436542564e-11 6.985575340096339665e-11
8.796707865602606535e-01 -2.469288500964087067e-09 -1.116853885591508597e-10 3.376524732527762795e-11 -6.548764801560537764e-10 -7.615578829843847986e-10 -3.629244419128977563e-11 5.611473725220375141e-11 9.047645189605838840e-12 7.466811920775960201e-10 -1.520060138795186040e-11 8.148275101675659601e-12 8.271553726351316151e-10 1.680289384723715777e-10 2.007323047399683756e-10
8.838562222970675064e-01 9.432372513994900184e-10 1.675848510128163818e-10 3.358660794737076001e-11 -7.258442930870562755e-11 1.119365782658150535e-09 7.845556933928133821e-11 -4.979907168850954923e-12 1.048748268707938785e-09 8.667247522682927068e-11 2.592128164045888617e-11 -3.867336048442577739e-11 -2.144532077385265706e-11 -9.461523031157709858e-11 -7.679462655714624346e-11
8.880381764417510926e-01 -2.979072541760506980e-10 -3.055940604665597661e-10 8.897746612697877385e-11 -6.760305536383473697e-10 -9.885533132105606415e-10 -6.141870017992603151e-11 6.261455040321666371e-12 -7.396714492209047796e-10 4.005073220658358610e-10 3.375505443684697178e-12 9.233959487171866248e-12 -2.671006146091627570e-11 2.987812258944457031e-10 3.410727085836313213e-10
8.922270316229049536e-01 -8.763772297825434122e-10 4.065394159806284363e-11 1.653424490254898092e-10 9.066512454875296091e-11 -4.409673584734090259e-10 1.447584655526242829e-10 -1.046321001984092498e-10 -2.914954002088202937e-11 -1.195411979193927115e-10 6.350645031011235250e-11 -6.790945851191809142e-11 -7.591093429600206727e-11 -1.050175068164332853e-10 3.191678224003132216e-10
8.964225585562245469e-01 -5.680446412485838727e-10 -5.900825190262778539e-11 5.380806572207663397e-11 4.523750785221447416e-10 2.774454963978456924e-10 3.477497922776465175e-11 1.036856128735297843e-10 -1.555728972883136966e-10 1.271885737382849331e-10 9.050760765794551867e-12 -9.762274377789906393e-12 2.519256896146895605e-10 5.278307902887942572e-11 1.134130598875485776e-10
9.006049913569987853e-01 -1.061395608542125770e-10 2.550036071302618886e-11 1.411731494187820738e-11 1.853953973983657625e-10 -1.149475925353630247e-09 1.128134186751657974e-10 -1.193016636633094137e-10 2.183932091761570739e-10 -4.035816654418276565e-10 8.537816592128040827e-11 -8.390451881293210305e-11 -2.701869532828520502e-10 -1.545659879417443835e-10 -4.572767865883521560e-10
9.047836582182254839e-01 3.023318824196475819e-09 1.581969741584604616e-10 -1.154312898860261089e-10 8.428706159670300283e-10 -1.003732059603706952e-09 3.217837432533375770e-11 3.505617827089300745e-11 3.193193090025796377e-10 -5.961612557871211280e-10 1.768955749899542688e-11 3.492156461954824154e-11 2.868425030885613868e-10 1.007527057647506344e-11 -2.252571955228570870e-10
9.089780964569278421e-01 -2.156747736408701367e-09 1.479290165788713072e-10 -9.690028149875873191e-11 1.543707028362237748e-10 -1.154385976567332251e-09 8.409873269327351690e-11 -3.200741393381107081e-12 -1.773430794565298774e-10 3.302644806081931984e-11 -1.948330839606657887e-11 -2.287323651727658311e-11 -7.925316935297264292e-10 9.109230977139812472e-11 -2.167207731782282923e-11
9.131704587403689510e-01 1.386814022805199011e-09 3.920390777871112869e-11 -1.767410962040160989e-10 1.531443803100613950e-09 1.813826009987883604e-09 4.220114241167198921e-12 4.026037926896342182e-11 -8.272350535378742306e-10 3.873060994454163211e-10 -3.792825914275547293e-13 1.133342089400584064e-11 -4.285787780218041970e-11 -4.735544025866687671e-11 7.092623039688922193e-11
9.173547920329833127e-01 1.832143046900844154e-09 2.727036213845897633e-11 1.708121492652793775e-10 9.787734298491506902e-11 1.061897340534744104e-09 -9.933901851726461413e-13 1.224515174688043290e-11 -6.673681547378781409e-10 -1.535088604043115720e-10 1.730206193648423452e-11 1.567824848435695934e-11 -9.886722083497976378e-11 -2.502835961999393078e-11 -3.564793816740730656e-11
9.215425617950214754e-01 -4.047832780027205192e-09 5.023550984364654805e-10 -3.496857463039633583e-10 3.044183174649131394e-10 -2.038997163483983674e-09 3.289484069961342152e-12 -8.149306242307419499e-11 1.750314067787850066e-09 -2.792000401852925413e-10 -1.071419055171858397e-11 2.204656832775388427e-11 3.472896883205628583e-10 3.460467552534755699e-11 -3.625698917087894470e-11
9.257400405750663142e-01 2.042011649266137119e-09 1.830739943608787769e-10 -9.218027810588844109e-11 -1.433054857225646635e-09 1.580669828693531863e-09 8.727833736162381940e-11 -2.052603113868612791e-11 -8.761908132564488649e-11 -1.757470233228627402e-10 3.858776957154256137e-11 -3.142159812839047505e-11 -1.612100607115600860e-10 -9.088817388115738613e-11 -2.318315069514911690e-10
9.299303352268617484e-01 -2.861819817115452017e-09 1.254199708483708218e-10 4.238135187876922216e-11 -4.952394402982713256e-10 -9.828808489220288586e-10 7.287661140491159169e-11 1.528950812048722819e-11 -1.293387611471816857e-09 -5.824046523355262704e-10 1.106143081642239688e-11 -1.569584320544671869e-11 -1.308421729443208568e-09 -2.296242006756895392e-10 -2.878171628755399153e-10
9.341108300097852313e-01 1.194225738482426704e-09 1.689603123702301995e-10 1.169648275590403788e-10 -7.422452257642331233e-10 2.759671056651232132e-11 -2.049648053674081443e-11 1.334601143035548072e-11 -1.071021575730604148e-09 -6.317729930815549375e-10 -3.608649726219264929e-11 2.211694333591389448e-11 -2.011287643507694979e-10 -2.316789211932507288e-10 1.780736779564126246e-10
9.382896253999645220e-01 -9.097790616857994503e-10 4.036447895176380017e-11 -4.683207985526629548e-11 4.602739030544332810e-10 2.925468833721127603e-09 -2.692246925841016951e-11 -1.204810916591465848e-12 -2.023753216386142230e-11 5.566334752308619124e-10 4.958082138960180410e-12 3.127293496199857966e-11 -1.498071320222098682e-09 -5.510249491875779846e-11 -3.372892254435794205e-10
9.424819561228944265e-01 2.365213740355501606e-09 3.018802449550422698e-10 -2.620227992587888415e-10 -1.008926629240604389e-09 -6.456932465926526735e-10 2.239320300586481440e-11 -2.195875467890509805e-12 -1.431393027408142885e-09 -9.509150542526113548e-10 -6.060144439706079184e-13 8.115444793033878222e-12 -1.178556703552735245e-09 -1.337475106260519445e-11 -5.262903454039803656e-10
9.466849863120379016e-01 -3.965330245831947087e-10 -4.529088802120453746e-11 -2.972695952983597465e-11 6.588333821964775632e-10 -2.301742108280072764e-09 1.539255639690288103e-11 -8.163929557273127619e-11 1.271664484636915433e-09 -3.088194370662285560e-10 -7.383859411284553315e-11 1.249563681622472648e-11 -3.596233549976956292e-10 3.039713392000846138e-11 -5.163771971976271571e-11
9.508714331057195324e-01 2.350169969766659414e-09 -3.789126296800757162e-11 -1.640594664867110194e-10 -3.917787807224140618e-10 -4.919977547155825126e-10 6.610435815818775056e-11 -6.112924442889891489e-11 8.564034163460622971e-10 -4.092616056819804359e-10 3.805983741548993807e-13 2.087285300132208138e-12 4.563753499788134191e-10 -3.846309346760394411e-12 3.243788050711608201e-10
9.550563230073290111e-01 2.963479933403020301e-09 -2.073819717661194509e-10 1.569211615093702578e-11 -2.743920839521579701e-11 2.892639725241099539e-09 2.426837603968247139e-12 -1.220466067239747190e-11 3.617665492259625563e-10 1.352113129629767898e-09 -8.306596498068510415e-12 -1.866293593997982822e-11 -6.878117528688617631e-12 1.558338345607171443e-10 1.608509485371244803e-11
9.592513211539739348e-01 8.133661389263028398e-10 1.439815511638111524e-10 -3.068977307835765778e-10 -3.798723219968218544e-10 9.557239552056056916e-10 6.599476659137573897e-11 -8.468435648968511234e-11 -2.175816858146087306e-10 2.046788434651842450e-10 2.288266458998030913e-11 -8.054450562628321843e-12 3.866731674389731126e-10 8.498469045760809557e-11 -3.073369887574875714e-11
9.634451052878124644e-01 -8.046244942998235867e-10 1.794178200447903513e-10 -3.090674620819272707e-10 -4.992234844766517943e-10 -9.679767631244591203e-10 2.870392132073689479e-11 -6.903861818687208659e-11 1.157978518744541032e-09 2.055596452302968609e-10 2.088640571679988759e-11 -7.803611396788067887e-12 6.608299946378046590e-10 -2.760137694509739616e-12 1.358294867069966833e-10
9.676230540453005791e-01 2.261315419374275164e-09 2.231434326613941161e-11 2.251776782762429968e-10 6.601761836010301459e-11 7.907914914981616446e-10 -4.179121680550134873e-11 5.858228075753894944e-11 -1.159369790522024166e-09 -2.493934268754743422e-11 6.246895209900746516e-12 2.378526071004348197e-11 1.714297566422150766e-10 -6.491804146003751276e-11 -6.694272449365839025e-11
9.718094297475188270e-01 7.799766900396551095e-10 6.477797169894704781e-11 -4.470500624856819340e-11 2.926903678586520541e-10 3.408895811902391573e-09 3.079425401904954730e-11 -6.765985670642103005e-12 -1.163694266557753990e-09 8.691367607263542239e-10 -1.451190214401354327e-11 2.976145595875478628e-12 9.562529790298740487e-12 3.378446928904263130e-10 3.984365196527117130e-10
9.760091362076940280e-01 2.527599225607231219e-09 -7.644353044282770813e-11 9.194742827290091200e-11 -3.100431286195282345e-10 6.879022208850190838e-10 -1.101753980955262524e-11 3.887649504706376425e-11 -6.304457274987122579e-10 5.709560387654941474e-10 -2.292800625128916625e-12 2.498789408114280721e-11 -5.417366834237593153e-10 2.246948142849415440e-10 -1.061026903006351643e-10
9.802075838006468755e-01 1.751896846815794441e-09 -1.123802819885887060e-10 -8.064000396733549831e-11 -4.536334600665066868e-10 1.919777307574851173e-09 1.250965267660293834e-11 5.127007672702427828e-11 7.107856023628902509e-10 7.493529628287354469e-10 -2.947527651477465581e-11 -1.039591608667892727e-11 7.278317117941603584e-10 1.005093444846671767e-10 3.947794723808078443e-11
9.843901124947946890e-01 3.806433959668665172e-10 -1.294373250671389106e-10 3.445109432447180395e-10 1.118635568257640293e-09 2.889906113264922660e-09 -4.432967322610425857e-11 6.840941459764275906e-11 2.970089257872883899e-10 3.408651770934687040e-10 -2.768439414949417917e-11 -1.792190426200578689e-11 2.760678803465731416e-10 -1.173702277340721768e-11 -9.214987290147099923e-11
9.885650797815361823e-01 8.441232085691569418e-10 3.656473515896532839e-11 -2.036615521058482949e-10 -9.203521498713118871e-10 1.018191793874821585e-09 -3.077607843814586102e-11 -3.639540515595840525e-11 -1.338444351578964822e-10 -7.773690232464115449e-12 -4.591256890543424653e-11 -3.642509241185039202e-13 3.218795376815326296e-10 6.713175177794807736e-11 -3.025029632044003879e-11
9.927561705083151056e-01 1.583537541880137376e-09 -3.683596372888050174e-10 3.284420607003923640e-10 7.544703914417436112e-10 2.067519268582661761e-09 -7.033495463628616613e-11 1.281421508275966973e-11 1.769999166788635170e-09 1.277673590293942623e-09 -4.015034862533543636e-11 1.212207902291516541e-11 1.017413346754860378e-09 1.254530592303979300e-10 2.295088669267456309e-11
9.969400597939003239e-01 -5.226997815248580316e-09 1.139807294091966244e-10 -8.735860544028036011e-11 1.957183639749304397e-10 -3.109413534922858427e-09 -1.962280653595475966e-11 -5.878975612026131682e-12 -1.987895373615528272e-09 -9.462898888001335478e-10 -6.715490511656534660e-12 -2.179846497366653158e-11 -7.502297787474989938e-10 -2.500276276186997381e-10 -5.071856285306420289e-11
1.001125867816581083e+00 -1.065930370382248901e-09 -3.306502828386502178e-12 -1.265366964476683533e-11 -3.242865743535599209e-10 -5.735342725758754586e-10 1.090254032601897130e-10 -1.741857724159847264e-11 5.091214863583305445e-10 -9.281991703829819189e-10 2.558428190713922825e-11 1.586194134933768777e-12 -3.839650033419382260e-10 -1.132018334039544654e-10 -1.523881527462325331e-10
1.005315482813002204e+00 1.827203312436780735e-09 1.152072962716495109e-11 -4.394856709039161617e-11 -1.006152562399911507e-10 -2.028455383309693911e-09 -5.712709683788229213e-11 6.459763909629799121e-11 2.374451068465624337e-10 -9.994706291771132585e-10 -4.358596298050595478e-11 6.253351867630918047e-11 1.350541139880950242e-11 -2.096787429688380365e-10 5.604408477655782461e-11
1.009503724426713545e+00 -1.050377854291418998e-09 -1.260404018939724523e-10 1.083315400551169953e-10 -2.873717097057060730e-10 1.301960020593732465e-09 8.497039200563078821e-12 1.125831676230008364e-10 3.945222332617522460e-10 5.995427268612492497e-10 -6.550201953595727075e-12 4.923574888083839451e-12 6.322635788685872903e-10 1.122833604919886622e-10 -2.942530900228537129e-10
1.013699103815393299e+00 2.558496741894852677e-10 -9.133890535518636544e-11 3.725447843007330883e-11 -9.202751313936129260e-11 2.153104730024788243e-09 -3.680680630730590619e-11 5.789221614700155557e-11 -6.739013871635406122e-10 2.524774147194675412e-10 -1.868556754878831058e-11 3.127791010991492247e-11 -3.785047914742556982e-10 -9.296817638839706457e-13 7.143151790985219259e-11
1.017885842421875964e+00 -4.561473062618193678e-10 7.767836852908767242e-11 6.629109094745735923e-11 -1.354134493676868437e-10 -1.442162721346146626e-10 6.090703472646816110e-11 4.596205076058751608e-11 1.787361047618730177e-10 -6.310540216717509674e-10 1.156060866349359779e-11 3.806959426107089402e-12 2.892385485305803632e-10 -2.297842786918028195e-10 -1.693741051223506014e-10
1.022076284359184406e+00 -6.498579954801916110e-10 -1.105438326240047388e-10 6.109296222623597818e-12 -3.989841005023573486e-10 1.679421506961534705e-09 6.170922000118867295e-11 1.914391367487830697e-12 -1.903240243585402753e-09 -5.532839979836950250e-11 -2.036542726296868145e-11 2.811023127635494991e-11 -5.403875576306830175e-10 -1.227813943451963815e-10 1.774354694823749222e-10
1.026273875264014812e+00 1.236281071347706972e-09 -9.461763752016124958e-11 -9.559002259511716227e-11 8.854548150566651003e-11 9.654617603078572640e-10 1.548388024432543134e-11 -3.370240615894259000e-11 2.993930107597637435e-10 1.624834804430068036e-11 4.014039997312493551e-12 -2.261199764927828374e-12 4.409998367606660482e-10 -8.100296451826950539e-11 4.983016873809814366e-11
1.030463237552156075e+00 3.393744120800732400e-09 -1.267662706206223409e-10 1.090164575202126388e-10 2.733473531765893172e-10 2.650506044131982558e-09 -4.144028847841704479e-11 5.666395400276889924e-11 2.096050505038173238e-09 1.178228463626651944e-09 -4.534865818380011817e-11 2.488912643538833164e-11 1.754344805852565508e-09 2.876381538443369732e-10 2.350998844925822343e-10
1.034646639530784062e+00 4.226388645967127045e-10 9.940437092581253307e-12 1.449085418576091733e-10 1.332402136297988623e-09 9.862385254674981253e-10 -5.232144935305521563e-11 6.676666798269831059e-11 2.970222734104053371e-09 6.094512004640733144e-10 2.556369178310217868e-11 1.418949414708293013e-11 1.480577009206371061e-09 9.720570580872529720e-11 3.563840479293039478e-10
1.038830480088573260e+00 2.343178820877612041e-09 1.444611453850173616e-10 -8.213637218820950303e-11 1.547434124048513965e-09 2.598653140180213129e-09 -8.881797308848139003e-12 1.967072148874259014e-11 1.232566923371250630e-09 1.313461360226923343e-09 5.382103898796604566e-12 -1.262289267485396635e-11 7.635758563226879135e-11 1.875968668485993340e-10 -9.662807487743907880e-11
1.043023229532383578e+00 2.062508467511681643e-09 -2.222354084235403893e-11 -1.244174227432981200e-11 -5.277836174804617319e-10 1.110496975786962169e-09 -7.924689458082333779e-11 1.278579034870930581e-11 1.275777337581737327e-09 1.301236255873113033e-09 -3.248954303587807719e-12 2.947869663206840622e-12 2.029182959064918815e-09 2.786706864716336999e-10 3.727925833107808658e-10
1.047211320931656031e+00 1.003678162810925845e-09 -1.354197597598066022e-10 4.306897610677514548e-11 -5.917342476854718145e-10 2.238299243106106979e-09 -1.220375616288935721e-12 2.777684768321846287e-11 -2.040109220712717158e-09 1.093095794335533530e-09 -1.664589692079514148e-11 4.725716445506746988e-13 -5.627374348862544062e-10 3.637854868473091577e-10 1.553095424536634186e-10
1.051395396220772938e+00 -1.205128486392057008e-09 6.650078258433161833e-11 -5.763343508082184460e-11 -1.777640656701825880e-10 -1.847572129127907034e-09 -5.622422410297426325e-11 -6.355538981617729337e-11 -1.157116739403947285e-09 -6.227790594184105979e-10 -4.385314601516986812e-11 3.441791685227184531e-11 -4.341490983490825528e-10 -1.138755286051375372e-10 -1.731161220638890423e-10
1.055587561333155788e+00 -1.824892713091865852e-09 -2.517382787655665161e-10 3.051444609315655795e-11 1.041687913358944663e-09 3.062476113914946574e-10 -1.683449485173897928e-11 3.887749752862034949e-12 3.003547863276865258e-10 -6.867099212792013216e-11 3.587848511400676980e-11 -2.053052283296200080e-11 7.111692717386492657e-10 -1.454499474202507396e-10 2.037275048817255847e-10
1.059780855230085139e+00 5.749179581485263157e-10 -4.263210570474141515e-11 -7.486583029692907507e-11 2.053654832051915028e-09 1.328919190256747668e-09 2.803133079245971065e-11 -4.967064348957519267e-11 1.622925141003517694e-09 6.476065609783451601e-10 -6.970467649162329118e-12 6.551557775943363474e-12 2.497794538118091702e-10 9.649848585646186986e-12 5.182281969149814490e-11
1.063968553353427993e+00 5.330906292896083366e-09 1.264278142400728761e-10 -1.617078097035231581e-10 -6.926859046275189635e-12 2.270096762390091116e-09 3.462101596835951191e-11 5.900690178157645174e-11 8.732400937868117132e-10 6.148278104999222425e-11 -1.082691568060448510e-11 -5.770605135796392857e-13 -1.887506266388510327e-10 -6.944839752597140226e-11 3.231078820360258368e-11
1.068144877931138659e+00 5.817650550585973128e-10 -1.713710029041732869e-10 1.125719151814974812e-10 -3.208721833615013724e-10 -1.358750151787865005e-09 -6.369968700769428285e-11 5.485603958643991831e-11 -1.651959460183444697e-09 -1.440483508569053119e-09 -8.743141670218083823e-12 -6.286013197867896351e-13 -8.981593104679065583e-10 -2.323260677311651820e-10 -1.383633458495476664e-10
