# Columns: ('k', 'P')
5.345493089407682419e-03 7.530453993055554747e+03
9.344366739594166943e-03 8.674296370967742405e+03
1.312833575873958818e-02 1.084490178571428442e+04
1.700891779646987109e-02 1.357925000000000182e+04
2.135270783943789275e-02 1.547877714285714319e+04
2.564347439342075027e-02 1.390619333333333270e+04
2.962205054058980949e-02 1.128514617940199423e+04
3.361537140302770649e-02 1.117256824146981671e+04
3.793950633336700545e-02 9.130948336252189620e+03
4.227894994616508695e-02 8.730620000000000800e+03
4.633325468672155889e-02 7.399947187928668427e+03
5.038752484052157893e-02 7.393953693495038351e+03
5.464179025701254577e-02 6.833397612488521190e+03
5.886817576171304162e-02 6.593032826261008267e+03
6.290140616743733482e-02 6.343760869565217945e+03
6.703999982739437813e-02 5.984242660275614071e+03
7.134254604642074893e-02 5.686547555077915604e+03
7.561818311969153994e-02 5.147697362110311587e+03
7.973924982214039558e-02 5.084589720055071666e+03
8.385356877962653332e-02 4.602947159316647230e+03
8.809929214337092196e-02 4.212974798739936887e+03
9.230415729057904473e-02 3.996640588431962442e+03
9.643309047658384092e-02 3.682914268403514143e+03
1.005689403076158450e-01 3.611151472650771666e+03
1.047818677762802908e-01 3.435909385113268399e+03
1.090277847809041356e-01 3.302724145944689553e+03
1.132170039508717807e-01 3.156417604235605268e+03
1.174008294871188018e-01 2.987369604497088858e+03
1.215998224695146873e-01 2.948112227488151802e+03
1.257670529567683493e-01 2.868902191341528578e+03
1.299386816717305049e-01 2.735579779351226989e+03
1.340949335765710126e-01 2.647101380295097897e+03
1.382635144665005922e-01 2.598332995218084307e+03
1.424925284902303357e-01 2.489984004337806709e+03
1.466886314558672189e-01 2.390937212057390752e+03
1.508619291163366127e-01 2.308321380819253591e+03
1.550655720814744509e-01 2.181518479654891053e+03
1.592593054631499527e-01 2.128768422205189836e+03
1.634144798183441161e-01 2.070973653333333459e+03
1.675823816150099899e-01 1.993227241277058283e+03
1.718045808093531246e-01 1.940822750582750587e+03
1.760135070798979073e-01 1.919765777251616555e+03
1.801930856696074279e-01 1.846489472338249243e+03
1.843742315857553882e-01 1.823451792696115263e+03
1.885797910080431738e-01 1.799413242889077310e+03
1.927656394953895236e-01 1.741932919825407907e+03
1.969014248243030341e-01 1.703742747037010076e+03
2.010715633173454087e-01 1.684326154269593417e+03
2.052920281681521186e-01 1.616938587848932684e+03
2.095172134954577381e-01 1.580450381198412060e+03
2.136973926115405542e-01 1.541489116279069776e+03
2.178750580088065492e-01 1.524074744525547430e+03
2.220823861956562617e-01 1.483163310204772415e+03
2.262696194198526023e-01 1.463986825492671642e+03
2.304259489101245229e-01 1.412268669391221238e+03
2.345870463846415066e-01 1.412878200234132464e+03
2.388019837064606632e-01 1.384927050644522751e+03
2.430077036534963875e-01 1.354783055198972988e+03
2.471758823520590620e-01 1.324860059783858333e+03
2.513692271335918882e-01 1.300661852872959798e+03
2.555723892733414715e-01 1.284695887120984708e+03
2.597674079539822323e-01 1.270135189685710884e+03
2.639178238801485610e-01 1.253097933292408470e+03
2.680749044740857179e-01 1.223517864763160787e+03
2.723023151079725368e-01 1.224139471251617579e+03
2.765128983200950685e-01 1.193295430275803483e+03
2.807027537381580062e-01 1.174484343700579984e+03
2.848857026249724811e-01 1.140542569847952336e+03
2.890807262117984777e-01 1.145375515455415098e+03
2.932785946948970324e-01 1.124395908897820618e+03
2.974321087309398370e-01 1.103612338181236964e+03
3.016123743882810904e-01 1.088936071808915358e+03
3.058101292111336522e-01 1.085571784182586953e+03
3.100168993294901143e-01 1.063934115756549772e+03
3.142092030053749707e-01 1.045969325679033545e+03
3.183867557675504334e-01 1.045538613806944795e+03
3.225872781332082551e-01 1.017531330930449940e+03
3.267666109043823597e-01 1.014831409629962309e+03
3.309328770241455886e-01 9.957470718824159803e+02
3.351106074107195187e-01 9.810792952642758564e+02
3.393095620710060434e-01 9.768096554708725989e+02
3.435164896197421824e-01 9.719095740911344592e+02
3.477107812306902690e-01 9.619035426247313580e+02
3.518857617074659383e-01 9.395727415072502708e+02
3.560773577310688554e-01 9.248810330136117273e+02
3.602869550449780967e-01 9.172042345766496965e+02
3.644651285618699665e-01 9.114318253985055662e+02
3.686396944457170921e-01 8.930581244731378092e+02
3.728293470315630076e-01 8.974291503661351044e+02
3.770363921861874523e-01 8.756287357442246275e+02
3.812363453093803867e-01 8.715892454466609252e+02
3.854150971210312249e-01 8.656330092340097053e+02
3.896036578152083374e-01 8.531628618281649779e+02
3.937795161075864914e-01 8.427777396456116321e+02
3.979440095093054186e-01 8.353729456384323839e+02
4.021139069446590386e-01 8.224280956079040834e+02
4.063125452039867413e-01 8.155481535119478167e+02
4.105412315868290918e-01 8.065294281182031000e+02
4.147348487769681458e-01 7.963155704807928714e+02
4.189107045044477284e-01 7.913489229790955051e+02
4.230974437456921922e-01 7.835189640377564047e+02
4.272931011032126136e-01 7.774560056185779331e+02
4.314914587673138180e-01 7.607357353315086357e+02
4.356511643511531418e-01 7.643534350118758312e+02
4.398424702607344750e-01 7.527962543938293720e+02
4.440501074980069407e-01 7.455977922244192087e+02
4.482267968899237842e-01 7.402397314651029774e+02
4.524052929840755577e-01 7.306985441870001523e+02
4.566090347930675253e-01 7.273519814138732045e+02
4.608167319022857811e-01 7.174700949221270321e+02
4.649806979855051203e-01 7.084815708157864265e+02
4.691538386770017222e-01 6.993052335525065928e+02
4.733478629909182445e-01 6.977664853290841620e+02
4.775500538217637980e-01 6.908411597664867259e+02
4.817339644282710998e-01 6.869632592700340865e+02
4.859144464692263798e-01 6.718365616720635671e+02
4.901252990058800885e-01 6.709354051772975254e+02
4.943123444065962158e-01 6.621873555154289761e+02
4.984736335014697817e-01 6.556198622000474643e+02
5.026590164608074618e-01 6.455586627209821700e+02
5.068609875937976073e-01 6.440073306945724880e+02
5.110594965365916620e-01 6.370157550122302155e+02
5.152492140965455603e-01 6.330961997371879306e+02
5.194329442812991582e-01 6.263631510619514984e+02
5.236343964239100757e-01 6.197685797007878818e+02
5.278273205415198177e-01 6.181813665599725027e+02
5.319960279023402405e-01 6.095719277406582250e+02
5.361714592099571242e-01 6.014632655643254111e+02
5.403746330902056139e-01 5.953470232500735619e+02
5.445761264886261888e-01 5.915316957434589540e+02
5.487504490749764985e-01 5.846541198029151474e+02
5.529407179677009454e-01 5.787263002615454752e+02
5.571409157079509900e-01 5.750027175630411875e+02
5.613298693710127019e-01 5.718910186731708336e+02
5.655062246218995892e-01 5.625407093896010338e+02
5.696867424029971039e-01 5.591910096925679454e+02
5.738956954203543459e-01 5.553135254690562306e+02
5.780928920821047923e-01 5.475604996686213326e+02
5.822632071880226023e-01 5.438092602871369081e+02
5.864430803127811398e-01 5.390235396121838676e+02
5.906376733072625784e-01 5.321413651532976701e+02
5.948356627105599870e-01 5.276666849887318449e+02
5.990145239901687457e-01 5.226156639860386122e+02
6.031829950841108845e-01 5.187289920646504697e+02
6.073740526175752663e-01 5.144444964411602541e+02
6.115768023320514724e-01 5.076303391609172309e+02
6.157710000000914397e-01 5.056672141168499479e+02
6.199632023912512446e-01 4.960347768028854603e+02
6.241630060990407403e-01 4.962059174131838972e+02
6.283593402461892241e-01 4.895344124115205204e+02
6.325410955997395890e-01 4.844462460988182784e+02
6.367142920629192959e-01 4.778425174033930602e+02
6.409035099394975177e-01 4.765427711784402049e+02
6.451032402190634008e-01 4.710130151119539619e+02
6.492879941711476866e-01 4.661008807899772250e+02
6.534659541563927476e-01 4.632145897769553358e+02
6.576591076962554627e-01 4.579762543678449447e+02
6.618529307405217610e-01 4.551860023891504170e+02
6.660240791386257131e-01 4.514367149085892379e+02
6.702067828716186115e-01 4.474949506234909222e+02
6.744172070879622671e-01 4.416731819260900807e+02
6.786118453466847278e-01 4.344852465014177483e+02
6.827984616056306244e-01 4.345196222881037897e+02
6.869817177358829019e-01 4.312483138375450267e+02
6.911718524128840357e-01 4.241565281079792840e+02
6.953555746427921846e-01 4.190311825391745515e+02
6.995344561305086861e-01 4.166187005331466935e+02
7.037287066792784485e-01 4.128214231305260000e+02
7.079143033440539190e-01 4.076222731658886005e+02
7.121186686741065586e-01 4.041633772349107403e+02
7.163134555705721329e-01 3.998617861731499943e+02
7.204913713645887396e-01 3.964946746963312307e+02
7.246803275165087932e-01 3.923173735192267486e+02
7.288763115175647123e-01 3.889575005887432440e+02
7.330585840505703388e-01 3.829302966334745406e+02
7.372316440474646626e-01 3.806444577923577981e+02
7.414228560306842519e-01 3.767352640856697121e+02
7.456189213758863676e-01 3.731559062529727839e+02
7.498104337627916616e-01 3.711847089418281485e+02
7.539974189770904944e-01 3.671564771626995025e+02
7.581896411468850294e-01 3.618658954273063273e+02
7.623808615479977790e-01 3.592458528552098755e+02
7.665651159623174671e-01 3.568624300183768696e+02
7.707536355579491794e-01 3.527533610341209283e+02
7.749462413082437440e-01 3.503632897123426915e+02
7.791369682448587852e-01 3.457664083686708523e+02
7.833258353347896108e-01 3.408585301037054478e+02
7.875159900600451346e-01 3.388143491224046215e+02
7.917084457625156446e-01 3.355114209975272956e+02
7.958821468706197555e-01 3.323118384085855723e+02
8.000624692379799674e-01 3.288048847360701643e+02
8.042564613727184453e-01 3.269855627005480301e+02
8.084384822996342201e-01 3.229754010969954265e+02
8.126333810499198895e-01 3.188279733354669361e+02
8.168271958201180905e-01 3.174240652491900505e+02
8.210214995694952167e-01 3.127239895186415879e+02
8.252154145000215602e-01 3.095915402147800251e+02
8.294030907808404018e-01 3.063957479414733598e+02
8.335906150371191758e-01 3.044163748534217575e+02
8.377685032221774408e-01 3.012880155949148957e+02
8.419567297582307708e-01 2.975349947499026939e+02
8.461556544987137718e-01 2.955278798697889329e+02
8.503430790983292908e-01 2.915711855672100228e+02
8.545245840949285965e-01 2.892295704953291420e+02
8.587196449246210506e-01 2.864680151811524524e+02
8.629074348139629258e-01 2.834027190298127152e+02
8.670852844200982457e-01 2.808506266724564853e+02
8.712764316473343706e-01 2.773601014463455385e+02
8.754762476624626810e-01 2.741805750617848503e+02
8.796707865602606535e-01 2.728783245665021582e+02
8.838562222970675064e-01 2.693751885383042008e+02
8.880381764417510926e-01 2.675957247062240754e+02
8.922270316229049536e-01 2.648215195952981276e+02
8.964225585562245469e-01 2.618746727419629110e+02
9.006049913569987853e-01 2.606198044390333166e+02
9.047836582182254839e-01 2.565623683123145042e+02
9.089780964569278421e-01 2.555436423157023569e+02
9.131704587403689510e-01 2.527412146157076620e+02
9.173547920329833127e-01 2.501822930649881869e+02
9.215425617950214754e-01 2.478172879670454449e+02
9.257400405750663142e-01 2.451873908040388415e+02
9.299303352268617484e-01 2.423736514596824065e+02
9.341108300097852313e-01 2.413516917275180731e+02
9.382896253999645220e-01 2.387376532890064880e+02
9.424819561228944265e-01 2.357825870724574031e+02
9.466849863120379016e-01 2.335668430400930617e+02
9.508714331057195324e-01 2.318563657360822674e+02
9.550563230073290111e-01 2.292145862981836046e+02
9.592513211539739348e-01 2.275171155027802001e+02
9.634451052878124644e-01 2.248146050679609971e+02
9.676230540453005791e-01 2.231362076458511297e+02
9.718094297475188270e-01 2.212879590712688866e+02
9.760091362076940280e-01 2.190022879004924334e+02
9.802075838006468755e-01 2.171699588274950088e+02
9.843901124947946890e-01 2.154807334280179134e+02
9.885650797815361823e-01 2.134360540276759366e+02
9.927561705083151056e-01 2.111921911623411745e+02
9.969400597939003239e-01 2.096867235051726368e+02
1.001125867816581083e+00 2.077046117564609915e+02
1.005315482813002204e+00 2.059784949809622674e+02
1.009503724426713545e+00 2.037014504244644684e+02
1.013699103815393299e+00 2.030419775080726197e+02
1.017885842421875964e+00 2.010227804637075621e+02
1.022076284359184406e+00 1.994866148198112796e+02
1.026273875264014812e+00 1.970826928223022492e+02
1.030463237552156075e+00 1.959504223041799378e+02
1.034646639530784062e+00 1.939125850420269330e+02
1.038830480088573260e+00 1.927273798662782838e+02
1.043023229532383578e+00 1.906850152748315281e+02
1.047211320931656031e+00 1.896068972375859687e+02
1.051395396220772938e+00 1.879726136108029095e+02
1.055587561333155788e+00 1.861862411783983760e+02
1.059780855230085139e+00 1.849141102312904081e+02
1.063968553353427993e+00 1.836138299055030529e+02
1.068144877931138659e+00 1.822755298982860950e+02
